Rho:0.5
N:1000
1.7880758679563,13.2275837956908
0.902688486003669,5.73765613574076
1.23918380495161,11.8637497930468
0.287247507832944,9.63446074070822
2.07648580512943,10.1425424253036
1.1623725714162,6.58204247534278
1.19208018202335,10.1396449252193
1.51501082806828,8.16556601299388
1.0886782355002,8.87850782057606
0.452334267897461,9.76114194725603
1.52759803636911,11.188730509738
0.285413687117398,7.86554927051208
1.9287145832008,13.6919458822089
0.307222351431847,7.2838139401507
3.02986491454725,12.6574655604748
0.449406127885314,10.2762869065029
0.714364936575294,13.1591271910499
0.555156907998025,4.46001363916972
2.19887482567711,9.9896684713275
0.232933545422322,6.43553773782517
0.0202545329461006,11.6032013532275
0.774381425231695,10.3091042413018
3.19983048347716,13.8096376666397
1.17772126290947,10.5262932394686
0.249700482822365,2.95678775474546
1.37461001612246,12.5274889511569
0.449985578656197,11.2148238225699
0.836654456332326,6.94869650096068
0.899186457507312,11.4970857355126
0.117790597490966,8.27444899564767
2.36466906956377,8.80607416474606
2.8545430151928,13.0891700256033
0.573604260571301,6.28836974939516
0.652244981378317,10.9720206677762
0.769229270517826,5.49203743306508
0.131910080216979,3.35170714464651
1.91515010537683,12.7012380576869
0.629749487154186,4.14759648474071
0.345527954399586,10.125147143862
3.65530797077303,17.5483415933783
1.33199750632048,12.6641850512851
0.243499953430775,9.09594346339694
0.555420415475965,9.56593181098899
2.00805483377519,9.80541942386508
0.0426793610677123,7.93227374495955
6.34687308933506,16.9097392499213
0.628702874295413,5.93906119840335
0.904375779442489,9.25499405309283
2.71478348216953,8.1371347144218
11.1307740851739,17.2201534691976
1.67469229727032,10.2331619743867
7.42402487877112,16.5294539254668
4.30811471094318,17.6233077565693
1.34754227288067,7.10453369878778
2.69943994647803,7.43437372085584
6.52189852263699,15.7896913140145
0.534666097726158,7.58719644766542
0.296280112117529,3.0419311744072
0.66964730899781,10.7718766521812
1.56097068070414,14.3097844523094
1.35919727291912,11.5677036203297
4.90949476112552,17.6925830798778
1.13027944602072,6.7376363901498
0.888698365445475,11.1854006954568
0.929847030900419,11.2505962919735
0.220848591595834,7.58376780744925
1.35410166531801,9.73768547836898
0.849720642901957,7.12867545562698
0.167050380301511,11.8916216889185
0.976747207343578,13.6349570417284
0.211985790170729,3.78670202291072
1.42358045270543,8.29095256158934
1.07055288180709,11.3939667174439
0.17557037435472,8.67084796630112
1.44611197550058,8.39625033091554
0.503215031318561,5.90972112754227
4.18427692701049,13.618465515736
4.86904664163259,11.2821382380023
3.04393579421525,9.34393808297303
1.39742239304326,7.08311619225036
5.20530222230964,17.6291520281982
1.97275169371607,8.58686490070798
0.268661363981664,7.51087686077627
1.59756619102302,8.80617304974086
0.937692924402654,9.35991942091743
4.31478528819479,14.4032587667655
5.1061003540916,14.4226820221737
0.59509680715096,7.01438505338865
0.120760803130406,10.691495345369
0.0260585513730386,3.75474844636371
0.158834249712527,3.05504536309206
0.36410899377568,3.35722294752431
1.31264942791313,8.52603916482187
1.02530926232548,8.18762570760016
0.489211499591728,10.3789574342839
3.31881180016284,8.54253785367458
3.37553724257236,14.8158564766182
2.28762656255605,11.1893155004645
4.06587518362289,12.6321500419789
0.930769490345972,11.4441599900328
6.12818080922825,14.0008983934996
2.77974886609691,12.2580644372108
0.481216211115984,9.40966697506901
0.256321807561154,6.08586528554461
2.75150510660353,12.9770087652919
0.0585483489558101,9.19790379123017
2.41274693413618,11.9013621727104
0.734821332618594,8.8663399787638
1.745273463344,14.0504570557551
0.449268314056098,7.5159206305062
8.47550107149638,9.85069318916894
0.657186392694712,11.626392338586
0.630303954705596,10.4145439384636
4.37223004885379,8.41742345222612
0.604668191634119,7.07466843745669
0.676221523433924,4.68118163101281
5.62396529283295,12.9946745413114
1.32588961068541,13.8252038172821
0.961634304374456,9.02326197099026
3.66288873909001,10.9834956949886
2.85691947497291,12.8607981615897
0.367144050076604,10.5644053491287
2.13980619228425,11.5245546644702
0.779971492374086,11.6813661160161
1.86260391763392,14.0112447685736
0.0601280963297026,11.509420895442
0.17305558756097,8.44256025386782
0.891312059946358,9.72237714526454
2.07989765881541,9.24646006261757
0.265910343267024,10.1111648710482
0.775112633722794,11.1493351621491
0.124062451128735,7.83017000679291
1.20133275166154,12.744972095864
13.5676221504696,11.8602709886571
0.766221123747528,8.4445668746498
0.881102485582232,12.9809360573051
1.65480865902247,9.4556484077856
1.02157274871128,13.6845157907154
3.40182422457223,12.1340371340154
1.03949987888336,8.72174525340306
0.199938109192616,11.3457086809021
4.61029168565698,11.4829415596513
0.198284364305437,11.2486604829263
1.25822083465755,12.9975256240319
2.1872097847397,8.81188102159951
0.264239840209484,11.769625878817
1.9038446805531,10.0769975600047
3.02030382469448,14.2406101947218
4.31406695743032,10.2705489994962
9.37284538844481,10.2470840556152
0.253831078220587,9.90319795984428
0.561252837405257,10.7434647731369
0.55069447401911,6.74460638729611
0.151742537505925,8.67015078300323
0.424186558462679,11.9478858939881
4.18073042084403,18.5325547052113
0.479056848213077,5.56551480053939
1.35515371523798,7.30620466914197
1.45106805172947,13.0201872116237
6.0427385565258,9.5439359184191
0.161564377136528,4.95491241210274
0.321580601856112,7.93805002684072
1.58890955550714,8.397621258564
0.382357906550169,12.0874245809512
0.0153173338621855,8.39694068244215
5.40008326967187,10.5981920547861
0.803587733767927,13.3184472302399
0.401780080796059,10.1774705747686
0.315271560849955,5.77698292930346
3.60879501683598,9.30155270657268
0.699278229123745,4.14852975625629
0.638526377242637,7.8879773888339
0.151799900063132,10.8270596649998
0.110193069820907,5.15173903431857
0.700750601477921,10.7188084817491
0.956336065195501,5.05503281574435
2.26842744081261,12.675927605124
0.0362571312108212,5.85987849659716
1.87576281084659,6.72213831365199
0.82125964295119,9.43754524470112
0.663679355834014,8.98883159105664
1.7960398159081,7.35072216135595
0.757565336301923,12.9588441408426
0.324160954025009,6.77891377932736
3.46451884295764,14.1397824853577
1.99209098509493,14.6237170366213
0.654652417637408,9.232137289118
1.34684316907078,10.13103675156
0.64969264955601,5.75518346298086
0.602367006242275,7.98873839894002
2.08017844884636,10.878343063598
2.7972292734725,14.1760931408263
0.34484905665817,9.44035433336398
0.734285880811512,9.24721224170969
5.28691434462495,11.2403287372777
4.30489064126603,13.8024105842228
1.3580122301355,13.8201476373338
0.262024264782667,8.51595483692796
2.04455837291488,13.3720314687529
0.798760397359729,12.5788018756482
2.95986850915437,10.8040293516163
1.31742093060166,13.233937426099
0.198640555143356,11.7679121887627
0.0778728863224387,2.11584131243878
7.33785728719318,10.2664749048266
0.208358993923438,6.66785494969798
0.265819523483515,9.68920294900595
2.26862726626681,6.94222225861041
2.7425670082772,8.0977602526612
9.24999580481901,8.27781763065053
3.7183194941092,14.1352271710929
0.374533796682954,9.24673079698182
3.77515753341799,9.46298198031516
1.83227137095275,9.35375173859885
2.21571926205399,12.3556727751828
6.40301613476048,19.7987762405916
5.60332739763108,9.82035626430857
1.72936078264857,9.73718166118232
1.74131132840159,8.93106266963314
0.832272377191829,10.1151337357222
2.44885499953272,11.0488797794442
2.11536093286242,10.4846334788774
0.798122189939022,12.7556352772211
3.29805858416443,9.50738825745994
2.6462833098227,9.76653869031889
1.07734954636544,11.3594380853172
1.75567666642803,11.6627934281375
1.30244288500398,7.91346402811348
0.0969067015474256,8.91055140274636
2.67620540401878,8.78199331179441
0.107584777288139,7.17614101840806
4.71170729564337,10.3803399585542
0.398026198148727,4.92416403289466
0.418573382310569,12.1246817376073
2.2808144892657,7.89041599951016
0.535178944468498,11.3766689274618
0.866231276653707,12.1154454632605
0.508356053382158,8.3718167439983
1.98840185812923,8.37061404628114
0.672728010751994,10.989950568238
3.60904318145208,9.89128509995346
2.34576622575314,9.23009055572766
0.105592404492199,6.93936160036617
0.183420581743121,6.04815288903113
2.34731636560502,8.98792032892086
2.68969365945997,8.94266772139886
1.85712111919167,10.6949427829334
0.834826194681227,13.2396337687651
6.242748632691,11.0695967049518
1.65427944428268,11.271393734845
7.86091994046275,15.455190493047
1.45948621063473,14.0564532319088
0.756395696662366,7.83372018913199
1.96077959386514,12.9424289803299
3.29347863031511,14.4561889673462
2.25402525803986,9.10687019039868
0.862280422821641,10.4496149730366
1.61686545415762,12.6214083318852
0.0428656525909901,8.78681388166159
0.708671616390347,6.104238588644
1.50120256705234,10.2290897211102
0.93556487839669,10.5772368822232
3.24059142155533,10.8762339633914
2.08926032496829,7.36015343609621
1.84223007102181,9.00922625712524
0.526933106593788,10.8523070048679
1.22949241194874,7.76648325431341
2.30489635459127,8.15226468008551
0.492042823694646,6.76304580251367
1.16244254730216,11.660315008698
0.890503132715821,6.40597685378548
1.95709635495188,8.0976420323034
1.19115527998656,9.98875842768761
0.0553425540035996,4.1728603772969
1.60663334458115,13.7161026522961
0.34917239844799,11.9337600548657
3.72915689257865,9.97148626286202
1.18129095435143,9.01368229700963
0.892738908529282,12.7849015342649
2.2495696757643,12.6113483598847
4.38782603856061,11.3216755091352
6.84526875581513,17.1893976367244
2.97747670366436,13.2034874287724
3.18218712864404,11.9611507784755
0.213936826214194,8.22424986673099
0.321566317230463,6.93023236185646
0.241780934855342,7.07336937014138
4.79529375185199,13.9483790305085
0.750126061961055,8.5276327608817
3.66391007212882,12.4522536783284
1.67930599666181,11.0993649920768
0.836150419788575,7.34979455478367
1.52016792437973,14.0201503130246
4.04697241617327,16.0994252035253
2.90912337211852,10.1110286891818
0.132797021964316,7.54363099163092
3.9609226620007,8.81671411289529
3.49657195417171,8.01172627670599
1.00541160441935,5.89844962749044
1.32272099144757,8.09855938155838
0.29481019731611,5.20718492826958
0.636755710467696,10.4833025608305
3.04847361097317,8.31942935953646
1.01891546330769,6.35240308833195
3.38541093961244,14.9475549982895
0.394486065071995,6.96892571312721
1.97619573391023,12.5768126476107
0.37024583760649,6.6716311769851
3.88993844373112,10.1166325736455
2.70575996293666,9.58738585801603
2.07552780575099,8.85179676730717
1.56919147705311,10.1165263563044
0.955783668905497,11.0508997836412
4.17059633898151,12.5492000427384
2.63871343239191,12.6642678650891
4.97172604103513,8.57310575229235
0.630264574793616,9.27105073949661
3.55321087671404,14.758372647825
2.13628893709722,14.3634839421021
0.334814031608403,6.42891053846917
2.11056520408931,12.8582914948766
1.22235104069114,10.5201135164216
1.70820493428948,8.47574973593196
1.74776261663976,9.95876410590926
0.8781399698928,5.33797943128703
0.292839556001127,9.29653483943518
1.47739257096293,10.1743267329142
0.591154607012868,5.29952978630022
1.67093672967496,6.42193747118253
2.38021830088439,12.4402833916256
2.50407362907174,10.3406200336174
1.86839645819663,11.1253910257031
4.789810526864,13.5806943733122
0.720073968172073,9.64689023992693
4.82273839016385,11.7609112603756
0.649425138863388,6.33346361105096
2.19900842561367,9.63707631260729
1.62006844080448,13.6687296268329
0.00495742075145245,11.5949135597589
0.624237394891679,11.0232064856667
2.24353426500204,12.1567226633699
1.26080429553986,8.4581940284327
0.523506532933736,6.1461277502588
2.49130761242452,14.3303810831686
1.46152909830482,11.7687532961431
1.35356029588729,8.65652025530471
0.000613410025835037,10.602355345629
2.89521660341464,10.6410646436201
1.8324176105103,12.5909248067681
0.835626933723688,5.8508233988027
0.905213309451938,4.96611500421993
1.36674044653773,14.3811709671246
2.00056208102944,8.6097148095322
0.275864629074931,7.06137435705344
0.605703841801392,9.55756040943255
5.61968330804994,16.2239732382716
1.26824676338583,9.35644139090692
1.27301510795951,10.2202505521964
0.751497999772179,5.58255907435358
0.34452894795686,11.0368800663651
2.2874039839113,7.22839204888656
2.72927732943537,11.6105955979114
2.52748123351231,13.7022369855627
0.587709323503077,12.3469526978586
1.92677593309001,7.80030562579244
2.32375489353182,7.35446319012185
0.422179182266824,8.08122629125426
0.0597463063895702,7.39488298798714
2.58117738730254,13.6031598550991
3.35792392093211,9.81509360358049
7.78545270445657,11.4973487470482
0.0161273860418789,2.64497782558534
1.69004928684773,6.4133923921086
2.11518055926105,12.4312355139728
1.81319014719667,7.81350941156129
1.06068655196577,5.9847056092958
0.966090408153832,8.34550930232353
1.81582580231529,9.03987764402483
1.03089331369847,7.94570449173187
0.969988246448338,8.36611000676745
0.395995627505059,11.8397462173987
0.389861100429481,9.57039060460531
1.28150412719697,7.29974049637285
0.421724679879844,3.71174327682833
1.83479495896938,9.58427829812188
1.04182664491236,8.81277332103521
0.592882968251768,11.9323553735345
0.0731210252270103,10.2210994289443
2.82688723115211,11.7356885462501
0.979573776945472,7.17969272594465
3.26609658805614,15.667596419676
2.75348725534024,9.61773704980001
1.05890369880944,9.90239292826497
1.12760854326189,6.64648501775921
0.266201714985073,12.1193651991336
3.95417699946051,15.1002103024243
4.76079897184796,13.6405046025493
1.71756892270389,10.0351656671673
0.270240215584636,4.15163631673269
0.213477891869843,6.02507736242344
3.42104313505774,11.6816202559635
3.0283940246511,11.682678294272
2.15330340518596,9.73105274509534
7.55742530110193,15.3925270607985
3.18908997850047,12.0374636371208
0.20892087277025,9.59211752929016
1.47782903589607,11.157256161464
2.34713167875054,7.08530984157639
0.0383172761648893,9.83792952919078
0.647766606882215,5.2888284606053
0.390812943840963,10.8416199538395
0.685444104485214,9.98092806554942
0.97163921687752,11.7426779768566
0.813947420567274,8.20169845177665
2.60407034671845,11.2443522326637
0.71493885904954,7.83421552956706
1.81091096373541,13.3696771923739
1.55490396778431,12.234126001705
0.730810464894629,6.0401745764112
4.20720595468707,15.0656184353324
5.53206069369741,10.2259873707543
0.59614881221205,8.81330983741182
1.83978539669949,10.429071374744
5.63961559500466,19.6734368128489
0.795274222269654,10.3089712843263
1.42692497923019,14.0786787752548
3.95097571222072,10.6277633517269
5.02796493072934,9.48713595197397
1.70431405483725,9.34240298525306
0.00433101039379835,8.0033895399767
0.843282961286604,11.4222232242334
0.687675488181412,10.6757872142527
0.63207036908716,12.9835845679307
0.820980698801577,10.2914734871846
0.215195126831532,10.4903191854526
0.986606758959699,9.03450805506573
1.33746318425983,6.23610784344615
1.32799059432,8.08972920431226
4.84960584689803,13.7261494043641
2.58889879464152,10.0740496265636
3.41423208622222,15.4152772369298
1.07910619210452,6.59292000110468
1.04947528615594,10.0052788301417
5.95765031038962,9.02973807704345
2.80551046488767,14.4726952758671
0.648980922996998,7.01386998281691
1.17183395195752,5.89148382899936
1.19807359017432,6.220643405293
1.23427027370781,8.8011485942309
4.29359050442405,17.536328728239
2.36521664067152,9.82180190119361
0.80228075850755,10.6524130638978
2.28080586149337,8.95354880817797
0.680466069839895,8.387258653984
4.57411585383713,12.5238895780306
0.135969605459027,3.69952834248422
7.27309394958329,9.34086065430216
5.58129939403305,16.959423983537
7.13795797112298,11.7763021560583
2.59324724218788,11.7896829689041
0.0339617058634758,8.64358080222618
3.30709635822063,8.22803198836168
1.715322943829,8.08242212125208
1.94661905140598,6.77454886287554
1.68318524301677,6.74522883312026
0.537504420349955,11.07584705552
3.23327339423781,14.8221436379316
1.27753191255033,7.22926878710227
0.585230898112059,6.27811411887063
1.19756323192269,5.87033440013613
0.73328313883394,10.7155135070795
1.59296552186723,7.58930249716898
3.86587571708446,12.3354170849209
1.6458019606437,11.7221694255562
0.702305397950113,5.61083832459497
0.685731313191354,12.9832688093989
0.438895450302841,7.40871796193119
0.806860603392124,10.2953275483973
0.365895682596309,3.50110508880049
3.43666246144061,14.750106434314
1.5447797718549,8.971025134113
3.54876910878306,10.6930037237791
1.052573209213,6.26008180425175
0.458903587423265,5.49876338866463
0.0298178255640802,7.5620428458556
3.44699770567899,13.8285245054199
0.752147925661808,8.68415084177939
0.771492414176464,11.9082240690028
6.27105456660931,8.77964674108349
3.01601458824352,13.2689649870254
2.22113447627964,14.0287042827429
3.41070762632375,11.5818406610039
6.72213366594086,9.65660973720508
5.57641971884192,11.2595175437101
0.991217333823442,10.8561280629768
0.020792000941652,9.34549917815129
2.65451014219763,10.7973712450043
2.46764554552421,10.1608888546698
0.176895817440362,9.59879140087177
0.213241646344129,6.35308032348714
6.11024118926296,10.0184765345262
2.60942722289803,10.4051019012777
3.49241103215103,8.99722707407511
0.823206356726587,7.11769162416604
0.096208947008457,11.7522032160199
0.58180798497051,9.05894382284719
0.490779077634215,6.67033040017766
0.54331505857408,9.17011914217818
0.52048606146127,3.51652116354948
1.77119516014102,13.7173283474954
4.81945319821067,11.4184632151264
9.63308552602186,14.9279641059186
0.417144292034209,7.16709662441408
0.732489886637404,11.6053158180087
1.86684649988058,9.78664295178092
3.30203579349403,8.1279485417043
0.977392833679914,5.59795248622822
0.181907902001763,4.25469897741682
2.88514972833877,16.322027574008
3.45186564613475,14.1341670894001
1.18109940433922,7.05736964085141
1.08019029428064,11.1577622840349
1.45659765021045,11.7243917333697
0.860042423941195,10.9337394370015
6.30965649912117,14.8170772744434
1.04143976792693,6.83863843431009
0.857596749227322,5.7522932223486
3.68188082409983,15.1754916975361
1.11829258129001,13.3504663346863
2.65802380806747,13.4896380080585
2.30574944420698,8.80734921066644
4.49913280804582,14.7474918585484
14.7204431502724,13.1910230876716
1.64930017086345,8.02252569752925
6.46558447148571,8.59277699664736
0.145461485721171,2.24348183425377
1.86399589807172,9.33707534036759
1.18524636793882,9.22861548359261
0.391538341525918,11.0990057314449
2.18516713206512,11.5008239343217
1.50375169134679,12.5606319431605
0.964214059524238,8.1303848451339
15.7786187706586,15.9214897669826
1.93004171728137,15.1478289899748
0.390573922544718,3.3551319575304
0.460926791056201,11.8550719991458
6.23795078661213,13.2772645843793
2.75538223042133,14.1400195515041
0.192639435225813,3.56949925109155
8.3557428014761,14.9188450101432
0.772505485452712,8.53456843338457
4.39885411483313,14.6120151176087
2.33035105644705,13.6414396376362
0.984049114398658,12.5948768650974
5.53048666168876,10.5742118230586
0.34819003214195,6.90151133674616
0.370427050838141,12.4641844310959
1.25345164723694,14.0777828509918
0.456055696122348,9.43224518666084
5.70232619311581,11.2252691329328
1.63202878921988,14.4860322717198
3.79552290178147,7.94858328907181
1.87721782728078,10.6260772717868
2.78466102464085,14.6871440893966
1.37527718860656,8.67295883520504
0.0814900038336494,4.47353669614021
6.96931011560273,15.1582426322862
1.02024347144011,6.36718043909094
2.39141136771979,14.5977105149985
14.3466606034151,18.2141194107707
0.71462719142437,6.64561160226352
1.37494641076773,10.8216024406859
1.53939489342451,7.04423140112263
0.956956299953163,11.3821542925208
3.31083674712067,8.11182606952458
5.21745314051337,8.44762582791253
0.661005145870149,9.13069277148211
0.256316405721009,10.5799822586518
2.9575529701843,7.29176205488709
2.81875142438297,8.36975336666038
0.230216742511123,7.03182239799524
1.80102726748579,10.1227196542941
1.97421082341732,7.95622370116473
1.23663457389921,12.9423443567999
3.16966427062375,11.6271774319239
0.223446710966527,9.00687132326679
1.69895783430877,14.37824157509
0.248573074463915,3.92656425254788
0.78593232948333,9.75599855747936
0.53981096483767,8.26223590177663
2.18677253267708,15.2705670411625
2.84917936892057,11.2520615863752
2.56400232194903,8.68761048505629
0.0515404008328915,7.79698973337446
0.649877329356968,6.08219942796449
0.292462681420147,8.37003159134174
1.93674808918479,8.91346005040604
0.0205905549228191,1.03850546579399
1.93527806541863,12.02019937249
4.58599577446408,12.2444141283399
5.48223067422338,11.3357546049565
1.77173870793524,12.729388452025
1.52471545881014,14.2929519043708
4.22467256719081,9.85991814578422
0.351380130276084,10.6005653782285
0.573117609135807,12.3549172633307
5.02874919466246,11.2986594132556
0.823994857259095,7.77312430060027
1.0914326813072,12.6809879942373
0.686507860001751,6.56484708708493
1.54344232731185,13.4268294651394
0.870974908638762,6.00701149551679
0.0126561103388667,4.54708739210592
0.769999472424388,6.81416264459155
1.31013128720224,9.02462829212427
1.9233676044902,14.1740700614594
1.33710276335478,7.68799850912557
3.98815682886128,9.05993434717864
0.35341882891953,6.56892461781806
1.91848134241047,11.948300742125
0.83568109292537,11.8360115237863
5.61332300271759,9.83360653619761
0.548862018622458,5.91413686736479
0.991814165376127,9.9247742366826
0.244246800916257,3.4040285408183
0.138378105776459,9.29897160582668
1.084651411511,12.9488279385449
5.82898448579295,9.28653282784433
0.198299888302867,7.72562822201406
5.47942856301494,8.98083624667155
2.00017022348685,9.23269017227826
2.85019877908712,14.8696203104713
1.49187177955604,11.8389972607108
0.928477778099477,9.7389954292351
1.21535791363567,11.8996316330495
0.562215134501457,4.53486269277431
0.247797399905454,2.29093400777771
1.69807297728004,12.5500539972187
0.0344530395025985,8.79879784639261
0.694238427824385,6.13263499634239
1.37039349041879,9.82669855931794
0.653434991783527,9.90474487899469
1.12455811910331,6.85935393280403
0.114281764253974,3.91225498137278
6.51513594355354,8.43019617167518
2.48450287609341,9.95263497956667
0.220829692669213,8.74772925752532
3.20881349372284,14.5993900692508
2.16028600286501,9.87403515832912
1.87387156291845,7.26340310024631
5.40601010967918,12.1091689469461
0.530026108957827,11.0862689414298
1.32787763513625,12.4303608839729
0.179751458385538,8.82226858036506
0.35147761926055,10.4751389408953
6.28269097175369,12.7597161230555
1.54890653296354,8.05313832385278
0.106965889152036,10.6810842415628
10.5485863418956,14.4396147661234
1.44375835026383,11.3393024285227
0.864279915753512,11.5296074903028
1.83261534376981,10.3576802612
0.440698460402734,11.7582770416476
1.15165430027992,8.63093412315878
2.26748535959961,8.26552208874871
1.57666263866046,9.82609606843863
1.14539404120296,8.90663034818874
0.143633853644133,5.87350719874806
6.7444715943552,11.6771918365864
0.282690497776777,4.47645713239869
1.68758494771066,7.05657449484433
1.4696958157325,9.46856880787633
1.27835756633431,7.99156922496868
0.937277402728796,8.07571099868091
0.999196098186076,11.5931290641203
1.17990132980049,6.34012140638818
4.14599803073292,9.07382964005058
2.40671957648339,9.64572989562137
2.49587592846694,12.3320892359964
1.30287103634328,8.34127605076982
0.489925595421812,9.65434639217542
0.894440179690719,9.02282765085419
3.24948361126666,7.65540148499475
1.68464582591298,13.9048850644478
0.307372927037778,5.82704601000024
0.503590432038628,3.9805262887813
0.107905259355903,2.81711161874419
2.00473875147867,7.03874822527701
3.34160538373475,11.2456115430432
0.811700680293143,5.10308871017445
6.98433260205102,10.2801901037186
5.43000169445701,12.3476193443275
1.97832645281198,8.93068960979261
0.0874591218307614,5.89236771085123
1.08036778494716,9.3473629022591
0.0635687410831451,2.15173963618467
1.29339706432074,12.7817660377164
0.656883335049966,7.06645452933384
6.89006866481075,12.3214416412519
3.40398217884515,10.7174729473942
1.35829766467214,14.3084349973806
0.699063698761165,8.7826548271646
3.05634963495617,14.2431624374145
0.612210625782609,4.41295916618467
1.63877861296608,7.86950488651158
1.81234136960449,12.1221551933365
4.02556657401805,12.7140546535102
3.3476733228374,16.6793031803689
4.93209188307556,13.1344312125866
0.0998612646281231,8.11965586330604
5.662258652222,14.5887038620865
0.221010128557237,3.96288985196305
3.45435873029714,9.61062322201516
0.215009204479676,10.9446023404167
3.96938139183407,15.0434159905026
0.723678166978061,10.4139074571663
7.28361816289735,15.2954261840394
0.786340287228197,7.95876506963748
3.30292649177795,8.08875493570119
4.8079148828142,13.6598754323371
1.45453638947549,9.21837253105124
1.28447531443089,13.3301005700919
0.453868046402931,3.41042562597509
0.771961877671627,9.73061315699653
1.43352358480138,12.1086489296851
1.07931220903993,6.1337416567489
0.446554575115442,4.39191172693731
0.812523589905179,13.0744464615667
0.812411307598965,4.60919862336621
0.684366524219513,9.44114943956626
9.17076728442564,14.7500347189857
2.67418609551134,13.0589780310414
1.11996130459011,9.61354824592883
3.38413231524393,12.7808870339583
0.0660627335309982,11.5829037743367
1.64200524977388,7.73941014550883
1.55276897203198,10.7678736760319
1.61731686993482,6.99762445187859
2.37861848427894,8.85533868614877
1.05580975115299,13.1809135283447
3.98211689276581,8.92531141704687
3.9317322706986,11.5919773592434
1.54973191525526,12.6593825753446
2.01504717013779,14.7987498148487
2.56079094103518,10.069396784411
6.99788498462367,13.4361636870706
1.3901807460768,12.0753357540675
1.01278605684638,6.01017719134052
0.56845500972122,12.4337778094919
0.335039597004652,11.4322281219837
4.48879771696592,8.69262310767799
0.135092264041305,5.42783758718437
2.82138350589161,9.25476823072912
4.96128856738038,12.7072307539954
2.76607327154818,11.7039281681995
0.132172731682658,6.26930789041896
2.01497044964674,7.50406970614225
1.51375981411877,14.195172943452
6.8611869808651,9.72514633730921
1.73619376859608,6.51114950952331
2.09272255181315,14.7667944285956
0.215114852211368,10.243183259471
0.957710271701217,6.85327922196463
1.03708489984274,13.6500958031813
1.49395311965957,10.4691451707625
2.844402115624,7.65243409110199
3.22414827702527,7.46141100122621
3.96856457690918,16.2539244902634
2.66385579106432,9.31987291433678
4.71777534832187,8.39380914585719
0.283343183808029,6.4442576499011
0.504363951273263,7.64528235432436
1.2416433012113,9.59188891735979
2.04417569181862,6.98917708774118
1.33600676525384,7.92306570833537
1.70594302078031,11.2423426607196
4.10680838284974,8.12117745393211
1.07789615448564,12.0953231828513
3.87428043765907,15.416404133708
0.852848142385483,12.5278969586941
2.44468597500565,7.63960433271433
5.32272458423801,10.417427917505
0.126610371284187,10.1846030017152
0.166187612339854,5.489642957386
0.704194152727723,8.74820178468228
0.721795642748475,6.23224443882494
3.93604177219753,10.2221617620973
1.17419105768204,10.2991531365917
1.84447202264311,13.4942593606057
11.3785984211399,13.9158338422784
11.9995618700905,8.30425205256715
10.5020594330211,11.6446184164866
0.778990720398724,9.93401959875725
1.0132774207741,6.35278957627094
2.25900467663052,12.5456729393061
0.377137850504392,7.10265095964728
2.04537810935619,9.03755392677748
0.0890931219800216,10.5869664520646
2.32260655975881,9.97563021981353
1.53415544322672,7.90898754786213
0.484094736166298,11.7651656967375
3.08257020620589,9.61762807290504
2.80209476056565,12.2116327553998
0.653597668744624,10.0787060292907
2.64295324861052,8.26640722224687
1.92534836932066,13.8788490826285
3.4656350469383,8.34523654856601
0.312832697065735,5.96790243259804
1.33611681498587,11.9280772897119
0.283821038635627,5.37368461387518
0.548829612322152,12.5823717176843
1.41919393083992,7.8452257254906
0.344287460669875,2.41184027555968
1.25839522946626,9.79670176496651
1.75613569054544,14.2844951219899
8.05893088462663,8.54430410107151
1.90058082632522,10.4910711380953
0.139557098969817,8.93452387422261
4.8978027810616,12.1380228081131
0.354203008115292,4.15242595951555
2.38927988140824,8.9117709634905
1.20064667798579,13.7394439249962
1.24560352414846,9.68364554853409
6.48423004116783,16.5099980976168
1.06664203573018,11.170030150601
3.03313681025621,11.4126813902819
1.31032818742096,7.80146869641636
0.36451162211597,8.89890724622708
6.46150176193485,12.1545726572756
0.369280715472996,6.67840119240538
1.16177073121071,10.8716295588483
0.358012047344524,9.68265924106888
0.45381978712976,8.33650434087475
0.197602875170743,11.4856208994686
6.97014613035035,10.6439139448743
0.389408396556973,3.97157461171924
0.957218213938177,8.54489770870718
1.44168755962493,9.85391386512218
0.866324990184969,12.8925833496548
1.70744497322245,12.2583841418616
2.0564285199249,14.7849162868142
1.74539191267433,11.044782051912
0.705670929103528,8.20474583055241
0.47418547142297,11.1627989949468
0.171554428525269,9.06902868680848
3.83518978936558,9.92839355183806
0.905787936507577,12.5895722443423
1.26500689890236,8.69549549228581
0.818411455733099,10.4342599257636
3.33024229465013,10.6147609438155
1.05602916516364,8.51895466386914
2.25042197472396,12.5520598924449
0.603941021487117,6.3034806475298
1.13588433805853,13.6095434103799
0.477423959974822,6.03601749063933
0.953665239736438,12.1108642668884
0.00032546663022155,7.9118334226988
3.67692572606688,12.5482133622187
1.98539163595512,13.4026562986277
2.17459845534506,9.40149979436924
0.830629267277499,6.50956558973626
5.25643025685973,8.00885505606449
3.90571429936175,10.9329575155109
2.43255288145485,11.1299398569155
3.14637203761672,10.2255176041544
2.64371846794131,9.32195250455121
0.625584391641208,11.7897774276104
2.03209125242176,7.12464775593571
2.39524957715514,11.5525151895643
1.99430477286994,10.0474333012268
0.354820674285293,7.09349227801557
0.777068671228134,10.1636790565423
0.451675330218941,9.79653054303997
0.199977562762797,7.57626214737684
0.561332003646701,6.12490098112406
1.70178686260226,9.06261070325084
0.621107148006558,11.5771245335885
0.747766238637269,5.23912541270346
1.66670275471153,14.0056273197762
1.13522500358522,9.82257674638666
4.47453783054776,8.82527120127905
3.62559439225082,11.8640210886754
0.775903426110744,6.139494807576
1.46568770965047,7.96624944580987
3.05020361299495,15.496663440194
3.06532935036306,13.543451845434
1.71209352268817,8.03033578705796
0.609610607847571,9.43034611657818
1.55156194037738,11.3190655775032
1.40454288377407,14.3194775382618
3.53748677654152,9.93580098652533
1.04744094237685,10.8736436755663
0.572762777097523,11.7351028039734
0.459550619125366,6.93651519954986
2.45275301105323,13.5758325633954
2.39114612891319,14.6380374752359
0.443528269417584,10.8376947048917
1.13492107018828,12.6091030987211
2.1799233201051,10.6451406539762
0.981540022417903,6.84076229555647
0.134805403373823,11.9046707371096
0.915471056868335,11.3332279595272
2.21013944397833,10.448441196664
0.123828882796712,8.49898650416476
1.49880576125326,12.8026166906807
1.1538203265518,13.0170967818362
0.239379276521504,10.4719779643493
2.09751536875012,11.098410690343
3.87524491159206,10.3175000683418
0.8387339363409,10.3145687933499
1.11210162192583,8.91106887731543
0.656745182350278,9.99221797333671
2.24878635807874,11.1595277570794
2.49151676853777,15.2663885459881
2.79748705227233,10.6100822959676
0.661429061795694,11.49801733853
0.85695905983448,11.1026090424836
0.337774508979679,8.12007623653941
4.74212938894458,11.0142639269698
1.32618336193264,7.18254833623848
0.948277099058032,6.08770598067438
0.090699783526361,8.92076187151163
8.59748718837156,13.3178745058325
2.30172862290385,12.5814595793909
1.37563570588827,11.4872308383817
2.71424869439545,8.97853571030799
9.9874110868632,13.2882173003946
1.55727603650632,10.0476145160995
3.69603996707087,12.1356217442266
1.50156055003731,10.955419718909
0.519566437229514,5.35112483293821
1.12622119672596,7.15742128497057
0.441133002601253,11.2156421400466
1.44806396207752,13.8323367938681
0.554015056922281,11.337300255354
1.68061651005882,7.44202659959247
0.354503950947056,12.5377945506595
0.1187222667647,10.5473476151274
4.98280020405479,11.9118520219192
1.55486206522537,7.69755580965493
3.03605344313062,13.6530989192348
4.31492859016288,14.674731070684
5.41084771950669,10.4992947423592
0.211514407768846,7.05499683376377
1.01138836238533,8.17579049349503
0.440426632761955,9.24603680447161
0.515556170605123,8.53366249544897
1.51394329211655,12.7218408319247
0.660374175421014,8.00921781645025
0.328633652680773,10.4007514085815
2.14679720058086,6.97579137735458
0.0660748705267906,5.23513856387688
3.55647934583907,11.0525442046882
2.81138436399305,11.3037577744114
0.967414982616901,12.9957924460643
3.3126962034214,12.9232935241081
0.841786064207554,10.5797834433755
4.34799251307674,11.8327090509643
0.0293169740935602,3.80453446406106
1.41319438731225,13.3606699363344
1.31610179878771,9.76655950842887
1.23694455064833,7.70640411168639
0.709119849838316,10.5167870474344
3.49907739914657,11.3812397692106
4.35167485822864,11.5314292582806
5.7137655165411,11.1758990611791
0.800171529874206,10.9648193291028
1.54906352714097,8.02331676175613
1.35381272807717,14.3757945819911
0.463569642975926,10.7690041076623
0.333505695685744,7.94870575889717
0.51277882713779,5.37323837979399
0.438408086076379,11.761803994732
1.52452332890573,11.1947093474204
0.479971900295655,9.31035494861833
0.0660131395181579,11.048900891329
0.967363494448364,12.007863442379
2.4817039015794,13.0432554278218
5.66671965943732,10.0819043114142
1.76268756156927,13.4169336974066
3.01946539042478,8.33356488201808
4.30636764828896,18.7576699060741
3.52338297648316,8.56374189158002
0.0231664236570977,7.76284120095263
1.09640054036454,8.5110261439891
1.52747631064596,14.3673398631124
0.838800029829144,10.657757538998
1.3892247377986,7.98310145564082
1.90506795610854,13.5731304640721
3.29211915267592,11.7024503503734
6.78879381682644,8.73245215464175
6.1780913654586,12.3155120599251
0.751067317090929,4.59709227707842
0.779658582992852,10.0008294552942
0.445446696132421,11.8326786051729
0.912900019437075,10.3776365518326
3.75026098994498,12.1974640918519
1.18399561848491,13.2573811821109
4.6917030920548,16.4036825334147
2.23648241541349,9.54594365467779
Rho_s: 0.475348111348111
Rho_p: 0.442911457430936
IC Time: 0
