Rho:0.8
N:2000
0.264165263855458,0.318460395559669
6.16356629099617,7.06987436230871
0.316293861716986,0.470775361663768
0.502867192029953,0.480044246651232
0.717503766529262,1.63262569112515
11.9466662102177,7.43564186575723
5.83434446122418,7.86359835746598
0.386630197055638,0.0656935886496406
0.506222060956713,1.19272827934105
0.658133273944259,1.53452629773858
0.565014430321753,0.889896555724874
7.14909465963917,5.83705313470135
2.57501211008968,4.73399459444078
3.67202708108311,3.02083101757228
1.66354799921167,1.26306622847915
12.1785969429447,2.86225416867023
0.432218433357775,0.929098230786622
1.55880793548169,0.5506622325629
9.72574742362558,4.62871431906648
1.9413507579917,1.91134292251411
0.743980593679526,0.488575526513159
1.2805572906509,1.35999592766166
1.24255363829434,3.15191945600648
0.239476504716523,0.638475033454597
1.0558079238981,0.79950148332864
1.00542797893286,0.2512634859382
1.74908464207294,3.14665069041734
0.354664388112724,0.403739366031335
1.7911694048995,1.71403024209084
1.24838305078447,2.76716513364556
3.11160305498128,1.29521986003965
2.39582449748161,5.04975269337125
0.161720270290971,0.453061139358493
0.69752889778465,0.679531678557396
0.682303037093524,0.69879436865449
3.01976105926519,6.4657548513628
2.18271349920871,4.73451579709478
0.274075019173324,0.0475510312244296
0.409249429591,0.673620439134538
0.812007751315832,0.56097888257348
3.4421129672039,6.04634271528492
0.763224346050247,0.465673010796309
0.904806545004249,0.386762989105806
1.66080358802321,4.05403752608185
3.65833355842118,6.62233686413536
2.07150075017455,1.37069756444544
0.442515768970967,0.43785057682544
2.52669785908403,4.39501817871757
0.894615947905478,0.204258154535459
1.38295814674348,2.22825913495364
0.0540509019047022,0.454471031148212
3.07125584764366,5.81776574220429
0.165825395844877,1.11886722766377
0.933973172679543,1.97009397662225
7.71881956937623,6.73319575156937
1.82383584036472,2.97974446399098
1.42842191076818,3.62704838423019
0.0746694101090561,0.0850974968411968
1.0055971397087,1.06378013081849
2.76262529744747,5.14442603637405
0.401214284822345,0.33098788892455
0.788521574590513,2.10836527222776
1.4629841978368,0.474525975063443
1.30590477678925,2.3636098014428
3.70467934374202,2.3835342991257
3.73830238712912,2.02217491707745
0.17486125665502,0.353191124275327
2.15125744781437,1.08776274416596
3.08860956115608,2.91557808203583
1.87087484312938,0.806738586933789
0.0876987986266613,0.0484449304640293
0.583164518902722,1.59262984982672
0.444668070413172,0.206531280651689
1.19799606874585,0.660053742094372
0.70517972484231,1.10305439680815
1.2043174142018,0.938271437771618
1.55907169807909,3.20125966129785
1.00114559009671,0.802313558757305
0.734316385351121,0.85229430347681
4.74366985789018,5.87915937568913
1.04433090705425,0.496720746159554
0.109388308680933,0.0695447279140353
2.43821516252103,2.68184378362241
0.548016996122897,0.095083013176918
0.257560242966255,1.29890182148665
2.18033715142849,0.871291917748749
3.69561335055118,6.54452930357227
6.33508267965088,9.03084067204848
3.89749678580051,2.77501102653914
0.230066927149892,0.383255304242393
0.954213920980692,1.05755114613093
1.22581329755485,0.502345603890717
0.0915806293487549,0.689328466649301
0.272074165684404,0.840928765013814
1.56329679299351,1.14067224226892
0.98254759144038,1.71144459782675
1.85882705627921,1.84435067503693
0.413722429196022,1.17705815471709
3.47386660410051,7.36383138182473
0.530462176539004,0.0736190438307801
0.451887662102603,0.12688849163968
0.536182721145451,0.0777729442343116
0.830306358936631,1.53696894078496
0.822942098383906,0.643788164481521
5.75012698735962,4.99150829364486
0.464800347574055,1.04407205618918
0.133973346091807,0.520877897078631
1.11639876291156,1.23404195625335
5.96541310813198,3.92174345983152
0.501934993080795,0.329444294077553
7.51703731101468,3.94294172881131
0.370084952563047,0.341685972176492
2.71303586839678,1.43111924307593
0.246351796202362,0.82800830155611
0.290977007709444,0.30142097081989
10.7278864117046,6.44730630483399
1.01493978593498,0.348486871494941
0.984905686229467,1.82849186464193
5.39626507808395,2.89855069277768
4.14450168220286,5.30563365270324
0.136672439053655,0.32970573939383
0.284567390020839,0.162387021629617
3.19296056015377,3.31997311098461
1.23850663471967,0.658324854448438
0.344621351920068,0.72448038555062
0.410187530795901,0.154058885700708
3.78567451594358,7.04705424891691
2.44424274927917,1.10622694063932
0.656367043964565,0.734224381642757
1.17282624635845,1.5801611409887
5.32776891042419,3.08375008557872
4.17661689855926,5.86204051937828
2.78964254922905,2.06357947542312
2.3187821998115,1.91542428723517
1.67938068686965,0.66776507999748
0.809527981870239,1.52348565109548
0.868189471773803,1.32247319351882
0.334099751897156,0.776449712924659
2.02262306322996,2.63982070042732
1.45476158149917,1.38601175229996
0.425154915079474,0.111396019693393
8.06258172872377,2.45565320915523
2.01165994994822,2.63364261007848
3.14656523598318,3.62225056422834
5.03855235934588,2.24321512386177
1.19532616902143,0.824921775609255
0.060160044580698,0.111997851615256
0.281789427623153,0.496522907167673
1.57160093813183,2.33022868066075
0.02494758926332,0.0200732592493296
1.10688877943903,0.615603711500782
2.50630658670309,3.69578972527225
1.12163629475981,0.46314851817562
4.04996712489014,2.31762309550288
1.01177064795047,1.4562929662967
0.909152762964368,1.65353240809383
0.685535850934684,0.142181808128953
8.19567407253099,3.83226762322669
2.03582376689717,1.33296468295157
1.00803855620325,0.590457267127931
1.69459459363463,1.41369911088588
1.0699232108891,0.826434094458818
7.93044347646547,9.69585511783018
5.16903613855071,4.35135875966295
0.864022748544812,1.78190762797638
0.488129101116415,0.336616466753185
2.01934465012493,3.57720002515202
0.0936331608409425,0.0158472791794345
2.59065057328882,4.11339625699406
0.543357736037961,0.274180121719837
0.238279407019695,0.0933983391150832
1.40079654946895,2.77840429525192
3.194598886663,5.74762722767539
2.63254089086297,4.46315828188114
0.413487432275975,0.37011678579178
3.5088833941329,2.9673489628542
1.06798510625958,0.323438607179187
4.49609386523194,3.68549689412978
0.544656008481979,0.333936146012427
0.216079105876111,0.171395159002489
3.36865761963222,5.39199812312551
0.912320620380342,0.199979523196816
0.794342176057398,0.461997705511749
1.81138622938635,0.96781098190695
1.36320021841675,1.17841996718198
1.53680441145656,0.451598424464464
4.27276185502238,7.48782907011819
12.0302383594944,2.42792650676313
2.28473488419297,4.30151815744386
0.856784736737609,0.616689900867641
2.3546188794271,1.78866463332417
2.16211681618335,1.22087363805622
1.71718114978614,2.7502599339092
0.0656489644788148,0.00937978643923998
2.144409077158,3.42389809323435
0.54333024911353,0.544493579714851
4.83617633183427,3.39400402812247
4.32602323037436,1.66688117200975
2.69441293171587,1.89954446221077
0.470434313547268,0.335387698927771
1.33992206119001,2.81371466798668
2.49771093755009,0.850429957732558
1.05126993078738,2.47660144223812
2.25345075867119,4.10815120471602
0.942839329130948,1.55787910692225
2.52519869050922,2.43127431898358
1.03292980790138,2.53584465376082
0.0525925956494708,0.0130654666572809
0.258053410798311,1.29169976245612
2.40252817786279,2.76205411544981
0.739262157871791,0.607986253686249
0.704901265201683,0.207330885343254
0.390997729410181,0.209798239171505
1.31358962971717,3.28512730432634
0.396120632067323,1.08560662064701
0.0695607044523563,0.141703911308016
1.49491060144248,1.43032387007677
0.0365105485543609,0.563108284026384
2.09748466304483,1.01525596901774
0.615052080923822,1.13897394482046
0.0590237506625063,0.297722838175575
0.284316156059504,0.477981567382812
1.7339726089591,2.64787129118087
1.19093921314925,2.36841850038675
2.80348880393681,1.90287159933689
2.70333411163631,1.97128105155172
0.136259304359555,1.10725207254291
7.52175036912131,5.81391492452393
10.3295794458766,8.80381594441049
0.929883813485503,1.97401190726998
0.529352884739637,0.958392667584121
0.64192018751055,0.999363415766957
5.62962451190711,2.04200429274681
2.27526720791104,2.01894541821423
0.441633174195886,0.241974942493418
3.14611103400376,1.15786435939566
0.613077415153384,0.16481636185199
3.01502158103471,1.62246669666749
6.7786400314785,1.82412773853374
0.128773848897189,0.0619602426886559
1.82069287999513,0.771573483943939
1.07263185176998,2.05353614101107
3.51643591729884,4.97088817854352
1.24048368446529,1.44682512982729
0.825870595872402,1.68339632443132
1.70851964867654,1.99547548300312
1.10988411214203,2.60062254211845
0.503934988752007,1.59700128238934
0.660288812592626,1.44020173448536
0.292422516271472,1.17132485937327
1.43227439737859,0.49459489993751
0.401251702569425,0.552929400466383
1.38657350160354,3.37105903385167
4.01411495273618,2.92389302007031
4.44517661978431,1.48818985149622
0.920796159654856,0.613977255299687
0.0702969003468752,0.191465979442
3.04840406386142,1.23704630881548
0.0635673977894733,0.227686661154449
3.0415451711226,1.09033246152103
0.784547624178231,0.380146821960807
1.31510221026838,1.34263809584081
0.257738436244058,0.575933244531088
0.621010164730251,0.183056093959727
1.10867767687887,1.2205488588661
3.39489205537324,2.80095824649172
2.71668335329329,2.09514362356606
1.11998844705522,0.791481476277113
1.1915499875322,1.18484788108617
0.30359863396734,0.433303868983175
0.200770975090563,1.20690074563026
0.023113782517612,0.711212342604995
1.02287190780044,0.74431203212589
1.10849972628057,0.555970352143049
1.96501283711734,1.77125524162295
2.18577082633021,1.11354349087924
0.0789929162710905,0.714193970788935
1.87368415101411,3.03020980091371
1.54746828219833,0.755924516357481
4.4543080151047,3.48035919649487
1.85420381963161,0.993561973795295
0.128943167626858,0.0142416801908167
0.559622502799103,1.27481819875538
1.96118077813628,3.59692539630418
1.13498274050653,1.15408496372402
1.00622558734205,1.55629023655091
2.91184269707669,1.60128625287654
3.54977701463674,7.39468510034394
0.765533913903461,0.143985371869383
0.0658006546406591,0.509655146859586
2.93076922640918,2.3957207276577
1.69934099650458,1.38424134813249
2.15653709313812,4.98951158274837
3.06877997493903,1.37103986553848
2.87694128585939,2.35479175663533
1.48331137738171,0.679360053502023
0.185140554621102,0.424128970131278
0.314883036873702,0.643368825852419
4.48922366988385,1.42824870782566
6.16026029298048,1.91413515425267
0.0310614602640271,0.717666295677966
0.547330815345049,1.15631870832294
0.0578449431529726,1.03229764383286
0.392509461380541,1.23988257627934
0.591834031852603,0.087504087947309
0.289097504690289,1.0686423562464
1.35341458581388,1.95430588527563
6.92437469925652,3.00751236630807
0.0858663721010089,0.336949062533677
2.88383210061078,4.09403625486379
3.05921141041403,1.35378059465438
0.606266941875219,1.18515137583017
6.07944448258648,2.6289495359266
0.324463175597905,0.188230908475816
1.67191524023625,2.63012026055696
2.38033465101364,0.974972900934517
0.323307655751705,0.859321142120616
3.43754256128,1.78443991756978
3.68288072824072,2.7884584443886
0.52817955147475,1.05647499300539
2.17662704541328,2.56667466639521
1.93113842324843,0.955941956490278
1.22719015367329,1.51566972885029
3.62060209719424,5.73920586524229
0.226577122411627,0.489860980701805
11.6701605015232,3.73258379830008
2.90526115132456,1.28535243868828
0.574372941628098,0.963034154847264
0.547543888911605,0.256335183046758
0.279124793066947,0.378219244070351
4.66152101357408,1.96023029453101
1.40172637804391,1.43281071001705
2.45016269377413,2.33489843085968
2.32206184408608,1.38914484255771
2.88280680816693,1.23904767259955
1.04674137383699,0.88691642228514
1.15591770783067,0.370630140416324
0.0535194305703044,0.386834194883704
0.489178138785064,0.206663786433637
0.55239431373775,1.03251739395846
3.63123713416939,2.52192514195087
3.11254179833417,3.88217840699439
0.19919539835063,1.21018202737912
0.0262161260470748,0.0456206296932644
0.412576208082721,0.437403293326497
2.37998887143078,0.899279710042133
1.82441334604266,2.85278331844096
0.590795231051743,0.115701853297651
1.52361245444956,0.655639450065792
2.32163081496003,1.03873177058995
1.74628707926863,1.91193242485059
0.140149208717048,0.542122961953282
1.13036085572094,1.39826249253191
0.29741554973083,1.12070104945451
2.68410471259596,4.72995371959937
0.456928043626249,0.0979490343581626
0.950243311934173,0.771850858815014
1.22094287257642,0.42264585123452
0.668122101575136,0.331630972374613
0.864279221743345,1.10328881535679
2.19473152413013,1.2891545239836
0.820639286190271,0.791694448257079
3.24290057627444,1.51160585685613
0.563090462237597,1.36884610448033
1.62700210130754,2.40407084851506
1.45728474779263,1.07414819207042
0.210468058474362,0.373643268562541
1.24027780909091,0.336869289955919
0.389259861762201,0.419832545332611
3.87022109312897,1.76112798532173
2.4002407453114,5.40987248321004
0.560316118757944,0.0754552958533168
2.15183484181579,1.94307743377032
0.090178482234478,0.584506488206942
8.05219335439515,3.13421848057899
0.399170115030667,0.158039781793601
1.54953671706751,0.802113284356892
2.98263965306009,5.52460974802203
0.330189664848149,0.750344669446349
0.845188254490495,1.42174651331977
3.07089724002366,1.30013716313988
1.95749077751281,3.44617893492554
1.90204685545507,0.683951523154974
0.195956778712571,0.0337939960882068
0.327699027024209,1.39481584346833
1.5736490934247,0.661798027344048
3.13769618026418,2.27694613154384
0.157860816456378,0.0178839908912778
1.13466347847134,2.85559706564028
1.43742751046944,2.54765773928704
3.91230398399715,4.73287653452222
0.583927057683468,1.58769121571424
1.13260857574642,1.51785790725591
7.28514019730401,6.5815235105045
2.07136491863968,1.6266480590308
11.4754919701054,3.17002628726845
2.23941716357114,2.93303432502203
0.465057306407015,0.365164751186967
4.83031227041907,2.58386131553891
2.05091445698383,2.09560442334952
2.08022518261316,1.64318800896924
3.14989426302733,3.9480145460177
1.560448884047,3.24197145907168
1.11665396671742,0.468020411208272
3.53976181505208,3.50583121908789
2.00696158214452,2.18252844864639
0.555828595533967,0.228906853124499
2.3058341457773,1.64215685418787
3.81239331124311,6.76303267445336
2.76428545630517,1.89160141661161
1.98114862843397,2.5328944287354
0.610628950409591,1.5243345107043
1.08972419891506,0.936560530215502
2.29212122588399,3.05943072941411
0.167482849210501,0.0205963235348463
0.955037814565003,1.05844084359705
5.46988060672708,2.27641183502021
0.508577929134753,0.162937521859704
1.12674867454916,0.398223961440623
8.39445170121082,5.27489489664264
1.0516547486186,2.13784402227941
0.111237899594354,0.10563815291971
5.04469251980014,2.52948626867476
0.727923462167382,0.364202001132071
0.373526004143059,0.304106406618127
0.76633585046734,0.350943594239652
0.746439488036631,1.17918930371765
1.7698594523836,1.1840185765177
0.315661144442856,0.296662384644151
0.39852157092715,0.425470261834562
10.2381980152507,3.13681548817043
2.23005452557447,4.19813970078654
6.83113324608574,4.03988934664016
3.85561436025386,2.14807396054392
2.20503960727694,1.3581336569041
1.58172974871421,2.99297660572414
1.70909991479459,0.910409409404668
1.09429261274636,0.617275283671916
1.37251998018473,0.495841758325696
3.20040811208968,5.1703318019671
0.820144914640948,0.180340910330415
0.51754387894118,0.119246978312731
0.152361327782273,0.727546578273177
1.23264382127672,2.22931380002739
0.0717318719501641,0.109675852851386
0.411051311530173,1.51730237892809
0.847348642637716,0.791864675203879
1.38220238033682,1.50810182272437
1.71843358307126,1.1326737832278
3.93431408686524,2.09341734080555
0.0239529740065336,0.913793070491793
1.37887624278665,0.402022523805499
4.26528753515889,1.61406148153965
8.11868585231614,6.38196442708213
2.87071481630116,2.42333586691859
5.60733388339572,8.06200612606102
1.82423107131364,2.40518990940701
0.0603893200730406,0.300469138659537
0.918754181824625,0.323987269869369
5.46932176847882,4.7302942832274
1.11716648656875,0.595454497059129
1.82562137386742,1.8161305002028
0.12852083001322,0.0418214002256054
7.59219772699189,4.24119171847529
1.35475968662649,0.358157453127205
1.00400480534881,0.222879685461521
0.456072207194739,0.574808217585087
1.30177546199411,1.02109178993851
0.810422104783356,0.8513057255949
1.73068145482333,1.33336076060534
0.6474418058373,0.179271681977476
1.48200467220488,1.22979951556772
1.91923139705855,1.67389156846855
0.779459489509463,1.27845592517406
1.34527623467147,1.84744362338426
2.42911478309872,1.37411815114319
1.81314263028989,2.18943592525067
0.47085247002542,1.08650804683566
0.583949845952113,1.52659644178095
2.44923990583959,0.892802484333515
1.95513167596402,1.08332212362438
2.54167757547441,1.35413299128413
2.99895742282543,5.22130206765361
0.860806733369827,0.523798831738532
1.51601792991283,3.29116754962092
0.814491071930529,1.11933233216405
1.70429259814789,1.35007332917303
0.142602093583581,0.0600738357752562
4.37155261983104,1.88180669499316
1.10427159443498,1.68646331495585
7.12231136443925,4.41586254558141
15.8736540007006,2.91593354178553
0.161665151517756,1.16361663863063
4.08801916597371,2.75475022002103
0.493505832739174,1.15836716350168
0.831049202760601,0.222499776631594
0.4996318500489,0.0680540495477424
0.803259268403053,0.184739206917584
2.67938486478272,5.63713897731075
1.64258083840167,0.821819994598627
0.0283864280208945,0.0832040941735916
0.0415093647316098,0.0104644102975726
0.374826342798769,0.871638918295503
0.593861968069349,0.791813501156867
5.26629880655408,9.22075537541762
5.32136086721845,3.55614878965502
0.00210963363471216,0.843684946186841
1.77734986829763,1.83837887636366
2.4743143468255,2.23319039485397
0.383207963779569,0.111284946091473
0.838702714070678,1.87790622367504
1.18336038663983,2.64198753788116
2.01973185121062,1.25697487965226
0.256186544224954,0.487644529901445
2.87227648852353,2.65808614707532
6.73193458738493,7.41718490007234
0.358281544409692,0.447071748785675
0.204448536038399,0.375651416368783
7.49008671524835,5.50311576177306
1.06431104429066,0.31444755895971
5.88701475128465,4.64131768704254
0.655221050605178,0.362566125579178
0.905123660340905,0.455154195755898
7.53820855501008,5.40905143667884
2.919970819708,2.09753516494277
2.18491379428261,4.59374747772641
0.735988705419004,1.2014255495742
1.33307709172368,0.44793899316092
1.45686686030569,1.45365695598882
4.37213730414338,1.61519128970649
0.15502915583196,0.0218903124332428
1.61320689379284,1.42760326426813
0.251287804916501,0.621472449041903
0.252189317718148,0.125062975307131
1.64986857018414,1.85811626453878
1.28908262215555,1.88140480439077
2.90518116561656,1.40595405726674
0.551573523815206,1.6161544843668
3.97498163191562,7.3164653885634
2.01165928496959,0.942750680782586
2.19512778884711,2.28973780377748
2.84099791182165,5.77939359810124
0.681514895521104,0.135620299548581
0.962832667020899,1.29268071334809
0.268831856548786,0.119096351866876
1.16372841317207,1.2823579730466
4.50575147916503,9.17160371640577
1.17328150104731,1.83989007643853
2.08755669082108,1.06224813777953
0.987915903984865,0.303490503782049
0.518573033623397,0.879314505871815
0.302996452897787,0.606239021990366
0.911115249618888,2.38556407197359
1.71951597175541,0.548692391254008
0.961845471523702,0.541239531520649
7.0828073728354,7.19498476731923
0.55694910697639,1.51514766543152
0.930011245422065,1.99772909647765
2.18553218423369,1.26307274401188
7.17147610667062,1.70486230039563
0.0109120206907392,0.318346418440342
1.00297494512051,0.407585744746029
3.97001334262972,2.03403725269609
0.691408022306859,0.176939885798134
1.99968371718171,4.56606360127158
0.636879808269441,0.329782412387431
1.14850444346666,2.06030262625756
2.38336667782607,1.36975212115794
0.0180747145786881,0.00948425941169262
1.69864722332897,2.80288955179935
7.83641118886781,3.49495238048916
0.534706886722356,0.522421488375138
3.02289623377805,6.49868528511295
3.03564275441428,3.63938618257016
0.950372725725174,1.07490753848106
0.362038425212937,0.649774745106697
3.50419091416483,4.20584746470308
2.19319982445779,3.84444214386826
1.4258189065055,1.8155757318342
0.407887138426304,0.311614037889335
1.16743738483638,1.16366224735975
3.44074699638372,4.71076762621618
8.43582472899809,6.61826734211216
1.33851117175072,1.70399191522821
0.549940987490118,0.342087241927203
6.79075856473217,2.35509581482949
1.16375696007162,1.82697796068134
6.68072096969853,1.76204485624077
0.889813615940511,0.800855427118836
0.982870727777481,1.16776049204305
2.06554554394426,4.31701693286128
3.59666402248626,2.55090163267198
1.08370647352974,2.30782228699865
2.38192917211893,1.59358544080498
0.688290779478848,1.48207044789372
3.59652161904195,1.59723075087385
0.598278813323073,1.28981492388994
2.94705803837896,1.13477115053684
3.91946529207711,2.77165914877298
0.912447617389262,1.03393336944282
1.27697533369064,0.596285488456488
2.11811055793407,4.59288920809455
0.144227675162256,0.278912040288847
0.547732120379806,0.475225073156882
2.55289307973328,4.24340249427818
2.04076419203522,2.20825969003941
0.204031842113689,0.478848860599101
6.25525674190293,2.39877916119042
2.06672578780722,1.6994443254436
4.68148480751262,7.34879307034326
0.413977959193289,0.509682473306611
3.24167080298487,5.44486599762864
0.269413845903043,1.06834019161761
0.834872914792699,0.671220020391047
2.64774208247782,1.56988541959765
0.348941351953608,0.863354054279625
0.771411590278149,1.80605942006161
1.53360179430785,0.568956873379648
1.83300437956097,1.47636643482449
0.738459438263504,0.704787222668529
1.90323599240912,2.77482777817135
2.41002516812625,2.21998412389451
1.64010245379169,1.11093960981816
0.514753581956029,1.07345385849476
7.99023769381356,6.25233494304361
1.0834542280063,0.691430175676942
10.4340277643581,2.05922904007862
2.01116775154116,4.62661243577428
0.581810021772981,1.16705872025341
1.47085331481264,3.46037026850467
3.36234711543008,2.25389569244328
1.93543716887964,4.06369189528709
4.45116608072983,6.49934422936211
0.0329520605402352,0.0445858677849174
3.08739324002951,4.83488683749862
2.83309536037927,2.14377245298567
1.40169153049372,3.16649239120965
0.0884383742023469,0.403446525498277
0.219105429947376,0.399010089226067
0.651772459037602,1.76874858059321
1.9602781026609,1.05320886336267
2.64711120902541,1.11014983057976
4.5852705647511,2.62687890036943
1.22131619136781,1.65304980977418
0.731402699835598,0.2065992038697
0.0552374779007798,0.037034681073489
0.658109401352704,0.161209728568792
2.89872915653472,1.359827789478
3.9001232011426,1.62246371983531
2.27668613000753,0.976534175686538
2.73328979118707,1.42754212572219
2.16690516341883,1.93193064502642
2.43167410028654,4.69146608908601
1.28173280041665,1.34811989124864
1.61171941264513,2.22310135691407
1.94080722254682,4.30698594798274
1.59364097557011,1.22240626253188
9.25243589976683,2.74992774232271
0.464212602004409,0.0679128738120198
1.05131195206195,2.63122690833154
3.47125779820566,1.63313698387685
1.5250480361033,0.45119218621403
1.33732720371336,0.94840591493994
2.65659162393751,1.33671220578253
0.127268966655347,0.0716805928701929
0.94942048098892,1.73387892163339
1.76485877475681,2.78774023784285
1.43022461972179,2.43749799384716
2.67039629622343,2.33002171843293
0.0599982962291317,0.502953077666461
0.169199760379481,0.265919566398377
2.13629058181288,1.28277645073831
0.363407202006931,1.34046083223075
0.86802758242478,0.555037654936314
0.0807643961161375,0.898496302776039
0.858275200075518,0.447440399156427
0.320135110989213,0.354358070529997
3.2099191842783,1.53723769419949
0.969582936192195,1.28523479495198
0.122042605653405,0.0270083639770746
0.906634837388992,1.1519460119307
1.92667057778958,1.19410731550306
0.8404526400583,0.614848796656722
1.61811240381541,0.954293574861776
0.0676156161352992,0.730436078000812
0.0495800285381742,0.480933407321572
5.23997040181063,3.81585445610766
1.55377349621596,3.7350326439548
0.435982891358435,0.414562346964139
3.10948660207872,5.90790214840259
0.0126916645094752,0.20977137889713
1.61249615220739,1.26085220463574
1.62712388071469,0.743582464754581
1.19958469737321,1.08705858886242
0.68139797622795,0.381588381715119
0.811003729701042,2.01570513649824
3.99388576282148,1.69453821509125
0.881484953686595,2.4352564550096
2.95567022770121,3.28506426123862
0.664091939220865,0.445641821681779
0.0274046831424996,0.401666429825127
1.90704436591806,0.732615480199456
2.63201831086519,1.42231984545926
0.641525382450861,0.669108557435087
0.673616518910918,1.13317491859198
7.94057483556581,2.04800524853791
0.209264295175672,1.01664690580219
0.521003945925244,0.265228125266731
3.33865027505035,2.62337264223936
1.98851323491874,2.20015868056277
1.62802746619033,2.68853272861781
2.03455591752174,2.54669779903235
2.04567913888934,2.07466924182119
5.1565750648541,5.88425356434486
2.31564029111507,4.35000831236072
0.629442596037066,0.961637482715351
4.4471139644546,4.6873462467215
2.18499885118547,1.301733170636
3.15172296373134,1.79473965490584
0.323566805363273,0.148066787818248
0.785521673044978,0.545313450125948
0.432285617208746,0.608691507950425
0.631462668068707,1.67829736313763
1.2857170458883,1.83244078681723
0.668628264218569,0.728071298450232
0.223542881198227,0.466504098847508
1.43510912909153,2.08305471382084
4.13739397359972,5.05530421038098
0.576731042005122,0.387880485504866
1.02758570481092,2.48980391948464
1.23732080962509,0.430262289941311
2.28058338508043,2.64477707809749
0.859028492122889,0.546787783503532
0.2622509021312,0.304185855284904
2.87288281304722,2.61242868370357
0.248804872392569,0.710809610578074
0.0413039615377784,0.492021638900042
0.0409322481369239,0.311902915127575
2.88734580559616,2.54875860168579
1.3524494901953,0.514279153198004
1.57097542876881,0.734912572428584
0.830323136411607,2.27862049444559
1.67014649785094,2.52901103339138
0.933564434759319,1.66127802577619
1.83784201798171,1.47192991921122
0.705789634026587,0.58267702857121
4.16096190710492,8.20429123523546
7.8026882219584,6.35873262550602
0.240872946567833,0.0607682596892118
1.74545442490819,0.737850939812711
0.51862018154812,1.64789590885961
0.738990780897439,0.587448753416538
2.09303073390367,2.04794247998836
0.595786643214524,0.452143739572228
0.455384219407921,0.308243748269917
3.18532187474852,4.82232902546353
2.07318013711813,2.77434073729889
2.66861807919087,2.16828629924896
2.53521258934381,3.56181220320945
0.111630806699395,0.024152853526175
4.75814811174133,6.62994576956997
3.57023653743749,6.41221624579201
0.438165707463802,0.681213460173193
0.801423407159746,0.923209821803815
1.52140913895311,1.50035189000876
0.673424357683106,0.834167631343007
2.35569905295017,4.61622485374994
2.30022832311991,1.41080454998355
5.53375713874526,2.09446173339131
0.997897640801966,1.69861718072536
2.13244238673689,3.65262907354121
1.27192728128284,0.961997174657881
0.409311431460083,0.552252007908899
0.0810798315522076,0.0182178281247616
2.35126614003422,1.31742788013071
0.98173968680203,0.263604834675789
2.29069438754561,1.93239938831868
0.388327071247797,0.0643949070945382
0.641589725390077,0.130842713547555
4.74901202668376,1.46270724005046
2.62419779217782,1.19547963421792
0.837548169548406,0.694534488329003
1.61081878459992,2.05327158785405
2.08513462348821,0.95683366805315
1.23476142063737,0.788654155097902
3.46114759875422,1.57032590351048
2.03828615873101,3.45692492122563
1.70305117770078,0.651085654893029
0.223139885812998,0.0373796453803402
0.797498003579676,0.937367776408792
4.9034174417419,2.40465905881467
0.0186804141849279,0.00175604224205017
0.448402643566663,1.21038549114019
0.659921165555716,0.52839928958565
1.38923810747175,1.84426028273048
1.36329777445644,2.20319038836508
1.58247964075747,2.38158512852135
1.98143470465186,0.845322506502271
0.376597035676241,0.137227054383044
1.78991544797065,1.22235334850848
1.1054882965982,2.91486749036198
0.224738260755889,0.939569734968245
6.90480412509213,2.7267358469868
0.253702782236643,1.22319151554257
4.75770658601947,8.45305786231413
1.55253782674792,0.591583302244544
0.250803185626864,0.0458089912513475
0.262901293113828,0.0281803002581
2.26355888127329,1.35067782085389
2.92842638475781,2.76730960226598
9.07985892032019,13.6214522972592
0.469979728833306,0.179619330912828
0.0969729908075744,0.148657527752221
1.99253991568889,1.31322313845158
0.42383917607367,0.361276830546558
1.81180916159394,1.21749417255012
1.8115729278976,3.93216110376601
4.88121376702883,4.35409280260034
2.64339066847208,2.10591294049265
5.11003135492034,4.24769138147063
1.0527820456773,1.57965911916437
1.28602642659098,2.61544234856012
0.809273449704051,1.20952276047319
2.0068529228771,2.77339550005801
1.13451092783362,1.11946197319776
0.36864648014307,0.0495684975153193
0.428402736585365,1.18862218596041
3.81419013051276,2.1628144494349
0.894492714274577,0.31520064239653
3.33916885250305,2.80508583022242
1.19760696124285,2.47339176003907
3.27753667516594,3.83053666208347
3.01923740697417,3.9189452399291
1.9470587331,2.33030688567998
1.65487393679315,0.716147927707197
4.21303292711206,7.76889739516092
3.39742875827437,2.06341160080376
1.20729034207761,1.85008521068726
1.2453400650993,2.64784141807797
3.2366518525589,5.02042150099702
1.30371206719428,2.93872418422469
1.2288593519479,0.393955039791763
0.389275814406574,0.827269461005926
0.592735628597438,1.20071733742952
0.680631270632148,0.796567779034376
3.05078773183708,2.91780522821431
6.08351424302826,5.32589085747428
1.36791715305299,1.09637566466404
2.9796307461811,1.25944959558547
0.799638661555946,0.358384344726801
0.0971418265253305,0.0383665123954415
0.233214242383838,0.0521067762747407
0.289217604324222,1.34611050784588
2.44313326655867,3.68595647422557
1.71788713141325,3.05361155403738
0.778253108263016,1.15134911704808
3.34336641414051,1.31947314646095
8.82383333852282,5.96824773321837
0.934737559487199,0.845273446172785
0.0088454456999898,0.115447740958658
1.54087545714321,1.44924771963599
5.33011746008821,2.9657214308996
2.29437906286659,3.66186538321858
0.938867734745145,1.1548865288496
0.217672134516651,0.299253601580858
4.99549252145577,5.2192792331142
4.01401609910612,1.55208459412507
0.367842924781144,0.789037957787514
4.05690113810783,1.911939546165
1.4007339029664,2.27694283733476
1.63735191329362,1.12569766119123
3.13953331468587,1.72311456306818
1.62121773875299,1.47245381658886
0.0286411496395692,0.0484875515131443
3.52640471218114,3.86648746283627
0.00528770134521881,0.197022419134662
0.589338502846658,0.444176292046905
1.66564537494141,0.582740821875632
1.39242678499761,3.4179097058804
6.64517430927525,10.6551921100994
0.0837711719796062,0.35945447627455
0.307529715703107,0.21918731124255
1.78412782392445,2.13077670327368
0.922050388529897,0.611378501169384
0.129721831530333,0.642263227507835
2.29391106023433,5.20043842841811
0.922509770840406,1.38017326034606
1.09135761577636,0.741973572410643
1.71191458617973,0.722970757633448
0.304804046250332,0.872653977014124
0.640627770684659,0.504672684621084
0.185970148210155,0.333009295165539
1.70175934491266,3.97627557733648
0.32124222908169,0.526294057407556
0.887554874643683,1.9337353593761
0.920497790105488,0.910032561980188
4.04994013516193,1.80560585848036
0.0268264335745014,0.000796136677254131
0.704154966399074,0.437459450215101
0.592491385526955,1.4545340131723
3.87789513153915,1.5780175430449
1.46550028203967,1.34493647795171
1.61673270035666,1.76065972997787
0.981077345088124,2.569028833797
0.120019427500665,0.0213491069152951
1.39556431613623,2.75974487132373
1.87288386072212,0.834192083217204
0.348157705899796,0.117768755268512
5.86759790744553,2.76423862009289
2.49644241101089,5.24249185969062
0.0781499641016126,0.078688676469028
0.291537065265521,0.0450968947261572
3.79564484045188,6.29500414397488
2.55875550574603,2.06450455581976
4.81465887956094,2.26179889953675
1.52003560206833,1.81178560658338
1.59890037713778,3.24887546256149
2.21860176316443,3.32697661949282
2.70461514024975,2.14761489248815
1.65773675396087,0.978126658126712
0.000463220473694865,0.180025435984135
0.249041718430817,0.0286176027730107
0.179495598189533,0.231961156939692
0.956126134842634,2.14289898230674
1.83643176662419,0.768145282752812
0.626853052526712,0.119752828410357
3.49229624135876,1.70232019378784
2.11965482529672,1.11068986076862
2.50071415296736,2.89496577886825
0.832225511781871,1.11039007641375
0.0925665833055973,0.747570944018662
0.740713222433388,1.45385744973066
2.18107797383311,2.919762393686
0.686475292779505,0.435770773245477
3.91119597462897,6.13008011843929
1.36065464187413,0.986764708533883
2.02491443409565,4.50808465828128
3.32093711553102,3.14487812090153
2.0812787785286,0.937716711312532
7.14361010138187,13.6159605637082
0.228223142214119,0.16461287997663
3.21082702634816,1.58097134894671
3.35209225645424,2.09967130600455
0.308220462873578,1.24136667139828
4.47657495339341,6.0882317937384
3.65935749543791,2.8954356353955
0.681475673212123,1.44143849044087
0.747954375558989,0.884413931518793
0.701898914761841,1.45640449217501
2.37302382468226,1.43233967975668
0.490626168726984,0.253351429477334
0.174477001652122,0.016334786079824
2.9771266056407,4.41833164145179
0.69984345510602,0.508102762230886
1.1187268840149,2.05017469598475
4.39525515188403,3.44113382680302
6.73620557751427,1.72626621923262
0.426821949711202,0.758999495151309
3.87737075967674,2.11536899200621
0.0650776531547308,0.425141042098403
0.439678506925702,1.05491472780704
0.331858026525999,0.264565872085445
0.889124512672424,1.39194721066145
2.94683377265322,3.54829598946457
3.87250188348775,4.98842198749013
1.90466232216897,1.80442077658119
0.360882259905338,0.0972099889128335
4.06197352318053,5.85361313786278
0.664289459586143,1.14074522815645
0.288301665335894,0.151735977365882
0.820848510704104,1.50570569365265
0.00010059861229374,0.184612841757916
3.4357365458518,3.36478012410884
2.6146098076457,1.45236367358418
4.97911580839386,3.97161066142802
0.368649958991691,1.27386054769158
5.67969931628475,5.83713444651927
3.58358068002348,2.65102543859723
1.78580186242089,2.31917253687027
1.66010536431315,1.71042176141384
0.662716058082879,1.41400457910242
1.54304980838892,1.58611387910853
2.14354465707185,0.775650724768639
0.523428495973349,0.776818049570386
4.1927081083221,4.09535476921086
0.367676692569742,1.17698505241424
1.21998253185302,2.60355769648197
8.70885753094005,8.65783860085033
0.423252200707793,0.40430183689948
3.3345464838851,1.45788244791257
1.77489210751512,2.4635688214654
0.46741000469774,0.61553952563554
4.26916811217494,2.52352939910235
0.286295455880463,0.631481234915555
0.79750107661686,2.18970343387404
0.166245721157428,0.0727496752515435
5.48689536352582,2.37985961935041
0.180508990772069,0.224288603799126
2.18554742625895,2.83735439229269
2.71177150486949,1.57889136250437
1.05936046545136,1.59727180873897
3.51978832465153,2.8691478634267
1.48269270352453,0.504985000006855
1.40398628247538,1.24809667188674
6.11281583892448,3.18229867128615
7.400839279917,3.66427792964463
0.398162797796792,1.49010291500928
4.05064420012717,2.79377516679265
0.0436336280428023,0.182506853714585
8.78225971310761,5.58378635313282
0.21246491279453,0.0300753051415086
3.81064493937378,5.08148910207419
3.24961779622321,4.8542119671864
1.61678541738504,1.76579948878827
1.87048373176696,1.98193987130751
1.02860247250646,0.572099267505109
0.0580371124669909,0.548000858165324
2.69662477440181,1.25871291011572
5.38121782590575,7.66740242722345
3.02282113687564,1.8706474713141
0.518550796434283,0.505772810429335
3.538449100982,5.38647520889468
1.34454621002078,0.471674922853708
0.535799677483737,0.823282814584672
2.18352530000438,4.23907242317624
2.28132227799835,1.27879952546209
1.99416288725081,0.961177937686443
1.47562996475937,2.4957667569721
6.1868761029459,4.21094408978648
1.41754601514878,0.399123755315827
0.0367001388221979,0.334707850477645
2.6726302987987,4.53685786050583
3.89969722909813,3.50351086987143
0.0743009570521646,0.039162989705801
0.122336709871888,0.160037005950006
1.37740368954837,0.925935609713844
6.97293684702783,1.78339813641253
6.34927238989687,9.05788360629733
1.57213720484617,3.10942560752
0.519712740234417,0.717781998217106
3.73007756919499,7.21520790877033
16.5223302422163,11.8744980984165
1.59683428510072,0.821776233613491
0.363084392434237,0.302687501102887
2.33889042546121,2.83775822428947
2.22622745799225,1.56444713461172
4.50626438039514,5.0055082698626
2.16109123631361,2.23184881533401
5.84427334334622,2.52668649701916
2.17981905854287,1.98115014971995
4.22639535526268,5.6877093609787
2.40296983151677,2.92388656366583
1.61697181294004,1.77931820592823
4.68222579707332,5.03365209300943
4.69811081660845,4.37538299910771
0.268774353899062,0.539646666848187
1.43402190541815,1.72804274029079
2.35450442292998,1.24902822542936
0.108956165611744,0.913452778942883
0.296035982029738,0.374957432970405
5.1301257421536,3.39411388268406
0.992308008484542,0.988679717294872
0.0929697081446648,0.455206047743559
0.0468464968726039,0.23481129668653
0.29655927840627,1.09233297780156
1.37525144405663,1.66609911984744
0.740205618552864,0.132447852909117
3.78761580037367,2.38704399569871
2.00687478288057,1.71295485712415
1.09184532705694,1.90777832069048
0.11939281411469,1.08314670063555
2.45967029212954,3.4571062287498
0.345672772265971,0.514583035366635
0.237449377775192,0.140645500272512
0.663507946766913,1.60236882968786
2.6301267351115,2.7757340891469
0.982430690178023,2.08080158717364
1.20554009918123,2.29084091402467
0.814121443778276,1.42745066518087
2.78697510419374,2.76736490978839
0.419253329746425,0.820565395057201
2.70311079910936,2.72036588183584
1.67038706495407,0.543949876911938
8.53084359267607,3.51256328804379
1.09175083506852,1.5223425476903
0.973343533463776,0.431499199010432
0.905939039870273,1.30915791541338
3.33378935420998,2.10485634199324
0.588152442127466,1.66890807019236
0.472856980748475,1.16829553060234
0.576553332619369,0.200163904577494
3.97234705818777,1.86494847006145
0.702309763990343,0.860635814256966
0.813821184448898,1.37983474880457
0.371565645560622,0.427434192039073
1.25934323761612,0.566422603093088
1.95722965655815,4.13580213842874
5.51597539682813,3.45136099664455
0.392767514102161,0.315933419391513
6.03865854889532,3.49623278139119
1.86114673680606,1.80673786897317
0.405572783172209,0.315004825132445
1.49882937183808,0.613136280328035
1.75707292548361,0.704493548721075
1.8906250502074,2.21738144746962
0.657093732617795,1.4690427853817
1.76017860873582,1.98370209514144
0.60476803034544,0.389252647489512
0.955678740516305,2.45559608369114
0.0537516539916396,0.0343577763082975
0.333012953763289,0.850198186933994
0.989017061889172,0.803056451492012
7.61291417231144,9.23554060557738
1.6924960031679,0.653968815691769
7.34140009763551,4.90609879821733
3.32426873577719,3.04637462073884
2.84847619020136,1.50116208501213
1.3150118002668,0.504588557376944
7.14323253515077,1.83966978630962
0.267908194102347,0.153499675796143
2.70651843390408,5.56771850937768
1.86698610903926,3.70178520290141
0.603095355443656,1.41637548050823
2.00738326189686,0.992060031741858
1.49477438412211,2.02653377867284
0.181801885341893,0.251506996610238
0.7108945986256,0.189553815871477
0.68270068615675,0.803489965386689
0.282075019708399,0.465065847150981
0.905648341402411,0.409721450886755
0.448891206644475,1.12294761557132
7.52362851383996,3.07576939446812
5.35441556920238,4.84667476613946
0.226194085553288,0.093627505004406
2.18980265959146,0.842754609882832
2.74501301898601,5.03913691987224
1.83404753721299,2.54677136047723
1.67195546432378,2.31284631035271
1.65221643812003,0.617820034734905
1.04424153796448,1.7363426889384
1.54005564740839,0.668398828245699
1.25250684004277,0.778576888144016
2.94424200799011,1.69767839453163
3.02426090894275,3.00056254101877
0.357692632362938,0.109109077175633
0.0519922953099012,0.00679459219602461
2.27162697530332,1.70797687598648
7.27049405458284,1.87242846927586
0.223487368941159,0.0838070577334149
0.686265016905963,1.67251597895267
2.72898148736897,1.09697922319174
2.36990038855913,1.31349417380989
2.10489659561756,1.31193811539561
1.04420237895101,0.817270391620696
0.559370388276875,0.171978929582269
5.76541234228957,4.3458157663507
0.460968408733606,0.335822958325248
1.40623544390742,1.66441938819942
0.234155317732814,1.13202373644667
4.35425598521657,5.19638368089624
2.02421265628737,1.62486260888439
3.43325526623015,1.74929395365354
1.41992859245341,0.560949365608394
0.471406542257852,0.670011552238315
1.94168506740572,2.39235130875351
0.398055739875068,1.43424973389911
0.328140859492123,0.241766780175977
0.837992407381535,1.93897440737537
0.716435493901372,1.18241204336921
0.315983652589881,0.245901232374538
3.28902826068883,2.58664410180392
0.466397463344038,0.132949329911402
3.19580912200694,2.17947049244287
9.47153416970625,3.2488103759491
1.08761151600629,0.604738101772472
5.11425702621169,8.48693016866102
0.330609092488885,0.862218937836587
0.658941130153835,0.446629540856993
2.98744011653547,2.65125313579085
7.11648092749429,1.9216954781765
0.238964987251595,0.283153349533677
8.18025226476503,5.1218362485332
1.46639678246322,0.533852973021567
1.81222237235926,2.01777589685264
0.737322823484764,0.963440183550119
1.42065641157247,1.99889110579135
3.19510133617674,2.57789724652134
2.8083752056766,1.25133955013007
2.28347467436435,0.785367435775697
1.54079985796454,3.24179353175645
0.53247790627486,1.60589302340653
0.249811532463042,0.091397819109261
1.87341277106645,1.18485884740949
1.83997831857743,3.28350507078652
0.8140949010849,0.561087858728061
3.31752930475881,1.42886524639072
2.22474981059005,4.82209970901037
0.00385098011724228,0.0296956384554505
0.684835720807314,0.77145605067368
1.30554783437401,0.382028872398075
0.412735299724903,0.18155334983021
1.01390517968684,2.0104968391545
0.459375820227839,0.725712141022086
1.61532943345831,3.87757228298073
2.84520294127946,2.00280463873389
0.00889816320785972,0.534893593106606
1.00707190111279,1.32455087825656
0.406465001915842,0.135623151883052
0.31732150260359,0.503708128817379
1.79732287480476,1.96824502401349
0.125280471518636,0.443789011798799
0.968020148575306,0.455832300592715
7.28647704007936,3.18977604773166
0.825065763667226,0.442455009557307
5.70408804681072,2.03418924594067
2.77476445196157,3.15253717062955
1.38987592231758,1.48578257477822
1.04914128793063,0.675192978233099
3.13123991696124,1.33677409868687
0.145705712027848,0.258760877596559
8.52464006045714,7.48158748033357
1.74312134823742,0.808745130480619
5.26577578832336,9.46733049252882
0.86266972888641,0.727082826197147
1.37286444567144,2.45754935397747
1.40844485244078,1.32168874144554
6.75269204344521,4.80370145638414
0.620409690774977,1.39570080666783
0.143905499403221,0.0498003031904967
1.37407740205526,3.14528108794789
2.63082936025205,5.25494690586753
1.35774395149201,0.758286840174578
1.75847613058033,2.74745674422922
0.877028367482126,1.53385874434354
1.05141035933048,0.855257327668369
4.82255427886672,5.78029426898728
0.64377508778125,0.242004176601768
1.47153328164461,0.965617085138835
0.512721031904221,0.423973945900798
0.926012190058827,1.95267176163802
0.642264589604866,0.133341299369931
3.21893779171591,6.53315567936669
1.15078582521528,1.83337796471062
2.10920419811811,2.60895624934676
1.35690933745354,2.70627218103948
0.164504397660494,0.150960161756141
0.472861455753446,0.835020216181874
2.76089959210696,1.09434654656798
2.43444555492034,1.18409469670333
0.481411447390814,0.291968661848517
0.0757377018424831,0.328379379585385
1.26164488121867,1.86399367288288
0.281080259941518,0.0826292795431783
4.9953456406755,5.64292202856312
1.33581137284636,1.67146328934025
3.00485784916167,3.37721746770625
3.2848884485309,1.30433692131191
2.45342555074933,2.4880596808249
0.895767838694155,0.283806305378675
4.22774309120803,3.38460291905289
1.38726788378301,0.731417213566601
2.1751393921178,4.16472487498946
5.59020332289612,5.97212010588417
1.08904863800853,1.95686070053818
2.2590997814292,3.90543246624951
0.488871375893688,0.805926029570401
0.288758150406918,1.22698731999844
0.760369351133704,0.22144259698689
5.23824678708739,8.29016936900926
1.25151420757174,1.28602061606944
1.40189622656471,0.918623954833223
1.2805861281231,0.749487059190869
0.0847133006900549,0.0190887674689293
0.494302636943758,0.139579073525965
0.207429042086005,1.1031443644315
3.65517709014897,4.23007748623319
1.53820216088536,1.20533216092736
0.136281005106866,0.835772340385269
3.91073976812844,5.89149349894295
0.608097762800753,1.66701795011405
3.00854798762088,1.4636564272547
1.28839369211346,0.360414863327639
2.56553307353499,2.9288716240037
2.58673032551053,5.39624853034444
0.521494630729343,0.0924992002147825
0.863092763349414,0.353877814486623
0.433375319465995,0.0678419955706078
4.49944208566312,7.42712193689039
1.47454064833194,3.18910273147707
0.793632331304252,1.98014607272091
1.05497596506029,1.52369929536931
0.0899432603174507,0.245312547271203
4.82774295260139,5.24678926517196
3.35650154558902,1.88014236456695
4.54999467332788,4.88787744541593
2.95207273570781,1.40299281283262
1.06180713977665,0.771668649278581
3.67302936985305,3.25547708554154
1.77210670142415,1.23571755608612
1.44538115515354,0.496535553428597
2.69790099739077,1.6631429734731
0.397480015350927,1.05384566448629
1.09347698185593,0.310655331239104
0.778109208680689,1.01785285118967
1.11833026260138,2.28537499896231
0.0351289327069846,0.401336287311968
0.69113836903125,1.30303795542568
4.37882481011829,2.32291217139902
0.366547533174232,0.741543024778366
0.100882994011045,0.284685291349888
2.63368325299563,1.03639572188548
1.56376778325977,1.84781087367775
0.234527077525854,1.09680603630841
4.80912845184035,3.98311931250577
5.23746441652007,2.14680687946359
3.28869438616506,1.92523653051796
2.43716855897548,1.63293548478725
2.26140199779513,2.65189228198471
2.18367909817936,2.7337858378047
0.699878663755953,0.269230143233243
2.58295665859225,2.40521447538378
7.99754003765893,7.37964678886247
5.03688446779676,6.11571645703087
0.791978314518929,1.08793771546334
2.4845399923133,0.879090037768157
2.1046330089772,1.0191539732761
5.05477390785642,4.50166958917804
7.18510688426805,10.2974272699733
9.29767212257847,2.04991036782216
0.714038955047727,1.30743944831192
3.09712638001465,6.5776756253458
1.38195113278925,2.51067090212348
1.08866344485432,0.548762377351522
2.30617329244508,3.50555927662139
3.57228062767639,4.02389641834383
0.0925714530068632,0.171109865842627
2.52000225699487,4.03908924369102
0.189512964525509,0.11068644374609
3.42645682795657,4.4545949285192
1.76816113843563,4.09569505212789
0.121313462033868,0.585940013639629
0.884116175814096,1.07462205458432
1.54079265697839,0.646598706021905
0.858034817501903,1.39868952899479
0.842643339186907,1.33214243128896
0.562969591468573,0.893949765712023
3.35040736082436,7.00396127043137
1.5238708940963,1.07486088387668
0.885151229798794,0.296077316833064
0.476123902015388,0.0924205798655748
8.70543406108275,1.954243151387
3.93810639513617,2.18422747394981
2.28824392325225,1.51635682417306
1.12443354167044,2.25209160140696
0.713658624328673,0.176026787608862
4.33737562199063,2.69334755270722
2.89650429928483,5.80996228721922
1.52588140289479,0.492041671648622
0.49965431727469,0.151993827175507
0.881968374364078,1.83311223771322
0.685984061099589,1.47855885877254
2.52113645515385,4.18417185147233
0.180884544737637,0.144052253104746
0.612532062301046,0.625827468000352
0.249006355181336,0.204505438916385
0.945096788927913,0.852680860670748
5.59850050475369,4.11282923800831
3.00651347992902,3.56106443686371
0.945617109537125,1.22546422109008
4.59435133238263,3.2752567527998
1.58484769436551,1.23756819963455
0.578074281103909,0.200513886287808
1.33693688735366,0.687935102730989
1.94552482850824,2.35537491428933
1.55754898624532,0.66815345757883
1.28002677671611,1.30990285985172
1.04664724133909,0.496947047460594
3.23232876120095,1.60307006156983
1.18903271947056,1.18534775543958
1.69810391125395,1.74133419982138
0.0720742214471102,1.04600081313401
0.781100107253556,0.807147532682359
1.22896258719265,0.437328238040209
3.00969457609539,2.85696922056402
3.32013962331379,1.84044959946516
2.18934243297266,3.37688205374365
5.41088150043912,3.64973812130003
1.62039700142088,0.563496819640863
0.404884804971516,0.0673655243590474
1.48325377321782,0.947685175575316
4.34328975875802,4.59410845090575
1.54012208410686,2.04273374370279
2.11355227845192,4.24876513936404
0.428578797309831,1.48298208039331
5.24812226344771,7.38038433598787
0.620218712823115,0.818782991906304
5.93181167474665,2.3120247851217
0.346210160292685,0.5601984694021
0.208641105331481,0.546544395387173
3.35692561322772,4.00590220821982
3.83491139469628,2.91528613103514
3.18412291614299,5.18225125570722
1.95689703149477,3.31064244342928
3.32851186750417,1.22835341561586
0.619498023733301,0.753031333703388
0.848810641739867,0.784122128970921
0.00519319053200318,0.05768363471401
0.225649924948812,0.532374805770814
5.56795941366737,8.06872830870462
0.132895404472947,1.14478483330458
0.434900334104896,0.972008388489485
0.496023724786937,0.722305177272543
4.07844065858011,1.49693632303717
0.0917673629094784,0.0124590105247453
1.12366301193833,1.36838850099593
0.158461857899336,0.72342959902345
2.68865325666013,3.01197096661401
0.0847416906293017,0.855296483263373
2.43811053588035,5.21278825004525
1.61453617169502,3.51445376111155
3.04177540263516,5.52022739847131
1.58169190210582,3.90870667232161
0.876277335156651,1.43233074984493
1.36102595925331,0.405276166275144
1.12412455677986,0.360653907483391
1.95210416606607,3.15874428837046
1.46836483260941,0.889616535045207
6.510545938871,1.96867867178264
0.394754509543459,0.605873393186798
3.39585599658971,1.21212931163609
1.87099809903154,0.807953366715825
0.158277944459544,0.101313962601125
2.53624607241693,1.75409648931565
0.362035503805299,0.70776969473809
3.12417671812658,3.36106362922077
0.360584845766425,0.151456666781489
0.026709943937765,0.0332243498414755
9.34941665032759,5.83607864346275
0.00343680754303932,0.00601565930992365
5.59275246166868,3.93166550604587
0.54277939318891,0.11715389881283
6.66622520949612,1.94695621720495
0.143440102227032,0.633865189738572
1.23281806304029,2.20215365841034
2.67967113844099,1.9023253585655
0.268378889719215,0.0333603914085101
6.6545685098384,3.56418072788005
0.13071964494884,0.353647489832672
1.36531950067729,0.888658551865681
4.23730124142555,2.70317948601189
3.10034330917482,1.17713243793696
6.09540735151539,7.62354988935304
1.98252505986931,3.01100871445725
0.126164042390883,0.378203494474292
1.14035502262414,2.41261474779787
0.893545117229223,1.41219200371745
0.964142358821508,2.21975730472101
9.99150583461719,5.68729433383713
0.305069630034268,0.646143618039787
3.28631010147978,3.4616273724051
1.09163044393063,0.465658344328403
0.537339671514928,1.0088316956535
0.792198133654892,0.827502669766545
0.0287022416280592,0.656982582993805
0.693314834497869,0.302161323019649
3.61021269096022,1.98129499695244
2.25309858835282,1.14809114858508
0.0332569843587116,0.00807246286422014
1.43522026940229,0.828928780155422
0.220357483252883,0.713036117143929
4.50932765108428,3.46803132427816
5.70197141136894,4.80142082621284
1.16738537419587,2.99159155024176
0.942849286924506,1.10139113105834
0.0146380234509706,0.00496580779891617
5.44525613983102,2.57705295822563
0.566169150173664,0.117193804122508
0.323934732936323,0.316999481990933
2.14425031371173,3.07521913985727
0.0169933186843991,0.0251125569094964
0.125052772462368,0.913257206790149
0.136155997402966,0.832700370027584
4.94330969800181,4.3321277380579
5.66250504519711,8.80495104888334
0.866677604615688,1.70976539879086
0.0947503876854682,0.576759132556617
2.63920838749948,5.30251875867076
3.73722650415554,4.32175104667373
0.392854347711414,0.553201674483716
7.09884698891235,2.20561579047682
3.40720483877208,6.64233982529411
1.78671938518322,2.70862949072363
1.36338976584375,0.540084539912641
7.22311713111168,2.5053460895175
0.627498643472791,0.152588034048676
0.586705331690609,1.30438085645437
0.822425413876772,0.718878167681396
0.812745562754571,1.60652759019965
0.744382872253622,0.346162091940641
5.16451917936034,1.98169575436952
0.0426692487671971,0.0978373485342506
3.52355177683716,2.17344173505894
1.00367747526616,0.765691970475018
1.45871049865238,1.82469761549475
2.71736667669358,4.48856692608531
11.0132963390728,5.68921351443966
0.988961805037943,0.746478333137929
0.0760676972568035,0.042665708810091
0.080691478215158,0.353977781901429
2.19466356153468,4.35594808287407
5.34952423323817,3.21182990429883
1.46252338588634,1.26438418962061
2.37933775960448,1.51125846794786
2.43769867523553,4.76236626108117
0.203178320080042,1.13566813990474
2.18845397225561,3.81470542011743
3.84460581077223,1.62144999968486
2.90004650114064,2.51490657581928
1.40956794340352,1.22315654251724
0.684707111679018,0.277018053457141
0.0761155924242803,0.769526792690158
0.24162145704031,0.548692133277655
0.749009934590119,1.26892948430032
0.346961712728096,0.254799762740731
3.23736501840835,1.63564342161706
0.977871532551944,0.316504311597966
0.0474751638248563,0.865402529016137
0.357125260867178,0.257126001913833
0.829875363677514,1.39344175710323
0.481258735333424,0.272216838893009
1.44931945382597,0.568017880432308
0.223544092858766,0.0966964680032904
0.526411097047454,0.94816894736141
1.75103019872764,1.58469751282575
5.9199026457577,3.87482213212137
0.675486251430726,1.02346361428499
1.57027931130471,3.09865902719979
2.40658318429234,3.602813064884
2.76990792519393,1.56076529427412
6.11117251985402,2.30640696987397
0.336334960593433,0.781781035475433
0.70706356002525,1.4945338050926
0.0319013421179162,0.0471538510173559
0.285585719160736,0.0500361774043189
4.36612204135553,6.00226868197433
0.194392646662891,0.0957282148301601
5.69021026089681,3.61807383952622
0.655557530932128,1.08408048190176
1.65943201436641,2.83510482294445
1.05128331010245,0.787166370351062
0.538499408346293,0.0765575394034386
0.0638497624407174,0.0704466281458735
2.80236819121601,2.40523054540937
2.91167402976327,1.32807936519384
8.81667939523115,5.27122890551515
2.94191094514831,1.47924424599687
3.71140576509719,1.53580766721609
6.18457683887253,4.26136658392348
1.685556102977,3.8659868275929
1.43019244869341,2.32455277993324
2.04501769107741,4.16731996692072
1.73941374375465,0.88039711304009
0.366760898381472,0.287300230935216
0.505936371162534,1.00509928318596
1.20888794213533,2.13280002391877
3.70458873344545,1.88526488273385
0.0223044763902866,0.259755132719874
2.1995367141355,1.16627156920731
0.334424860775471,1.12363287527114
0.537873919121921,0.148824844845863
1.83046913845338,2.01148234671893
1.37648530118167,1.37311369646341
1.34256152529269,1.07163982215587
6.25535100664864,3.76315037027668
2.40468520476463,1.28159790299833
0.550533622503281,0.582495380989513
2.16617525144736,2.3299813596672
1.37760022003204,0.952201455831528
0.661967731080949,0.396202045240875
0.503186061047018,0.477762086360913
2.61501169382575,2.20137911281529
0.141927130520344,0.441426617093384
1.15823282860219,0.573689905902467
3.7579365929771,6.64823952283631
0.0360318807083004,0.0319167748093605
4.05525953305845,1.3235106728971
1.37273428309709,1.79469144086696
0.60959670091523,1.44142021230402
0.0805786834543957,0.749069284647703
0.780376971699297,1.28794397227466
0.364528865553439,0.629725946756185
1.6297287493104,1.51510065040531
2.4466276782656,2.23141807635571
2.40681648432257,4.53138799740342
0.219173872843385,0.418747679619488
2.03814885011854,2.24590765304189
1.84362217216733,2.1979612930769
2.72493443070891,5.13864832718797
0.166932685300708,0.130278405733407
1.57950961705584,2.5097115318382
0.630079412832856,0.229437930509448
2.96214872581844,3.48219050450211
2.70472550383749,4.19415556241698
4.23173329539433,7.79172019245935
0.0451923916116357,0.54013520683362
4.03499434871559,1.49898339427056
0.528117558998477,0.193198623135686
7.63330211782019,3.55382031639938
1.58508700123968,1.46472426614297
1.75874667433312,0.891838978069792
0.554352003149688,0.598213862627745
1.68325115624777,3.57803863642697
2.22554772152546,4.90261260022349
6.34514586432838,5.57570132579575
5.1100178917212,5.06721555788941
0.824869931675494,2.29103367581012
5.62125538686348,2.73329380146208
0.432735653594136,0.126227836124599
0.0178244737908244,0.583609059453011
0.394977418659281,0.710024997591972
3.3220270013619,5.87693350900515
2.22685051142218,4.49851290483899
1.39009124855531,0.982049007900059
0.123118390713869,0.0146771942552509
1.77916569598881,3.63216717896943
1.17130679823458,0.914154033176601
0.1139943918182,0.25734271477925
3.22986797599082,4.94986717750259
0.465809004381299,0.599089102819562
0.614058205521907,1.05526285668642
5.28139724929757,3.4347614495266
1.15774493571371,2.77591530961876
2.98307866586332,2.57777046031299
2.5808249208236,1.38256994541734
0.229407109130701,0.121432986110449
1.00948503240943,1.34934626705945
1.13306205254048,2.07928253750881
0.231296429410577,0.0464040096849203
6.38222964074383,10.4396564693828
7.80229555083996,1.86390910344136
0.392372172463271,0.487482916474818
1.9080199596088,0.737385283224285
3.17120226312047,5.36819418299196
3.78912543220268,3.31782119704371
1.74527359547935,0.622164046246973
2.46173377512934,0.862984945997596
0.5062589738518,0.681728356736183
0.47265265188547,0.686383999225226
1.15533999529603,2.02902038852975
0.900067145114205,0.237792069682021
2.61266144170406,1.34101458825171
1.22434735111892,3.01533884538298
4.09581498902713,3.70871617628222
1.93228586009684,1.24807173199952
3.37461722252851,1.22776919510216
1.70360647469104,2.18134812257233
6.7323091473795,1.93763036071179
0.0309132235124707,0.938642988912761
0.405977804213762,0.117140617221594
0.792793625034392,0.375954336486757
0.957237884402275,1.95488641004891
0.0900802785639727,0.789981690235436
2.71835899903419,4.8651265912533
4.45817876954503,6.54253615405331
0.52635402550461,0.448024441488087
5.91644382443199,3.47116992233281
5.53688508619495,1.55443488642012
1.85530884053742,0.801491716876626
0.626381831671025,1.22411416564137
0.0297802863642573,0.151393979009178
0.149649769067764,0.201062603567179
0.0124534895129627,0.229867037009178
3.30606143159752,2.15374808191302
3.90576660029716,8.11768598440004
2.12610189049485,0.952281828969717
1.30062296055257,1.33174248877913
0.197029040152768,0.0724497090282792
1.27131896745414,0.686334918253124
1.1116976197809,0.254902864927155
0.0318414838984609,0.189782585948706
3.90385701490526,4.06820519624238
1.19155670609325,0.974989727139473
1.46353178957012,1.18540806788951
1.80347292529381,1.55594987041297
0.54474058188498,0.706678316928446
1.12237216904759,1.54047257258537
0.136057464405894,0.155488092452288
5.22791932870574,8.00794245980772
5.11457183559365,4.40457126342387
1.36879027634859,1.23709967080504
0.0528924455866218,0.0770439775660634
2.87864455789191,3.36850589496975
0.575664557516575,0.124541533179581
3.12772695045365,1.50111789174167
1.20594839844853,2.81691439432983
0.0730368951793364,0.556917530765769
2.65689734361115,3.07482161728625
3.28061455471401,5.1555411328835
3.4778984161096,5.23745997597404
1.55514455764535,0.962116581387818
1.41897000020619,1.04475618340075
0.0904317296158572,0.612360034137964
1.9330511457454,3.78392733989244
1.04764038510621,0.733944504521787
0.136614367322493,0.0168885713738612
0.581653361208737,0.872993563229386
1.83859410128536,1.26313438266516
0.651605895720422,0.793192949146032
2.11213059342446,0.918647020123899
0.112269820754868,0.0248502983597407
2.66220916985514,5.64393447705617
0.631724256716954,1.13553847186267
2.36486979193034,1.05256536882371
2.92201083136683,5.18080770571656
0.740543399006128,0.280145362020187
1.28807009197772,1.94516135930064
1.54383337861838,2.59419533788207
1.94435497364941,3.00570530055051
0.186384477792489,0.224877736531198
4.46232924212642,1.51188215232434
1.91786310440841,2.66415096624734
0.120371989905834,0.0584551235676598
2.78994956595783,5.46369546254106
3.14894270042732,6.17071196497143
0.892100504250314,1.02985164616257
0.341813404113054,0.200374501757324
2.87907888480163,1.56331705666127
11.1592342548801,2.23240071526709
2.95222648651522,6.27712023224602
0.302357447885268,0.321931822225451
3.87895354984288,4.07516552491074
1.49859421191827,0.784489124082029
2.74285027748885,1.05884120054543
6.56792741879575,3.01030211506372
14.0828488786224,9.16519344141116
3.40616977570539,3.72914458794479
1.51191867879572,3.23553414496981
2.05620736620369,1.20785641856492
3.26025543717628,3.16186470149045
0.185301314108074,0.856950739528044
4.15607527254109,4.96134624977536
3.3186179025281,2.84547118825798
3.82550981624012,4.90950538739986
0.739293719641864,2.12270580037477
0.316765580326319,0.0722990362431749
0.4057079507038,0.530715227157969
0.292376454010644,0.329388160186811
1.68149742275155,1.11209299787879
2.36927960059586,5.16233206142612
0.379563327878714,0.101692409132695
4.39286012421678,6.54964962568054
2.46621846026721,0.850991219326977
0.99589622579515,0.597406029701233
1.68933146056448,2.4674348271543
2.61160681202056,1.66087800069692
1.51530041537228,1.24655322451144
0.667191901244223,1.60413660100641
0.631874838843942,0.378357783983892
0.26542985253036,0.870536516418112
1.07329443655908,2.59875118724051
4.72168448242451,7.16936741354776
0.110934057272971,0.984166014939547
0.882962335832417,0.568168257291122
2.58729249044302,1.66964585069498
0.793657740058812,0.222766379673563
4.90430128921695,4.51286828120179
3.76366453601008,3.8508614747036
2.07225032619457,1.33559314161539
0.207230548374355,0.0457784018442942
1.66900051376762,0.530950482003391
0.866341602057219,0.600545804947615
2.7039692329688,2.47541560480038
4.81239609767623,3.05806100724225
3.28902697918897,6.0036636594471
0.304936184547842,0.649812052026391
2.34309024572917,3.40776825306897
2.22495499985637,1.82736939067664
2.42724909252467,3.8554020745862
0.58723390288651,1.41040549912754
1.97233580873687,0.952690813690424
0.360762266175502,1.28323858138174
0.851954244077206,1.98020233950558
1.48768499857726,2.15124243547628
0.156038295758237,0.0762008506608365
0.0296642914068945,0.619134808890522
0.230278629486577,0.597224965691566
4.93990032702072,2.40543917994196
1.03242938499898,2.69774167976322
1.91439293130281,1.58040109213323
6.58819553222428,9.16707703923954
0.433743868023157,1.16197974886745
0.154683457687497,0.0158093050122261
0.753482057098205,1.62808215982261
2.18186003520134,4.41374587614961
0.204961446113884,0.116925722919405
3.54639427347069,1.42523013199437
0.297908638603985,0.874109343625605
0.962448357604444,1.66840906246545
0.271492906914836,0.431764096952975
1.85162110618296,3.44161947799807
2.84401545992425,6.27249873611953
1.52064258410575,2.97961664815406
2.49823626867476,2.01203805199804
1.48091264669625,0.658010018058121
0.951562138274312,0.829030308872461
0.258020834997296,0.0725927421274506
2.8711881756829,1.90609739934988
0.931149662472308,1.612845454281
0.828861101530492,0.236871154910762
0.898052025586367,1.39873906402829
3.51505821181421,2.10574093452635
0.0434855174203131,0.594024273566902
0.640807420015335,0.750339741207055
2.03753804965856,1.63857694334331
2.30614565304461,1.17315478529781
3.46749468130951,1.9096846859062
4.68781821777053,2.83277535049205
1.63176815948429,3.73886902888458
0.843456143737216,1.50843592749817
1.96445691577139,0.879391022026539
3.05284814147239,2.78835399059539
1.42919575452529,2.61650159387829
1.97729280023816,2.43036568528953
6.25709588792095,6.77738562192688
2.08863223335686,1.10848595388234
1.15093515161425,1.05204608105123
0.309376830235124,0.0731755858287215
5.52339896907039,9.41978976825133
0.523541018519288,0.0755341048095002
9.14568135836973,3.76204847527628
0.970496510155499,2.45571213952246
0.199903880245984,0.533806230872869
1.50173241634212,0.804703858681023
0.675217163749039,1.09547618962824
0.667692685499787,0.467895711014852
3.93111482990866,4.323940360978
5.53866269786782,4.77583092798419
0.851665870286524,0.7515665050596
0.533287101425231,0.0738145473606675
0.775179110467434,1.37571930047125
0.934761215932667,0.375992789432969
1.96975006713512,3.72943041456823
7.10489653275295,1.85578099816086
0.62335969787091,1.79383136882427
0.480109356543521,0.496594665212043
4.03390260769014,3.25849811840216
0.539326604386354,0.199803275987506
2.57758600815179,1.09564057178795
0.0299345972016454,0.0412401401649503
2.49417030989173,0.947850349796966
1.58188774800839,1.86108457847478
1.53466470969127,3.13212740632326
1.40442735693398,1.08704810217023
0.609849004074931,0.276683432642789
0.77077673189342,0.791516712866724
0.186315570852974,0.267012608596844
3.16231076775079,2.19411412245574
0.235456576570868,0.12842181524219
0.390339596197009,0.233880365267396
0.607054352293206,0.146339592523873
2.51060016631129,4.12736475078349
1.40071002887185,2.53259097217562
4.59280688627604,1.7178420645006
3.08215901983862,4.06345292909031
3.0201413965035,1.36134439520538
0.676346994005144,1.51489423117078
1.34931526239961,1.54006624555233
3.58335946856027,4.40259836980638
0.221037139184773,0.300079524517059
3.09579613415485,2.18254127903822
2.78643494082575,6.18341602351437
2.31016091807725,5.31747155238814
2.60590371481123,4.1487887984324
2.01027567117455,0.838624183088541
1.14906460046768,0.517592527753685
1.82584156065031,1.02130821440369
5.15451231946178,8.948199904951
1.37048855423927,1.27821794711053
2.55612317910716,1.01818627584726
8.6878929765124,14.6124209976735
0.824433042667806,0.661329474427476
2.27099229386988,1.39301176174524
0.133211083968821,0.093724533666637
0.133081212858452,0.589674431850864
3.39552327973728,1.73450436993482
1.08566011115909,1.52818699193993
2.29045258267763,4.70669643928237
2.16852955966925,2.50403408138993
0.00984777137637138,0.0644255089133416
4.71114266349519,4.644333405375
4.40135197291186,7.71018474646102
1.54235792337897,0.77491751126945
2.89767003415113,1.90492667501474
0.0589584923355135,0.12681957706809
1.0074914060533,0.647146984003484
0.151033380068839,0.103621535003185
0.887024024453736,0.341179079376161
1.21031385473907,0.519615662284195
0.702829451385304,1.03054711781442
3.89546181989794,6.60280275311241
0.597900213673711,0.476985769346356
4.36478607786635,3.95660180581694
4.01139156503563,3.00301586074715
0.967390089295805,1.84814430764856
0.128736426122487,0.541414846965008
1.81906601033154,0.946182489740368
0.816859999455937,0.515171367675066
0.310866301879287,0.0424983259290457
13.1271218910702,3.76582514105325
1.65221074466547,3.64767275733833
2.09348983309212,3.5040669365037
0.0796247872142122,0.662935038097203
0.312845002859831,0.820456487126648
0.319798255339265,0.272509252652526
0.688531897135052,0.383031056591881
4.4068312232656,3.55929838849192
4.07207778451924,2.77904287700357
2.89147497696762,2.94452723098879
1.6355433500463,1.50665850556436
0.116594684310257,0.23869057763434
0.627514831721783,1.79226344384122
0.77468684501946,1.97142889528515
0.659932352602482,1.43475223137977
0.930162004195154,0.597588933072984
2.88116249052768,6.25646020438442
2.39011623143199,3.16124805046206
2.01659984885408,1.37083031237125
3.64879925525188,1.4855635370219
1.32409918028861,0.395650771446526
10.4793591232677,4.36082054276891
1.25124040897936,0.884501674212515
0.868291568011045,0.325797482622166
3.18364713324194,5.19026209213602
0.876359339207835,1.81058074525538
0.550032061524689,0.98005659636705
0.288133193738759,0.0654879007488489
2.46872598296943,0.909007712267339
0.45736554285673,0.124026256466458
5.26195636738963,1.67858035155302
8.93414924243345,8.1566593754561
4.25849269087809,3.90853138996248
0.381730126217008,0.167619144544005
0.854210547171533,0.25384656060487
10.0709192486187,3.93196195347195
2.59444240099731,3.65728422982578
1.78026684365215,3.89687114564662
0.753590638749301,1.78194509251955
0.409770409576595,1.17847411613911
4.08177618253767,4.9091554359458
0.248739114414817,0.147861737989355
0.583822977729142,0.230599380098283
0.318117149174213,0.0683288710218244
0.607359741225858,0.317679140716791
0.531641971319914,0.891855895519257
2.5354301239455,1.70287827393951
0.832756668329239,1.06317788921297
0.0104852104559541,0.536335615215992
0.187199131585658,0.468700152821839
2.45751905246618,1.06964214704931
0.722114118633229,0.147377131623952
2.6450775656009,2.31410148053512
0.930232849903405,0.354902689345181
1.18161179311574,2.51327222018483
4.18454133321471,7.68933768645875
3.05225028453355,1.8211596495563
4.03996181843763,1.65991863066758
3.03136610961434,2.56589601553025
0.246389744803309,0.772072222083807
1.53425452849808,2.13903286485913
0.505448466166854,0.793292437680066
0.642117733919168,0.55755583235149
2.05702049366877,2.02861997663024
1.15469474624842,2.7935839048071
2.1973158455545,3.72606085596566
2.14994327343049,1.67065732358935
1.20572024809364,0.655956353782569
3.5938722331556,1.88087604000213
1.10726137645543,2.04432420051637
1.58103323103681,0.848176142200828
0.291606365018327,0.158004809170961
1.07743329368532,0.248925450257957
3.34845524435095,1.88347507259789
4.55218719293304,7.97889722469163
0.00886164577377353,0.462094237096608
2.3745316210294,0.92535394243896
3.00477717702357,2.77744602739036
1.46965018651428,2.2234293668622
1.05120600573719,1.54992326438921
2.82848458347802,4.93451831092067
0.414909837767482,1.30019106995314
6.42929373647938,2.60835929020288
0.903801437467337,1.90447734660449
1.43964706081579,0.925268835388124
2.04089369243922,1.14609800465405
1.72417883425866,1.69640724166276
12.1783668885874,5.61359905365183
2.94187373651152,2.26813557921889
1.60047889783108,2.29004485151711
0.299431783147156,0.194178832694888
5.80312174200084,3.80170048383956
Rho_s: 0.804965013241253
Rho_p: 0.690813488285919
IC Time: 0
