Rho:-0.5
N:500
0.416000874100383,0.632012073416263
3.68356709165459,0.383831074694172
6.15894459154377,0.0109230023808777
1.48813818386736,0.541239787824452
1.99730639523807,0.117845051456243
4.66612983097262,0.241297053173184
2.3848681039268,0.475169611861929
4.28842952983167,0.548816352151334
9.16267911294356,0.444760123966262
0.348149415105581,0.408885342534631
3.06113350208336,0.366539648035541
6.35132236745129,0.370094885816798
3.88596917033067,0.0315227161627263
2.12297035559061,0.65819564089179
0.434340815059841,0.903063857695088
4.55546954621501,0.763035404728726
1.30210774857551,0.239611539524049
0.736087863333523,0.884041976183653
1.43952767915072,0.106830353150144
1.48711767970564,0.561707879183814
5.9209581489493,0.626743626315147
0.237694267241903,0.434813316445798
0.593081172555685,0.647198906168342
3.42691000534182,0.149329236941412
3.27424602098337,0.446829571388662
0.337704282253981,0.899266611784697
0.0488074290267317,0.386019638506696
0.774629157036543,0.525768621824682
3.56112497649214,0.554901004536077
0.840231261216104,0.891606213524938
0.11458982527256,0.823173604207113
1.18250841926783,0.346216364298016
0.771717778909355,0.290402791462839
0.218700325726147,0.401565763633698
1.6381827474811,0.145462037529796
4.9165491943521,0.569613107247278
0.0691595934331417,0.96845192485489
0.320331637747586,0.424243664368987
4.35567627415205,0.651974814711139
7.06387160303903,0.0475862154271454
0.442940072156489,0.892545887734741
0.743469882756472,0.341666587162763
0.110098401172277,0.372577945236117
1.35777488257736,0.192961404332891
0.215366591305116,0.908738418249413
1.00185519177467,0.411571191390976
1.05719960667193,0.859186272136867
5.45437594850488,0.426058747805655
0.458857296034694,0.62698302231729
0.0555088124710157,0.866702558239922
3.67371854769952,0.056298075709492
0.311985016800463,0.936122665181756
0.904924790374935,0.552862867945805
1.43074935107472,0.443157819798216
4.09244591353421,0.0221210396848619
0.117154088002917,0.361134488834068
0.769709465093911,0.154862144263461
0.547999970908855,0.291131184436381
2.33688242008086,0.603230187436566
3.56233008570802,0.346803326858208
0.765785121714812,0.685933165252209
1.61683033957126,0.78965741628781
1.76493048100712,0.310529461596161
3.17248850103039,0.472376763587818
7.42772964718652,0.0260861529968679
0.122509859502316,0.995367456227541
0.900682276114821,0.517078242730349
2.57387580155375,0.334262900752947
0.608520584180951,0.884150454774499
0.239785124917749,0.858049158006907
0.440138348673737,0.915713757509366
1.38831871327848,0.800868864636868
0.449082695879042,0.965565621852875
0.728226051665843,0.219661766896024
1.38536626752466,0.271748501574621
2.93369768338324,0.843333169119433
2.3756233497532,0.659970762440935
2.43162674634697,0.835050473921001
1.76999827427898,0.0705783155281097
1.22163586877286,0.8197985321749
0.767540694214404,0.549848289228976
0.102883358672116,0.385051132179797
3.94256980104945,0.729700634256005
2.0541084575558,0.773722464451566
1.15546052437276,0.684941672487184
4.18601864923663,0.0490494545083493
1.15208036444063,0.0920450680423528
5.19603608150907,0.418927189428359
2.09006901449504,0.0547712142579257
1.69597837142452,0.684465991333127
0.902440042234957,0.773041613632813
0.0570233399048448,0.780924591934308
0.145847364328802,0.863220326136798
1.04181208275259,0.911033005686477
2.17034082292559,0.562887290259823
2.85883336124902,0.415685205254704
1.97022150821033,0.855526266153902
3.69825986755972,0.647118594497442
3.04694741575008,0.82083242200315
7.80465550306153,0.542546215467155
0.739341398701072,0.489360049599782
0.0281754764229024,0.951795415021479
1.3153679817915,0.25128129683435
1.66759114331546,0.651572638424113
6.56615640189419,0.373906256165355
0.553027886897326,0.457050532335415
4.17317902644105,0.185891706962138
0.283281022356648,0.766722866334021
4.15442936105614,0.137332192389295
7.0424428962071,0.46692702267319
5.57041744854221,0.0213407101109624
1.67687103210318,0.712897869758308
0.673232862725854,0.640986336627975
1.45158805689755,0.598155674058944
2.02985221139135,0.793776895850897
0.659999881871045,0.274631695589051
4.00530473871117,0.380049936939031
2.72186456239762,0.153141114162281
1.64797435133698,0.482936117565259
3.33331646753435,0.813357973238453
8.06041906359506,0.743235770380124
2.52375626931896,0.510225796606392
4.31479543794818,0.209540360607207
0.990356998518109,0.931784181855619
7.71357260229898,0.257566255982965
1.12543517630547,0.617161007830873
5.66621203686962,0.642103175865486
1.13469517976046,0.650410830974579
0.989606521092355,0.856816213112324
0.193684674596684,0.323746209498495
0.636337716132402,0.905403592856601
3.03367507259318,0.0720879959408194
0.0139858092951491,0.784899310674518
8.04626549365831,0.0111415819264948
0.73392934165895,0.841534175910056
0.122726901110241,0.282599351601675
6.39332570101986,0.409395536640659
4.08317844552879,0.500241731293499
2.71048187269809,0.81126658548601
0.568187213502824,0.275322764879093
2.43112382656875,0.251239401753992
4.09720641730313,0.152947918279096
0.570491799153388,0.857373695587739
0.0608675675466657,0.945524839218706
1.23792641516775,0.857793927658349
1.72006591319912,0.720594130456448
1.07643780391663,0.620859134942293
0.0499377511441708,0.948809658642858
2.65907525635305,0.363017543917522
0.794614649377763,0.929014627356082
1.74722434695079,0.335925717838109
0.199922224506736,0.771223189309239
2.45885465471985,0.473268507281318
0.33123573102057,0.65972813591361
3.37811484171038,0.132497502723709
0.0660394518759781,0.857672611484304
0.580925299165147,0.901592153823003
3.96389138919018,0.786279953317717
1.92317634476405,0.461017509689555
1.46667926191332,0.0718615436926484
2.78050254268532,0.591392983915284
0.194191364040903,0.339697479270399
1.08400202986479,0.319835959002376
0.828046737238765,0.462885386077687
1.21293218899518,0.294062602333724
1.23589693568647,0.917794968467206
3.01760065538769,0.448622738244012
0.765029447153211,0.674769316101447
2.37568505099955,0.830267917830497
4.09433471767192,0.692964014131576
9.86856004909473,0.654599776957184
1.73386817044559,0.212564963381737
3.662373133482,0.768839805619791
0.458296895027161,0.301280302228406
0.366783364675939,0.45068793441169
1.03983881976455,0.881322499597445
0.877857768908143,0.479754797415808
0.950929909944534,0.827534999232739
0.30095230761934,0.517403427744284
0.0942541205429428,0.893912878353149
0.966314009390771,0.197933444054797
0.68231200799346,0.185377761954442
0.453595497645438,0.41614903556183
0.421585079282522,0.541965903015807
3.44852769730573,0.815734634641558
2.15014795371555,0.130914226174355
1.76048805632055,0.886139238253236
0.754192224149837,0.471062802709639
1.96766673020067,0.740089636063203
3.25139913691168,0.755923059536144
2.77044266826453,0.812701832735911
2.41880424126031,0.209464407991618
3.03432412801271,0.664456241764128
0.667795867659152,0.802528958301991
1.21873320452869,0.844940670998767
3.12847934638652,0.0568556014914066
1.46728018441459,0.653700123773888
0.366998973122464,0.279953634366393
6.40503334965477,0.740664832992479
0.0310851354151964,0.440466938540339
1.56232561781011,0.16688265861012
2.48302466600182,0.165057505713776
0.161770532962706,0.604928346117958
2.96806362194503,0.497701587388292
0.373529708012938,0.511346749728546
5.44422909964748,0.129652124363929
2.08364429013365,0.0596647961065173
4.79881035883851,0.552273758221418
2.17517952240052,0.309396477881819
0.822129968553782,0.282390422653407
1.7996000907475,0.0635739266872406
1.41597625046017,0.307407894637436
3.50620475713449,0.796350476332009
4.2451615870775,0.28441175702028
0.363160780631006,0.835661239922047
2.63320495552363,0.223563770763576
0.0191979458867614,0.992033920949325
0.502569168806076,0.684776074718684
0.898216934801683,0.566866682376713
0.295611193026953,0.850095089757815
2.40644944264534,0.394051546230912
2.46553399591687,0.279862626921386
2.77134570470991,0.469266075408086
2.4923346681042,0.105774040566757
0.922116964124143,0.733561433386058
4.37810686577983,0.0587122957222164
0.183415322564542,0.828604227630422
0.094865025257568,0.696103133494034
3.77505161596422,0.248364227591082
4.78974447710619,0.232706936309114
0.0219721289106537,0.951147350482643
0.0184891577810049,0.805445463163778
4.54427036245294,0.0319253222551197
1.90820137834528,0.830744175706059
1.31480076815933,0.727924866368994
0.105643314309418,0.869486910058185
1.01871388033032,0.926612250506878
3.17715889571195,0.0816601000260562
1.7986595522913,0.592801251681522
0.0381982347101298,0.99805743410252
1.79643248571994,0.281213680049405
0.717628605663776,0.719425001414493
0.129030808806419,0.969996596453711
2.0632260076254,0.0578229082748294
1.87889833540574,0.561270446749404
1.57632841232613,0.562212533084676
1.56330754785779,0.332659786334261
8.17435021283937,0.156656246166676
4.16476912455856,0.696019415277988
0.690075563314619,0.748186454409733
0.746947873001159,0.912888477090746
2.51303664702018,0.625769320642576
4.70265017797179,0.675096683204174
0.959514209069312,0.440913329366595
3.02750288305764,0.594360067043453
1.65680533260755,0.833152040373534
3.67747586331123,0.0143065641168505
5.03799315889306,0.507997415261343
0.227671560598165,0.836843016557395
1.0636105267331,0.45594710833393
6.14867874946366,0.755740311229602
2.02731352860109,0.266717033460736
0.892333800904453,0.544367311755195
2.2626533358449,0.72048691380769
0.686623694375157,0.830282085109502
1.1294097462669,0.462472338462248
3.6124411447156,0.742327180923894
1.28468495979905,0.364071469753981
0.273193274624646,0.273591835750267
0.339533138088882,0.709118752274662
0.227764629589713,0.960327035281807
2.90711957571988,0.136060857679695
0.251784069463611,0.521530054276809
5.39560509820409,0.489477426279336
0.499516271054745,0.362277215113863
6.17645142938862,0.252726344158873
3.00775416790338,0.636324386810884
3.57596538199072,0.552073873346671
1.53356914309449,0.842278546420857
3.11091601570564,0.091997999465093
2.5672022140676,0.460626831045374
4.01822809485679,0.0138308976311237
0.524378001968895,0.928458376554772
3.07157944871073,0.025081928819418
2.22124436931348,0.832770570414141
2.46946895859184,0.493228641105816
0.0827775605891823,0.682376374024898
0.308915670029819,0.98022790835239
0.218599267486798,0.644031471805647
3.09276526680076,0.223037995165214
2.55137452102246,0.494565289234743
2.5135096310729,0.0795387018006295
2.12198597370627,0.455565916141495
0.0803811810910702,0.629528956720605
3.28494683636313,0.473166219191626
0.441360612565693,0.934610875323415
0.563382180407643,0.867419287096709
0.42285169288516,0.445223642047495
0.0673753935843706,0.988802542444319
1.47169102643545,0.455696851480752
0.30665369424969,0.59269460150972
0.748089452274144,0.839139688294381
0.66911459621042,0.370267099468037
1.11297676712275,0.764479251112789
0.428639871068299,0.505830626003444
1.02260110527277,0.330453687114641
0.0570041751489043,0.820824036607519
3.13319418006087,0.682465739315376
4.2531493862433,0.520920680835843
2.16690000697019,0.337355086579919
0.0157592566683888,0.699159604962915
0.391201917082071,0.857970620971173
0.890605145134032,0.821462471736595
2.16297340384665,0.0519418502226472
2.17086725487354,0.185810198076069
1.96073032534661,0.858489440754056
1.4148357910548,0.540981180500239
0.584958918741854,0.190962485736236
0.502557163126767,0.568541402230039
1.02797422464937,0.789713249076158
4.44560268868605,0.0762130550574511
7.902820868757,0.102525107096881
3.91890655068641,0.484653448686004
6.56918225036317,0.68825488188304
1.68947111166064,0.738875062437728
3.26080103134623,0.182244068710133
1.43729777998271,0.629265228053555
4.27278089870639,0.277974924072623
4.24626054536045,0.591085798107088
0.444882399329415,0.549702555174008
0.762465159408748,0.87716669565998
3.4309165215302,0.692466500913724
5.20052834172897,0.171134350122884
3.65183616613574,0.555991006083786
0.033514316119584,0.979628836968914
6.69757957722912,0.0234351826366037
2.38208224243465,0.0599650461226702
1.23841838166118,0.164750047028065
3.92956212518697,0.356587971094996
3.12758536992555,0.34934515110217
0.428583874367177,0.280599428107962
0.599930690601468,0.373996812151745
2.05149010246023,0.464208311168477
1.80876125014367,0.372064371127635
4.4519882907433,0.576672247145325
0.865205590613186,0.942546389065683
2.58225342436674,0.67266588145867
0.18354235130293,0.856274511897936
3.15191507244255,0.802460619946942
0.126865797876603,0.651979307411239
3.16915602220182,0.245737383374944
0.224851385496523,0.937368145212531
0.398551031015813,0.507573985727504
0.418970681726933,0.945465944940224
1.62261004737558,0.412515060277656
0.820119661279023,0.602289534639567
1.96580826855245,0.432339498773217
0.791508256457746,0.385527816833928
0.840607139281929,0.328935681609437
0.631348438560963,0.837604014901444
0.612696862779558,0.307951945113018
3.69181462099669,0.794180264929309
5.10391484996555,0.00145375798456371
0.257099313661456,0.356966436607763
0.894756210967898,0.440022524213418
1.83771755071695,0.649008803069592
0.0195499911615451,0.704640842275694
2.36309881499949,0.036303280852735
0.0264155641198158,0.759694769745693
2.85289112174103,0.287782515166327
1.76659517684187,0.142044120002538
8.54544035294905,0.35138946166262
3.97963346524124,0.506802407791838
0.626794539391994,0.778532002819702
4.55078523953385,0.36532144783996
0.710940645076334,0.353142549516633
10.7440066070934,0.618048936361447
1.9143091721686,0.27407694212161
0.325730633675701,0.357432539109141
2.76578366375508,0.213898633606732
2.4586050043905,0.082615579944104
1.94950072272661,0.508641371037811
4.43618590732045,0.390414575114846
2.34424345745685,0.114117163931951
8.36779846021049,0.252608220325783
0.32842589635402,0.812091864645481
0.065333395000554,0.579146651551127
2.07748826774672,0.48085280880332
2.64399945913794,0.0958266279194504
0.927880286239088,0.438690677518025
0.0324280534201811,0.363391304388642
0.405437275767326,0.374620739370584
0.722065461799502,0.442625957541168
1.62919420623026,0.10158443194814
3.31676266325598,0.341125689912587
0.125655436888337,0.990261303726584
0.871087083593011,0.625016450416297
4.27626800484908,0.315919464221224
3.04799242300873,0.1701115348842
2.56778787813129,0.159548589028418
1.83056254490259,0.58547289785929
1.9156715625996,0.134104526601732
0.00281712329419374,0.835684151388705
1.82630164442757,0.858641782077029
9.79526886657672,0.0583444822113961
0.864492248743773,0.832767061889172
0.699295721419129,0.782568593043834
0.141955084167421,0.332575023174286
0.223977856338024,0.532148578669876
0.15574149836558,0.724819691153243
3.3525635076869,0.700537145836279
0.989953845804899,0.850349949439988
0.233940815553069,0.786192418308929
0.356999893672764,0.838976265862584
0.00971900764852762,0.909488621400669
0.177189758625286,0.476003775140271
6.16392314400444,0.044167750980705
5.75549054992896,0.00718418904580176
0.629966062514341,0.952969564357772
0.264124285429716,0.660817581694573
0.552806643769145,0.875338133657351
0.514933712088951,0.509018625831231
3.57562892201092,0.610085613792762
0.194922884384291,0.397703477647156
1.49637533157113,0.815659067127854
2.19900091729107,0.140554817859083
1.36531553976238,0.377124149352312
0.800207639113069,0.406064103823155
0.391963945527519,0.312303761485964
2.2193661815578,0.0793063801247627
1.50798629215899,0.527812048560008
0.0272046588361263,0.949804598931223
0.840921189635992,0.322379070334136
0.645326131850966,0.866790574742481
4.15657200647478,0.0601694274228066
4.50260057647653,0.0127499510999769
3.67506417987828,0.70203329785727
0.211206706301913,0.327419329667464
1.54044019896361,0.880230167880654
1.96096070984167,0.620856672525406
0.139825464272153,0.515566856367514
0.810150022618473,0.799341180827469
2.23117930946094,0.061492690583691
3.47564999742394,0.0562749605160207
4.22710857142634,0.033457686426118
5.17322494436927,0.674562356667593
0.707767643034458,0.94515350391157
10.0420638013381,0.492336947470903
4.54233261101896,0.704751752549782
2.45737979366424,0.147477282211185
2.2296433969492,0.126945037860423
0.639503791928291,0.386987764853984
4.11855097843294,0.64667589077726
2.96667353419547,0.419409030349925
0.313952000811696,0.790477399947122
3.24830095825677,0.813741219229996
3.03624231725033,0.0521268900483847
2.70989188729765,0.422211830504239
0.389594655483961,0.834320905152708
0.873972242698073,0.16597041208297
1.30383016914129,0.687195894541219
0.639615943655372,0.409132437082008
0.771853916634383,0.302233702270314
1.59780017618338,0.0651734312996268
4.99952555050082,0.244642567588016
0.737540679052472,0.179359198082238
0.190027172939004,0.982558376621455
5.48096964110561,0.0644878123421222
0.111041642069522,0.791628916282207
0.13614207115109,0.737432812107727
3.87583018077498,0.0356290517374873
0.240838650809258,0.798888980643824
3.52132893450485,0.226400251733139
0.292127816006541,0.276176294544712
2.09192574551254,0.288056481862441
4.69985737253852,0.0118597624823451
12.6184348717221,0.532695289468393
0.068784405477345,0.721327144186944
1.11871019471437,0.343536725500599
1.83520243308487,0.243158678524196
2.31541261222077,0.298172038514167
1.55259227480151,0.0744578172452748
0.405481935496247,0.880186369875446
0.0882189171388745,0.69193738582544
4.04602330533748,0.29795042029582
1.4382744989449,0.849886157782748
1.65175436987522,0.0569421323016286
1.7364914997227,0.520399427274242
9.02915850976362,0.711200372548774
0.0471053030341864,0.573233963921666
0.187000785954297,0.349444072227925
0.22303154412657,0.776092022191733
4.78439376105495,0.419338973471895
1.32782768923789,0.418206746457145
0.629685179062926,0.188927492359653
0.323961945516054,0.379838808905333
0.119136271998286,0.960965806851164
0.682886341590814,0.339250390650705
3.38621274739037,0.618459166726097
1.47637066795471,0.3710556991864
Rho_s: -0.431284029136117
Rho_p: -0.351362407297828
IC Time: 0
