Rho:0.5
N:1000
2.46494741463936,0.217802968109027
0.154529815539718,0.118902300018817
2.01697736631167,0.20853778347373
1.28368343878537,0.531014468288049
2.15615637405756,0.693608587374911
0.412338007975247,0.334666334092617
4.75520055343337,0.932191280880943
0.213683220772038,0.039197760168463
0.363001838326454,0.0627829506993294
2.2595112248415,0.295429928228259
0.997052829712629,0.614964362932369
1.41527818134966,0.721148708602414
1.89827165371718,0.142552071949467
0.729708439633963,0.5953065501526
1.05810181144625,0.189491511322558
4.99177459229655,0.394012990640476
1.94640623794678,0.38623680989258
4.25613109898757,0.941064737038687
1.15692751202732,0.736157995881513
0.773479680468959,0.158993997378275
0.486938189715147,0.778506629867479
4.20744411249585,0.988826688146219
4.87954293538756,0.660591919440776
0.519666736014187,0.460224247770384
6.79893653061161,0.771336267702281
0.133136346004903,0.0190199248027056
2.26272541462424,0.813794954447076
1.2045987509191,0.318680767668411
0.359300414580068,0.449791748309508
7.41203806879831,0.971445541828871
1.82479446372929,0.232654805295169
4.53948388481423,0.88305404339917
0.805148262530565,0.697015804937109
1.87916883072796,0.600431329105049
0.0667916183180903,0.717049499973655
1.69223089135232,0.436588735086843
3.91200918879201,0.815820127492771
0.0264621342680121,0.361863094614819
2.55445358148756,0.926575971534476
1.21430333275916,0.539232693845406
0.0772931519895792,0.00441175885498524
0.113573508677069,0.73521480569616
13.4604973450192,0.84517609863542
0.197948487280613,0.721725335810333
0.143389456905425,0.136465482413769
0.44865417573601,0.294741977471858
0.742254756391048,0.564823905937374
2.07183348577034,0.373970610788092
1.26806440786583,0.897278033662587
0.629129869863391,0.602177113527432
8.34219864705458,0.300853447057307
2.33754363088849,0.176463171141222
3.91591189039831,0.808554122457281
3.17236305060271,0.707684500608593
2.24614153048935,0.796870809048414
4.66616024146106,0.815483354730532
3.40127381609397,0.91656600846909
1.32297002524137,0.609921236755326
1.03176200948656,0.74966939096339
2.02359946808758,0.953161991201341
0.050929818302393,0.0524249922018498
5.9654567983366,0.768576657865196
0.343036308884621,0.657384356716648
0.11436365172267,0.407158769434318
0.633177539333701,0.287563764955848
4.60084043547641,0.758867185097188
1.5085813836453,0.164284860482439
0.654130300506949,0.601203110767528
0.172220166772604,0.0242238470818847
4.36057199560326,0.946131302043796
0.204594790935516,0.754215533845127
0.219393763691187,0.310396230313927
1.92397559005659,0.901771012227982
0.270490919239819,0.527424494968727
3.39085819965065,0.899404822150245
6.0122790780283,0.850826896261424
3.18749790249353,0.938727895263582
7.74540550592256,0.692846846301109
1.42425695239546,0.253265873296186
1.30674203112721,0.895203530555591
0.702349308878183,0.536684765247628
3.37045898133649,0.972961855353788
1.14651860389858,0.532500001834705
3.30274798704271,0.983560190303251
1.72434137753191,0.272366623859853
1.69047889477553,0.406214606948197
0.597511967644095,0.394674198701978
0.554263338446617,0.0947005550842732
3.65457804856782,0.502773352200165
1.56027696351653,0.767598691163585
0.97233116813004,0.885568975703791
1.66722422357087,0.637520567514002
1.23111960478127,0.824097441975027
3.88327604515438,0.965888950740919
1.04660349711776,0.324280648026615
0.532493650760901,0.700218643760309
4.58797810574002,0.674071604153141
0.642561912792798,0.574342388659716
0.794427908025682,0.188746710540727
0.185153705999255,0.0228553307242692
0.139056389220059,0.226203348487616
0.570946150899724,0.417018189094961
0.760520520179605,0.849749505287036
4.67626384247966,0.342403119662777
1.4923490234965,0.242120859213173
3.85213844088798,0.978181840153411
5.78896179761658,0.399927826598287
0.358347991481423,0.0132678295485675
0.609252705246576,0.313227001111954
1.35431408602744,0.176175927976146
0.69968912564218,0.646569520933554
4.41413805236049,0.980073110200465
2.63657941847088,0.432834484847263
11.1826271706059,0.99082788801752
0.382171079516411,0.4467987944372
3.64388172311668,0.25049676396884
2.55473906352165,0.970536574022844
0.0153981870733366,0.00424496317282319
0.793842055026733,0.689241867978126
0.85384620539844,0.677667965181172
0.401741256006062,0.0843405448831618
4.55115747799106,0.685307351639494
1.28030800260603,0.222916645929217
0.220962808467448,0.0493109410163015
0.281756912358105,0.0303138331510127
0.541251203976572,0.834826837060973
4.27952716101832,0.728672250173986
7.53598145726037,0.982165926368907
2.13328487417641,0.498305735178292
6.10712227191696,0.821660119574517
2.53353520101848,0.50535541260615
3.44759973866825,0.50469751120545
3.05490510148888,0.302658651722595
0.689833538606763,0.335999808274209
8.69166094714428,0.707979823462665
4.71599617202706,0.45718814781867
0.218845451250672,0.236776511184871
1.58366825609448,0.317385722650215
4.98804555288654,0.776661421405151
0.98395137488842,0.354211069876328
1.24345407821238,0.304793129907921
1.47773009213484,0.815871501807123
2.38762589908185,0.940550121013075
0.666599281132221,0.329581305384636
1.77553822836819,0.889580100541934
1.20424349233508,0.487621093401685
0.900230387225747,0.306914118817076
1.03380386717618,0.134326690342277
2.12061911812964,0.695958400843665
1.07557985533782,0.143003242788836
6.28654685582886,0.761019053636119
4.33037372280784,0.677218658616766
0.59106103791401,0.413950410904363
11.0341491432567,0.733079775469378
2.37952203295174,0.386220284970477
1.1220934722944,0.113689731340855
1.67255513920429,0.902780210366473
0.623561135493219,0.0992464404553175
1.67252273034792,0.144115534843877
2.22204135722461,0.56850703060627
5.22596665074058,0.580171569949016
3.37318404002075,0.709568552207202
1.53649063213708,0.810157926985994
0.653779755346477,0.706505211303011
1.05198036320508,0.858285593334585
0.739087232388556,0.287166333757341
0.879552531056106,0.0957546634599566
3.03409932514922,0.846712601138279
0.397805634974986,0.138768675737083
2.3718512970114,0.374368484830484
0.175035848282278,0.125085330102593
1.99672929299777,0.520222820807248
2.48242491847816,0.630989693803713
0.336382027715445,0.20239890832454
0.748812386623597,0.450396959204227
1.38035688921809,0.316033676965162
0.305227996781468,0.460813037818298
2.26465687445965,0.15744122560136
5.39749794800706,0.97730778879486
3.48975224530942,0.952044702600688
1.44128211273192,0.544211872853339
4.31474890162177,0.317481747595593
7.41893149497819,0.546718285419047
0.532946793362498,0.627494962885976
0.969563154503703,0.114982534199953
1.86946958853843,0.46190599957481
0.139407402835786,0.681183375651017
0.0136075373739004,0.040510977152735
3.48984390480404,0.631908312439919
4.61702785481524,0.98915729043074
3.18325323222165,0.895072310697287
0.219012756571343,0.471969054313377
0.484163098968565,0.787073696730658
2.08150625779274,0.952158763306215
0.850066958926618,0.800200822763145
1.32129255868495,0.790714293252677
1.03774402429535,0.43904664251022
1.34947260003537,0.254573679994792
0.0727144022457856,0.597296820953488
0.665676463395357,0.0533982673659921
0.243186364881694,0.146980575518683
1.62943296684864,0.672036493429914
1.25698888022453,0.327739217085764
0.681356368682446,0.0625498460140079
2.61997536561432,0.561602303059772
3.2004899716187,0.617912336718291
2.02597878119888,0.187223373446614
0.826993054034441,0.692729693837464
0.0895621068354425,0.389197899959981
0.0834016979796362,0.538143804995343
1.22818534635007,0.854469715850428
0.789667841047049,0.596350295934826
0.278427574783564,0.586669136537239
1.58451261526807,0.366742857499048
1.73680569036844,0.129457921721041
5.86478728022347,0.519407777348533
1.98849901176038,0.311941482126713
1.62435451514068,0.267709268257022
2.60403846195879,0.8719362760894
0.0356868980452418,0.358037671074271
3.37790430692916,0.951699275989085
4.51699398805328,0.871294355485588
0.65336625946356,0.094579862896353
2.03989204010906,0.402313788188621
3.20885870856608,0.974528751568869
0.0126498567802094,0.702596999006346
0.816755103782558,0.8338820009958
0.147224790416658,0.464484851574525
9.19594349780333,0.985843987204134
1.81438542335274,0.862195756752044
1.72686250754867,0.480912506347522
0.907171810045838,0.835535763762891
0.298472737893462,0.748793514445424
2.22787077716532,0.913215184118599
3.44138661755209,0.34028386278078
2.38835058725419,0.938208039384335
0.646287790499628,0.475588632747531
3.02363248288328,0.609784898348153
1.00639415439218,0.844376273686066
0.685528084563514,0.738874298054725
3.7417530415762,0.618710611015558
6.94466143206098,0.868467711377889
1.22322778124362,0.197227867553011
0.972906637005508,0.287032988388091
1.94785988210067,0.145652958890423
0.477725909128313,0.46056720498018
1.43783677769873,0.826097024371848
2.12272338188233,0.160763116087765
2.92137075943832,0.713534099748358
0.914708949625492,0.875190028222278
0.801832134611034,0.621369031956419
4.56061607946582,0.890942397061735
0.3981614690274,0.144979902543128
6.76394961740742,0.984939611982554
0.125307246111333,0.0321777905337512
4.11575029773598,0.498229438904673
0.730046359822154,0.853895943146199
5.40729178835578,0.834840586408973
1.48935665447665,0.651180565590039
1.93031506076914,0.230714092031121
0.0707505459161598,0.279046117328107
1.11537520587444,0.708208217285573
0.0506175914271267,0.700931392377242
2.71693694396856,0.202399911126122
0.211837240061294,0.168581523466855
0.32962914387836,0.272345394361764
2.27820906220915,0.192941592540592
1.00596803054214,0.108951422153041
1.1819697227329,0.224762155441567
2.05076891361716,0.953144230181351
2.58632362811806,0.350337143987417
0.615412779152393,0.834805062739179
3.33166911687581,0.822813134873286
3.61411029634741,0.758664124179631
0.826907424256206,0.39959986275062
10.3429531784435,0.904403739375994
1.39883431597593,0.900838056346402
0.28203038778156,0.793571829795837
0.169233300566407,0.213885623030365
1.36090336926281,0.236110634170473
2.51749235755744,0.534254468278959
0.063436453230679,0.58557613263838
0.31798510812223,0.732176771387458
0.466287240386009,0.144093171693385
1.88718511684224,0.432957901153713
0.156203562025114,0.62166245165281
1.59485654897037,0.237795987632126
1.29441037494689,0.928827686468139
0.325401459820569,0.0203357997816056
3.56348579360132,0.794624794041738
0.728701231069863,0.798069677082822
0.497080330736935,0.111047621350735
2.14355523503366,0.446537280688062
0.892983523197472,0.682861338602379
0.659077943204815,0.374385302653536
2.51087971768322,0.871257215039805
2.0037479130367,0.346921319374815
0.542668536305428,0.238535690819845
0.607675355246629,0.0459641444031149
1.58910906678977,0.161556467879564
0.0917340759187937,0.0795178224798292
1.04655931610614,0.814005326945335
0.761635843638776,0.0758380319457501
2.35893095835092,0.36505946633406
1.3669052189216,0.916190080344677
1.35541383456439,0.926166174700484
3.14017093917843,0.302158293779939
1.67892821497264,0.12224324955605
3.6298362573791,0.766659272601828
0.842746112495661,0.0480600697919726
0.260275979526341,0.689310829620808
2.61584357722642,0.523118245182559
1.93772699489238,0.885813223896548
0.484575476141515,0.712732644518837
8.26007659318757,0.947799112647772
1.29831045123762,0.197821074631065
0.230163474567235,0.0752195126842707
0.488481597043574,0.11168908001855
0.824733335382088,0.824969867244363
2.95738086832647,0.839336891658604
3.4021529702652,0.465316249057651
1.00403108634055,0.517070529283956
0.31613855343312,0.159060356672853
1.95306477128508,0.27609842014499
1.29734047222883,0.481759389862418
0.900697073899209,0.745150219649076
3.73342677561526,0.526084700133651
0.119478499163283,0.464826282113791
0.81244626455009,0.0886047014500946
2.00088892496171,0.419116027187556
2.72068565889242,0.393520517740399
1.43552419721129,0.730365420691669
0.356256428215399,0.303558184532449
3.29625448270263,0.666511343792081
3.75421944988852,0.540647240821272
1.28712092712522,0.18510690308176
0.822537729516625,0.477567774709314
0.71851322799921,0.516217471333221
0.350691449102636,0.54767146287486
2.94932731224184,0.220760436262935
2.3012347909713,0.282707666046917
3.41843549437807,0.265836419770494
1.27619387302548,0.810667366953567
0.535145908993576,0.726507983636111
1.84271320878508,0.800459952326491
0.546309324912727,0.161710868356749
0.805345226079226,0.753465384477749
1.8144578692468,0.754357034573331
1.40146798035308,0.836787997512147
0.19373472314328,0.0949179490562528
1.58390754639151,0.214719471056014
5.92584133114586,0.90696763060987
1.43593925549454,0.569549962878227
0.0469373967498541,0.694843800039962
0.451746831648052,0.799464998533949
0.280918428905209,0.13206107285805
1.89111466381368,0.485788308084011
3.41005047766452,0.305502581177279
0.853179346770048,0.559853873914108
0.041526117362082,0.0312688071280718
3.82545498741751,0.966986793791875
0.519617740064859,0.176015865989029
0.80779754991641,0.829999165609479
0.470799488015473,0.679650319507346
0.0342443361878395,0.246455325046554
0.921477956697345,0.191171890823171
0.942926885560155,0.502674703253433
4.4574916695518,0.627305390080437
1.21497157774866,0.193196590524167
0.80035150796175,0.0683052877429873
5.79717425968418,0.458927970845252
0.609714479185641,0.451874472666532
0.0861818577691046,0.210255890153348
2.63379810555818,0.296290887752548
3.1654744146574,0.540655775461346
2.95650681091433,0.95734022767283
1.61389227575603,0.710792790865526
0.753057610233537,0.227904522558674
2.56192686027827,0.772755905753002
2.27015020689907,0.390043989056721
2.23040956436637,0.76473941700533
2.88961476957125,0.676204598508775
0.0837964756596767,0.109314825152978
3.36487955528035,0.700750785181299
0.970753449946642,0.119341596029699
0.861526454798877,0.483270983444527
0.1041687738367,0.0625112738925964
0.35257287338566,0.485940261045471
3.63512850319613,0.454224500572309
0.235295888036489,0.246867456939071
1.28283657506108,0.107471438823268
2.00674863337519,0.488304433645681
2.99165462685709,0.979619185440242
1.68924488677623,0.796188690932468
0.294325864365213,0.789792427094653
2.95328615216498,0.66858183266595
1.51407285696583,0.867420164635405
0.0168098389377271,0.000821325462311506
0.0680232094600797,0.379642191808671
0.729148615151644,0.625947115011513
0.298228898085654,0.182488344376907
4.194007791952,0.891740419901907
0.733205457217991,0.0484726037830114
0.536831599287641,0.0266272479202598
1.65357960007134,0.907790632918477
1.27055150549859,0.192798319505528
2.29529499999228,0.651890142587945
0.894692968577147,0.152471243869513
0.244182146818089,0.561155536444858
1.13640303350985,0.850412971107289
2.24729841801979,0.410201397258788
1.2899305924175,0.348227280424908
0.746482098475099,0.548693534685299
2.07325785452121,0.533972422825173
6.29728478416864,0.344982553739101
1.12090310535809,0.549651045585051
2.29801119669321,0.799073962727562
1.20500915776938,0.352411725092679
0.539435846731067,0.562943361466751
2.74784808224979,0.706565095344558
0.0792008368298411,0.577014340786263
2.11903683646562,0.928546689450741
3.74640591053252,0.701172537636012
1.27800725679845,0.740785386878997
0.430598383769393,0.6142059257254
7.79596457960916,0.973630245542154
2.74853134146872,0.277645156253129
1.31616059411317,0.930489712860435
0.684060078114271,0.148150590481237
3.55076833052521,0.626385391457006
1.2676165997982,0.277975910808891
0.700286034494638,0.104188289726153
0.551121577620506,0.0733171997126192
0.262431686744094,0.627504779258743
0.172998812968189,0.395106442039832
0.331425557844341,0.741997358622029
0.0864959308772617,0.738671366125345
4.41325219322867,0.689813918201253
0.139386649243534,0.721073725959286
1.83537873989883,0.440648831892759
2.7897771857424,0.710632625268772
0.16817360650748,0.571842150297016
0.935550522059202,0.40131442528218
0.184583420139265,0.00294912932440639
5.46005476613469,0.524059850489721
1.15604774747044,0.819401822518557
0.287165772169828,0.579769184347242
0.992459335364401,0.368617287371308
1.18438308965415,0.734650312690064
2.8169005409767,0.922836238751188
1.4266901964023,0.455634677549824
0.458533029790628,0.0863855404313654
2.1873640398586,0.513119097799063
0.831797052129776,0.067419895902276
1.48197714005104,0.928567521739751
3.21343208975481,0.710078521398827
2.68492984577062,0.838630778947845
0.0558971418158681,0.00111476378515363
0.217636711601767,0.0609165644273162
0.944772022776306,0.7021000739187
0.429857960061714,0.104654201306403
4.20541729089822,0.992426743498072
1.87295625876152,0.564383573364466
0.498044962063432,0.776584801729769
1.66346173295876,0.544382206862792
0.370427298081346,0.155632113805041
0.519103625789285,0.255267994944006
1.25481589511037,0.231636776356027
4.49912631859012,0.875740970717743
0.647417256608605,0.107470527291298
0.837550077587366,0.425751835806295
1.14523435011506,0.512920872773975
0.0991808067848227,0.00713751395232975
1.17535598576069,0.362843742594123
0.561721070847908,0.626019677147269
1.08978214953095,0.377289994386956
2.40355529814007,0.475137176923454
0.283370497284109,0.477180465590209
2.76248004092815,0.83386073843576
6.73514121737251,0.354509083554149
0.137857970781624,0.667658422607929
3.13439902686328,0.436667698901147
0.893074984662235,0.339661259204149
0.585418667644262,0.706711057806388
1.47822351920822,0.28493310790509
1.67155512243854,0.205386602785438
0.325185804223516,0.754918495891616
1.82819370358231,0.402431598398834
3.06081606430893,0.923744878033176
1.76201550654116,0.867135572247207
0.75981336273253,0.525285431416705
0.350518909282982,0.210208363132551
2.32780753440204,0.416829112917185
0.866789262741804,0.582869267323986
0.0040535032749176,0.589563080575317
1.90374343358888,0.59183117793873
1.63596145800295,0.451987279346213
3.80033411441331,0.591914599994197
0.337349001486849,0.419198347721249
3.26105856064345,0.830911861499771
2.40106764613631,0.698126608971506
2.09029672845247,0.826314117293805
5.38616537650056,0.495388927171007
4.71720225711293,0.675245118327439
1.10670224484056,0.347749191569164
0.890475508612643,0.0481289909221232
1.42771267519634,0.536800554953516
3.98526103032713,0.407957530813292
1.08496869011614,0.49243918992579
0.353343826718628,0.485096558229998
1.5865565438596,0.888323667924851
1.27690574340522,0.245420983526856
4.3434644823236,0.93927458114922
2.85191997123842,0.934374579694122
0.258908965624869,0.124785895226523
1.99119193843546,0.940440154867247
0.678221848793328,0.232932093320414
3.24383390678053,0.29451256734319
0.199634412303567,0.477450379170477
0.314647821709514,0.613184289308265
6.12085373666058,0.984271651599556
3.20401361839182,0.22095557092689
0.162676403662747,0.545169769320637
2.61748137009566,0.662849742453545
2.83649874585435,0.76702524558641
3.49354794232135,0.49922652496025
5.40792689074702,0.993123304797336
0.155919361447824,0.287619560258463
3.18195076284463,0.74735330697149
0.680936001241207,0.318027669331059
0.283491712622893,0.0108230642508715
1.10955788660794,0.133580615278333
0.395148651363037,0.56028815289028
1.89219601102122,0.640458148438483
1.78499705738395,0.818742688046768
0.920204955153167,0.0660031978040934
1.4152511480198,0.915241732262075
1.31872593797743,0.493706456618384
1.02362798620015,0.648544311290607
0.730764695443213,0.549541105749086
1.06318372301757,0.135285798693076
0.91007093894383,0.3076161313802
0.629434706525754,0.0672041724901646
0.696554238407145,0.553943569771945
0.755480606108904,0.129405000247061
4.38900948171885,0.790044448338449
1.70468759111673,0.767851457232609
0.63061898201704,0.354718837188557
1.12036737799644,0.0799884647130966
2.31932590707185,0.87614159216173
0.54661279031189,0.112448928644881
3.66701123846655,0.774299262790009
1.57067749082091,0.525958335259929
4.13365861011629,0.985851056175306
4.67833378549748,0.740288374945521
4.06868927536492,0.991056093014777
1.87424243605676,0.398216457106173
3.22095217227129,0.934010403696448
0.980432126671076,0.87831873819232
6.53326615657578,0.476978171616793
0.764287448488176,0.730140297906473
4.6640294685323,0.841299563180655
0.0232841847464442,0.0220960581209511
0.623988226056099,0.357629888458177
3.24934836586667,0.278838595608249
3.91074799356942,0.404163504485041
4.41191621221653,0.767754907952622
1.36640122719109,0.301219082670286
2.03486564073244,0.864219533046708
2.22797003752532,0.459205494029447
0.000432467088103294,0.244541143998504
2.21794411310719,0.473791772965342
8.96669657515679,0.933476521167904
0.624770754948258,0.0281817158684134
1.94500821092596,0.745953252771869
0.381360529794602,0.42847228073515
2.30374682500007,0.367273104377091
1.45946873869161,0.79689015657641
0.0182572539184875,0.438414874719456
4.85115232266416,0.318444448756054
0.538203117382604,0.425807464402169
0.0731710775527499,0.19111082307063
2.07953854455593,0.617965289857239
1.217583659105,0.255677082110196
0.2725450983271,0.153770030010492
0.313081858679652,0.00922863511368632
1.35828921850771,0.860820646164939
3.08449208719616,0.808955685002729
3.19794792627764,0.955502027180046
4.11333562044387,0.966601935913786
0.186043277327696,0.00599001394584775
1.48167821591493,0.924956008093432
4.24908148844667,0.93185864482075
1.92330795518103,0.922551068710163
1.42954428772003,0.647681214148179
0.0216990327462554,0.226905307732522
6.30198091234932,0.980146479560062
2.03328808947446,0.161475449101999
1.08962872158736,0.87342298286967
2.65243146688617,0.605924512026832
3.72060420347338,0.557963946368545
3.53684355674272,0.986955725355074
1.25948413740844,0.485686343163252
6.51143060590992,0.974707818590105
0.048992907628417,0.00292518408969045
2.07448496661129,0.420292109251022
0.151546706445515,0.164983974769711
0.323644615709782,0.537684597307816
1.01615727975957,0.325731186429039
0.769832742400467,0.198951532831416
3.35893100802968,0.963784315390512
1.79651309913936,0.526439807843417
10.5330188007732,0.301903058076277
3.22760243253439,0.458759059431031
3.03860425559764,0.850481687812135
0.685813429765403,0.478190737776458
6.90420788492928,0.548559830756858
0.719505575323196,0.251386138144881
1.65670509255471,0.123137476854026
1.90653022184017,0.573458915110677
0.0286859555309231,0.0788615609053522
0.0554939139698839,0.540422338293865
6.22333982553253,0.999868110753596
0.420757408253849,0.0567665337584913
3.15531272278262,0.923888304736465
0.261615135706961,0.00329842721112072
3.15973292274361,0.471141262212768
7.9783363449843,0.852701107272878
1.46360380577047,0.923053006175905
1.96571583996245,0.342755543533713
0.0260275499895215,0.348181008826941
0.0150173399597406,0.316764673218131
0.588429341092706,0.261031242785975
0.278983613969043,0.570019340608269
3.56291314570193,0.789436251856387
2.7039231545383,0.389296516310424
0.225662298500538,0.00694756722077727
5.26073252011962,0.668656815774739
3.10780283791905,0.683833556715399
0.88573756479958,0.750983420293778
5.2481818592813,0.543323791353032
0.0437590153887868,0.202007231302559
0.8699896838516,0.271180026466027
2.42540857559981,0.645705169998109
0.284350646659732,0.377171625616029
1.02473291289061,0.682890596101061
1.19929560925812,0.836511803325266
0.480619920417666,0.0392797428648919
3.41096454469447,0.394993960857391
1.02267537452281,0.0884991290513426
1.12196740601212,0.576850046636537
2.89285689203029,0.308085023425519
0.752147099934518,0.186643600231037
3.12426492682689,0.879820448346436
1.52778862891064,0.270112079102546
0.0984511412680149,0.611512318253517
0.323637172522449,0.0477689560502768
2.15774640618804,0.971276224823669
0.51149366986788,0.161972295725718
4.35688642506358,0.350847682682797
1.91175929586246,0.523139173863456
2.57878917832084,0.886811659205705
0.478408279394578,0.602183793205768
0.543787421658635,0.0557391804177314
4.56041875083871,0.718381276587024
0.37941964868507,0.063672587973997
2.81158648787026,0.767755332868546
0.268787492997944,0.450399412307888
0.718655379489064,0.709159146994352
3.1885863260162,0.206072807777673
0.79609552025795,0.792662437073886
0.227856742218137,0.075466402573511
0.640020083636045,0.0987749639898539
0.564882460050285,0.501973449951038
1.91763812892132,0.814755391329527
0.244425157193823,0.250851750606671
0.0810251136613898,0.232860677177086
1.3471245886758,0.690627089468762
0.186197658069432,0.500947556924075
1.04218296779817,0.376671170815825
1.7055428376408,0.323553585913032
0.206800799462003,0.0299222029279917
0.862965582869947,0.668209698982537
0.088215871456231,0.0621656903531402
3.27718399075751,0.591755814151838
0.0713457903881854,0.157049672445282
0.0620759893208742,0.0827674097381532
5.33685289670653,0.490536782424897
0.519536470994353,0.112382628954947
2.31457738383653,0.19944314006716
0.718906034715474,0.484356260625646
1.88328541206112,0.912559770047665
8.60980619309192,0.851775236660615
3.01165877265816,0.593677981756628
0.516378426437991,0.368903999216855
2.12407410322669,0.480816142866388
1.18806259613484,0.463443864602596
0.0503456573933363,0.631273165345192
0.409419257193804,0.313063758658245
2.22650671741905,0.778823830420151
2.63209576151314,0.812885393388569
1.52332141055706,0.391038164263591
0.10276195872575,0.0479119739029557
0.793665438890457,0.584082800429314
3.40708390424477,0.92135304864496
4.88494196136422,0.563278199406341
0.967978473752737,0.0923679315019399
4.02961514128332,0.795178716769442
0.0218028670515605,0.0204501070547849
1.98135604700985,0.387269056402147
3.42324620841031,0.682291885605082
0.0306243002414703,0.497655947692692
0.135380661492701,0.690091510303319
3.45702867331849,0.599752627080306
7.90138632785258,0.959825575584546
1.98054217166247,0.797640832373872
2.41229241891744,0.738079476403072
4.24019082763628,0.547188158612698
4.9641910230083,0.750949053326622
0.33223688043654,0.720040216576308
0.447023711167276,0.634141884045675
0.97412920370698,0.249184845713899
0.471667080186307,0.0353610762394965
0.370803201571107,0.605142025509849
1.23978362604976,0.244911325629801
6.10898049484195,0.954682982061058
0.864544929005206,0.689383197342977
6.03086669709454,0.632183055160567
0.290279666893184,0.142074372153729
15.0102395630422,0.976170658133924
1.19610903412104,0.915249600308016
0.343130549415946,0.612146554980427
0.9132383428514,0.713878595503047
0.00550441443920135,0.259051571134478
1.05733173340559,0.153201167006046
2.52376600160244,0.838121300097555
0.542581423359635,0.570424892008305
0.232444833722287,0.155331627000123
4.45507087905831,0.31371424975805
4.81630111087985,0.988871962297708
0.80291798739024,0.569249785039574
1.27314827032387,0.782314928015694
0.963513175956905,0.285018831025809
1.02112585585564,0.500348172616214
0.406805016100407,0.0264520475175232
1.76164476937594,0.924464884679765
0.175213558533392,0.569822299294174
1.03963749669492,0.83296300843358
1.56472243360224,0.522552394075319
0.0805022828280926,0.324243599316105
0.0790680879727006,0.297022017417476
0.675491625443101,0.350326702697203
0.282416449859738,0.178414438152686
0.929377752356231,0.80417953315191
1.1073289476335,0.614958195947111
0.324999098666012,0.190864047734067
0.0618001291802393,0.0389352384954691
0.205598733661501,0.210205984767526
1.59036330327078,0.885495026595891
7.27560887816262,0.433908112579957
3.59696461988573,0.968628995120525
0.6027897333253,0.605588954873383
0.260410247370601,0.279819440329447
0.289659888483584,0.142187174642459
0.189075758680701,0.584159190999344
1.74468006371501,0.914464035537094
5.46057623972125,0.660185893299058
0.871570917777717,0.446276356931776
1.03734659589827,0.647950693033636
7.93945093697067,0.497663241811097
1.0302946139127,0.681627823505551
2.78755948455575,0.921716496814042
3.97186643613463,0.280136721441522
0.294608820229769,0.420301018282771
0.0836274145646483,0.00763503671623766
1.48081891044023,0.913117007119581
0.79878163151443,0.639036021893844
2.08139006040039,0.200351119972765
1.91413810504678,0.870678297709674
0.940000777132809,0.61456369003281
1.17795373126864,0.832293457118794
3.02209280414467,0.195312650641426
2.81686310945285,0.943795828148723
3.30523927492981,0.488907086895779
3.23419947905426,0.272688484517857
1.54988877202545,0.676390090491623
2.66333938754144,0.868762742029503
0.372488915920258,0.093569022603333
4.87862120916076,0.259280308848247
1.15408044401556,0.891476240707561
1.20613495074213,0.445835815975443
0.671307273209095,0.063803733792156
1.72464600569549,0.51994426199235
1.67373301617806,0.166333433007821
1.2545991782099,0.399751763558015
7.10384423616243,0.724241484887898
3.35922583920841,0.757119790650904
0.814101624302566,0.0563289851415902
0.521038898266852,0.447673901217058
0.89631066750735,0.399607229046524
2.66576978742125,0.430351682938635
1.3115000706166,0.925013096770272
2.71820646516028,0.462601625593379
1.17337758932263,0.226911949925125
1.31234013289213,0.700063451658934
1.05388686619699,0.468069952446967
1.78667034014108,0.84770977194421
2.0057392566556,0.163735730340704
0.506136292591691,0.741193002555519
1.45660363859582,0.621700534364209
1.79205224165888,0.199067436857149
0.0891425012251286,0.427975283935666
2.08666544585469,0.63584387418814
0.574966540560126,0.514261422445998
1.14791474305093,0.0793548163492233
6.76687048341999,0.477723246905953
1.37112282775342,0.750132951652631
1.57972484073582,0.49331078864634
0.0371557138860226,0.230567826423794
1.10705243144184,0.836689790477976
1.97824888820737,0.250868200790137
4.44894411762185,0.560789948329329
4.53119487818889,0.904718013480306
0.174270076677203,0.162237233249471
0.202550770748152,0.525250446749851
2.14391777469757,0.595259096473455
3.08055258571426,0.709664883092046
0.155383577675569,0.0934291628655046
1.69806177346947,0.661866648355499
0.143286685459316,0.213728307047859
0.275320306420326,0.741406719433144
3.0165995916534,0.524862663587555
1.05194032471627,0.382946373894811
5.28550898631044,0.984315858222544
4.35239209582038,0.371374621754512
0.897944267839193,0.281260474817827
2.24746172307971,0.793814159929752
1.5918080224614,0.936082808300853
0.226890835911036,0.19490403519012
1.98412990934196,0.866461983881891
0.478737548924983,0.0989444318693131
3.90251256372274,0.386932225432247
0.215516434051096,0.129048898583278
0.611573627889237,0.512657687533647
1.16916405968368,0.576763798017055
0.152230338540879,0.0214484080206603
1.41261422144802,0.711266004946083
0.410511585622232,0.0579129625111818
0.650336208771718,0.561996277654544
0.395747513138719,0.475819449406117
0.298799211792312,0.0260664366651326
0.121416192578435,0.370416802354157
0.0238213212008914,0.210750720230862
0.432395067065954,0.214259520638734
0.593877639621496,0.692997188307345
0.819781519472599,0.651078961323947
0.963215089403093,0.0838780216872692
3.67286847514992,0.973302599508315
2.63813758932959,0.485249248798937
6.69467368688355,0.708911319728941
0.49634400755167,0.402980657294393
2.34119810155573,0.394229406025261
0.61916010081768,0.5966220672708
3.31481610107605,0.954041898017749
2.10846779487076,0.571160979568958
0.0959008289501071,0.34956395579502
1.70604521959069,0.270072936546057
0.0921109421178699,0.00294793234206736
3.827721029352,0.369834969984367
0.228291843086481,0.0877497955225408
0.350866967812181,0.654864199692383
1.3513752007857,0.748016201891005
1.38027289323509,0.680394428316504
0.3403461126701,0.717292133253068
1.94254492773654,0.967514652293175
0.183144147507846,0.410052780993283
1.86397246076705,0.559291549259797
7.82460103514505,0.338936953106895
1.75330224145318,0.62905306648463
3.49296335613827,0.428467927733436
0.737619682204064,0.838832025881857
0.0800130888819695,0.599691479466856
0.343635315075517,0.727015710435808
4.9311850776238,0.586181393126026
1.13085464295,0.398544589523226
1.0361355971545,0.101605250034481
0.737304565496743,0.0456376448273659
0.703973266296089,0.503141220426187
0.988679384812713,0.150089777307585
0.16828763016576,0.354679722804576
0.725095824338496,0.551094826543704
3.61478248348589,0.506587140494958
1.74405208035352,0.388357284013182
0.528516854159534,0.0329307417850941
2.98474886870531,0.8281360110268
3.17319668497204,0.743812575936317
0.370635164901614,0.732580413110554
1.61257841988447,0.226371455704793
5.08256645847983,0.678635037969798
0.194728805683553,0.325393105624244
2.69435190587285,0.355530094588175
1.58694487320446,0.808054089546204
2.24278116975349,0.807212449377403
0.773601340910065,0.557447680272162
2.57902885219994,0.522672933759168
0.451360530551444,0.414887977298349
0.371746539408678,0.648543135030195
6.40922093357811,0.317785452818498
0.0165220917438062,0.703805164666846
2.61588625601473,0.724671159172431
1.7539367830701,0.506428204476833
1.87536500664493,0.868984058033675
2.76922980687561,0.471740742446855
7.66133577315206,0.971738969674334
0.0436313205471441,0.414919532369822
1.69039768344703,0.929038503905758
0.183583293938509,0.0126319800037891
0.220589997151647,0.426703237229958
0.645070962607861,0.135027335258201
3.27286445332651,0.337675151880831
3.15674421174412,0.86951059428975
0.536732083574765,0.0875363487284631
1.76087008257752,0.708276939112693
0.678729448467493,0.833365793107077
0.0637602171490021,0.386650214437395
0.427192393624608,0.0154580185189843
2.17051454252544,0.367282086983323
0.887240097858012,0.631344979628921
1.89253362613676,0.194648612290621
0.725894444001614,0.821574491914362
1.96096950388494,0.832469976274297
1.55262581995668,0.604556615231559
3.15036424977665,0.974506914848462
0.645014873705804,0.843691096408293
0.655888291214105,0.421307728625834
0.392938917502761,0.720195149537176
0.407173608365781,0.219647072954103
6.08084020506497,0.354903047438711
1.40723673804643,0.414945594966412
0.566762535832822,0.523561677429825
3.91379586590414,0.976933719823137
2.27695223515873,0.24161199759692
2.7320887557322,0.281961236149073
1.07921365834773,0.805722085526213
2.57170237033608,0.559167647734284
0.118247029819351,0.349824566626921
0.606230325065553,0.626847878564149
4.29386785228677,0.69751524599269
0.0784240812513382,0.022748671239242
1.2744361506775,0.274635404814035
1.34412122983485,0.349848296726122
1.26193390320987,0.848424293799326
5.74577376253195,0.426261691842228
4.97883659203477,0.573677334934473
2.10275967873835,0.784120035590604
1.14912753831595,0.106020743958652
0.616982960142195,0.131825898541138
2.24026633231881,0.648389804409817
0.579856266267598,0.171599798370153
1.56612204751911,0.925307900877669
0.0889614997431636,0.0197573702316731
2.3105356108889,0.510795000940561
3.36466658843641,0.602112129563466
1.52792258889427,0.269901289371774
4.07472214830999,0.873974577058107
1.14206701517105,0.416135036386549
6.84539511766205,0.968489100690931
5.6761418129811,0.648937247926369
2.36413219003918,0.491632499732077
0.315652121400151,0.636583457235247
1.91769646472278,0.74303066264838
8.48738428358224,0.961234385380521
3.53491752628786,0.734947659773752
0.347052911296487,0.0326968412846327
0.115633462243348,0.317988286493346
0.645662589929998,0.236068370286375
0.0776790522622251,0.0492807731498033
2.81841316429858,0.590882424265146
6.8811072107769,0.594728847034276
3.6146794347128,0.920655481051654
1.48121307595613,0.653505642898381
5.43157070128047,0.937288788147271
0.670212469995022,0.0418235117103904
1.12703142408282,0.167267940472811
0.819790129549801,0.121736764209345
1.37141930032521,0.497925991425291
0.925524967799421,0.150674974313006
3.23187689093833,0.280687623424456
8.41361746886625,0.546336772153154
0.431586571905316,0.635493175825104
0.284450031805166,0.0147295957431197
2.37577348939123,0.788421576144174
0.131612767034973,0.0946853570640087
2.90336719511037,0.423600811744109
0.181362351154586,0.1729397890158
1.55447522542419,0.222937287762761
0.968069224618375,0.115319581702352
0.505289980210364,0.0562792271375656
1.19057379569858,0.477338839089498
0.432491149258721,0.682031470583752
Rho_s: 0.475348111348111
Rho_p: 0.41988512232773
IC Time: 0
