Rho:-0.8
N:2000
0.0479246526956558,15.4527936024706
5.76978395845661,6.034739018353
1.24774025110403,10.268434859765
0.233179721981287,13.2780525445948
3.71780539287214,9.31012523468276
0.154445172545557,10.3383318592652
0.655689554288983,14.2034133297124
0.99774020053858,12.6608258258523
5.33316956062741,4.79983893556346
4.88780564417071,4.60415196730709
0.56137049031159,13.2763277891957
3.46572868239437,5.11933130768204
0.0300087910145521,17.0922943895478
6.74442310597668,4.68853374165032
0.226173568243345,14.2038716206156
2.08115283950212,9.91820676022562
1.62308588988128,11.8547305639841
4.53974402727201,6.24620451404507
0.0202474765088255,11.3554724675103
0.358469330705702,14.0086106031655
1.76082802741768,9.13608005700723
1.95230333924445,10.280791887449
2.54287743560019,7.79658966039993
0.816307902336121,10.7321654136576
3.57667540728097,6.2225117970525
3.58042353454761,8.10528217512843
2.22413359789304,7.56385225108335
0.128208163194358,15.2482374378492
9.46652571061506,7.65349645937735
3.75042687956382,6.49664767748173
0.909168763980995,12.3509256592725
2.18122685505989,9.47301375937773
0.418979558162391,10.6952218095313
1.65353194457213,10.8261751379228
0.105221980251372,13.8064477936131
1.9932539667094,9.85459581724619
1.37147117778659,11.3195224956206
1.3136278912425,10.8433425037552
4.86382985462375,7.83876679105988
10.6759171219249,3.25481672767736
3.47453765858722,5.77535537948146
0.902019980363548,13.2221124538173
2.31891354760289,9.87059422235721
2.19992553620579,9.09953427555889
3.70207206989351,7.05708932115081
1.92999166428092,10.6713823736649
0.422754866071045,15.1410262714369
4.44823168540003,8.4524458669177
0.280316207075001,13.1111555151281
1.99619693706212,9.66586782524563
4.57567723211968,3.60644171686983
2.02675012490692,7.83221360475685
0.699562000110745,13.4953070728657
1.01250093337148,12.1023229298591
0.821348521858454,8.67028245203134
3.03563019989019,10.0642055229835
0.99187648948282,10.6301932949433
1.34061978664249,10.2580582760476
0.255580609227863,10.317741233696
0.526022432665465,11.3895367492883
3.78982465324884,7.08537187590162
2.66652140944245,6.25016694000329
0.511338747106493,15.3921045789719
0.319742671214044,9.80550591420685
3.96314959211235,3.35725405764593
6.49782003428707,2.69263935851267
0.633764056488872,14.9464808165887
6.18148621883164,8.60654327896561
1.44897252548219,12.0948703200461
0.263825889956328,10.7981006393399
2.59224924623015,8.26088123986909
0.735985088162124,12.2982573557221
0.266346975229681,17.0811980292465
3.86973578093534,5.43727080481033
2.1319353635514,10.3655903890811
0.61336377456425,14.2867489732519
3.63338726742153,5.24824746963716
1.73005822106245,10.7193753542864
1.58343463568928,8.75771632395276
2.1814896049989,6.43796508872351
0.391764285974205,10.8947074946753
2.42938622823896,7.31977620711917
0.751104881462006,8.3799184612323
2.57305032937768,10.0613328179399
1.90226145007021,9.67305885625539
2.90446786565666,8.25788297668073
1.58254589690807,10.3952855075728
0.0856328164675915,16.0158563660135
0.788570948876441,10.9355596973175
1.1869120446467,12.5836189604335
1.8204607143158,9.4070730142751
0.283349060453475,10.8653457176669
14.8547458267751,3.73206798528131
2.06867307229879,6.3779023581216
3.91581895930653,4.43852573646724
1.37640255037695,11.5681042479558
0.831286354921758,9.87618398865478
0.700859976244038,12.1097832937118
0.637926214374602,14.7473333339008
0.154309123260004,11.4796845308109
2.34657591386678,8.2581552873216
0.0274840953360623,16.6911923581074
0.186851832084358,17.8814069900697
0.232131662778556,11.9049671478034
0.683677174150944,8.64767374100919
0.560760293155909,15.0620596212542
0.30407895706594,12.2068108730061
2.23027844591996,8.19016318566902
0.369477827101946,10.5436028510559
1.40083868442359,8.79451321863318
5.7563123798877,4.13737228652709
4.57716831167169,6.06924009563034
2.27528472981396,6.59979163624392
0.712535064667463,12.4362062007524
0.489139921069955,14.149624886133
4.27554141332336,9.24823923529533
0.325005047023296,13.9407071890106
0.755304642662733,14.0217317172175
1.57359635076466,8.71551733408126
1.14621436689049,9.63347670409271
0.607452674768865,13.54296263381
7.06452211079785,7.72113435392245
0.0364420209079981,16.050791104095
3.33930481722239,6.06857136553065
0.291924946941435,16.5592158324146
6.28987124528656,1.02993256153921
4.25462738026805,3.86734467824817
1.67834674931111,7.67664797274046
0.0130313886329532,14.4028690244539
0.408425304107368,9.67010550407386
0.790760982781649,10.7023897595806
3.46817184222822,8.24646403967199
0.262299661200938,14.1428411322915
0.651758380234241,14.7451653111534
0.799569569528103,11.6174184496662
0.165665315464139,10.2095164592398
1.09117707144469,10.6511372942347
0.0578847360753704,14.3628771305087
2.60036934158745,8.05381869670382
0.558024116791785,11.8163790998619
1.23905093595386,11.1672820521789
2.34354265212061,5.73855824516884
0.573161527806584,9.246262303959
1.02039217762649,9.4984109056044
1.47020973493954,11.850725082944
0.375197544574221,13.7076662082569
1.22334194835275,8.27694869012135
1.24429088551551,11.3880073551185
6.36711485650311,4.6468851307694
0.350828541442752,14.6359946571999
0.210287737199116,13.5814690800281
1.12750019412488,8.44617853863078
1.22156200930476,8.81217127984483
0.619965554215014,14.3301546023743
0.370604341323196,10.9379570492197
0.210486851577224,15.0534037288855
2.07405436589363,5.71157677059527
2.03442259683254,6.4274859279049
0.0384613915338282,15.6179436758173
0.804845518432558,10.4926882058783
2.44803986131194,5.47409057546489
0.301561888324007,14.9971681649713
1.80156243025305,10.8579995799257
0.52451483171668,9.1855129214149
0.150734200142324,10.4390763415992
0.878010202199221,12.1160121552347
1.20410595461726,8.54284096220106
3.60413616878872,9.55260205129536
4.60803060580916,8.8203502338729
1.85122436462882,8.53184525694491
0.581459230743349,10.1105533665463
0.347608675248921,11.8425884287303
1.89127651593628,10.4196434938323
1.99995382866802,7.84569720335109
0.858439484147782,11.2112230147457
0.541971877191551,9.03905349608905
1.97986855349484,6.40616616153832
1.34765560831875,8.68833281761224
0.296227958984673,10.0356391708966
0.176347485591284,13.0065325402988
1.07672913279384,12.2103749170149
3.50045690668707,6.96913475315336
2.00989273491911,7.22633548051682
0.308904070407152,11.6887102096222
3.45530570417164,10.0401477179228
2.90551093948965,8.39426017772779
3.16302927908105,5.42776574109696
3.00490150211339,5.1228893031415
4.70988132406898,4.73841305799097
0.521053841337562,10.7063688388854
0.563941875485497,14.136523305418
0.796847259625793,12.4728459261578
1.3763585453853,8.40034927754287
0.688556171022356,11.4765121278654
2.77022830761018,10.4305188673578
2.65597662507536,5.01816267530733
0.513497994358527,10.1119652292714
2.30586759429703,10.8787858737234
0.396240076797515,11.5883679185421
0.0872267410159111,14.5306129695505
1.14875081274658,12.579771604524
3.57686178369408,4.3935376384624
5.65649498965511,7.20123069301439
0.666928800754249,10.5101045306485
0.0382621940225363,14.6648064311128
2.28105931630794,10.6475629301233
0.731129965733516,13.2575901521179
1.29989950638264,7.96867149396799
3.78411882507886,9.32549529348262
2.3153293262327,9.61929402264176
1.3482550997287,9.61132568399331
2.81925269469677,8.44461425089055
2.34096305808964,8.65669088004699
1.46335856235566,6.77127422359341
2.9658531976488,8.39484285929253
0.0577362449839711,12.8599643834208
0.401777484454215,15.947757136547
3.16090338904421,5.39349036952053
0.0237421067431569,10.8433213247681
0.491573920037479,14.5118764322754
0.850879269652069,12.2672458956973
1.08376383967698,11.4016568974795
0.0995055446401238,15.2517582652656
1.06965527217835,9.34561804619223
0.362939373590052,14.5925966894763
0.389166936081337,12.2366634375969
1.80150604239645,8.17420507430982
0.035595627496425,11.4734634169666
1.31596849765629,10.6459007955963
0.713782581500709,13.8542019920046
0.551986066210037,10.4739375901056
0.0938352824839893,16.2748042867211
1.26552417781204,13.0283804583998
0.419641686603427,11.6843071598512
1.08732476364821,11.6952348694179
1.75039643599632,11.3430858769794
5.26581951578088,5.56412639013471
2.06372913151028,11.0679565171996
1.32432984374464,7.1963128672374
2.71993875308874,7.73670249270337
0.652605846524239,11.643165752202
0.180271798744798,14.1899257841642
1.67145394606471,8.73476534128881
2.00247165716772,10.4366592147055
4.73105537493653,8.25461183801583
1.17829308286309,12.9894146491168
2.37360248191629,5.0960465119367
1.93563553309979,6.76439397847655
1.03905537611137,9.81388036724424
1.58659012793543,12.1759128589438
0.905422891490161,9.80294071565405
1.62979858919027,11.0828513609026
2.53287849008086,5.33195252163839
1.17554853484035,8.67424389800037
0.885497147572555,9.28916795976691
2.11754216990414,9.46772687005384
2.3790068271661,8.69508053258961
1.46781731202247,10.8123202553902
2.67471448509934,8.44115169828092
3.79895868135576,7.77905230094447
2.2661009672189,7.07881349189395
4.94264962871499,7.15880080379251
0.0117591079324484,12.2976700834369
2.30854758053067,11.1481323184581
2.10273503503742,8.44512819240116
0.256593681805853,14.4824071454475
2.027609962886,7.73328349110918
1.70956167011502,7.01844004468327
3.11497379765715,9.06016893776884
5.69131405617962,8.45733837001147
0.0435387873567985,13.5049235672709
2.26468385375085,8.10533034330765
1.85040207757595,6.3671094373851
0.704002797273068,9.15838505620351
4.07345613447909,8.62474770414926
0.163868354633451,10.3729476902311
1.08704191446304,9.01256952455425
3.90786084888463,9.45938245265705
1.58503003596308,11.8711246474018
0.984332432039082,10.0755588515696
1.81014581388774,10.9723423495138
0.626894420944154,12.1271578305948
0.130470900436138,11.8676325748596
1.68077355801108,10.793694157819
2.11716809115353,11.1831536320677
2.26341977148297,10.5379060767868
1.51906945009428,8.31285575329775
0.178038775330681,12.6596315917802
1.43865803118703,9.7679610234921
0.424768220633268,11.8624151897526
0.957562079653144,11.0554066233513
0.676696849055588,11.6622986653126
7.09164534144224,8.59627362929005
2.33598124227467,10.5804241458039
0.345579409971833,11.6950966755325
1.69843151411953,7.55407020259476
2.86318471042893,8.37548858182165
0.578362958057312,13.5063106533409
0.0275683755740391,13.4642197927008
0.555093987860057,10.7865706523638
1.95317360564115,9.40660415292299
0.495111056603491,11.1246699849191
1.46748919368525,7.39366538409116
2.37284702985528,5.20458134448134
7.06490984721089,0.364928314895641
0.76593476627022,11.4598336175602
2.01067715502324,8.92216042329156
0.303784962743521,11.6116504829504
1.9555428623313,7.98103663799873
0.10910043027252,10.7590363816755
1.76273540829383,9.54706053931608
3.06754827855115,8.24630121728347
0.914075584586384,10.4752233339888
3.17118903754562,8.95776422967979
3.97500077245717,8.67926456820935
0.756818981841207,11.7504235705659
0.844432860912569,12.0923639674932
3.69256186710535,9.54396341930262
0.66676567401737,13.7260544022879
5.45140468676515,7.15816340648954
3.54004422185903,9.53673297659192
0.108325185169702,12.1640786995205
1.63305252782049,9.60013589586029
2.09924099213424,11.3992103908996
0.171074592508376,12.9791973565329
0.925421264022589,10.8648859283433
2.86501797644382,9.26325947406312
0.260507073253393,13.6200131462199
3.29467931625397,4.16662103958584
1.48373096800389,7.65775937096
5.97958736088047,8.18349905197183
5.66818371381531,6.58706751465263
3.9980507789362,5.97029636368379
0.359911413221289,13.0418863030177
3.31907053274994,5.69955262290861
4.7421463539166,5.2296885898969
0.370355994238383,12.5004755943006
2.10679960785836,10.8228329423534
0.212649154470086,11.2311116137413
7.69492767336679,8.18952319354879
3.3187418422451,4.39951941047359
1.34516146406531,12.0877782783512
1.27821764070541,9.42893281413109
0.494635811075568,10.9958470788361
3.55673089234119,6.31518879949524
3.11405327343978,9.40255396075966
1.48027088857236,6.72258553723452
5.07605342914291,6.19733356987262
1.07776886504143,10.0753210585483
0.521267830599371,9.37003545100585
2.20710627726259,7.29537827871131
2.02822800988466,9.81265680342259
0.285452980548143,13.4627266474241
0.280976556234638,15.0578786251189
0.336254451423883,14.7436683562948
6.04385298456917,8.61205863618712
2.08648015922847,8.22349771097214
1.85277699006847,10.1994800709624
0.809870331548154,12.1985443366222
4.78379416068025,4.95285470878994
2.13525057776625,5.72470652649396
0.331349023617804,12.21873198571
3.28372127545958,7.5909818640783
1.76898381152282,11.6197003149906
0.0449239806477395,18.4990732534191
1.37371035385877,7.40692922223315
6.21076028015385,9.02955763856546
2.75166519909146,7.6170201076205
1.55730968322658,8.03990766252455
2.57534917994382,7.24744057884599
5.2674721216125,7.29771077216241
0.206366024911404,12.072329759002
3.44651151447811,8.54953364072274
0.069683626294136,16.6862247734238
0.335996015335265,13.2266915531474
1.45158249576638,9.80394988104416
3.92089501751547,6.38037634454192
0.896734455182746,10.7401700637252
0.94511590898037,11.384381694613
0.85239215193961,13.1269113366254
0.0103023138554231,15.8286514420449
4.94357568372912,5.82924033603375
2.68102083346787,10.7556274734484
0.942637789994478,13.4148749325494
0.822179485112429,12.3242247390269
1.21394810080528,12.6347222486236
1.20525349117815,10.6926735139198
0.658633854240179,10.9457251730276
6.99425132158113,5.77301577175342
0.782087408937514,11.8259234880352
0.394669111546709,12.4281380840426
0.493645616807044,10.9373047953261
0.431151607844043,15.7451552299498
1.3510130578652,9.8115831821303
2.27276719461187,6.89973785475996
1.98653670541861,6.83214285249038
0.76429333165288,14.2554311469652
1.13100786693394,7.9388423182969
2.1258473637605,7.17790806498962
1.18551579397172,12.0193860359946
4.67257951547332,8.59908963040861
2.02620978086236,8.26146479568083
6.15168105032215,4.37313317774185
0.130275181494653,15.078193529497
1.43540980579625,10.9920780602678
1.84739129609408,8.89919723446291
0.900702062994242,9.87698290927893
1.41303225039485,8.41717819881669
3.8414870200861,8.88991655138407
2.57062147921863,7.29008519115095
2.10230643320462,8.89901180735962
2.22166936091127,6.93630276072453
0.112688208930194,10.8182604404631
5.01498077637629,4.07666552221968
0.286054731346667,13.2795502882634
5.17319258521507,5.74258850694356
0.811625406338527,12.3725344991851
1.7403094190264,11.9891652823277
0.598126726474676,14.4760913063165
1.5668893008584,8.77055704529006
2.26998652000137,9.06454324909067
3.44904150424485,9.50462312198937
0.0448935774800197,14.1674532651347
1.31964648514986,8.85536835414211
6.93156624023852,7.29878153316538
2.50386865801158,6.27351620347201
5.11221363742776,9.1502959801931
0.11382681876421,16.9739737982052
1.27556362375617,9.15105020584712
1.75989732323009,8.22210891536675
1.18629870284349,8.2678768602505
4.6198466082377,7.4222111031005
0.512778510498646,12.4073217865044
0.512745822752066,14.4209785493757
3.75843697769528,5.54425152028795
0.28022437915206,15.7251189454782
0.876177540980279,8.50554170701603
2.05876239194515,6.25341476853823
0.643251695670187,8.8768792025588
1.66725390954855,9.51854612710911
0.0827741001526246,11.3128001208951
0.706652960393934,13.4955486906874
0.241436863318086,14.620885387261
3.17041812419411,5.18387070991952
3.44234526990196,7.53741707462809
2.16256900682094,11.1091147434923
1.75654476572551,10.522498450534
0.491624733433127,13.3392495249599
1.03507184423506,10.0479942139821
1.03654632344842,11.6627472531468
1.18695312645286,7.9283485576797
0.562425465323031,10.2271386359836
0.519300007261336,13.1484491264932
0.865534131415188,10.5449625262064
0.768146289512515,9.50313538709325
0.95133333094418,8.2014108236106
2.42731544180753,7.24047359819045
0.51200777563994,13.6375885605408
0.330035937018692,12.0030605249579
1.19181669689715,10.9105401440884
1.34426453809999,11.8017526332004
7.0823142934115,4.95369859385776
3.1897197550345,9.13229047235213
3.73550346303057,9.49470422946722
0.445459430105984,11.8599841190946
1.74751144634169,9.41885769915636
0.916236402466893,12.4748048986047
1.96756423628869,9.32117241508788
0.328431630451443,10.3928626386333
4.03383652104025,8.36300832115506
2.36816497733322,5.11009099466862
2.77680980251845,5.33313415768977
2.13840130521896,7.18343161582859
0.9728939300403,10.5687169998904
0.412092182706572,12.6220561826202
3.07016008702998,10.0593957423036
1.78790244824233,8.52035265003226
1.37446221988648,10.4954389477693
0.520859647542238,12.4335190591274
0.244158289462644,15.1336405094579
3.50542071817403,7.93443245425471
1.29068609606475,11.2133060073048
1.11307518556714,8.03759894160906
0.530076491766937,13.5326530127552
0.697389076392541,9.69092330996017
3.16700708104258,9.53201224796696
0.396388913011029,12.8656339355615
1.29905180385584,9.66291626195618
1.76949907830896,8.12948681230473
2.12921635984423,6.54468945744795
0.160807737149298,11.3243199077976
2.31682499489727,10.4443057173053
1.86866113348844,11.0878594831808
1.09942186437547,13.1686604151616
0.656437843106687,10.5650154788083
3.60865325761449,7.15408718230245
2.43910065098646,7.88149221934732
3.09541690595711,9.56763482557707
7.01668324411673,8.45951782071705
1.81505915794371,9.06994857716235
7.14588217022729,7.52496439809423
1.35067782923579,10.4566076239932
2.51057626671138,10.5475047913164
0.472722321748734,9.31086978004443
6.41635625030766,8.04896099527342
0.99342870619148,9.53019294207904
0.913970193781051,11.0628632363833
0.10758815985173,18.0262240591942
0.692430211737995,13.6815509452813
8.52381519177809,5.27457123505361
0.891280791722238,14.0546985973993
1.29625727701932,8.49455369447706
2.6988590787256,10.5079844770377
1.65331423460486,6.4524879410075
1.96520228225692,8.50578232055492
1.70594101390781,6.55006050026241
0.743439381942153,13.58627318796
2.76649082071128,9.09896938273319
1.57406078899219,11.6421070726665
0.666816800832748,14.2527486457715
0.935461044311523,12.9421536025757
1.93720239951255,8.65217534320621
3.21894722787623,7.89202035527093
0.88081044703722,13.2106419105912
1.60420038706314,7.50395336671132
7.9284591186316,1.99459378941633
2.9994814096201,7.73059233832522
3.03179738653784,10.3920349511539
0.299699710923918,15.6765679264141
0.798229518346488,14.5639487861416
4.3276620135326,4.44078917079332
2.02477937555852,8.3777407221961
0.0146870240569115,16.6558350793038
0.529220006428659,13.3596047647923
3.03323917927187,4.45877147380559
5.09859849229364,8.55296688534139
5.74657213408121,5.51859989215736
6.24022611942063,5.39631602477425
0.523941128712375,12.6919202446023
2.34963965593817,5.22148096456983
1.20590269379318,13.1267615239195
1.41115484564545,7.43841257451431
5.37134842917469,5.64449730206776
0.057552701793611,15.7456594272409
0.763698668219149,11.2074180679707
0.147867320105433,11.8575597947953
8.9217630039903,1.55396378816992
3.05525207329361,5.76602651629198
2.08942932813408,6.71782587220774
1.14779215279016,11.5986052532897
0.391879146918654,10.4324056728509
3.66606900824194,8.11253996035776
3.62951618416195,6.64757582267359
3.02935181168799,9.28881852481042
0.758428079076111,12.4628109625316
1.14282946567982,13.3528442687875
2.13873672849479,8.73931108668369
0.0537453958205431,15.1528270350436
0.787839288823307,8.39952024855127
0.85325972456485,12.5594736100231
7.85782678010774,5.05724686979748
0.0913989966782033,15.7250945483005
0.411313682926472,13.1435393236252
0.958067290484905,12.4052546238598
1.50085300937988,7.94758504666954
3.38663570938592,5.36627747289566
0.409823066554964,10.2714256695861
0.372183120809495,15.808520436393
6.36898550960761,0.393051490457175
1.25664978008717,9.44108269485323
2.08314603762173,10.1644528696499
4.35890839596219,6.40110600196114
0.439791670069098,12.9374325228453
0.642946306616068,11.8336852348186
3.45153009546769,5.55858921146249
0.517836498096585,9.69247460289892
0.755419962108135,14.4575548191049
0.901603512465954,13.1393925169671
6.27255406942139,8.18904425672645
0.048535062931478,10.9172932601147
4.25364438046641,7.18845477052959
2.85369411839132,8.2597222222152
0.540474032051861,9.82846600905591
4.31006168836089,8.50122344979818
1.93991514100673,6.97539962338629
0.779248868115246,12.727969891356
0.485690335132054,12.451772726473
0.0443327408055407,15.8265752901439
0.166245577856898,13.4912850714273
1.81271993026625,7.49101009541277
2.23131382270696,9.46212838330619
2.77435381213931,5.53662520350169
2.77283449005507,6.83140477668648
1.75522524778273,10.1164774594781
0.0165091944278864,17.4433149024895
2.29275325304809,7.27077134512916
2.80736490151063,7.52054884063027
0.988372759893537,7.90214064769637
0.722965977154672,10.7479952079136
1.44598449386991,12.0603077708262
1.60262833794461,10.6857196284641
1.99505739464405,11.4091408237111
3.04240704311018,8.43219677370949
0.674563764437989,13.9731578996272
1.10253184165867,10.7023836096659
0.0347378920789417,15.0693973740451
3.74389133213048,8.35562255105733
0.0233067646622658,11.9900355386331
3.5556879712451,4.64085641778518
0.258425477986706,11.2662547118764
0.765376280993223,10.0026426507233
2.63246355942431,10.1930616965713
2.43463325119557,10.0064707353915
5.43043148119874,2.08545088323387
0.732294068405003,10.3249097877008
0.418455266759076,12.0371550713131
3.11741089804058,7.95198608737467
0.161477593338704,11.9768554061929
0.997827126644552,8.28057083117478
2.23010183489862,10.8829308447864
1.30954975355417,9.89029573115449
0.0654886834225183,15.0516995155698
0.568145289085805,12.8204837959712
0.392906767466956,9.78896066012519
0.136695653851947,13.594688335259
0.0752348553194154,18.8875891939167
0.346433802507818,14.6931528073877
1.66256737294695,10.5400813476545
1.31492498517036,12.5255316426179
1.16245243698359,12.4328328916235
4.82551186134048,4.95287053834715
0.0237176914385451,11.6165958142806
2.93947775117368,10.4693938091829
0.239556998195644,11.1425376757082
0.039874698035419,10.9138382926953
1.65073818146231,10.7061636448173
1.90719122244957,7.36612132425295
2.29374817005339,5.42350156975809
0.400038624571114,14.6981915291391
0.154790433123708,11.8242546886147
1.82309793672504,6.86381735298362
7.77043218496156,7.10275930260661
4.60709916288445,4.34362784638558
0.922855006530881,10.937395657436
0.536935872334202,13.0582008245618
2.4480352885181,10.3469521448728
2.23339624508264,11.1530770025752
0.707856530323625,8.7425545916589
2.24404003462734,7.69984887943605
2.96103088548105,10.4442873279027
1.69222824639621,8.51149431161371
0.27378181181848,11.5162678264884
1.44377748643604,7.62958241068042
0.196944134309888,17.0470368907723
0.244490045122802,15.0496785800078
3.98886873556261,6.05739286036485
0.197069155846974,14.1818799453328
0.813132934272289,10.7834410622676
0.69947575032711,9.54345464895144
2.35792638353052,8.41668902302127
0.106218027882278,17.202543113516
1.67279144368115,12.0498447295941
0.233814797348221,14.5880838719311
1.34741782117635,10.1091496029672
1.67012239292952,10.9460123524567
3.75867964310532,4.66320739498712
3.37948312593584,8.25245436047923
0.508968317881227,11.7291294916969
1.12568813189864,13.3543379020787
2.22275524391773,5.29916459699418
0.00430638208942244,11.8038682620058
0.156041125766933,14.2844116513571
0.121627564215967,11.2639733663996
1.58415551086796,9.21249385555758
1.25992836803198,12.6631289412499
0.807112487410491,13.7334755121882
4.89973591615386,7.66079451020432
0.552488851360977,11.3237741902419
1.50631082599285,8.02468977865392
0.113083858356615,12.6162986281152
2.61053882344606,9.5412744107855
6.87179778482685,5.32031142275271
0.182593522593379,11.1602314409455
0.696004976652487,10.1147843476356
0.54771419520514,10.5364633592537
0.789179734885693,12.9015908537307
0.697669258460816,11.1467927679988
2.04327144588715,6.60770014492631
4.30910261322684,7.23995261597376
2.15799985445085,9.85859309436154
1.11685315030016,11.0278132743106
0.539316654205322,11.6798401742167
1.93960765144962,10.9310662746076
0.357276803813875,14.2082013755976
0.550654871674325,10.7745597034872
0.728353918530047,8.40694214231626
1.01474464219064,8.76214033651728
1.34841018076986,9.04004949661219
4.51019531090684,8.97058527898948
0.382933431304991,11.662547997574
2.77507520822768,5.62285252077402
0.697379542036093,8.85650571169226
0.438292593695223,14.1331349708394
8.63795647719755,4.20445044497898
0.306657783687115,14.9417637464349
3.60638385621791,6.96281213160425
5.67343334820042,5.86949109562315
2.09282162218335,8.48571864379362
7.18758575203729,6.42547447376402
2.13792965478572,10.8841199336692
0.0157197145745158,10.9092795396961
8.24663774254632,5.86997845701027
2.39181986442747,10.007167955825
0.393908099271357,12.1445991828667
0.112419868976523,11.3316558697329
0.499656654497097,14.298017409224
2.17623435883763,10.6151022076234
3.90451821668034,4.87387257680049
1.3172818440944,10.0952943210307
0.268666328862309,12.507690495046
3.60442419163851,6.7804295958644
0.544038198400067,9.48911098142627
4.76882608582206,7.23494575120163
1.2986087333411,7.42805518747441
0.871507770381868,11.0975714878536
0.341615063244738,11.2476694144047
4.24259524973191,9.39112839599007
0.198399082535023,11.5985702059748
1.11555074155331,12.4896252854813
1.14777933899313,11.1497114786141
1.35212787427008,8.86474385164973
1.6366239915693,12.1874723504257
0.707819315604866,8.84622773875482
1.2167081324978,10.2973306146631
1.77356065987589,9.90062597419673
0.199430920097638,16.7294393437902
0.714507030070842,8.51564906645083
0.623605076223612,12.8719976281142
0.336874628439546,11.0689357066486
0.136590172536671,10.423385968318
2.03968577823582,6.96497673977494
0.672107787292489,12.6300507981836
2.23924464232405,7.20713743936069
3.28676074726467,9.66741390238517
1.81444218001308,6.83726149248791
1.08340466301888,8.45305860487536
16.6548499603918,8.44731405693716
1.71950117485902,10.6505377676025
0.760970313102007,10.410951903514
0.577200897563056,10.0013383519194
2.30401353622179,9.27381032746481
2.76821483476999,7.81189055388052
3.76664292037,5.47005329233955
0.144442419521511,13.2552660353216
5.65143632490211,3.44496793484364
1.75184715158286,9.8780030938281
0.635378022678196,9.82506925627803
0.126628531143069,10.4009391247701
2.29008615939858,7.09864753784506
0.366805502732197,11.6790237957873
0.99349813349545,9.31584791520526
1.65490877619925,7.03593282576585
2.5831902566457,5.70385731735471
1.14893728960305,12.8772868866253
0.786617203491315,10.1185917853063
0.703022833913565,10.2587670231191
2.53354023202303,6.65349053436539
0.838592329993844,11.3936268051368
5.3436157365603,4.31830831394339
1.27602054737508,10.9066777243891
2.28198433100226,5.77131748253703
6.09355954792271,8.61182284664106
0.945597437210381,13.6956998599345
3.5688297077226,9.11574059464627
0.498025863431394,10.5304088554135
3.11999289674645,7.18701346891614
0.239237921312451,11.4277021268698
2.33722654421269,10.896569678305
3.55467498285656,5.37854297418919
3.99816134555225,7.07813064709793
2.64123250721934,10.1213898955842
1.12639762181789,12.6464050020879
1.37577925156802,11.06640126906
2.14784428468885,10.237808328311
2.81320700765651,6.17570729687536
2.23703950051124,9.99700692976294
1.16365076135844,8.71321397963378
1.66077347114471,11.9095010387436
1.45651123515974,8.62118908408587
2.10680572341582,9.2792263819966
2.01963499925079,8.81753920333695
1.66394243567231,6.95242491314305
0.172760916911759,15.9056967376281
2.03218213625208,8.26260630574451
0.164858833886683,13.0807200526556
3.49289645982866,8.63288404262839
1.49203862427714,10.6013571359721
2.30933225146475,8.8002344032744
3.50224297429701,5.90775807182502
0.0131895486265421,10.965125984624
4.38783967115071,3.39417628739343
2.37463883302155,10.8102080478564
0.643974293023348,12.5076204925807
1.49778310282514,9.54665454134485
2.84196246026044,10.505297108531
0.503523262217641,9.06655740505897
0.769063228741288,12.1445934791106
5.38790195037551,9.23182825758257
0.290045460686088,10.2388906940629
0.843154022470117,9.98530667130946
0.705912160687149,12.2280492837039
0.139927971176803,11.0766556142273
0.992049901075176,11.296596646535
1.09957965184003,7.63056472412231
3.1853467244426,8.22436967961708
2.03985469593647,8.74091339212061
2.29231995894554,5.52039935789807
1.22548584546894,11.3144742915472
0.024091950514726,15.1819827923321
0.139193151146173,15.1014353063403
0.669452480971813,10.6219607500043
1.59475862900527,8.11084941257954
2.18595264098587,10.5090174036968
2.11537478945616,9.63072284609698
0.0118778440679146,16.4389277802864
0.054604668277378,11.3688261188221
1.35817340947688,10.6448921908475
0.500543214728157,9.98870241825649
0.360758025199175,13.2676498353476
0.796598720579041,13.3079150216441
1.36644058953971,12.839509615873
1.53990339851918,11.6190687910224
2.3729358743036,8.2398615245646
0.325387654826045,12.0635581792611
0.562613326124847,14.8968462869366
0.750682657584548,10.1508094960129
0.669700720347464,10.044122692518
0.857577545568347,14.4296102039572
2.6837513334209,7.36631178021714
0.0794351892545819,15.671597727503
1.37264774367213,11.4538933583706
0.654342693890808,9.07430669477856
0.0121854062231527,14.5284334466868
2.69790549567881,7.45903828051293
0.346109807491302,14.1931263754813
0.2326071979478,11.4302395097685
0.463880983181298,10.08210450763
3.40953417850618,9.89201553920686
3.95224808884745,4.57759961911671
0.251532189595426,10.0163743756147
2.82705684351748,4.6214660786957
0.157294284139822,12.1439804715404
4.45055088411846,3.24773058527389
1.67333678520265,6.88723483106324
0.691734743391745,8.66125899280729
3.24836854619865,6.25702734805848
0.0637530973181129,14.3247459415076
1.13216139003634,10.5500029480058
0.601329984143376,11.0003363784135
1.94326350084486,9.86554959606522
0.963533751666546,9.94844362022453
2.1332014351243,9.95366838426532
0.0805322118103504,12.2407936585402
0.0818756492808461,14.3737153116719
3.73631525381776,5.5925374720809
3.99302445335274,8.11327959346774
1.01742921726452,9.6622384231911
0.795536447316408,9.71559197945662
0.149673102069193,10.2943088715875
0.0333849852904677,11.9240964939032
0.015081052474577,11.10867466703
0.928153079934418,10.8605529295918
0.356338352896273,15.2213320239574
0.112244468643177,18.2556102722601
3.64963236434345,9.7613705086669
0.758588500320911,12.5135791248699
4.8970310797257,7.22435647045861
4.53767899134084,7.93766420827146
2.58775237194243,6.76437809551911
6.31206928159962,3.55299993482017
0.862871854566038,12.1264375745915
3.87776892615442,5.19895012762177
0.30836989171803,14.0496695171436
1.26672599185258,8.00719553486073
3.08697573469536,6.69872760801814
1.11990345641971,12.1659996515904
7.88009042623353,3.74692168659604
1.650502897715,6.39351903018095
0.886015875265002,11.840279119372
0.652456742711365,12.6119107480579
0.950992257334292,13.9285970375952
1.12933843769133,11.6885986332731
2.61436794503572,10.597989240487
3.27413877082949,7.35503731671608
0.274593801499815,9.96542112857558
0.133823792655083,16.1949895242348
0.328027413226664,12.9895376494624
1.95704126853278,6.95879898954471
3.51746205968742,8.95298486761192
1.99467708720806,8.31539840349028
2.99111305696017,7.84523952923621
2.05292656030641,6.63065708853581
0.0896778511920733,13.6940747030791
2.05631217910888,7.60041460412438
0.355661043660408,14.2166084049773
1.27063939813524,7.68173310255183
0.773543393687305,14.2030765959792
0.51520820427686,11.3532708745704
0.129544980823994,13.9920346212221
0.51066233298829,11.7135549425016
2.50682304418626,10.0383800781509
2.32978499113562,10.5272152510341
1.71661364728689,9.00259169313013
2.96107424406295,7.9987216316029
3.54450434057002,8.06801944223418
2.20751312739196,7.96367057247097
0.46155771613121,14.530184621541
6.17363300885925,4.9170937526752
0.406411382369697,10.72516240343
3.44422697402814,5.32708855960267
9.43454978564634,4.91046966274996
6.00419096615086,6.31236334410277
3.15712399763947,10.149062388151
0.907605424536935,8.63267955966178
8.19410343053651,4.40103559451534
4.6267629896564,8.72962056561077
0.435982015915215,10.1643398325036
0.774319665506482,13.2535416683581
0.638049787883411,13.0048049550229
1.9575235377157,11.5754522035674
0.117124433629215,11.5349323054692
0.796643120236695,8.70618649276332
4.26030192871518,5.54356547163925
0.0849874745831852,12.1910998454906
0.0891845767897553,14.2947704341731
4.6093455662293,7.8652562239965
1.2956555718556,12.1921689577983
0.0734419415216891,12.8965089207593
9.07499340871229,2.91166221654783
0.306196919642389,13.9060137622227
2.29916662155631,6.92278479370359
0.763386871665716,11.8815249902172
0.556035843677819,13.2187214912755
2.37474681987407,4.98245018473616
1.62775382763686,8.09600798832644
1.77727846859144,10.6995287528428
1.15240974165499,12.3257515782235
0.230060220455307,14.0213192189212
1.37848143372685,8.55211540401685
2.21468372448328,9.04040857914977
0.67190233658101,11.4631032656263
0.276437841355801,13.8281587811265
0.602015248503725,8.84255434657803
2.87758078367271,9.86180509538051
1.0604121705871,12.4493800828068
1.22942230477929,10.2981953819756
0.554059625603259,9.16350893176058
1.08890833426267,13.5573018523316
2.10641303650084,9.17499041283616
3.18348826823716,7.68482311698438
1.76707302025499,7.61655931783036
0.155350410379469,18.2195280680235
1.18833686504513,11.119186051354
3.94590854255443,6.65629620318566
2.68281530207934,8.18988142623402
1.44947403282502,10.3683695424727
0.772997357391328,11.1683008925569
6.54879340495834,7.46340494323638
2.50088407649639,10.5645339553745
0.0373793923272424,14.7915092939084
1.84182207196295,6.17858504478039
0.652015357278287,10.380775596529
0.608234013430774,12.1804872760858
5.21662261684365,5.36163851249687
0.00596152525395155,14.2867289052968
3.54739688320046,8.29609082551855
0.0743156221892789,13.4237643542555
1.49631497234971,7.57098215276365
0.537498459400198,15.186740818765
0.182571337558329,10.4397905395453
2.48396531856599,6.4261670579105
0.113758617080748,10.4440937108679
3.55186376310469,6.57100293599211
2.75634662612321,10.6367655640739
0.622149220667779,9.47258914509931
2.00144823103844,8.31403823141576
6.46504209605718,2.63305217761065
2.70253463453593,10.7415821394422
0.6691351915964,12.7646126207811
0.240258828736842,12.5655345427885
0.915494001470506,11.3764052660543
0.946253515676805,8.73140065195738
0.389520634593323,11.6535627105942
0.0748064835495573,12.5348083099728
3.15025296045427,5.37970283504884
0.687415754422545,9.72215355697398
5.10549053152032,3.35636582041323
0.0654576756060123,12.0832466650112
0.999171977862716,9.78693522329761
1.10967696551234,9.48066696088958
1.61035132027211,9.27279354887235
0.112431868341271,15.2052859088964
0.751119160093367,9.56079206825883
2.43838350838962,5.32094807950118
3.72022326646333,8.45722488420103
3.22856221331244,5.88039229589063
4.10673250613694,7.50604321222262
3.75284555537586,4.52020733972433
1.22889821510762,8.3151041930297
3.39972358552699,5.88764397892621
1.21014544181526,12.5589113304501
0.615417024120688,13.4636314143436
4.23925121475883,6.49156870581374
2.20840791231933,8.30495638828357
0.882070453837514,8.92666004124531
6.46078651050387,3.41452364231501
0.0243835458531976,12.7959574528635
1.36794526595622,11.7198907192679
0.24396249382427,14.1725751576181
0.885897010564804,9.04059584356717
0.696807489730418,13.0669513118199
1.64708172988381,6.73703113664353
8.96654796746571,7.27042696151843
0.747627724893391,8.90633936182359
3.68402767537122,5.40555297859083
0.434826561773404,12.7146362768526
0.490492609625932,12.7122590674425
3.38275184184514,6.25238690262915
1.00548426248133,13.4306356386764
0.492364440113306,9.61385191432628
0.270717301405966,15.0887855506366
2.27058388656917,9.54769511101389
1.08603521529585,7.87142275499891
1.52634779169204,11.7567704223076
0.294731144793332,17.0222196221305
0.204898501746356,13.3899739087769
1.27356530353427,10.8906811679293
0.517876537516713,11.7364323848323
1.72492184854093,7.51788289870529
2.8665545952925,5.11336552885989
2.37770018531921,7.88660903553567
1.13519553467631,11.6053299758505
1.12583659918018,10.3463065973304
6.32198062505493,5.83966053761762
0.0573992859572172,18.967671736487
6.00632010366688,6.18790006544439
3.68579047156458,9.50880694000878
2.56094512893798,9.96652490130671
0.540027858689427,13.3882233818396
0.316076510165894,16.0781382126772
3.30634643874677,4.90688919988663
0.423916825093329,13.5979973410181
1.42643590449336,7.21447681777218
1.56171529989463,10.8201335784223
0.412580036558211,15.0479283400805
1.99105010334001,8.02276771867582
2.29803532539847,5.61993667399099
0.0248798970133066,12.0194248334153
0.100087767808032,12.6183291888871
0.30625509377569,12.8862768297844
2.96603437868838,4.23601620945712
1.09072909969836,8.73887524466605
1.6002049165869,9.23364193354156
0.120803874917328,15.0597640290038
2.03492981932106,6.46275092433682
1.41907045905829,8.59456692538832
0.627578755071076,14.1105240993761
1.06695470705023,13.3708348784973
0.212481471709907,10.3825670005852
1.31415561432508,11.8357038418425
1.62519073105397,7.28926251985981
2.45308556771817,6.31551871939712
1.32357471156865,8.89336334151694
0.291069029359217,11.3609340748202
1.13129447214305,13.1232609737852
0.760810730978847,9.68971711282557
1.05348075553775,9.66200249932935
0.728559560494819,9.37620393080343
7.13511948309293,4.54564363832205
0.398376818746328,14.789350116219
0.129695499315858,18.833669826066
0.0310712922364473,13.8413607497826
0.587340434045017,14.8351086164964
1.64203584372046,8.61012108678947
0.159239495878707,17.2993965427717
1.56762511420552,9.36180624708613
0.923814225941896,10.3994080073294
0.361582308946745,10.66160683396
0.199785993434489,14.5357248294742
0.0802199335636081,11.2957215518996
2.02406855850461,11.1608338135263
3.12562392750835,6.51329852173685
2.06817984758856,6.91454445456141
4.6447230686707,8.30741625937569
0.872546215541661,8.62893811170235
0.0620913222859866,15.3470967070697
3.76127043722158,8.37624130061234
0.295998698100448,12.2012313217381
0.390926294960082,10.4046875706006
10.8376174898525,6.68854666863342
0.386679743351475,11.9682087794144
0.389939530752599,14.3287993140217
2.15243978976252,7.32112316217645
1.46702717795017,6.97800928662754
4.06697478501086,9.63019481382063
1.07039763778448,11.488718923976
0.776172648184001,10.3161715963878
0.791672363241633,10.5229978579706
0.677474183030427,10.1956998598675
0.601624405412028,9.0612760663978
3.16270666925197,9.13398189380918
1.84333357951584,10.3466483266403
0.239462940953672,11.524591719455
0.60033101649269,15.0528026579377
0.206367995589972,12.9271231595615
0.817645867355168,10.6497434545371
2.25941086179557,11.233796196511
1.89028189509156,9.77952602732224
5.88037433943498,4.04347171967758
0.72284403629601,11.0779644531657
0.628718151710927,9.50433544167997
2.20946909106317,5.95778871619889
0.943497003056109,8.89633263696399
1.50497691138628,11.2104232734401
0.799187193624675,8.57026322080634
1.84820296882324,6.35915605112677
1.11250877194107,10.9525761799376
0.195959581062198,17.7343756047426
0.638403774239123,10.2230556385119
0.379282212816179,15.9445951602398
2.75766142263057,5.30620563685884
4.67663764555879,6.95251643162407
7.54811985376191,8.9086691297064
3.46442533640151,8.86087376149192
0.861759184773355,13.3861026696058
3.14285672439222,5.33621208931341
0.138963681618964,11.1321517199236
0.247470300049882,14.8009016190753
1.6187212037945,9.90769571468392
0.643204194154917,11.5147641189467
0.576998835429549,10.8544867443331
1.77543342585557,6.86045859171789
6.13372011571691,9.00357017106589
4.56047693192327,9.1802488012419
3.45109061507468,4.94553691878451
1.33207308966666,11.8287877643272
0.0889374507506925,17.2127155120659
2.45438077292385,8.21361508692699
0.394053521476514,14.0909004702125
0.84847261570394,8.77681118488309
0.0941093657165766,12.9368590691112
2.12530562086942,7.2805182992308
3.69214010966902,7.64237616806526
6.5004036123194,6.17659012774061
2.12611956327202,9.5315579895584
0.426155421730837,11.6357485191106
1.12011331971735,10.2405419655107
3.11153307167773,9.42995256156231
0.832254736421413,10.4944140858159
3.27988262541981,5.65559769877558
1.38521507289261,7.36325177615633
0.542210682295263,10.1847129751133
2.43348646721839,6.31407241645152
5.28915325154491,5.26181174787683
5.64199203219185,5.74271796792566
0.834486173465848,13.1146901577911
0.2883331021294,11.4517971699021
2.50082033119144,8.44144361580635
2.06753701406652,11.1954077397127
5.05589122672505,8.84578332909176
0.809936066158116,12.7083509643082
0.687001645565033,11.6464002696379
0.229657196439803,11.2364547631771
3.00950033200865,4.97464224912745
5.55179319430368,4.94124757723417
0.822001530788839,10.2457240238765
0.630076196128627,8.86639460246937
1.88121967940571,9.03781503931716
1.75134102805498,11.5847464510243
0.377899894409384,11.7552576987519
0.0343455960974097,10.9699445576523
0.936530774459243,9.34082553916281
1.53877875200453,8.62153293255758
1.77444343081634,7.51175285701684
4.4385651981161,6.38425362585977
0.377113446593285,13.4817513219682
3.53712079957467,4.35144601699994
1.34040758479387,10.8534869884144
2.10251574023607,8.97479147368515
1.02641288843006,9.79598047300286
1.15254554711282,10.2643189927517
0.908404636196792,12.3244454880583
0.621886399574578,11.5388251093123
1.40933854124489,9.19138857822981
0.858241540379822,13.1793291255579
2.29840482017937,7.44861420754764
3.04261938280926,8.06067954652805
0.438022280905796,14.7382532775846
2.94885742647533,6.33650246239054
0.433759489149097,14.0666184292769
2.27911416991594,7.80906556197832
1.4014653842056,10.5099944338691
1.22725721541792,9.45097296133386
0.00539507903158665,12.2415916701564
2.6869885380471,7.79923803599487
1.86538966550472,8.01517843195604
0.470216822479021,10.0444187782449
2.37368857107105,5.31935330916928
0.903055474644866,13.2366307901998
1.76274372805997,8.76799139225489
3.02234010009055,8.64730826299501
5.60979033972988,8.75676199097488
0.488461069339174,10.4050222767778
0.29098803848874,10.3859713430233
3.30603639764671,6.16068855748322
2.38417178421955,9.87346660574226
0.774434785489565,12.5658708243135
1.16493941750377,9.9596010617793
3.95418262464886,5.50911536682224
1.97590767612884,6.98665253039946
3.36148534325843,5.63599857498705
0.68198361992836,13.6482780806651
1.56019285111989,10.1506249333028
0.0107927583158016,16.3556653647772
1.54309483408788,11.6085669896457
5.78037107683687,5.50419790457715
0.11182045558382,13.4389235023636
0.0662414878606796,15.262631594932
0.234618178638715,10.5453062984064
0.739199400879443,11.514728065896
1.49636891461988,11.9582102678368
0.0907523250207305,16.6088061436729
0.529835235010438,10.2011461874991
0.724590167403221,10.8064937216722
6.29879139904955,6.65018769293017
4.89326746364064,5.02538623606288
0.843133055604994,13.0023740275214
1.0064673544839,13.7621733479545
1.81742804489079,9.02680616176855
3.04812214087775,4.96053796355143
1.93078351757469,7.22580732722411
0.394237324595451,11.1512627543492
2.92671160755639,7.9277251610762
0.383302717484415,15.1804461050105
3.84732890484815,8.20140114221346
0.42718543660105,10.1465883096539
0.665245713666081,13.9067354046373
0.481002734042704,12.3762737679395
0.24254189633921,10.5545930837552
0.085087570361793,16.4753346336931
0.0287792189046741,20.7033749266463
0.735576110920919,9.64942803629583
5.9333815273262,3.30867064301833
1.13132094684988,8.58011261392893
0.260460350892386,16.7831572192231
0.172107758139697,13.9949289600977
0.0121169369622101,14.9787144773782
6.8903006907917,5.60610115928634
2.14961082479897,6.65445436395898
1.41691623060944,11.1094443834408
1.35579487215728,7.76406698538778
0.408374085091054,12.7316174557926
1.33949409797788,8.30166146684806
2.69621990985217,9.94245466118857
0.716860235668719,9.0284189208721
2.32993373266401,6.081828230133
1.43018721966984,8.47330233897514
2.03516079849544,6.7855862179471
2.91239480284934,5.56154489064648
0.440702006220818,14.259651358757
6.08826106946419,7.52826371893796
1.62518676548245,6.98534236831675
3.42069721034237,5.32531224068128
1.06951280217618,7.78409063658767
0.0020570382475853,14.0726430537813
2.11736404887381,10.8255652047071
1.29739728197455,9.16558571350933
0.918745119124651,10.1950387576977
0.572891692630947,12.7499614127266
2.53803672260585,8.58263568253426
0.575356815010309,9.29513008381262
1.51083310685101,12.2650923612269
2.01857619742101,7.46380422790576
0.478276882320642,11.3934144935302
2.20012656032088,7.19008029650733
1.67640413335505,8.64253570944983
6.62635153528963,7.78973650538066
1.93992038925081,9.71613427852853
0.0486046364530921,12.3453607676649
0.574876108206809,13.0170597461481
2.96339360607748,7.52339389245801
1.59186464018708,9.84195276264927
0.299675141461194,15.5702579903809
1.05407064128667,8.03707041213979
1.65898323377082,8.22804385289525
1.28340803366154,10.5664962052448
2.00828098683598,9.20636497085164
0.721880192670042,12.5061434066914
0.405952270142734,12.1092271544801
7.21917684552218,5.26737579509402
0.342379041016102,16.6153715545683
5.8842211362339,5.20923378274849
0.0425320575013757,16.1515857914861
0.859551168354814,8.62294229743355
0.516916722343231,13.7598998698925
0.390469239093363,10.6308698254341
0.630040459479545,13.4352172113195
3.3910650013197,3.97824938203037
1.98988993332023,9.87189793056861
1.10277829878032,8.41081555800233
0.328981319442391,13.1368862976531
1.55378945722225,11.019066401974
0.137414839118719,14.9615509524347
3.30922772346025,7.19750086115345
1.61460779186889,8.3168739141044
0.198942242288643,10.6121852806007
1.26361798122525,7.46434182263996
2.83343278195725,5.54411157194607
0.396391691640019,13.0471841822577
4.62414490778871,7.58742109898201
0.266773423389811,12.4212417169938
0.997529742307961,11.6014966362136
0.550901710987091,12.1975440718826
5.71198731627236,4.53120840815515
0.56540909409523,8.83909073979389
0.167425938211449,12.8230024972161
1.40947875961623,9.60721213684551
0.894563171081245,8.54870929490766
1.28532370273024,7.93928512592887
2.94187037208645,5.29575788095509
1.3406292507425,8.91513495183001
3.93648090196734,4.08829516019759
4.0516755094934,8.1138515324412
5.34199416239686,7.18414449123818
4.38263027263234,6.55213457849124
1.50089946194532,9.86220689396798
2.48285025026473,6.11680201299485
0.809162959456444,10.3145469959274
1.66451616949382,8.83054804916117
0.144637283773949,12.7877211784651
0.673002501018345,12.4603815653269
0.978007016703486,9.47801124794717
7.84758339407754,8.69440145170765
7.74440793278527,6.59037797607386
0.913268859498203,12.1841354780328
1.26939511857927,10.2416798155572
4.3544510814287,8.75019168558354
0.818441609852016,13.7468335840951
0.468648648820817,9.89461080352175
2.56850997350159,10.7469978663422
3.77515909058933,4.30213084026903
1.19089198920831,8.19532955644984
0.946702227927744,8.30124747384573
0.901230621151626,11.9743274265517
0.633999178244254,12.4970827376252
1.17989313509315,11.4905655506402
0.363367923535407,12.324530470756
0.29711744511235,12.3141530007506
1.06972288526595,12.9022997948381
5.4264360850019,4.00384420037583
0.0646780896931887,13.8470338789293
3.01130492968445,10.0648543924205
5.79239918257961,4.58112833368169
2.15879633350405,11.0953846777071
1.57523395412774,10.6879306504897
1.15206354111433,10.297916633243
0.393438789656556,9.72270371429014
5.83305438362983,7.44411683029793
5.74849007990132,5.91246706642525
0.262158392372471,17.0895041354809
2.22307449384573,10.5562545442919
0.48927852883935,12.6433786751586
0.912447661161423,8.71303259991116
0.984906318597496,8.61947954484589
6.88538044657478,7.09526124108842
2.66437113276663,10.1333280746352
0.115879439214773,14.6221411456251
5.53374050904937,6.19371748741627
0.808733739890158,13.537277631774
5.5419552658958,6.40910822864308
0.174147876910865,13.3464165474778
2.68854565910044,6.99292372703714
1.30748944431678,9.83760797128855
1.69968411690536,7.35154965459576
0.706358466297388,10.8221764290662
3.63160101725059,9.5163082609576
4.02084954438691,8.22389013882506
5.34558898557849,4.4786640784708
1.6751252169812,10.2094995433345
3.16077969206457,9.05629351139645
2.53111927575412,8.02802804245004
2.38160146019402,9.50771323533693
1.34342110063881,12.0470358010839
1.4472067541534,9.20113175653108
1.83730598535239,10.5331240192598
1.00792713370174,13.4917562519794
4.37939078708119,9.23255151852391
0.508748816472673,11.0564840700862
1.83069089605453,6.95299294585958
0.168059952557087,12.7326345791272
3.82500908879523,8.85159981309006
0.716999247389445,11.5408118208896
0.111249383538961,13.5548804511932
0.501388536341889,12.6786971800704
3.55792881032079,5.51940747676337
3.787536740135,6.2365397412411
0.614357098994687,10.6936980982676
3.2891062471886,7.50225282193067
3.30859426019673,6.98483052374051
0.711043027229607,12.9523506960257
0.29054481908679,14.143105391995
1.26402410212904,12.00042665406
2.76916112742367,8.17851107833347
0.0162767367437482,14.7059128163534
1.87445156855984,11.3806944601902
4.44521594060028,8.68607801998608
0.339229364879429,12.0547976149022
1.10537532623857,12.5996095225067
0.66648429255581,10.3895665049592
2.38267100221458,9.97116418442287
3.11984881369357,9.83859148045192
0.674268650300313,12.2643531522761
0.397570664063096,13.4336260632923
0.626298557835546,12.0031707586879
0.619615077972412,14.866053600679
0.562998414970934,9.83472326239899
0.880557519383729,8.3816135364226
1.7445045671152,10.3015944277126
2.80164179390677,9.90881472918186
1.82902410431745,6.8419645234176
0.76260381937027,14.6617131578009
3.07627619786148,8.47378410052191
3.94511230645661,6.22513969718584
5.059946026401,4.29346665221286
1.7937083179623,10.2133842542335
0.898152835548255,9.88569624659409
1.33488278649747,11.4455209778408
0.497393361292779,13.1065162952438
0.192773388698697,14.5268311830451
3.38558407856112,7.09241304218231
0.0480766072869301,10.747366519842
0.640100158354699,10.9979465739286
1.34637602884322,12.3402086488159
5.32427540768809,5.99421605913948
0.296306147240102,11.3746102819501
1.99217874362114,7.6829990509108
1.53999540165919,7.68482432738578
0.610177960246801,11.0915734159125
0.197726080720496,13.4551076431992
3.40444924740435,7.96513731375851
0.385988298803568,9.65907197695458
2.36367394394221,5.59678744709364
1.2266920087859,8.53591495583493
2.04245396881344,10.3753387089111
7.26812268379045,7.60675522664865
0.592850729480773,14.7540794097066
0.250953705372323,12.1008977162366
3.0494732892323,6.92700593157871
1.51072026594522,7.30284309399974
2.46493243231418,9.81770540208743
5.71368335153828,4.75304578225309
1.81998622967842,11.1410390100499
3.52652135474567,7.57358727960677
0.298528200015426,15.885761514542
1.78355425215306,10.5516557721784
0.699803779833019,11.6955858758296
2.31470277338269,6.43436679387997
0.621428875252604,10.1856108460124
1.78638812518659,9.5324776768349
2.25166831127241,9.78587681379965
1.55777240695446,12.3351800552182
2.62908897540512,10.0492864884524
6.27048323694611,1.66224590430285
1.89520141473951,9.75556812898079
0.726504256017506,14.8194402613932
1.96326346204538,10.0609862054832
2.87299957854633,7.76965316731088
2.50813987283948,5.15767125397269
0.204996460833347,10.2995881794437
1.12722545210272,12.1265325530193
1.79773080340567,6.75470030948437
1.59321317254546,9.85054253783034
2.72396500772777,8.05241766542583
1.50590125462952,7.88250499800221
0.76883164409758,8.46852702071095
3.98931112544755,3.51366270344278
1.24380347505212,12.3104622887547
2.77456348000054,7.71782080447905
1.7996977380568,8.48808103955442
8.1617258894713,6.99816547048791
0.235872578983002,16.3204033900847
1.23577160108835,8.68501637191219
0.774290243163705,10.3602630089058
1.05444566812366,8.06095148543441
2.41709949812832,10.1798579745281
2.57319024383071,8.47905791690869
0.982079011388123,12.1729994284807
0.386247733607888,15.657144353751
0.698083687573671,10.5790679473909
0.764157576486468,9.57230607259582
1.98250580384376,11.5611056300701
5.0702501197619,8.95061893764568
2.6066599934453,7.65583545526319
1.02315591275692,13.307808869521
2.34160295120421,9.62517972126767
0.858411878443326,9.96542027029832
0.0625354265794158,12.7000467771291
2.61832248969915,6.41357895995684
2.32272898024859,6.79491683101974
2.6916031128818,5.45746558619135
2.05786628453972,9.53007642340863
2.11139296545627,5.94099521856563
0.766656059771776,14.6736140250673
1.41977353029449,12.1135329548119
1.6068121335606,12.0038453950049
0.137555142888666,14.4229639319049
3.69539145363455,5.87806018059101
3.45433028808945,5.02508627908133
0.932674399577081,13.3105445226889
1.42411762310537,7.82742826568283
2.79054511603686,6.03658638487098
2.31714137867206,8.28401435172725
0.465684485921763,12.3506464722185
0.745452844537795,13.9947446030841
2.9993139597927,6.11131925633568
1.39413203476908,9.81715284683586
0.756565672345459,12.8923193178067
1.03788978233933,11.5980037660935
1.12972137983888,10.0358477800278
1.27969731390476,11.080656202206
2.53573407038095,6.00474045283199
1.83439969076755,7.91619944596486
5.17868312050529,5.88050351842668
4.61040934270999,5.60829676724278
4.65194862683244,2.98288276618394
6.30579205683735,2.53771174062861
0.182079116813838,11.6466920328783
4.33026458670325,5.22263263507983
1.78498015730622,9.15367323018677
0.437743481591948,9.49731865782059
2.71399228452685,6.02513596890617
0.860239076428115,8.81404156477237
3.24479413924814,9.79767173981544
6.60263003375302,-0.371376775232596
5.5477665217446,8.63265026845048
3.38524384034758,4.02883788640731
2.44546225099804,8.63375298886483
2.00213458194377,9.28348443546195
0.234525197763871,10.440098303065
1.68638482153168,8.12258865832984
0.692988898605108,14.238008274815
0.65298043191433,14.0460521380168
2.07041028319838,10.4400878693037
1.13090954907238,12.0406728803701
0.472560497000813,11.2569405189464
1.42478072448614,9.24820359136406
0.0844602562064093,16.7143030001588
2.39223140842261,8.2716116218696
2.1606712116951,8.13285742515925
0.209564732544348,13.4788495801334
1.07657734707508,8.8206327465198
3.00685272721534,5.22018169465001
1.29949194565415,11.5572104854504
3.32404293184216,10.065226413093
0.49346913184107,11.963263852997
1.11022571474314,11.2868431409416
4.83349924881883,7.12432206957143
1.48287680550458,8.94346309263808
0.0895474553108215,14.736138374011
2.47215147256934,9.81790779693529
0.912520012323121,11.1530459711886
1.91202292024138,11.3620937663423
1.23731068708003,10.391891386344
1.14338529016823,10.2465497298144
1.31083362177014,7.71355976356959
0.662463966757059,13.9119297776671
6.01483659603,5.67773107906542
0.929941644892097,13.8305750484598
1.93229652374032,10.8353825756202
0.200702058151364,16.1714233302188
1.67654630905929,9.9170856559533
4.85062670200783,8.12123821716763
0.551367777399719,13.80914768158
0.0338123900747426,11.722175419232
4.95152062524982,9.0608287254747
2.33415888414973,7.40319086577982
0.942237194627523,11.4226305910695
1.69624233051183,10.6688491079385
11.1219062500431,3.55889088270809
0.0075650867074728,13.3105116493243
1.00560418479713,9.18485621692608
0.421119230799377,12.3205875919322
0.317478143193352,10.4540570525044
0.793538147583604,14.6448605332425
1.43690565965118,10.7438723255999
6.01436698435173,4.10979442811393
0.645829953790438,8.86431107571861
0.488612901520614,11.1686526861104
1.35705825965852,10.9976337513625
0.286144765196987,13.4081033188883
0.170061972923577,12.0177266765969
7.13498355775175,7.89864240231424
0.595201272892291,14.0703169688575
0.94060939271003,12.2682206176692
2.13775890312138,10.3915449284182
0.357982344268857,11.3217372692304
1.99176120190861,10.6657261892801
7.83631102326226,8.0938914642711
5.60598025234606,3.50636600683938
1.68522708359748,11.0749559096683
0.0255229966714978,16.8018054258539
2.194428358143,10.2724980089098
1.86207089217081,7.82214344823914
0.616385467080113,9.2837514314976
7.14147895952494,3.43797544791901
2.11668092190268,11.0304252021643
0.887678852278819,11.2950714276271
13.6150354996213,4.89398822682636
0.684175965376198,11.2823238098659
0.646850024061235,9.84017228106303
0.0859750090166926,14.5041665438666
0.624368910677731,13.1639660623388
1.35208358708769,6.97886350926649
6.60489684309731,8.74028442434502
0.722192069515586,11.9383858095243
1.21658177301288,9.22457327581167
2.81060971302872,7.37793344713141
2.86891651737858,10.1327686130399
1.44570975742283,8.14868634821149
2.49421042322319,5.70850436989674
7.125770304059,7.43773068332797
1.24758166540414,11.2628849157498
0.255348752252758,11.0776037787638
1.27536291163415,8.42446388542805
0.802967960946262,11.4417493668331
6.95312581061575,4.59299057774644
1.54027599041994,10.8281284316773
0.217998479492962,11.273562921868
0.281242750585079,10.2270647731779
0.955896202474833,12.2576540423853
1.44981701291146,11.7875988902718
0.0987761790775055,10.6779490934683
1.4019591975117,9.48444154234175
3.06196769682651,4.23852427284227
1.78124699360671,10.1012378019628
0.299040898680687,12.5786225494987
0.741268552839756,12.6019391598317
4.84713376426557,6.81460324290067
1.09005901962519,12.2525657350411
1.87712601936402,11.5651858135574
1.05794542125527,9.87372667734219
1.35176940821111,9.51332805916139
2.937774491119,8.67484791371628
0.26737427473092,9.89597701316349
0.4201072556898,14.9151023280515
0.0870045972988065,10.8290335905674
0.401941007073201,16.0740474059749
5.18445652325578,5.49273564580213
1.18852850515395,13.1080834029752
0.22311224451376,15.8801092093953
1.43535084641519,7.85285888449685
7.0738102607838,7.58090769408684
1.30118932202458,8.78904010961237
4.25194058169551,5.76991567830421
0.911438832990825,10.4860513460854
3.25058472884779,4.90093471693588
4.4626504962606,6.65416777047608
1.30425124801695,9.3355025782353
0.0938052259731917,10.5072801527582
0.576327262446284,9.98969321071072
2.28421511306408,11.0234682123684
3.08522002970893,5.82914764620709
1.78583801286343,7.59222259817611
5.52883730431027,8.01969733631308
4.10178210942035,9.33470745516754
1.19889553356916,12.1019518071688
7.73303789975953,6.96362385792991
0.408788525499403,11.4628290094544
1.24450044799596,7.40917199161105
2.28562563090565,6.82626380135756
6.32480287518273,4.38273214894222
0.621569640003145,14.6112875897351
0.410302681848407,11.3973176246544
1.33283292409033,10.3521636393785
0.112267685122788,10.7315160831292
1.68945951253294,6.24859346572182
0.511637455783784,12.9504430971737
1.95112011014464,6.50748233917434
1.90951979144015,10.5610931558374
1.77053893349114,9.60146827173385
1.11573038809001,8.1048099765904
2.7918089774684,7.11338340445077
0.951373684220016,13.0581963219808
1.20449471194297,7.4670134855415
6.2680488672472,3.24523560087473
1.57382298815344,7.90167405043836
1.08989648614079,8.98722203857889
1.66036088756266,11.6379845696745
1.19688338041306,7.97994488955529
0.989846375770867,8.07395903243251
4.52122973252959,9.56083755462116
3.0403358384331,4.88291208281107
0.0145123256370425,11.5450514901443
3.8103765620101,9.88710655437253
5.64777829938579,7.05504520691084
1.3862492274493,7.66145306645515
4.3025536413596,7.79593757530304
1.58343267432394,10.6120726914895
0.94347070530057,12.6109026527674
5.49154233534761,8.68374893263027
0.669307260279139,14.2520434781073
0.603165692117824,14.533946143686
7.23951244389905,6.73771131469933
0.64897495449749,9.27145356030686
1.10781995393336,12.201649369688
6.02208706702957,8.09762305362689
7.31465546372247,4.93421175700413
0.481400438584387,10.0702621545395
1.90613050121269,10.5023745633575
0.329206625930965,10.2511951814943
1.15657303016633,9.78586098375423
2.10234817109051,7.16481093374906
0.806026362814009,10.5247425064939
1.71870323448422,6.87243744987438
1.61650056319484,7.70644408958738
4.79816304494567,7.34141518552251
0.385868674144149,14.0314941977894
3.86228866485839,7.95266994110126
0.580773713998497,14.8911403055073
1.03258803207427,13.508541886303
4.73997718443103,8.00281552719139
3.64322741312866,4.51033051976112
1.19573041051626,7.76015313904564
1.20062519144267,12.0328590625023
0.465638096444309,11.1253349910369
1.65398026396252,10.4363255548849
1.0749696334824,9.03399418000057
1.20390509348363,7.84943153640427
2.35479310164334,8.29596900095555
0.0977414194494486,14.8208078231734
0.379668386653066,13.398874488612
2.12475444554331,11.0763900892934
2.49161516494098,8.00195507368032
5.02792633672185,7.06286425633042
7.31109240039264,7.9175276577402
0.798051641322672,12.9311786382776
0.0867771552875638,17.5982451103319
2.70982835433426,7.11920150225495
2.6644409521574,7.07778414538809
0.0039241663653928,11.0784847849906
0.628850885666907,15.0246292753911
0.536304116883526,13.3485454680759
3.19439385442023,4.56733094679909
0.441237403079867,11.0208193760926
0.64959039351048,11.9384989511874
1.60626750132199,9.33302554789894
0.910045763477683,13.1013599647763
0.0405132690266901,12.8000170114408
4.41551284839339,7.77212221874739
4.91060543407626,9.05435705055818
0.608268753625453,11.0064926831777
2.63310356429758,5.0756333787683
3.13803087530618,9.31415063003145
2.78560313565617,5.41023783784683
2.42481743648959,9.30299245385852
1.2015821961686,8.90156596770454
2.62861950687113,9.80247796919322
0.277111413888633,11.1525346191367
3.79391053039477,4.374334742275
1.34068864677101,12.6621953554689
1.84039434968474,9.73858840644448
0.873096431605518,8.25094228277312
2.51800272419097,7.7826642469982
0.21554455999285,13.9064052239019
0.570019973441958,14.4763554087639
0.44580745510757,10.7551761408293
0.538407641738993,9.05275563224061
8.88815549710646,8.09894349696272
14.8515891647878,8.07707629789296
0.765079691074789,8.78405325267313
0.840297083370388,10.128550315385
4.20165325303502,8.48955872337062
2.36836960949539,5.02962416104285
0.428019992075861,14.8729767154292
3.85603772459512,6.18148776680193
4.70880671711594,5.76313154391793
2.54134868449512,10.7782773827679
0.49836775307421,10.8220953887303
2.97428511066322,9.97415907589206
0.476896081119776,14.0983816844368
0.0198297478165774,22.0323413725914
3.03014669178014,7.76675135204762
1.55137928414361,7.48665080632463
3.94899884967094,4.19656894668111
3.03138562827114,6.90021835160128
0.891402810811996,8.1184673839948
0.281561977230012,12.8694659891111
0.631449345499277,9.26237152753027
0.409978601895415,10.4312142948269
0.360929754562676,11.6910382110084
1.60477038948867,11.0631595006072
0.618554933927953,10.3533095713847
6.52579143609772,8.96512037148708
0.116869551742946,14.1870834804307
6.15434999580296,3.26257129705307
1.74102670132163,8.15118231801939
0.294460249133408,15.5397254854912
1.71259833863916,11.0666200888408
0.833437484974727,8.99663621059954
0.470376919878158,12.9786208827187
2.31383525511984,8.97649967770143
0.182517884557331,11.4860889558216
0.985434886848012,9.94461969629906
4.66935091067977,9.2347595325908
4.55122482378907,7.80014944809896
8.93032731721576,5.64394626899688
6.01937145472617e-06,14.1230678263007
0.395256256060203,15.2402273003424
4.18029543359704,9.43221290892728
1.00871181581169,10.0061752195169
1.71190185961009,9.64315660563974
8.26007853033853,6.92512241214344
0.0857115359976888,16.602083333329
0.562406667508185,11.8535774006405
1.27757284231484,12.3518839736071
5.28498006214328,8.57806237743331
1.01427526213229,8.74926277107308
2.8851052893508,7.85067795686447
2.74318932919743,7.98143535864362
6.62103262510071,2.46692877107994
1.52780068098547,11.818367231007
1.07830817438662,9.49668195343081
0.106319449843481,11.6521239008844
2.11115257992389,8.48131674668586
1.03608947340399,12.7508889362321
1.15890789963305,9.29888148740298
0.638124979101121,10.458848627895
1.13040599506348,13.1892462284017
2.4787708184773,6.98667653757611
0.406734172254801,11.5980415082908
1.52051851411621,7.56574030077453
4.96042362947888,8.1660340534788
4.90675762643046,6.9912111989478
0.507427274249494,10.1107099719526
3.63788238150959,5.96086645497221
3.86315214244609,5.30041604530681
0.41441965661943,10.5860586493027
2.81218444300517,5.71190018293458
2.8711272463714,7.64064422449752
0.822899911463005,10.013571351492
1.29518974386156,7.1176952210028
2.26486389703097,5.87674427415813
6.77665291692982,6.42938087171548
5.61721546914349,7.91655904164693
2.25056418121678,6.31472344703136
0.958925445564091,8.25347020416562
4.42544145484395,8.67999361499423
0.235649695366152,16.5685137725723
0.52027466148138,15.4630890633379
2.7541830985898,6.09930507723617
1.44287000215592,8.10462545266684
4.30478632819577,8.17062808225243
3.24714662117844,7.03255027957177
0.246800698313585,11.5483406468149
6.27328582074413,3.06134036689388
1.16995386127383,12.2011059525765
0.380163854928843,13.8443546711391
0.0655957055165709,10.7342008179726
0.539720748465334,12.8390015883345
1.59420670560541,9.84575942997396
4.3286311139626,3.53130874797974
0.694974166472537,10.3694487808116
0.134120358154178,18.1750118488688
2.0101071593324,11.1177308673264
7.1104314732821,2.88579993189271
2.4721491652632,9.28780464945765
0.872255535160797,12.1292384986582
1.80975960215828,9.80988774903579
1.40854777501009,7.18558537135722
7.03205485227418,5.09596643592196
3.96954696608667,4.71678737650404
1.11885451618582,11.2288357274014
0.454508277587593,14.8189585945028
3.04586609472303,5.38337186839573
3.77946281416302,7.80354865075907
0.671953485583943,11.8642985416449
0.0916755422949791,15.987344681836
1.53984123087468,10.1861592266008
0.144091283951186,13.340903624504
0.102376704732797,11.092832591757
0.822235462255776,9.52715228344586
2.16714073150399,10.8638937206572
4.87182297528504,8.25709187803121
0.771468092687428,13.0632627562862
0.546072030439973,11.7161641234011
0.409311993978918,12.5082900659329
1.01619187928736,10.129699009841
1.16802101311216,9.57560710418461
8.97275523045912,6.92231924193172
1.10328187793493,8.82964977401627
0.109885766205888,10.7911427765633
1.02162016835064,11.6735854950426
2.62708829521182,7.54583860797579
1.55784474304857,11.4427947346546
0.308785291259549,14.0292141400817
3.38321245658203,9.21428260374696
1.1102063767612,8.32310391812739
3.94726685417776,3.8114083201275
0.992002801038325,11.8781020829553
2.07054458922687,7.46351330307204
1.22946203686297,10.4143086664035
1.52121660849991,7.10199631130761
0.760648157447577,11.1850287294563
3.41671104712372,8.44876272062443
0.130674509331584,12.4083324124652
2.6858478951359,10.4204826137259
0.0908489869907498,15.5655140248027
2.75330591565909,8.4298822652045
0.536556156352162,9.04890826285402
2.46140639874515,10.8060977312838
4.44535610427089,3.37748723108509
6.97169722202134,7.04447715173193
5.87301875789341,8.3174075186775
1.69044176492203,9.32170127790427
0.756944550201297,12.1250539592842
1.27931468186511,7.76690109233342
1.67837563224246,7.05102923121351
0.00230229832231998,20.3740171871935
0.134362548832922,16.2313064152406
2.63489818750861,4.92077179672443
0.577703538350761,12.607928356952
0.695784287883934,13.6468141601942
0.394235889427364,11.2374877145467
0.752932713367045,11.1489284112888
1.33548968657851,12.6377692576826
2.16461683879218,7.76185294857807
1.86150837191858,8.71076027618875
0.768656345437355,11.391680092555
4.56198553023694,5.46546644622932
0.790862482041121,10.4718030088336
0.149670775979757,15.5187278617618
1.74396615094485,8.26440590013777
0.373591621406376,10.4421242045608
0.645353183150291,11.1271810944687
1.3446381315589,11.4215273160042
0.427275796420872,13.3604572932764
6.50505785526988,1.89675812981976
0.0498725540459465,11.3835223546579
1.08465326856822,12.1257527268423
0.612011755816638,13.9715746432085
0.130519610252514,14.9394545068036
1.61496677055004,8.28429112554347
4.28502545853086,5.72536027179308
4.27848422874637,4.02486675836389
0.889087517745793,12.5633815784361
2.46428721762242,7.0893671922027
7.65202648523164,0.779025059808404
0.994339184011319,11.3484426995323
0.211860876318051,12.8801451697825
1.39695389170001,9.96119933487357
0.0276374978023501,11.6941824074125
4.74911202837653,6.00798545094088
1.2695397073403,7.47204538884992
1.41777859433534,12.2842993671201
0.415330800794474,15.9909179348072
0.0491733886714034,14.964636417975
2.59874347588959,7.39861846023586
0.715187483467162,9.89498790544572
0.155168722361909,15.3078899463224
0.118378183804452,10.9966232199962
6.61681435968647,3.83041071498845
0.540004435926676,9.14967894514422
3.47210304183446,7.08366129069455
5.73342530393376,6.87771633598007
2.55227627224269,8.01116686720648
0.967229137304218,10.1192665975505
2.72084877631607,6.96129817805222
2.62334616846385,6.08501843632958
2.63462593211773,6.02418949192361
1.45547194397988,7.66195427684324
1.86357182433127,7.16915238438368
0.892726463042083,11.0527022508772
1.04166592803037,11.662856233865
2.93708964792972,5.84150089180791
0.322495385073125,14.6797164628759
2.01346967208787,8.96246927490815
3.95737653953915,6.10560442224145
2.36387474640253,9.29787212406056
0.0884040566161275,10.8384331202213
1.42284847047558,11.3113205972256
9.28763113120451,4.18919802454478
2.97809926980165,4.79623826837312
0.438510462641716,11.7749118363757
0.0893250102847819,11.3926612323193
5.11199152816959,9.36281790720613
2.80232637709655,8.00475005168379
0.327302817255259,11.8788633980455
1.72729624054375,9.77300755961644
1.59707780732753,6.91098775458909
3.53896878050231,9.97421275221309
Rho_s: -0.800259411564853
Rho_p: -0.692213224344579
IC Time: 0.00999999999999801
