Rho:0
N:2000
1.59411339825931,14.7891286653673
0.928899519145489,9.6694724889505
0.250860990025103,6.2621861679221
1.45809073385161,9.01434990969646
4.70682836413608,8.5836807847912
0.981458534486592,5.52546711055767
1.64524098291042,11.4572633465636
0.812992773018777,18.0727631317855
2.18058077237549,11.2193147468251
1.37134567648172,10.3432936215282
0.501242265105247,10.2832068718165
6.00727443363438,13.8438211974465
0.559194633737206,4.14780314524412
1.28867873363197,13.6136771362123
0.623249507509172,7.60496738000074
0.560375466011465,11.5795961475781
1.84695673911812,7.38850994564345
0.322359311186496,12.3502383785288
1.93442126727643,10.6912945668204
0.839781818911433,11.2207221775515
2.07920415504816,6.78442633143053
1.19813278783113,7.04501898292982
6.3143674280859,4.24966768100372
4.20249649426748,6.03384791169603
5.61572362936187,10.915803059646
0.850569979200225,7.80155436356398
0.0941432652108938,12.822166362827
3.91325969360334,9.64184529068257
1.35952925682068,11.798251687361
0.0711199372706983,16.571910548954
0.754282389767468,7.43966603619103
3.61308508722072,3.37393126671463
5.71565042957797,10.5478582194952
1.36671158764511,10.2340216376608
0.156206262297928,11.5534439382655
0.0302240364253521,7.55416753044624
0.726466121935593,13.6333594116127
0.713483940269778,6.04737019553057
3.30644890276675,10.472072570436
0.216333961654441,10.2314421732463
3.00846792353198,10.0816992833821
5.91069626774559,12.4783666494203
2.93036712535958,7.54289345362347
0.986827834408878,7.88052633050278
1.51486661090496,10.3078366097634
2.78700033371842,5.75637259752289
1.85559252827408,12.7912783609279
1.25483068078756,7.34433207059433
4.43453482140727,8.54492180551274
1.22127057705075,13.3436463419759
0.414027636730918,3.90814393569908
7.74143756511522,11.9065462274194
1.17109525669366,7.09422583113586
5.29500039973357,8.93845171331132
3.01230284897947,10.836951119096
1.31377355009317,6.88380114194878
0.302208461798728,5.32504058669727
5.18546952920031,14.49516727449
0.198759601451457,9.66161933371587
4.39657810782424,14.4913398491148
7.66534615638566,10.5727054060275
0.158708778655529,10.887283272951
6.46256047453652,7.28760555174041
1.85776683145624,9.82437399871877
2.60663989736679,10.0593181629562
1.63069602633596,4.68268861682953
0.0564198037609458,10.1741295672794
1.55933427359076,12.4973014780962
1.5521599261602,13.0208514747239
1.85448779071814,10.6072087910576
5.83397880162964,11.2899725227466
2.29606755255702,5.80967198140184
0.357853810079318,9.14712811333299
1.02953567914665,10.8639745419484
1.02914406638592,10.3456803703063
0.382871771609385,13.3057076341513
0.344521165825427,11.234223599047
6.89790687401874,8.57113398763896
0.783628527075052,10.4509218547464
0.401936425827444,8.97778181908426
0.543993834406137,9.6318153622238
0.373092509806156,11.6100106281904
0.105832356028259,7.15769167773347
1.48500934427638,12.8446196375993
3.47390196455603,8.25488152331791
4.98130718220897,10.6782734662203
1.5618386658931,5.51786195243717
2.53197256839814,10.8210726846217
1.08023460395634,11.776142157863
3.14563436416869,14.0786388346248
0.889331039972603,9.48176747760351
1.54588592906344,11.6807640070604
0.914822103455663,9.35004607985229
5.18284381528325,10.4466295358802
0.574892478063703,6.79330369863925
5.54168013830609,6.83921848071181
4.6415209374186,9.89964450265664
0.90240384129237,16.8569292940133
5.56825378503571,11.829483659497
0.236255036463116,7.69952509096584
5.6074232306696,6.8151220103599
5.13672205408044,10.722756352651
0.842828360386193,11.7838322321394
3.01125223287581,9.56095054039935
6.109868083424,7.99692200863982
0.192578829654438,9.51038613334942
1.64188684700968,6.91411895414347
6.14352086152802,6.18828494931428
1.35303429234773,10.1951153162133
1.48950858574904,11.0039372107866
2.18536636969986,8.56901529946042
2.4162043686116,12.1677181638414
0.480748667759459,9.24891728253822
3.7731197325695,9.58200335995687
0.123619813472033,14.0273278301399
2.33901798157933,8.07322401444904
2.28250666326823,16.8041229168043
1.41791198021712,5.68485112952526
0.607872891916137,11.17756776238
2.22840164779666,6.76975930488491
0.995604867115617,15.4909821555741
2.24052586791056,12.34261387254
0.0868458254262805,8.76639171879489
5.51060489167399,8.31194831375746
0.315395864658058,17.9171848609758
0.574889422394335,11.727086737199
9.1943108210887,10.0278855565158
1.72274705854033,14.211184999194
1.77244332398491,10.3341401107161
1.75909282817485,8.54390672774439
4.00761715305929,11.7788670201409
3.87194562686567,8.98903551045633
1.00426769722253,8.71574651765472
1.47709124713185,9.81101252950068
3.09825322015171,9.52480652736095
1.60631168997827,7.10472543747665
1.17762799188495,8.18456093279243
2.11328327833655,8.62876699697931
1.30248314514756,7.10378066051075
1.09822025336325,16.7775484099091
0.998033572031263,10.2158445283514
0.527140798047185,9.77401454318798
1.20221520215273,8.0414012771825
0.745026352713009,11.077802298349
2.23246200374308,7.15185269820509
0.0770349553086837,11.2509320265021
2.72199747889283,5.1925945580882
0.230280495248735,11.9989296097065
1.05491053219885,7.2577648734867
2.32852490424159,12.6818452847364
0.379744709591128,11.6954307889919
1.29325016587973,8.03826108542206
2.05464998251739,10.2104944791967
0.35793074965477,10.5770347848278
0.241278061643243,7.77131678003959
1.98074697254914,9.37108491494973
1.80400956828462,8.44765778928938
2.2957944459373,9.9446138589956
0.373988047275602,12.1129250347563
1.00559724197553,11.5247050563887
1.02439500857145,9.6087849865994
0.709432744421065,8.32030867451395
2.32746378882768,5.20311027906816
1.69998572199585,9.89749263207233
0.483827276155353,11.2145654696259
0.709703428984831,11.41068475293
2.40082419096472,7.8813656765108
0.545898240990937,11.8332038228483
5.83142892982731,8.10110882407244
1.00146076176316,9.85658089617682
3.97730608640199,14.2624244231679
3.24597274867778,5.71944705047216
3.94648003933911,8.68617719451648
1.45225063308699,8.10450595734556
3.90156484005933,14.0836442442992
5.04201656942887,10.5595071087457
0.862115774303675,7.62534311918591
1.60379515093097,5.32912165163262
1.65034456170144,7.42116846986906
2.43245825163069,13.5482227302747
2.37907114989104,7.24373988250705
0.83233605325222,13.8143924137543
0.447831545956433,9.66908309932914
1.84339299044552,12.0624883810369
1.65360109940039,7.37696939632689
0.0328327398719674,7.75735041487334
2.36323175198379,8.8769539167828
0.93888069037348,8.45400933624576
4.16720199932284,7.87391132520449
2.51651495127919,14.7138237644696
1.11758387647569,9.42377883350968
3.20268684236293,16.330347669777
1.05894483067095,5.20129597791481
1.53754957756939,6.68400260189621
3.02418197302108,11.9143946294643
3.43577152473812,12.4748716531237
0.411875735159582,9.03522571303209
7.44801674368692,11.6134577613198
2.73556997432354,10.0095959358517
1.56637889838598,8.1480311195456
0.816036562093585,12.4948719944425
0.561649668882314,11.857760790421
5.11556394000478,12.2157956786327
0.797779562883079,13.3392531489748
1.11560532126712,7.55744315005821
1.89545223114692,14.3461100481375
1.09801363293082,8.13796743533857
4.88780163575835,10.229622003734
2.3933250158185,8.31607184388119
0.055084528401494,12.0520007769329
1.82314173682573,9.29568741845662
0.159267004579306,7.07048106027452
0.602292539551854,12.6923394372843
0.488354199593415,12.8326221183368
1.00451749410231,8.69029571410965
3.59043988941197,3.96740727953831
2.32952691978755,13.9452028075073
1.27874053549021,14.3365012719199
5.68662640418778,7.97982918385234
1.5507227628583,11.1806334988432
1.6281668000018,8.7527535520147
1.19744607713073,10.4082744887146
0.694814327290847,14.4164345996725
2.05225136495175,15.2761195481162
2.98043196259027,14.5086558579289
4.67500963409371,16.551597503934
3.48294385878329,8.75449677320117
8.10627393009973,11.1278634143544
0.433256875021732,11.7562891018787
4.15023238940125,8.04664688211307
0.26948588527739,7.52456393377062
3.77483076212888,8.52237729926232
0.62308759894222,14.3223744302577
1.48373569285313,11.3044725462104
1.46997350445929,12.3801901834542
0.0157038435838181,4.40360750773357
2.43401020756903,6.36190861012781
1.72733473400136,10.4972258487561
8.95310179093733,11.2765254899787
2.8445119946446,8.97090913555174
1.55824053651633,12.2945969207693
0.32716669128484,9.46907116375727
2.07604454850317,7.5112508892309
1.89365318222883,13.7229648485822
1.80701831216384,14.7603612772455
1.61805580734255,6.75135767133138
0.109345254488289,12.0297723471703
3.47399719656038,13.8983321965749
6.46348385479221,9.75539101098048
0.329854452982545,12.3313017778458
0.352387946119618,9.06194278538895
2.27831527396085,7.2412278278823
0.790613060057527,6.68963577199334
3.5620533300746,9.69931583067792
0.0145374285057187,10.2814321171287
8.18780658724618,10.7830219653635
0.256935099818846,7.64137901234347
0.894235744141042,6.29538516638398
3.1706322452019,10.9519122778399
0.220028908923268,14.3738616500816
0.081284868147456,13.0440308982426
1.11585857067257,7.60035051787736
0.835028014145792,14.7984762236593
4.80820623085041,11.0002566792083
1.98825095958056,8.74287867323771
1.08996781427413,6.1967120308003
0.815783200785518,7.22720698946518
3.35053235323885,12.8545030948822
1.27956869262685,10.0258350840946
0.354151943436574,6.55449451281895
6.87947826053867,5.13117420697275
0.848934709094465,16.029723546316
5.46520454038806,9.88156450611907
3.97528785822873,10.5461809248408
2.41481607212665,9.6012180741371
6.411396279595,5.96163327571983
5.29911611576505,8.75625035210274
0.59442107193172,4.71809257618216
4.0528050920177,8.16989793300018
1.16687078401446,7.92359224881483
0.761052534915507,8.19480231617604
0.806806138231709,9.26131803626225
1.51464756011012,14.5419666049188
0.799159405753016,10.3376741782578
0.189466304310115,2.3097632225479
0.262993831187487,11.1536692363446
1.56349022142344,10.9823346734951
6.18680152263413,8.49540954324939
7.52210832717729,7.23614704938876
1.46675639000116,9.61140131209754
1.53461863853442,8.92754149616191
0.491466011934812,10.8001953296799
1.22407274506986,12.7217827689097
2.29392868458273,9.83385589130984
1.04953681305051,12.7376944108377
3.14321369288449,6.23270997137727
3.46161462349777,12.5305794542384
5.42342981298394,10.8044960993783
5.22311473240085,13.9069076854825
0.273379587568343,15.2910597595019
0.547048889100552,7.15060899626602
3.87688719836955,6.22294475879197
1.43532521455529,11.540325031278
1.24696261249483,9.96262643433086
0.259091887187046,9.55642170580394
0.108547328025251,13.2007245462182
1.06408101896493,9.00831260303138
0.704355453141034,9.49507283449715
3.00260658567344,8.78076559260461
2.84499411211659,13.1793737098284
1.0358863105066,10.2144278236216
5.26389439006276,5.23899576647951
3.58406912891154,8.05143970456631
2.94450036261484,5.01474172580623
2.73840733236613,15.3560614641876
2.38845250747147,10.9699385298601
3.73562002537732,9.70507255864332
1.04441621992737,12.2305675516894
0.786042023450136,8.48227108261101
6.61810857023964,16.298828613726
1.4327772227647,9.2392773267095
2.23965433231535,7.40548078829555
1.57032850935104,12.7692511834924
1.62251681826057,9.47766500398644
1.04464650060982,11.0555420231033
0.0714612003532227,12.0691958822173
1.06291275285184,12.5323428667168
0.383258402347565,11.70093934103
2.18984822175446,9.42258549702071
0.3765136199072,12.0328189633181
0.509707318618894,10.3584625169124
4.96476112653442,9.38682042683097
2.83686041586169,12.9040895661928
0.0250550396740437,4.20061932181093
1.47897771923783,9.90877242798254
1.34798095840961,8.84804420966332
1.02247950993478,13.3832654891013
0.319642233662307,13.9835703660449
2.53314956082943,11.0325241941043
0.264034444764288,8.32776700308683
1.63395611933413,11.7155189480919
1.33307086024433,3.77320006284373
3.58146374029213,15.2915701960925
1.5714494320803,6.63885846904625
0.520996944036405,12.5981118699712
4.20128161062427,9.40141919002786
4.43243032296128,6.01701531443474
1.22348483093083,11.304947430886
0.792103492128279,12.8114437309258
0.90962769191241,5.81185576712808
0.165855108202032,12.3700688120968
0.426609854213893,4.81197768742779
0.81512118092221,1.75733192093142
0.409583507105708,10.9091131992266
1.74475260070505,9.82148927601386
0.432070440612733,9.73181825126133
3.34665724205567,14.3644261520001
2.46535564964441,7.94080071637959
0.809693248011172,9.34925499512369
3.09052184554256,13.3824450846321
1.99570055372174,7.64009288444039
0.480928130821557,6.81207092533669
0.748443127609789,13.1424990476385
1.26697119046003,10.3963012238064
0.491228665881544,9.46992585417334
4.88590883065887,12.9497019828561
0.209011822938919,9.41889387271024
1.65917602545562,15.5747414083446
2.19145114338937,12.3920795993139
3.13526466599403,10.8490933110835
3.36717399192934,12.7429728564736
1.39826914421334,14.564892027281
0.865565728396177,11.4089221583906
1.05392128503706,11.0062235317044
2.01401990829947,8.33665246556311
0.942750546149909,9.35807175198616
2.26317838720521,12.5904241123649
2.31399057797136,14.4730444634989
3.16736824421172,10.7259359332599
0.884249981492758,8.63656570504519
5.3126324151916,10.8997293839495
2.7306529059166,10.8145803676329
2.01314073792639,6.65772451571976
0.954471372999251,13.0749921302097
0.485364283435047,15.3899777964941
1.17428471520543,12.3972669257303
3.5949753090385,7.53228750401122
3.34985568357592,13.2529524775812
1.77116600788178,12.5433537228305
2.89823323293192,12.2926058848849
4.95417850947535,11.597419354463
0.142645076848567,10.3840872794215
5.94370914962063,10.1087872570613
4.10299356264954,10.8145811668138
4.44446988751121,6.25692506557061
0.935256041586399,6.36348894812529
3.2961156808191,6.06330733232827
1.91858142419698,10.6082518122666
0.213201169791042,5.16546792487039
1.74947900905999,12.3814176078067
0.00187375780703091,14.9399879432358
0.670669860206544,14.542424327265
0.988774173893034,10.6837724141633
4.30792489995189,11.7256317872253
2.71222224078121,8.81002928310522
0.936272639613891,8.98542143858306
1.63852964892032,2.86707781406025
1.03017254080623,12.4558772176145
2.24081975772026,6.97975794765954
3.1214813004682,7.10783187770186
1.57599870060109,11.1006528734473
1.38649437409471,4.03799956864899
8.3281706552818,15.3649086227654
2.19773020214381,14.0621366693762
0.869672405533493,8.93783227701244
0.604158052106098,1.34435069998709
3.65760181827431,11.6632832740614
1.32262031547725,12.8812477669185
0.884696273896241,4.41594046618738
0.741733255796134,11.3545236848003
0.0920430133119226,13.2025974920901
0.671944973990321,13.3162285722036
0.681967864744365,13.0382634019379
1.99896070725265,10.0669056022479
2.54251231989803,11.8912873617364
4.84813720335193,12.2729774171504
0.0546057511767951,8.83484490331464
6.52202269401322,6.93733279666066
0.588591302942949,8.50927016001325
2.90884414670949,8.11119363089592
1.72331359787824,15.7851965543016
0.145604275166988,8.1945747201431
5.28425672252603,9.44835426524951
1.71611641152742,11.6326662271411
0.212665275670588,8.01242480705627
3.59105917049532,9.63229994452218
2.20316242373837,10.3588341287001
2.99702147302359,18.3103196133259
0.28084628097713,9.55243939396942
2.46140744901242,6.30509234269423
1.61503166742746,7.66665506226412
0.756238556466997,12.8875920164822
4.2937520195224,9.00809847148191
1.92159291083829,9.65645196322384
1.99537953167203,12.9181197159447
0.893228306435049,13.0341801492874
0.133028408512473,5.21333342004972
1.29988353978842,14.8357838296348
2.99265531585466,13.1793644000841
0.791875658556819,11.2367322825672
0.506120069883764,3.69913401101218
4.16089269743471,8.24549223073634
0.154311903616361,13.2502735240925
0.23352150991559,9.74410523040861
0.0112191403989562,11.8130265898618
0.321247489191592,13.4387554198633
1.72852470344844,10.5129068001122
3.14295775799041,12.2321072972072
2.61543324581327,6.07333653689116
0.177927571348846,12.3047682264016
3.65889599902515,7.49934567833
1.3237700117752,12.7841340112556
3.01120457368167,9.99092277681448
7.94899130943132,13.0949365466532
1.34075002744794,14.2345161489163
3.08945156244521,9.08222351374585
2.27181079416516,9.35530822879709
3.54840791953688,8.57818344046393
0.23918387204851,13.285168205039
0.682603687047958,6.6947419665084
4.090674880724,9.21591870035778
4.52913669115271,9.6225330231788
0.443165925642439,12.6416094254124
0.598475552423443,11.69079828178
2.1148097719157,7.0886900085078
0.262635690538589,6.40459270929181
0.836990158073604,12.0996418719174
2.74317603736165,12.4112405829823
1.33963863737881,16.3128973762073
0.30077940877527,10.2141473301182
4.73611417760081,7.10990151298121
0.549555967561901,9.73061373370326
3.98089594749694,8.65984704643509
4.53810016413159,9.7926793394288
4.4645078221209,11.0821048915625
3.71615657193546,15.3955902439247
4.03725542856341,7.06718362537633
1.51816401622238,9.06284696999256
7.48626323362176,12.3110166840187
0.462312226103227,13.1527215288641
0.0466280030086637,4.94486532340033
0.583206377923489,5.77097586622345
0.506578896165133,12.0925520309234
0.0967523325234652,10.6653332266039
0.00172862669110496,9.84576650323057
1.1633401280269,3.36293234739916
2.03525477266851,5.60477001797784
1.74656332834604,6.93810761556023
0.722629288906713,12.8102345671069
0.59916047938168,9.98974607836657
5.49661436279245,10.0688130100212
0.589863127154997,10.4415492101708
1.68526637173238,11.8722179882694
0.59220836710293,9.38084841113161
0.841368362722248,11.7544217208379
0.303642046437177,10.6118086068074
0.090686149652246,8.45054942024178
0.598018768987923,14.7494198106103
3.53099759242919,13.7533093866945
0.910418222688896,10.6006644977846
2.35907417035369,14.8943753503517
0.321528939530253,13.6176564831585
0.798135505586424,8.04191482367323
0.116962471045554,11.2669322877611
1.96945275544169,9.40838238243347
0.708695221692324,14.543639074757
1.83382746755126,12.7016038809259
0.16185564433809,9.83517596812883
0.449022423860476,7.78098440604626
1.84098144239726,10.1415970719149
0.211600546725094,10.8884213596483
0.301621197966571,12.354469654702
0.579339511910129,7.47439366161694
3.25288761017804,10.0969976773366
0.46052728779614,7.24678406634269
2.46118165544214,13.8390946031388
4.57712882409042,4.70267648302268
3.6892411111105,11.8685758169132
4.12534471211915,12.978293772359
0.181781397078584,10.8852731198913
9.21833131411925,11.1320568175922
0.160237822681665,6.89037309436123
0.69768160302192,9.21273661252947
0.00719826202839613,10.0401153854669
0.440020529862694,10.7184667000031
0.527514170348182,8.45516017477907
1.62665547394358,6.88807723355588
4.00819229317789,9.41699485553517
0.866449969043038,12.5354513142078
0.0347271253797291,12.9336420136527
3.3645621114662,8.8892370578497
1.76400613962653,6.70324131775617
2.24689632645788,8.35686510838699
2.98010831483,9.17964093667348
1.44496503836455,11.813538765591
1.92332871063592,7.72110137255435
0.203363972716033,13.0890097191359
2.43780085622313,11.0728816326809
0.84404512308538,7.93972486407847
1.02942467294633,9.62570906127736
0.364461266435683,8.31150311840886
1.06066355854273,13.5707921367302
2.20834143425929,8.08386785699924
2.59287746055963,10.6711209968757
0.472046085546721,10.0678841480369
1.4965836146803,12.9011954309251
0.116653891280293,9.27592604015286
0.0908341268077493,10.4983165070303
1.16587337758392,13.7882542802733
1.27280793804675,9.16350291482641
0.340815062634647,14.665236291321
0.353571281768382,10.3053919115857
0.91530098579824,13.6627569399062
1.07777644600719,4.67123675728604
2.41162299170139,8.67481452569189
2.43038993506672,19.348927636956
3.61770226887255,8.40746685504819
5.26347904999681,13.2189010168783
1.13496019039303,9.31470341303379
0.460171483457088,10.2140633960618
1.77822392052951,9.09245759561682
1.40986811174991,6.64942601452037
0.418481030501425,14.144803224098
0.4856655356057,11.9109926816101
4.09606444818859,9.96522474012352
2.54757813728395,13.536196346945
4.02717091871386,6.6805557385005
4.55906267066426,11.1505215636693
3.10418428654701,7.40869293016957
1.17800904996693,11.8276363291833
1.70084669060054,9.10575894159537
2.65247060908916,3.40916588465977
0.140722787651936,3.27971455449541
0.969544135793108,9.56813206952444
0.933738781139255,9.54110178146336
7.54895492083174,11.7746460584404
1.64527659296038,6.76714434765975
0.701475355221471,9.94808325352226
0.0878888266161084,16.2366811566359
2.28288986898007,10.4896046021103
1.03921645879745,10.1475943153997
0.320616864599288,9.82912518867136
0.938173344358802,8.02361770403419
4.25780177463718,9.1231685158977
4.14434017224198,9.14519720596505
2.04163310234411,8.3105417525483
0.879377235658467,12.0926394764836
2.60100155501607,9.96463383141874
4.56519456555076,13.015616241788
2.74879627293887,8.49820765320978
1.28836207091808,9.35552391450806
1.35933644417673,7.30525173821436
0.00461082812398672,7.11565657438473
3.58778542466418,11.1754249613755
5.88953867931957,8.78735582471154
2.21073371349814,10.2057219207555
1.25564449932426,11.9892031976478
2.72746761879864,9.51332702784097
2.73332839721098,7.77995817969504
0.961941404268146,13.1689538621583
0.334981409913956,11.3064671439223
1.84333917789595,9.17191134456498
1.60591850235107,8.46506900169191
3.90599927289372,9.51024193925505
1.3967057999277,9.15327665642605
2.28887700653615,10.5771845043915
5.38344580282397,7.77038476538096
1.44657791583779,1.36721662937932
4.27443428684898,12.6816977577229
3.34949506429916,8.96982626164972
2.31966177924516,11.3382929646
2.19602015978637,7.79336222398592
0.326784743138639,8.66224627584891
1.68310950688067,10.8493601777752
5.19223470588155,10.6546512587146
4.28068290185217,9.07326052057844
3.03815507126932,14.8733994213108
0.293442649766803,3.24040949973153
2.53881680957022,7.55843975789417
1.75149207181277,9.87644510807642
1.14966509304941,8.88282986294522
1.69982478014174,9.22245640557
3.28326344100719,16.0707763405904
2.22184805104058,8.63848203379237
3.27610457720654,12.4760410377667
6.98917655232263,9.55100220738209
2.98914480937605,8.81421209883276
0.428695603273809,4.49727267627555
2.11828358649256,11.6610537341845
3.36186501739507,13.8323718635903
0.711511577289142,10.1413313619194
0.989688037894666,12.377610900472
0.20793682243675,9.76833936009215
2.03841223186793,11.7333398273453
4.94857626755662,12.1210179686242
0.468437311457866,9.66215499872943
3.78631088865881,12.6370285089959
9.14960573596558,8.4016093971256
1.2250713724643,9.85081672699946
0.849110369577772,10.9067263015042
1.80892934828045,11.7952890517596
1.58204603186789,9.85377529623665
3.93179801834707,7.71110456756326
0.101907287685924,5.26544608724273
3.71523442601049,7.0840426116191
0.531057511456311,8.32314745301483
1.28476407006383,9.9940610770468
0.754769776016474,10.0896380663108
3.06182613206987,6.65058344987007
1.09588084742427,14.6944780162385
2.77802383185603,4.97557901713562
1.78217065891907,5.14729670564489
0.619112086127549,8.78099793443629
0.767548472197064,5.73135338424802
0.0807099712102315,11.781811807795
0.547958848066628,11.9926334218728
1.64532379425111,13.8895057368031
0.329396802932024,11.1418863916298
1.16520443651825,8.54417731173923
1.88650019831004,11.5759988438405
5.19515178699918,14.5739667544484
4.24515901108213,6.54744511545183
4.17336633242733,7.35797030323161
0.0178425814956427,6.8828578640114
0.704430716112256,4.96124772587827
1.14342325528857,9.04326219008668
3.89160289047823,11.1575066276143
6.0398032661892,11.4897987182826
0.616419928148389,5.55812179375259
1.50951326257529,8.8709827264586
4.24170593519635,5.45813485025781
0.2666078369333,2.62557125919409
1.7883156146014,4.35080892867564
0.470940673723817,13.0456853045989
3.39071448503022,7.32264248950961
0.122726205536994,6.6192058898845
0.137715208978938,7.73337510913036
0.216421159426794,8.17377182129163
3.34264910949354,10.8280517977077
0.486395496875048,6.88207243378968
0.706058758310974,6.30884104560954
2.45098865491284,11.7366715077799
6.44937650825749,4.79838616360104
4.4404985712306,14.0932531175831
0.361927669294605,7.99981959296471
3.37153802104836,7.23005631411413
0.520233453251421,10.6540111387852
2.04252265571597,7.31009783010011
0.0183285707607865,12.5527821070606
2.70994481435957,11.6406422439846
4.35373279054589,14.3301027579334
2.29449223159792,13.6424122799399
1.20452278107405,13.5001319872553
0.552449261507531,10.6306032841364
3.24082498494809,13.8314845141078
4.18324658082848,6.80979964230287
0.938526294029508,8.62904935552841
5.09527217199035,11.9577487522388
0.302955251187086,9.96067915015546
4.49331670109901,12.5245791497209
11.521211593671,7.86155161413253
0.313987310568827,13.2905847170297
2.35098803221228,7.3884428834066
0.703311619348824,11.2536517411488
3.1023189895574,9.37576866973574
0.794587195850909,12.0242466325396
6.87688916888008,7.46632982288595
4.68305106063314,9.57840189821292
3.29601781425958,14.2960155720899
2.1032464596534,11.9949895743552
0.048675066440774,11.263811589752
1.82071887187332,15.8402939381008
1.2595190666616,15.2253972862773
5.38334237386413,7.55699991264753
6.41699822213421,10.5365945307288
2.9224372362621,13.2616050645544
0.220594046637416,11.3099510925399
0.103906258940697,13.8954573043181
0.045343960996123,7.58358792816584
3.20231156406884,8.44740981662361
0.164379785768688,8.28520332846562
1.06406425871601,5.64854038818961
2.98814983649139,9.75250743260206
0.336829747073352,11.2810719880973
8.2130618500979,11.3645888559677
1.06470161862671,9.26552555384307
0.500391114503145,8.70861424480907
1.22255694400519,10.8923144396479
0.529428741894662,7.98880732509158
0.475640703924,13.8493523934531
7.15534393074823,8.94823275196512
2.41396702258828,14.3119344767035
3.80520927516704,5.9220787187915
1.26122388150543,14.9747626418069
3.27245903037109,14.1772607117361
1.04230682551861,13.2032915838092
0.106256057783084,9.99208135629801
0.547349176369607,9.22258415661696
2.76887802957537,6.77908628062213
1.71582033476772,11.297211977564
1.27265182696283,9.94325105347844
3.9532105282351,14.6371308477886
0.128968235105276,5.53214570970794
0.102779395486492,10.7294528715475
0.770097057738742,7.51347340557547
2.7756949214447,7.83383820191441
0.725226340815425,11.576200310628
1.70335788085105,7.57772360570356
0.619835328310728,7.32592797017833
1.01274240203202,8.60703364978941
5.12640394617744,8.25154474287957
0.161427900195122,9.91895883258882
5.64773237671623,9.55261084315802
2.13379530972781,16.2922411439021
7.06466538789582,13.896445740849
0.639595852257514,13.5227273350709
2.29423143333736,10.8220535593142
1.68646632685306,13.3928775767606
1.60658617868068,11.8185438456652
2.21646080343964,9.51705828927584
6.88194036450157,12.014591011562
0.719486727379262,12.9478811203491
0.0500339296214453,10.6090108589215
0.389600105583668,11.4363155115741
4.56565685172505,9.63608218155457
3.69617906568532,8.0301008325888
1.1691123470664,9.49245852343494
1.90811972684207,8.66244520180584
7.05907857748294,9.83270233438113
3.28261996416335,9.03857384565256
7.83412146376843,19.2860447499659
4.51389946390815,8.18352610813377
1.36214187636636,9.09688393262319
1.5515842584439,18.9131918614232
0.155824973247945,4.0586470695013
1.61118104042257,10.0362278451974
2.05066698690137,14.3573608626735
1.08053580342631,11.02449255828
1.79744949336973,6.19929253341052
0.585844565182924,9.80855349497813
5.95840623941193,7.47454583911304
2.35922803721371,9.45895489877114
6.33283668722878,12.6289817214988
2.01343780002537,6.65985883407392
3.21246645210271,9.64787626665962
0.493871625058418,9.57714138025971
3.10547045601492,8.12091194065532
5.57185142518244,9.39836669166881
0.155967307586101,10.1808510091972
5.40583474536367,15.62257771663
0.874942887574434,11.9582180384432
2.4151535424495,11.4289673755693
4.30999223490186,12.0217082184482
0.1515131611377,13.2339694102333
0.133716729469597,7.29280449194983
1.35877468902618,8.35060912790493
5.44505975742765,11.930394249526
0.460474431208315,6.92502053956701
1.15406268267215,13.0208015707557
6.65008816568681,11.5236863936956
2.35706163561883,11.8206989408036
0.264583693817258,11.82535264648
0.138865447632939,6.48839098246095
0.56424623914063,11.3149087408024
0.406235225498676,11.2940471942547
2.77157338513973,10.5366664349112
0.799879445694387,11.6042151444379
2.65650686799529,14.8897212632242
1.10986377391964,12.124727682491
1.26976772211492,11.9107480107169
0.421309337951243,9.04832074241236
3.05892701786259,7.24452464051651
2.32265821835938,12.5632429458805
1.20602392219007,12.7566442255253
1.07736989194765,9.04437065840687
2.24753729618135,11.1600843612694
1.90322366188049,11.3233198309811
1.92770112483742,8.60786736942974
2.28297480373623,7.97470168420521
2.03545160024407,5.64924916334485
9.29625061849013,9.33405660806703
3.35093342077312,12.8427528240506
3.40460455773358,12.3922915338068
11.8798649006321,8.95936701629928
0.0487146763515564,6.91109512394868
0.250260262750089,5.79584376306469
0.409543568268418,14.8539325446496
2.02370789452436,10.9407440357618
5.0073217370458,10.7769016698321
1.27796378172934,11.9193092954188
0.369403745748281,17.4843641418881
0.544762393459678,11.0486729936302
0.6459323130548,12.2016372917144
2.31870686616251,8.05049344528724
3.15282072527162,9.91965695370637
0.461626524105668,8.93835967461805
0.188125238121415,9.79170811753857
2.63706634744051,3.4157273960481
1.41420449680629,4.58598333358566
2.10979240751805,10.7480875454377
1.91360514975133,10.041775054116
0.500161378644407,6.82336480926719
1.57839233824506,9.63511097729756
1.05134071797352,7.54782032218088
1.82824534541907,6.43158516608129
1.23805354814976,15.864975633253
0.0347294996891517,12.7112005847455
2.39213684963424,8.19243364853207
3.99154674617534,9.86699323265133
0.119115571314207,11.9516310789474
1.51254229425433,12.9214607244157
3.33327905071859,7.9757186561329
2.455200612461,7.97918176798303
1.09323983453214,8.92697576580236
5.22446089585252,7.38559298633703
8.51583072596997,7.76504750122222
2.41647333457115,8.29904479628977
0.339254993223297,8.81956817453756
2.86287805421238,6.91039293415238
0.452650063671172,10.4159670351876
1.0088989874348,13.3838261322866
1.42718494861367,11.2805105510905
0.262479444034398,11.5493634195746
2.66848304641836,1.84971861551939
0.797505566049943,11.5339873693448
1.05710314959288,5.999181584214
1.7629025363085,5.90745133259491
0.0152271635257132,10.1548750112758
1.21403488051146,11.3970999065213
3.36365940032487,9.5144240044881
1.87743923253503,15.8295575469966
4.3811759535626,12.394212870733
0.987094354815781,7.49378101541299
0.92811534088105,11.9370271291849
1.59056518057557,8.28508135895978
2.51636501579526,11.395801386149
0.865332105197012,4.79915645343702
3.11041850750551,4.68281988838174
4.77877746124692,8.86368331062773
4.93702544619269,9.07203613197153
5.03566377957292,8.0939817612087
0.504584648646414,10.865493027873
1.95616366892102,11.4016025182915
0.272206244231171,8.03642196229806
0.105832491070032,10.9772613351838
2.74413632034304,11.7402787177596
0.461951030418277,10.3581491086319
0.96285497959047,8.64447499588145
0.648031264947432,10.6112949636057
3.19653770784285,11.5102703349347
2.82707068235876,9.79157980750821
0.126372689381242,8.49981746878523
0.69504417758435,11.7517973672164
0.162227707915008,9.37485816188138
7.27469497673808,8.79619222566479
0.0251655485481024,10.5260056936601
1.97968624523821,6.25768374311995
0.237835187464952,7.85169268942719
1.21158739551902,6.95192605324454
3.2065212575901,10.2156236918988
2.75742021567168,7.99825355039217
1.59339751853588,12.0241823348984
5.50062830348439,13.6476127182894
0.822392029687762,13.1557683761218
0.967393812723458,6.96493177217863
0.290262833237648,9.61835806157384
0.263442365452647,12.1055131538899
0.497448907270244,12.5204002986235
0.656022061730691,9.19754928007583
0.110945915052132,12.5539490515775
3.53902875615244,4.30305461370309
2.57582300893011,8.68867412879026
2.575525900265,7.02242949870736
0.176025473587727,3.51641569326173
2.22461336526349,11.488837482701
2.27953770562055,9.90664665343449
0.407203693926041,11.0266310659577
5.78929088976154,9.10799304165295
0.572286460548639,11.0353776390323
0.221715209370712,10.2084610761523
1.04191584959606,13.9049814757762
2.22717419483095,9.35836955162769
1.65110740057173,10.3139991142601
4.76741781433053,13.51915378396
0.131514580920339,9.8738821412483
0.964365972205997,6.46234658657867
10.1668547177751,12.1370110111694
2.48428991614821,5.81642779113011
0.948339909741313,8.62983215345276
2.71249675183537,7.67657817800596
1.07423587050289,7.06193773182417
0.917938715448353,9.01712066338314
1.74523381127179,11.8115797620833
2.69602566390278,10.1124822255303
2.73191277860644,13.5561105913865
0.513729758718913,6.88032015124089
2.3031350019479,13.7490887962391
0.750284019857645,10.2939095751939
3.31677086261993,6.30648358137462
1.11835879459977,8.82205694268268
2.91357248632197,9.31945650818846
0.986258888617158,13.3093844631497
0.618212824687362,7.32074970427927
2.35137600204241,8.28529685026477
3.92106717435603,13.9352756480116
4.12509515492206,12.8968828176858
0.516688495884637,7.5271900155353
3.49974246077461,6.60107533990008
1.65760606891456,6.21725055228884
1.62397085680606,10.9079939447228
2.02908275934015,11.8577398694626
9.63304588893309,12.9520273263687
0.753568154759705,10.3016126702633
2.77313261403986,14.5525872212316
4.37399646050388,14.5000511760849
3.2544589488018,8.24097142103404
1.0320893228054,9.23175641468024
1.48123162417653,6.1615904358687
0.79377303365618,5.88633244114674
3.05350630419176,6.99414321324004
1.40241700029912,4.44320027662508
0.246785616502166,11.4686280279116
4.5317682032274,14.2301163349217
2.83874254023677,15.720994341704
3.35629389683243,10.387024034725
0.245334659703076,8.10204507948873
7.05504135372949,11.0775427197291
0.0766900584611405,8.07752476387903
0.892989590764046,8.09894493054035
4.31033020068832,11.564223270251
1.19209913350642,14.6215510892645
9.93625921319827,6.56644161796305
7.26325683405327,4.71478257555242
0.105507986669677,10.5579366644417
4.54564450831329,4.61649372585406
0.230011632665992,10.447199701638
0.295489739482575,10.890089589997
1.17684448044747,4.50897630372316
1.870437502777,12.0816012056386
4.28844871054639,11.5359335683545
0.103891041283679,5.35199330210655
0.0518167139962316,4.92362124854519
2.21212735068094,14.3828601384549
0.770478476770222,9.75044560590127
2.06720151185038,7.66798555726986
4.17639544953532,14.1542909649905
0.817769343964756,8.67659686211823
0.54600618313998,12.6496590022279
0.0307685350781994,3.95934797952715
0.399088639765978,12.0716223339775
0.504055094656763,6.30969176285891
2.76664813972058,9.68318673049042
0.131097198463976,10.0016705329416
2.49070351748707,8.6656886644828
2.14410011834445,11.4535075728584
1.36331790778786,7.46061906938271
2.64804669088664,9.93511782375147
0.684877044521272,15.0281980097113
0.227978221140802,10.3313754919796
3.01501044837532,16.5956317220361
0.701236507855356,10.2772995003618
1.47404928247933,8.5938676375678
0.316495475359261,4.42142336836614
7.27062731990586,11.8010398671989
0.141122165798561,12.0822546116221
9.66619864800825,5.61828121107578
2.36648216835203,13.9972018353076
0.971360113471746,6.64210445608358
2.41679965882542,8.94225800182081
3.19957508803692,6.80862260307904
2.02873667134883,4.96746851750652
1.07897847983986,9.99194505504792
0.420811631037386,9.79481213789353
0.658286147750914,12.5595042172193
0.819532417692244,7.71957798784693
2.784478418361,9.79278501416338
6.68991121616135,2.5284776370485
1.06287122213408,10.477017380774
0.750674982555211,8.27847802016923
1.69013987659457,12.1285577003902
3.6253814807344,10.665885798132
3.19862578419929,16.4175716522679
5.21600077406476,10.5537503982245
2.1370256654078,6.98902856742336
1.02879528515041,12.0019379278188
0.528328389670458,8.83054055623007
3.01518489031081,6.4599313693664
0.861888088285923,17.247209852891
1.51011564574184,15.4167226591361
1.69134050971808,7.81259984032094
0.925021221861243,11.6874289175824
0.0949519677087665,12.5490953642059
0.000559933236187358,9.8879919607856
1.50558481859195,7.84842770004134
2.56229725121639,8.03094844739586
5.26514175881572,16.5698604699806
2.14642857751789,8.76608684333151
3.45400547964459,10.1513020247906
2.86668099563761,8.3489481127982
2.77906856673457,14.5783019283531
1.82201587357751,11.303934381307
3.73576560227161,8.41341480447382
0.629617989994586,14.8223216806624
2.68079776122215,12.5533123811708
6.55488097634087,5.59823538085494
3.57811856253033,8.06637642695518
1.86631391899583,6.12487448845065
1.38717508866432,11.7814020951845
0.65991619902089,13.238550612393
3.04077448679094,8.68833231217136
0.806697368328314,9.70800693781772
0.385985900484052,8.48814710280309
3.00142377321131,7.75493558032526
12.9051044641961,7.93623903097844
0.674880846403539,11.4821057609822
2.78173033876305,9.49588606955877
2.03675166881623,9.54627911491782
5.37781010915465,10.7965530570048
0.216325474046968,10.9101857882248
0.825235661119223,13.6935985637626
1.83863497889581,3.89080982534902
5.09805470307298,11.4927826575149
1.43544740483867,10.8236098540247
0.695274005989488,8.45235595799552
2.40455519213321,2.08192761505253
1.06521185766906,9.92061203959425
3.21273606253748,11.0151640990596
3.12307193113451,16.0290959014761
2.82141673175578,15.8885223782012
7.68740417616624,9.2173739053837
0.72473608981818,8.69372578357213
0.829312794841826,2.17405763519126
3.69395853880734,6.8951756488489
0.245041828602552,8.6398816267551
0.0722039302387446,10.417766293277
2.62793129487875,11.5371910330779
1.8190678282732,10.2983744646124
1.28171690180898,13.3322159551124
0.694435011671515,7.32309588689027
0.648470660671592,9.05004473857724
3.08296567972007,7.95758298840796
4.24909731157858,8.3461484506082
0.723842936728016,13.6190383394708
1.57596064515933,8.90303884505454
2.91861795620971,12.6910344940808
0.244504295289516,10.8306043060998
1.07775028329343,2.61942438956125
6.19438657130966,13.8952181517644
3.50218782929664,9.78723046550756
6.94731329037938,9.13983524357257
0.215768369846046,14.8538185469431
0.490274543873966,12.0460974181204
2.71133092409911,8.74261996786811
9.66783336499586,9.83116201894918
0.946401511318982,12.9670634359768
0.405437525361776,14.451669430806
2.45684054112973,7.62756784799809
9.9914942713161,8.268194491232
2.65607230729404,4.90819027490232
0.69035814050585,12.1522750437611
0.425007315352559,8.00473649695871
0.412293430417776,11.5672691010707
0.609859122464749,11.1469821058962
3.10777690364746,11.0144339824223
0.246074671857059,10.1882965239202
1.81962056822124,12.3938325209304
0.889953312464058,9.16462977187223
2.99174388799239,6.69270416896573
2.74155193000081,8.60241041732685
4.26913880609353,7.38833866605808
0.677195102907717,10.3649895443228
1.37095746770501,8.2437943428222
0.676705685444176,11.80998082422
1.48580358355286,14.712477175987
7.16447333576989,12.0027372617867
3.97238942963963,8.0491798483054
1.15021157544106,4.99705423986188
1.52734011553439,9.58466592204156
0.319327163510025,9.54662389884268
1.98830957508703,12.6907531882155
1.3128808522597,15.757357237368
3.81361584721093,15.3672565485251
0.859401733614504,10.440663773788
0.586427112109959,8.20773025175616
0.012779970614978,12.2362841360501
0.0136371497064829,12.2679793144221
8.32072273591414,12.8355874632514
4.07170147804504,6.32504150467846
0.13222855722369,15.3579556161447
5.44055896591587,13.7936988968691
0.411915839649737,13.4376863480073
1.03637263923883,9.52427191598108
1.01080382522196,13.5739577103282
0.567027697339654,3.83845555657977
3.83807160688524,7.80996845726407
0.70502466801554,7.41087526459615
3.91502421705012,9.39557747632553
0.0786137936094394,4.23458561170766
0.14972160143835,9.00291285744231
0.528724722465071,11.206605119017
0.821870180954755,11.791491036009
1.12748653313608,14.5059631558934
2.37012424870374,13.3849203178977
0.83026790228952,7.66132406159493
1.67884241036119,13.7670680466115
1.37149840779603,11.6143453165215
1.04249318409711,8.18679679526557
1.14696253743023,11.7119710718678
0.597114296630025,9.9136938096088
2.34205746828559,10.405328027737
11.3067876039394,11.0024306773194
3.13064696371721,10.6697408333051
5.85956706073055,7.37223719718039
0.946489718472328,10.6651198536256
0.849655809812248,10.0568819606403
2.82488631349399,9.55633668391099
0.960408344864845,18.6105648767046
1.37284127064049,13.7062074472958
3.33149784041529,9.10562815989513
1.56543612099233,11.8034356798185
0.0765220504254103,9.97246761337231
0.970853423699737,11.7643369425773
0.631508474238217,9.03065516665879
1.76136209993603,7.39321025908743
5.36130909223981,9.55455914017159
0.0650927402134777,11.0567405994949
3.25903900323396,9.96532691566298
1.02609058474505,10.5597709176021
4.48212190319724,10.4351226989446
0.934895791113377,14.0129223681409
1.21407620515674,10.7985649184336
1.01675002742559,12.1550213928278
1.15229920856829,5.19248931954029
6.48695410754452,8.06088217723021
4.09903782589321,6.5905090625915
3.99407463503962,11.9664297242628
2.68399694553557,12.4000802960234
3.05547146482353,9.77359415091839
2.3169823027307,8.1243315878488
0.403272110968828,9.98230866620927
0.910251689143479,10.8003064044273
0.596612251363695,11.573733092791
1.03868925664574,10.1478514376383
0.0495118694609394,10.7936661605587
1.19210763368756,2.19961209437865
4.28490560104079,5.2217361902016
1.46229514471235,4.72880266926728
1.17114186100662,11.4600272252498
0.595780207059294,8.56594647042988
5.39009246577449,9.22213133361056
1.00897534471005,13.5245054722386
1.76218427895548,10.7149952458971
1.2621590597555,7.69794818480038
6.49267062511215,8.42628661047596
4.47748396892972,11.756189604105
2.680526683023,11.8683653425555
0.856916576623917,8.33262821615359
3.82536127532165,11.5062175168091
4.21937907089419,9.64943333253153
9.36530604427111,8.26501526920696
0.123743981223004,7.79234609507158
3.63183177682234,14.6155964385299
0.433368087984944,8.56884379720485
7.51543906670449,8.35803268394752
1.62444515704157,13.4447923116256
3.55691226554995,9.44545065060574
2.11521291351857,15.9570853468646
0.535783183760941,6.82257023496262
2.57413903747727,13.8161954596745
0.999462979845703,6.5857251281511
2.43737756266239,8.18461175705307
0.792067409493029,9.28152405192985
0.876581528224051,8.90410144784299
2.61306846692207,10.2525873688299
0.271737824194133,11.4782086745607
0.198759257463344,8.55929119624306
1.78389469339492,11.9381422608988
0.526640958152711,5.65864923413798
5.409450340764,2.28597925133562
1.74038467734101,5.20509645215333
1.75023852466586,9.93676274865695
3.02541098911579,9.86118325833852
0.805210929913147,10.7752793752146
0.504073358140886,6.74671563379165
1.82838573670926,12.1841689067805
6.74380384351978,14.8144403220587
0.1000403650105,14.168639692238
1.78236201955917,3.82908914216981
4.07228310016875,10.8295945061343
0.495756442318692,13.1381181224732
0.838362263515592,10.7314684696387
0.422581874634378,11.9447149200907
2.21931978865507,9.34866496876965
0.751997653394938,4.24851519332906
6.41650822725067,4.06651526374522
1.88301079898121,8.557103525998
5.22550727029271,14.2270230131834
0.782999130897224,12.7079265059875
0.0638447898182373,8.47297175560661
0.00497993733733892,8.06404371358131
1.41854154387012,11.2378874396552
0.88536830060184,9.78276413117769
1.42351531477232,7.85570648263997
2.70624969891253,13.0796159370403
1.4970404318625,10.5499456594398
5.19343637277312,9.30714262732315
0.0317210156412312,8.72084089056445
2.79821581004148,7.36653073624481
0.152836963301325,15.3492108954003
3.27619985846763,10.0387095177604
0.392009608447552,10.4711835762945
0.520905805751681,10.6942451453509
1.76237884900513,14.3718200885808
0.134643389678459,5.76475763218053
3.82276094688063,10.9892477540962
4.40215918024011,10.3099775419384
0.058704408627349,14.4533194588155
2.5609913933182,12.2244724201964
0.562793164514005,11.5885381004951
0.568279782374674,9.74277580999285
0.929044608026743,9.61491716036148
0.423122759908438,7.42300067226315
0.0833307178767961,9.62868635903297
2.59728847994449,6.47660009654779
3.26157407692831,6.76050672892246
3.18739519996529,7.83644377402443
3.56285609288101,5.51880630242948
0.551136333596771,15.9940361230775
0.674317087046802,6.50350311940107
1.43453226155012,6.13501415453941
0.778364891824547,8.95555078289354
2.69561684123221,12.6417626349369
0.117005593143404,4.88331401757728
3.0823078600872,6.84189276804251
5.78805295130449,9.78472646467835
0.760309441946447,8.51612985774336
0.477743348166348,9.51128445870172
1.16175568755716,14.9648723238381
0.69212706014514,11.1685833897356
0.425867422452133,7.06464552661214
2.1900897937918,10.7312700713758
3.73210678232794,7.32313897723109
3.00170556811576,9.71415647501745
1.36086490843445,8.02295957659116
1.26078550690001,5.515652182506
0.692024507559836,14.9590577672639
4.95689352204032,8.40140552714845
0.719214539974928,12.945832775705
1.68993107966127,6.75436406594129
0.527576923370361,8.51980972650055
5.27401489366717,14.9595424324197
0.798556560650468,6.4865606632223
0.217811370268464,6.10985347149562
2.00885137348416,10.5249652542082
0.0546583887189627,12.4015519689187
1.68189061400815,8.87777644518019
1.63056264250519,2.95754685632797
2.19807853439216,10.3184046790476
1.85416612393203,6.51619484781222
1.27834825124592,13.8106067932082
1.94764910952761,6.37243775253491
3.67948586849456,7.53274196987831
4.35671768684812,10.616185336553
2.02913012347164,10.0063257546295
0.672533076256514,13.7977595359572
0.0548281902447343,9.62651815298063
5.72215359982303,9.12039204149323
2.67543871110716,9.46358206296725
0.0718629137538819,8.96318945873213
9.87278983310657,11.1497923393036
2.09814318298254,11.1227608543453
0.576642382908967,3.85730964292579
4.78263251830764,10.7892541442697
2.75191768622937,7.47330826902425
1.63891827632758,9.24936947504614
0.342195690609515,6.73052128730831
0.560330179519951,9.34799635780274
1.59809124275091,12.4061706425245
1.09908929094672,15.0892571718277
1.1391448751092,11.5452414186809
1.16804709210596,12.5660048115233
2.67847286342623,10.8272874548411
3.3073398543704,7.1363725840694
0.721281940117478,8.41565039104541
0.213853147541057,7.38954046225836
0.55361377151704,8.29214978067345
1.04494986031204,14.1714197633963
1.50720548424581,11.381533683384
1.69199709349258,13.14642812064
13.271965946246,14.4718579825674
0.363985328003764,9.30898818432914
1.31420151982456,11.0094802189742
5.70279158618221,8.30625676423088
3.15738673118835,13.3509841699122
2.97012224020434,17.6389220677553
1.25047350022942,12.6678315729563
3.52246903876961,10.0564579245291
3.84514745680575,6.82051821362147
3.99665613083129,8.29761021523955
1.17921871133149,17.5150474674893
6.59836205806503,10.1420949252394
2.92414765023115,13.6500160146918
3.45657848177438,10.9257553851699
2.103218447333,6.5527491724004
1.57127124880843,5.40806545086149
6.09057830240498,15.5616446848757
6.50301663543949,12.3514059325008
1.89874727643075,10.9881300795459
0.947466658428311,8.85775652779678
0.910710367374122,9.25953509027357
5.12563225229211,7.79563418094353
1.82430172703209,10.842375346982
0.96288993395865,10.4477673791127
6.4946492310978,4.13650746661994
1.5123136396611,13.5183543933719
0.23631618977825,10.7317236220275
3.40857917426114,7.35810090741826
0.959497693926096,12.2082449492638
2.89118224501327,9.92446939185674
3.95888890681748,11.2667911796963
1.08910137135535,11.4644743606994
12.8756794586667,12.9868838881708
5.72370745687691,9.63615170750321
3.16524783505087,10.0321291490386
2.74548103838208,12.4272062023019
0.0729410497046931,8.85613828354862
0.291846239665942,8.37059776288434
4.50359103430934,5.83595000289968
1.12799557391554,8.97344983914542
1.15276612155139,9.1351510051077
1.04149209987372,15.330237746974
0.269865125417709,5.3988593707656
0.0464110588654876,7.37174164818599
2.15293188154311,12.8030362032326
3.2603610165517,6.66732328552199
0.443428639322519,12.4741426274117
2.06618089406731,11.0240221926381
0.46959129627794,9.29067748439858
2.48256749837639,4.88773404009024
0.25485213133154,14.0058687896674
0.733550117351115,7.9835412217625
1.05784929450601,16.2486867690651
0.0885640082871868,6.89038109972644
1.21738161984831,5.66426550851642
0.761373016983271,12.0957210546735
6.92137381400833,10.4821945158633
5.30490506787725,9.04580527360488
6.22819162597775,9.12642073188326
2.07771546571496,12.9701468715524
1.90599063805545,11.9890230198628
0.626919044181705,13.9587565208532
2.64386455147507,2.46872274120214
0.601071421056986,14.0679487105091
3.3477430155683,8.05242978151045
3.3377678504396,3.87390772598762
2.26607214464786,8.20780421105437
1.57388707241955,10.0230153580579
0.900506522506475,12.4204382894757
1.68345243577917,13.4059183892871
0.461904128082097,10.8895155980095
7.0015986669333,11.4563140068375
0.714422704651952,8.76325664088481
0.672153784211815,7.95982539100398
0.736473157070577,10.4841467342733
0.797826289199293,4.16772515922004
1.30152547266334,11.8890777829083
0.509529792235315,9.10014179757414
2.13321976081112,6.32391665766834
0.139961017295718,7.24673624897678
2.87848159654026,10.3127727815664
2.96192135272508,8.05216817546663
2.12581586162092,10.6896819502572
1.57071833117845,8.48259487076519
0.418530656956136,9.33576091120375
0.290322860702872,12.5343663980569
0.123052177019417,10.1425258341755
3.9959920568574,13.9414399590391
4.33927519966788,15.4471677917713
2.46231398350539,15.2219746038467
3.43896689226657,7.437240729099
4.93997961630054,7.94814606237676
4.52663239438958,13.1541162881225
1.7156752142215,11.7701015209511
0.196851228363812,9.45394090556985
0.532941894605756,12.5146676044091
0.852911937050521,14.5911302653738
0.564275559969246,15.104462756069
0.178949641063809,16.165379025739
2.06025956331444,11.057523730379
0.0816791169345379,9.07623169059304
1.43114932804349,14.0631868664363
0.192354856682735,10.184432565038
1.28963670693338,8.06910844655515
3.01420725590634,7.95668950544437
2.24151702030542,6.99189674074392
3.58161064536192,8.54131334119679
1.41002883378753,10.2364042930673
6.29078092222359,6.04869372993556
0.348457197658718,9.26411630711862
5.21051423598952,12.0868400175206
0.953228406608105,11.8859497948617
0.988588379696012,11.3334888713674
1.47560181460323,9.27019662525991
1.87510434902253,10.7595364621942
1.79497584692183,12.1302384395415
0.548781252466142,6.24941331277428
0.819856923754311,11.4583755758272
1.19007795955986,7.84354702914724
1.12944915518165,15.6195579739572
2.29532368219254,10.9229714626768
1.69457091559364,10.8500839115043
0.546641499895931,10.5419456512618
2.01707605992475,12.2263990399337
1.44473890020492,6.65598210001868
0.9675573739621,13.5934350202341
5.00699952592082,8.07074813716925
6.19549426402817,15.9415053428702
0.848468559139721,8.94138969591875
0.891338309273124,9.27133036259959
3.95071561245208,6.48941516646054
0.760435359552503,12.8841826015067
1.66583230524304,6.83035902593232
1.85195894622304,5.20771354675147
1.500968567943,12.3391319408685
0.374263908720451,9.06978302608436
1.59780431089025,14.0631974805963
7.80290139797044,8.82272271242972
1.81065526409986,6.00332219607958
2.06947634174469,12.5837081801963
0.266465785060426,8.99787137370061
3.66902160268434,10.1411086856966
1.02605560980737,6.99463781196659
0.949861317873001,11.5289885630672
0.601519243791699,6.93091139981589
3.99384704638574,13.6153489642914
0.18274228681554,7.61663906591359
1.06629042233394,12.1579475928321
2.3259777907914,11.9177560863189
7.78413201453996,12.3900710164207
0.518056201721771,12.2260823695738
0.712518053129315,13.104950620001
0.307745540514588,8.36376744367942
5.78776249255905,7.40519160011213
0.145056361332536,11.8407381350531
0.493213435887723,12.2209352471615
7.69661035437818,10.8363750102026
3.73320067596751,11.2895075046938
5.64212153818379,10.2896987139801
2.39981189920547,10.9011147918618
1.63727549886821,13.6786758208789
0.517480107024312,8.85846469893053
0.0305333031802759,7.0418018119
1.06580383330584,8.3656936035418
3.40438607690816,14.9940274350613
2.38256049892845,12.6570123514711
0.620264030992985,11.0390075025835
2.96909756882141,10.7734156369806
0.0140358427987118,10.815132700806
2.08503899776919,7.10944399295082
1.22246829047799,6.15134173722287
4.35060382236667,12.5644567307115
2.45994189559462,9.12623911690537
1.31160937715322,11.3744137460977
0.224010644983067,4.68008103416958
0.633316323161125,5.07149304674303
0.599831476121255,7.75658467770769
0.951174687594175,6.86851969624997
4.77124644348794,11.4081968282644
4.13701994327788,11.5257910566009
0.967672128230333,11.7218244760265
3.35152856243734,12.3428105785504
1.18242913205177,8.1398119731398
1.29311991017312,13.1184314521488
2.58179552400553,13.9167049725627
5.2135487606091,6.96365004536784
2.2538419420922,14.7849408940047
0.972030554838945,4.46420944968708
1.16593146696687,11.4970473474334
2.4328649676496,9.53548431006423
0.00948623698139004,9.14611206511461
0.442895964466248,11.1131450794927
0.0377436767862286,15.9405299236561
5.24544392128415,9.77675657390123
4.70017728556819,14.2724129305212
0.469571908004582,7.86539904740062
1.8254392556006,7.61827824826625
0.986819493584335,7.28920437878165
0.494335521943867,8.08733725264291
2.71258727080169,12.6918359968664
1.96154633151777,12.1171526388144
0.0963455839082599,13.0686075871557
7.37614459401155,6.05259918095638
3.46383072419052,5.56418476937678
3.21443864313846,1.99631966789117
0.134131361730397,11.9112152633742
7.00684366705728,8.40135270685076
3.58817895485048,8.8287298265961
1.51334658442977,12.3397736019201
3.17464294733467,10.1306796812528
0.125575692514871,14.7051077568316
0.892774052917957,18.8946073974397
2.23968694909456,10.1860243771954
1.28864183527362,8.79295066630618
4.72948560465999,9.37808479896936
0.166360404342413,3.11506581171973
4.39757505343159,8.89963049961135
0.463104943744838,7.63663983223753
1.96988035171273,11.5896963413675
3.86930561421399,13.0522651336751
2.08503452866318,13.2085075871895
2.58420263408663,15.1180053503645
0.224636566656078,8.78980894781738
0.343264508992434,12.0163558245976
0.550945247523487,11.3490975851776
0.660882468718348,8.65489952905494
1.51671910277548,9.74853822471276
10.0934774608989,8.9498393834988
0.136598590761423,13.8945294052252
3.84596373124008,9.07173704541334
0.134972415836183,9.09007643432884
1.20741049237515,8.78201990200247
0.539885206834375,1.92170825009298
1.81342416807058,9.52557175927877
1.49156415081563,8.79470679071595
0.0448499977987659,9.79777680408778
3.79659171091811,10.2815448590971
1.71512505031171,13.6048552602065
1.96635878636482,7.78843456414234
1.31160928681493,5.95291263901593
2.40646102271023,13.4895668251562
1.61842765650692,7.86358037370962
2.8995491376329,15.107102697157
1.19167009182274,10.3202370890047
0.311353955417871,6.12281673395962
4.03543010337238,8.27686776194061
1.67035557167597,13.7169875103163
2.97717399133329,10.2883896905224
0.468033365905285,17.1432677956344
0.592149534262717,8.10758124793245
0.0436931645939477,13.2736298954143
7.2836828621166,14.3776179427864
2.25759754063035,6.74076548364722
0.148808289234267,11.4824701113584
3.78325494362001,10.743178251197
1.32949318364263,7.9672907342051
0.696538344956934,8.1013262616448
1.61995702973547,14.035232381877
2.81169504541505,10.832258328161
2.86013048125391,8.95669798001726
0.226033267565072,9.75311363989917
7.87813995555518,5.1542003596435
0.139891027941276,11.628556719765
2.95146099461203,8.8366034528826
0.397276279516518,7.33002485191573
0.56315568741411,3.56727098250982
1.60766010536792,11.5099669908326
3.58984877524858,12.8779332979886
3.53107855079656,9.96151137112736
9.76286730483966,11.6126610406901
0.493458843789995,8.43684301334041
0.751676046289504,12.8189624974615
1.37605504598469,11.9222178820962
0.0233592607690759,5.39919480934626
8.42887774804487,9.04694146403596
1.87619381575825,12.1626293301869
2.30942001371625,11.2078899513961
0.176176612455323,8.24952706717273
2.99924357963686,8.99969349098949
1.50411967698347,15.3439991454796
0.665662720814511,8.11475826218734
2.4716240390295,8.28635483455692
0.402487260271833,7.15776908615439
1.69169111168923,17.7891957690276
2.12511542244794,9.67876221485547
0.287908956408501,0.447260198815989
2.00448350772863,13.5339903220851
1.5994083880538,7.03153294859515
2.16514191209319,11.4246219991031
2.38212969145718,13.2210522860322
0.318720408715308,8.29289208472247
1.62613499762433,10.1724104895439
2.08030001527645,9.7973897095784
0.309017850284127,5.54252085651108
0.0617960263043642,3.97144673664069
0.355493203288359,10.4640323633788
0.39418666344136,10.7261640359644
2.43002352296355,11.8989863705866
0.863852797076106,10.3485479654668
0.731576285324991,8.840867710132
0.973868654109538,6.27282801963395
2.51658679909053,19.5103614484984
0.0733015457909641,10.428512312181
3.71822188777809,12.4286759262916
0.439031416550279,9.03932805942097
4.59641804532579,12.4355254110626
1.57489401838722,10.2121498295213
0.399186247811194,9.81982252733106
1.65681264168563,7.63293550069627
2.04507289259675,13.4768071681616
3.45210155827885,12.2678884329798
1.68492371953073,7.11132696665709
1.94089911869707,11.0605479652783
0.408779093064368,9.09405615113558
4.03744059784298,11.8072250366812
0.559025163215269,10.8377932654287
0.716960277857931,9.23097959117156
10.7146939825372,6.90247086312582
2.99278459681158,9.30316275450791
3.50566247833853,8.02173871449634
1.31779438070953,6.14497620533853
0.013014436898172,8.11353121708831
0.275700806161169,11.2081665797238
1.51924737161937,10.8461483330477
0.690801463089883,4.69815194606086
0.714162312361652,13.4621477228385
0.882374626584351,10.9031374256019
0.255840391472304,8.28507820691025
0.215296349488199,16.6357875661345
5.57643023099671,10.7655038800161
2.17915639959785,15.3039730747076
0.486542213708162,4.2110177517212
0.0493547385558486,12.2756400009383
1.01755517534912,12.2808386006224
0.212197985500097,8.19123701767618
1.9970047789717,6.60703526362385
2.04146917900982,9.78682696961939
0.0924780573702455,8.38242771342422
5.99271464314232,12.3345518911432
0.866541437804699,10.0943105146725
2.29915100700202,11.4880641599865
0.184318852610886,8.4447576611203
2.30150429337266,15.1935766610746
1.51501391979891,8.5766598085172
4.81003094066806,13.2827700796848
0.740271826175518,11.5190967835598
1.98966588630321,11.0029853406169
0.560688274975793,7.42397852605178
0.357859713956714,9.56975829591901
0.307270299643278,10.5485077977289
1.59420002243462,8.57933545530579
1.49132113827468,8.74696742588583
3.76710580645089,12.0635296187498
1.76687303463036,8.12010906637772
0.32955070771277,10.099629029937
5.94830173220406,10.007872504074
2.49640430315378,8.0535540792633
0.115804634266004,12.919438323854
0.557759717106819,5.16782095197604
4.4504470313208,8.85311724096999
1.58149083695354,9.36115330681404
2.4155034124011,16.3801192838442
2.2686964814534,11.7712842593788
0.0691204834729433,11.495316614792
0.159385190876983,11.9753202770166
0.573308987542987,4.21965842700237
1.12102785427123,11.6278992348397
0.0275175919487937,6.50482095873415
4.38974710244942,9.63996473255582
2.85832658765798,10.7581249133121
1.1377883348614,11.6732146231352
3.29259424426279,4.55285703449926
3.4480594692934,6.98450639254108
0.663255012901869,12.0898464597094
0.67421271186322,9.89507185275169
4.87385381360478,3.27335410781774
4.49402444510268,7.07254519246673
0.0516922088424545,11.7871691280201
1.28981466777623,9.5942488245664
1.51386266565862,13.5774018939136
4.08551465703135,13.8126117216915
0.315448286161574,9.41178713893917
3.83033275587444,9.27656123030103
2.47358835107627,5.23374470110887
4.88503040720649,14.6534639491408
2.19253097466173,10.6436214932555
6.542987152598,5.0166538892077
0.43540867138654,10.0781880950825
0.297090505608906,7.90574024806359
2.42019240177217,7.19478842606021
2.89096733165865,9.07628878958015
0.439562747125655,10.4595822149383
4.61715957250313,3.29736369471571
5.8436718281723,12.9621316274927
0.541893069632351,9.64120563556172
5.32792266060538,13.3050844910564
0.622405734844506,12.0805410399623
0.253059034235775,14.3226878682506
0.611858493648469,5.34202638627027
1.30208311509341,12.5695823639534
0.312128319405019,8.27095445100975
0.541821666993201,8.68014698139724
0.214662590995431,11.2435017736664
1.71886533731328,9.7665797590004
1.60091259694638,9.48088881928813
0.664283614605665,6.0054618604511
1.11913075856864,8.56834122201115
0.0881585292518139,12.0262984105756
1.99735107254016,10.1690272480327
1.37022955249995,10.3992114142251
6.045415646627,13.8447926830259
0.616337801430537,11.4808888036481
1.31606225855649,5.23945108038634
0.312292772131179,14.7299362244673
4.65742543822977,13.7652638275359
0.371883162582507,8.94604320748572
2.73274875051322,6.0087510753546
0.976034134626389,11.7294350028408
0.887119158171117,12.3440242709787
2.37100088401678,11.3313399870551
1.69500356828599,11.8799886936033
1.82122699535432,5.86218385675572
1.44875214054229,13.6833209847005
1.25784897338599,9.5622216444303
0.198945234529674,10.6522430298745
0.137029540725052,11.0075935215044
1.73782358310165,8.10830148340898
0.207430381367321,10.0330857473536
1.16943951882422,8.6873297465806
0.310754078440368,11.315671094902
0.342995181679726,3.2442351883247
1.32396470196545,8.44802554772814
1.33604438882321,10.768518467256
0.0262796599417925,13.3788272788066
0.708247639238834,10.4192606119397
2.0565177662485,11.1120553914351
0.436013429425657,13.8327807820435
4.6766501596519,11.4406453691627
1.25985169690102,12.485842996912
1.87338333195987,7.37845480180686
1.47151665381136,6.76613292069472
1.66929069898071,5.64405179131426
6.61585649814377,4.77533426882296
1.48993709488752,10.2025876418754
2.79759619174944,8.22075779092351
5.408881727354,7.06310913817901
1.08893841505051,11.0920580130768
1.08446692023426,8.28854480810088
3.26377307606821,6.19783430686246
0.852926643565297,6.24947889321122
0.137394503690302,10.6106114773462
0.136270846240222,3.84115427003293
0.405916031450033,6.97582278487588
2.9489207601357,13.6063550353578
2.04323650888147,8.53717950347431
1.32413925603032,5.86579485919703
3.29859647883062,11.2548437895305
2.92653805745726,5.18303708722067
1.96476673326435,10.1586263259742
3.84989310784226,8.06925238585696
0.305220029069868,10.4389962940009
0.27972921297317,6.99809970223947
0.62357812281698,14.2908369254574
2.10288514788679,11.3143756886767
1.64724310479107,9.98486510714164
0.12040847633034,9.02646333264101
0.827278604766206,6.42169958617367
2.77683026592833,12.9311680452274
2.89454142740921,9.46558139488845
3.69343464432244,13.5918297635543
0.303491204045713,7.294481019395
4.30210376133151,10.1057814704191
0.870108085684478,12.8063760951491
4.57590512902826,13.0353719287516
0.629177841492916,12.743184934521
0.214097868651152,16.8305813036868
0.446122270423519,16.6869932512637
0.514065821655095,10.4408941776343
0.539285401813686,10.7349464439271
1.75087687437213,14.7179251305487
0.405232023447752,7.95549279446605
0.263153753243387,12.4743688231586
5.65297752585182,13.2539353488256
1.05394555907696,15.1660306681104
0.112214777618647,3.47065209984435
0.948283846490085,12.8142099540788
0.424917130731046,6.97458654895146
0.356110204516901,6.16229981083332
4.106797683816,16.5792852202003
0.779857032932341,7.33213077806289
0.820856836624444,10.34512934288
2.60477153575959,4.11898075821656
5.5612624880291,14.0611339975104
2.39877020931783,6.30551102615243
0.828808904625475,8.48315657763411
1.62263773000779,14.1145985385191
2.93088820187335,4.49005321670946
1.83638699903133,8.42758454744459
0.942969158291817,7.12321325088889
0.914913695305586,13.914540305732
2.269897589376,12.1115477116753
1.27696273010224,11.3053687826222
0.0315977206836867,11.3287935758029
0.0603327294811606,11.7519274755161
1.42514188765528,8.95512093467033
5.28017763395734,9.24954023318203
1.50786800674143,10.4897097005989
0.453298577107489,4.77835133726499
1.88361687204781,8.78877471835005
2.32169880709591,7.16581204590305
2.91234623981855,7.64764064307352
0.678764988117781,10.6597803418214
0.241250040009618,11.0741927377099
0.44438231177628,15.620838750363
0.396988175809383,8.97926214594195
1.30780056398362,13.9188791670077
3.03092473356013,10.3937430489022
0.0667029470924321,6.85545351916052
0.784264892339706,10.9728434497937
0.505283690989017,8.92949358096823
1.49565393310395,4.10990606989644
0.868315289728343,14.590102800658
2.22927552516089,6.8308192261389
2.24868871822002,6.5712971320401
2.34612322590294,12.4197684789198
1.65302950321677,12.450377547711
0.589919828809798,12.1990548508916
0.0729039907455444,11.7611743517932
0.185118325972202,4.11618195098909
0.0919048180803657,6.95033045950874
0.0376687897369266,7.27879365605168
2.59389158925152,11.9475503435783
0.521735052578151,11.3775395898254
1.10536032915115,9.2081082936013
0.0698001391619969,6.85446062281712
5.95845249261627,9.44374356912746
1.6315014938915,6.18151094554251
0.0635931862886485,5.10293865587946
3.82118490321522,13.9064355596565
2.06794427075022,14.4786000079183
3.34746476450846,11.4212905769666
4.26054858752551,0.469311243266102
1.29285970397279,9.20675021287171
1.75710933428763,8.61596598422481
0.758424093946815,13.8254522724728
5.91000804271469,6.10636316482092
0.0367233518484751,9.47570063710392
5.16464846928544,11.2930108150229
2.06695454931798,12.2508987111733
6.97596113592012,11.1936217301773
0.996661718934774,3.8217600686024
2.12772167838159,7.25437463548652
0.00376165751367807,4.92591115044353
0.843665355708578,10.02247044954
0.459655612707138,8.9659759406579
1.34014810714871,13.9795871352149
3.14700295386796,9.78638088233094
0.54461482167244,15.3976221607114
4.71271610607333,6.23743670123459
2.17426166421451,9.4174302266015
2.25090305312517,14.037957702507
0.18260189332068,14.9651973754613
3.46803243357683,10.4363805761395
0.736157232895494,10.0198536043578
0.435321078635752,8.44717786881801
8.79506120780363,5.68357636609926
0.831727865152061,9.92778202249022
0.221143390983343,13.779640800098
5.08261067767568,10.1633306413021
1.58057621671798,4.94092012031745
2.06753334208372,12.4094904008808
0.895593035966158,11.942402677294
0.63580087692229,3.43886173824215
0.755377341202681,4.49017518459927
2.16369814275434,8.33418575429998
3.27545960231368,11.572906010105
1.18376000225544,12.7889211224588
3.55314867732743,6.67845174469448
0.14271832909435,16.6016445588681
0.410391367040575,11.4214837301473
0.174149883911014,7.82135045942747
0.279805214114261,16.7560239069947
0.449635690078139,9.08784167825697
5.34551212538905,8.63903518875912
4.69155101080365,11.2855551652094
2.39743843293729,9.80231817554964
4.15017639828806,11.0684168260395
1.96816906138303,10.6148820110135
3.09405719099526,10.0847336658135
1.94691237771061,7.53009942459651
0.701577322557569,4.95816561803145
1.089964871065,13.0487652940556
0.299465457670117,13.4371428247393
1.58452801664768,5.99663276093256
1.72840853964559,10.4987909558322
3.48059945129518,9.43468761680019
0.486199988983572,10.5250790824199
1.82019890908403,9.42175440694156
1.16657310351729,8.12751952093952
1.92559816121104,14.5854132266103
1.84961361057105,7.05828426806507
1.94911003412241,12.3296406403259
1.01649605482817,6.8348691770248
0.484529839758298,13.1195996203238
0.925365513190627,12.2299418596562
2.3592844083065,15.0210351062353
2.64608748993816,4.16612345001188
2.47419771171155,8.48038064427797
2.26787128663602,4.5303134818485
1.52939033591679,2.30197666092976
1.40630867857135,16.4595535587247
0.608623618260026,13.1919886501127
0.629519397975014,13.3035862167428
1.08316205441952,8.54243816406431
0.540209417231381,7.07412651177733
2.05837014429649,12.0801039146049
2.2541238888258,7.37745333639748
3.97250192595606,13.9945049948868
4.24529524397841,7.00382347363746
1.77454219188873,17.3375873676558
0.0263985369247453,15.587040594457
3.91365671141033,9.89920806445918
0.17126979958266,4.56701672222417
1.40358290812912,12.8684495070058
1.51980425593191,9.9349366356316
0.234701070934534,5.0790139636584
1.06129519641399,12.2769264920019
0.793806409463286,5.45846364792922
0.752237816341221,9.86667038920121
0.110368963330984,12.1646954810855
1.8057696713597,13.9574791452132
4.21416724820561,9.28850545574366
1.71813490858415,9.24169086571269
0.690896193496883,6.15850401886814
0.128757759045312,5.42435519957633
1.66271886363581,8.34114656204881
3.44155099916853,13.2428212172387
0.970266417600214,10.2951025743853
2.99460123835092,15.1439928751858
1.27230824250728,16.4234192630164
2.01396321310642,6.81620863704426
1.79677265315297,11.5635434724605
2.29932383998277,14.2314794522901
2.3938515986407,9.14105439042052
0.937910271122317,11.8584468011457
2.22233462511542,8.49177655980823
0.477071966044605,11.4996895258263
1.2484218981117,13.739338744899
5.36871791978307,8.17757653743685
3.17298127321487,7.27290275405002
0.27399265486747,10.7136154717753
0.274930289496206,17.2253997054576
1.07260844204575,9.24101422330265
0.255443167872727,8.1197374801366
1.88731237285542,10.3188249013228
0.182595795020461,8.77325569801321
1.13561429942732,13.3706159318487
0.360183902669056,12.1497511196842
2.54979850157144,9.96748371477367
1.38743150784614,10.2373956771088
2.94121733663564,13.5497635132606
Rho_s: 0.0068778872194718
Rho_p: 0.00443531123799777
IC Time: 0
