Rho:0.5
N:1000
1.23634024802595,10.491333147689
4.37087677766509,18.6638021654431
0.444253399036825,9.76197403979105
2.88805969042664,11.7324416192519
2.72114300533178,13.0304616053095
0.166468002833426,11.4952713679631
3.23882376758342,10.8470588259568
4.62323624988027,12.1744429861209
0.562097398564219,11.9089758733813
2.91497098659614,11.1935490598842
1.45673555156064,12.3470854524039
0.346188866533339,10.4955880546303
2.73367268956246,7.21471430031772
8.14582372787309,8.4657119064195
0.0383629093362821,8.527470643966
1.20442690700293,9.8423258575982
0.0536409436356289,11.0128649192858
1.46778070732,7.7763027186337
1.4964663851166,9.87464701067699
1.62343321732225,8.07824941400474
2.25721856811745,12.2940511919365
2.45698651290479,7.18967171856254
7.51866860273195,15.4688786416008
6.5465002354599,14.9416953740685
2.07314321204069,7.50693746621087
7.54903621557069,16.5050001689592
8.05260686161828,15.5787309047367
6.20298934657482,12.2105901624908
5.34579888333507,10.4055012916849
8.10674218418908,11.5070139744414
2.49005943714621,8.95994131796089
1.40748109101298,12.2807259735114
2.16469382486286,7.05799863228231
0.131854116749752,1.87072685245325
5.42373500366635,10.5081310084702
2.62791620000246,10.3573883556485
2.08658331251683,15.2667944172861
0.485242133960128,9.37742200492985
1.14553653728217,6.00657299502222
0.616077564656734,10.0006682236089
7.48377622939063,9.32526630542764
0.0626753675445764,10.529818083035
3.21650328842883,7.22869071113476
2.87436683831697,8.22179889219731
0.749265312217176,6.54137903784391
0.139943482354283,4.76357673252329
1.14784559234977,11.084004951513
4.98248681773372,13.0484924064931
1.28544926829636,11.9004140822764
2.21195785320344,10.2077119874313
0.0738717096023903,7.98131663711863
0.427679174180913,7.26854728838153
0.0399293033406138,9.85583492742052
0.732257808558643,8.42963567619043
1.92030041470172,7.18319102243048
0.286523942992756,5.45872544766509
2.793677249123,11.6035742516491
0.573778921202873,4.35305745966176
3.40793184644281,15.1394266345307
2.53435798353496,14.6965636409514
0.286383642815053,5.70387825347825
1.0598022993654,6.13644299650641
4.24176140491537,18.6324288765384
0.535495723597705,11.3079695604686
0.0021618315950036,10.5725213387069
1.75596633411421,6.7386249456383
1.78288128218594,13.9413001554666
3.36791720969563,11.1748715622358
0.391722488006955,12.0579322240626
0.232224652543664,9.90405974583082
2.36899482450428,8.12228976665486
0.61888075247407,11.6058280268524
1.53855491234901,9.10481902066459
0.00981838240587086,7.81381252087828
2.60091378903928,10.2152848488133
0.00100325418235116,7.66044533779477
0.515976008027792,11.035223233102
3.12105676142459,13.6818529989099
1.33127129357308,9.36080919082526
0.525833477266133,5.6738367753964
2.61923259115758,12.2418735075573
0.691474322229624,9.58488493791358
0.41803530510515,11.7543238015892
1.30532942712307,11.868056893177
1.02093101572245,6.5875718398139
1.60123405410888,10.9571803498061
1.39524988262894,13.1077538332627
1.45263293208614,11.5473352608489
2.5118968951607,9.82693233706411
3.11960829405074,11.9839648781855
3.61022128520494,11.0196366024755
0.0344404326751828,3.92314967582448
6.19009007479916,13.8950808171237
0.324726845628779,4.3029735818806
0.670512320433708,5.36009765627212
2.53598814262989,14.6188439627896
0.0404083378484123,7.69572546567973
2.10086979137851,7.7549178433789
5.37763850738235,10.4742257178359
1.21355941612273,8.51161347285736
0.142550176009536,11.9002335251471
0.870369341224432,5.79779905496204
1.85711761275964,8.3661539422014
0.285385825671256,7.1388580002746
0.837842113338411,10.5203367517082
5.84788507556905,11.0915330369847
5.74990288879643,14.605886947934
0.67383876722306,8.65470708045374
1.44115239187124,13.6825124207562
1.89500754131916,11.6269169679152
2.09668030581417,8.50163948685285
1.07466689124703,13.500220596844
0.429425177292323,11.1411513976577
1.36503531690687,12.7427154308878
0.334380113519728,3.23482780656857
0.252184432341096,7.26304292100847
0.233710124710162,10.5214877291504
1.21430618036538,12.9513213606133
3.83209754882341,12.1562522162592
0.959338505752385,4.79438261405139
0.383829585008235,4.76065684295711
0.298386016430113,11.4682977448473
3.46966801566963,13.7585110097524
1.40641772924902,7.08488966019502
0.385442120954394,10.2420682860289
0.280939416028559,9.27385682075168
3.1172782218266,11.9499256185923
1.61664957951502,14.2233351229863
5.35685113419719,10.5451648123384
1.2995466273278,7.45192857427289
0.590430268086493,7.61747736887851
0.171583525402149,7.31417930505722
3.06675663563838,15.956337290556
7.52026073220086,10.2924044869773
1.78857581867816,7.21648862257726
0.663276510149851,8.71842863288057
2.86038885586028,11.2463173101904
0.0613687566008786,4.45144003663386
3.06452114004193,8.16702540264612
0.284592714160681,3.08496174205985
0.489714990369976,9.58883300601021
1.42239050745013,6.02523466451579
0.547787732444704,12.2609524547533
0.766638287006261,6.00804931853876
1.44008431300641,7.14601015501657
1.19735721601343,12.5223136207737
1.08028228860348,8.77862716741876
4.47775273372359,8.32511154035763
6.66434036161671,12.1506545646149
1.97857618509772,10.4140134792119
0.312003544531763,6.60790817640795
1.75656504734399,13.5889404292488
0.29632879793644,6.19926254774707
1.68656053571942,11.2864525498973
1.69279916400676,12.1679329721322
3.42546720733264,10.7215870771684
1.3598261885345,7.14121315361835
1.41121345004978,7.69396396897814
2.04189353055301,13.7824625645056
4.92714160283036,17.8072633379024
6.54904186986314,19.4353163664103
3.90147733299022,12.2426267978516
2.68070086083355,9.32237623673315
0.874583018943667,4.9472484263909
3.94502992911224,10.3384649815383
0.351123215630651,6.42619802273664
0.207258882932365,6.22728737790281
0.814250056631863,10.1673226186162
1.78310886017027,6.18684348182167
0.564310188405216,8.78117186443251
0.96205166511374,11.3822647859729
1.47010762833736,6.95475207761956
0.274903815239668,9.55431871455765
2.3249219636524,12.2804738182593
0.317103207111359,11.9175101875575
0.54061379415034,10.7461484948195
1.47034375399042,13.2225935648508
1.39817874712682,7.96141011295903
1.41002674019876,7.90239331429545
1.8825242127383,9.96854800333837
4.40008687575288,11.8382790459558
0.175020327317035,6.79305440656834
1.19472022168338,6.46542550198365
3.94512707723265,10.1785620548006
3.5880017950687,14.8531596152925
0.311730085328694,10.1876884070457
2.3230126517916,10.4231545756125
3.69693044183736,12.427010499712
0.448362397961318,3.33662754048347
0.118232987954598,3.14384597729603
1.59336629761578,10.2744013731811
4.18969435988074,8.01578344700151
1.09107572305948,13.0533056597656
0.366649955770015,9.48881148039001
0.295952089130878,7.75359082062591
3.64523935301189,17.3388112274411
1.18505503516644,6.60538645390538
1.04228455480188,5.57881059351555
12.3484766178562,16.1041771485147
0.643143400549889,8.28874663535187
1.89981278582456,13.6455881086095
4.87815402050443,13.6602141121878
3.36686153718365,10.5831485237968
0.775286479853094,7.75538041862488
0.422161124646664,10.815687163969
4.19714378167815,9.07721109609727
2.25898422851207,11.5252412083813
0.0510307373479009,9.10297349251569
2.22579567125979,7.19541772812119
8.34061387875929,9.86384462846204
1.45679506616331,10.799835427121
3.40282171202784,12.7234116386262
1.49459795645418,12.0149590893137
1.04320907220244,8.08360004203543
2.73025730616393,8.89920179827092
0.204663101583719,6.77161519522846
1.68625004558091,12.6197260817635
1.25486218649894,9.99186034427464
0.587762648239732,12.8916379032763
1.97462486839833,9.49352776388411
0.908959804102778,4.78929955575583
3.22801573930268,15.0205407069643
2.68854993177762,10.7899538410285
1.7159287687609,7.36466347723055
0.812129828310792,7.05196741033907
0.217606510035694,3.30344646901467
3.53906441835647,7.84509464222237
2.25573978378418,12.7588522274662
0.669794087637356,10.7303587980497
1.03606681898236,9.0202590162261
0.790080363862216,10.3222602375146
0.106822783127427,10.7113172387786
1.43511916316094,14.4058432070755
2.46550048693063,13.4864351599045
2.1139848641211,8.27983537494291
0.198302884593565,7.33371452011829
0.285428425297141,5.47446926506506
0.109615838275193,7.54534497518015
2.80091733841186,7.93556459224067
5.62334229018459,9.85319452745245
0.412013603909819,9.15165840671267
0.679483748041093,5.93075598972245
3.54237982613926,11.3791157771816
0.715428817085922,5.83751978313924
1.58080399849849,10.4349467962993
0.73487776145339,5.29454958994203
1.95363427330331,7.54048885000765
4.87282245208449,11.759436628588
0.0572487562894821,4.89924655471314
1.18823148030788,6.3509275698899
1.30618554912508,9.49536628593519
0.860286564542078,10.4336856619012
2.64083532980623,13.4509469526386
1.0612537516281,6.15688535125246
2.3833954258913,6.67288075118086
0.124314071442458,5.10881922737201
0.640262187458575,10.9657338515157
9.89344643001465,14.5270241987862
2.35558759040179,12.4611438248839
0.0540040303021669,11.5732101079859
2.85945580882912,14.5899647519388
4.07185213623529,8.78575958595085
0.982942035421729,12.9303997282784
1.83457203744827,9.0665784887043
1.45903326376321,8.58123041630031
1.96587893730941,10.3596081544896
0.978306485339999,11.9554792976087
0.758284437470138,9.6449435710017
2.63109534597936,10.0782926501025
1.41453777990284,7.43936332346806
2.43945736802163,8.06800239587765
2.18333514398875,9.03512812657534
5.21426392476184,17.6277834232471
3.8254825992692,9.96869173198332
0.897233624011278,11.4974643713719
1.4276288936408,7.01806001986913
0.678382009267807,8.10314158495018
4.03627993522172,11.580304076808
10.4327590386926,8.1470371357858
0.486039848998189,11.7662080671111
0.587099060416222,9.2327154496702
0.801338986493647,8.09503414682828
0.563535332679749,6.75417249727252
0.711620299145579,10.3957485366878
1.56343739843907,9.43922413988972
3.38643588502863,9.80496796477758
0.541484479172776,5.97038573459776
1.23802441172302,6.12797629897173
6.98342566488958,8.64827687622207
3.6804104222167,12.3026531357991
0.222073956392705,3.95536402590723
0.643333392217755,9.42308398799382
0.460380527851643,11.8549849615018
1.85810074015501,7.84900990111928
1.09029450453818,6.03087789349823
0.58206561258604,5.70174933209204
0.456620310433209,6.64858390136973
0.394159358352486,3.59284891135564
1.7660601431913,14.5990948605895
3.96383146552329,10.9392240898978
1.2961777606979,12.7817641817954
2.03937130971792,12.6444162819341
0.215968501983301,9.07908386235557
4.483331276213,11.2904107027493
0.0826356103894281,2.4415402748415
3.08040666935926,9.53995347176998
1.04210303110041,11.5917318460101
2.57367446078899,11.0057561802215
0.645054122433066,9.97949784074204
1.01343733351678,13.476041754097
6.93886790755105,11.6330525023337
1.05255144729214,5.8035323208304
2.94229381448525,12.7711456352653
0.0191914476454258,1.43235159147953
1.7080873401191,9.85163338485805
5.33457052309938,11.1547096972873
2.12326678811553,9.15035672683426
0.158297305926681,9.52739097663384
2.9228837637413,13.0464058397264
6.28864872845333,11.0258056514116
1.32234618347138,9.7903798763929
0.579818377271295,11.8299760705996
0.273633642122149,5.0201749465446
2.40283388263526,12.5044931091772
1.17130677040882,8.82235336626939
1.70003387686647,14.347963604703
0.0206666858866811,9.34179926578408
2.98556711507921,8.17194200442242
2.01140895903953,9.74942580963193
2.5680851227695,11.900957065621
2.13156648530605,8.5030248186617
2.67030928834322,12.624857007527
2.49572970896008,8.7424604731191
1.23547110613436,10.3239829546786
0.169007274322212,7.46881828068838
1.31083878222853,14.0462328059108
4.62617774655051,11.4811258190179
4.33706800241895,17.3070644175396
1.3696128372103,8.19338282557652
2.65927726021948,11.1610188524653
0.841336192563176,7.05966158550111
0.781920197149483,12.4926161962384
11.7179174118473,18.0978239331029
0.298682079650462,7.98601273621385
0.424188704674673,4.34197687515703
0.500597961246967,7.40942021902568
0.507113432511687,4.99862508000992
2.10939230202677,8.88572022795989
0.130447368111903,8.89728433264297
1.32601444981992,8.36609739461053
0.569727580063045,6.95232197268657
5.03726315845676,9.45475289977077
4.66075127919145,10.3695812753426
2.2015458549464,8.80144886828656
0.194969960652545,10.4690915706592
0.0528713103971056,1.80617730458298
0.776267941830818,12.7088136801106
5.59971870448361,11.2092594941033
2.10516086584868,12.4839514617321
1.47705336279216,14.0748003756068
6.25416600670586,13.1832162764264
0.602381682023406,6.10092527236736
3.37242129800801,16.653623278691
0.587172782979906,10.4032431255401
6.54889774288902,16.6999835091087
3.85263165442233,9.43691397041591
0.704977695830166,6.0245785206808
3.76166629401927,15.3719045914417
0.305328723974526,10.9895504281926
0.749204627238214,5.186871526512
0.0170490322634578,11.5990648832104
0.831736127014311,5.47702443777135
3.57372511414853,10.7129653016556
2.47794993213358,9.10706170071314
0.605104667905372,5.43463317945295
0.536517142318189,4.42866896388573
4.70241489608712,10.9743449163203
1.01975075993687,7.08044678871539
0.401231855461678,7.894097641573
4.45961454112954,11.5408101690735
0.488549637600625,10.3688148494181
3.40889739973431,12.0678988661302
4.16914835174508,16.1211918491246
0.87543238978833,12.8835135272648
1.64651204450967,7.64229662039018
1.22840031608939,6.33858211990158
0.787936567149163,13.2118502952804
0.45348325651139,5.21064052369248
0.508050843141973,8.43567513846698
1.10299009736627,8.42326476405196
1.85341459930866,12.1972188074187
0.583244325523434,4.04921679914927
1.18524202238768,7.06479164004248
1.99498328558149,10.7192775934045
2.87673268396203,9.2262844562659
0.330564806237817,12.3957508421518
0.243799220770597,9.62609557510781
2.08762049107792,11.9584463727218
2.0887992431806,8.8674153720364
5.44073170770831,10.2708387860135
2.2406044564301,11.0400645930687
5.96932887997399,9.2721365541504
0.421496577560902,11.146632052159
2.16225337228718,14.8786502328394
10.4850065896651,11.8559540935028
1.54114376186373,14.0319162218802
6.80013833906422,8.33046061474854
0.769102154299617,10.2191405391478
0.565863214698663,7.79401859237823
9.5339252124156,13.1982008360178
1.06337543856353,13.6036914569178
0.362094656564295,12.0013520124581
3.49817889958632,8.20595337410802
6.90849626030693,9.58970332501778
0.322816395768114,6.30573776641265
0.72688062209636,9.21662117852794
0.831845528446138,11.8423682174973
0.946563962846994,10.5121448715683
0.63392870221287,8.96265201772789
2.84411770596385,14.1574037119705
0.906888999976218,9.22923206255321
1.95203605099561,12.046112362235
0.0386289388290753,8.7303780130142
0.218681179918349,2.1041597076055
0.985756949521601,8.21943177694837
0.525271181948483,12.506013766805
2.45522958031836,9.9734882070829
1.47029574168392,14.353738632235
0.805440254509449,9.40700567628646
2.26149076587501,6.70128889404132
0.553690286510851,6.06172056922156
1.1074364008382,5.78153493128792
4.53601900756191,8.79260631312649
0.578137199394405,10.9780049956893
0.372167456895113,11.0403944295444
1.24929426144809,6.82951821269883
7.22557048085046,10.3115873786669
0.0337474746629596,3.62915528519009
5.73372915353546,12.8984413581836
0.615830377675593,9.11418308818898
1.6272425892854,14.327025774886
1.64704500130358,6.77794410209646
3.31018893403893,8.02573871784883
0.836550518870354,10.6723096301956
0.19779269210691,8.6482857967049
1.77318139552119,11.6751592080349
0.288277040235698,6.64708183433293
1.32665486633778,8.62166996665944
1.7677999473268,7.5716870779979
1.78358347211643,10.2757576113511
0.334567017068347,8.82336558274978
0.571992208174358,9.47700850550919
1.86207542711472,6.25278806614845
2.14024492343461,6.77376556734038
0.62742822107785,9.09251013597874
1.88006326547804,10.9915373354544
5.60957223143349,9.8123262308435
4.34278870755474,13.6644018937121
1.85812160641221,7.89753350204233
0.770517092198133,9.92614867775446
2.38563571303132,8.9076677033543
1.50186522144823,11.3234077050343
2.09337465456667,12.7873593844048
4.72331537736253,13.4488841490365
0.557723639532924,12.2441940918813
4.1036932429481,15.1671743842669
0.875982606408515,6.17289429116324
2.53225067249479,8.86706149369909
2.38659051983597,7.63567581671486
5.73478361930618,18.7430469944193
2.19029897815528,14.8753225950179
0.659843683242798,5.99379293392883
4.15233822895174,9.05468996851456
0.614006698887811,10.1359744526117
1.26468709111214,6.02321619033578
0.44604207854718,9.70146629949236
1.40575829698684,13.7501217463029
0.135195885784924,3.09439481019642
3.45194925723558,11.5631616727651
1.17818323988467,12.6351928317048
0.174610693007708,9.51480999745952
1.62953356831315,14.3830896281037
0.833228072239301,7.16204475265804
0.119663862511516,7.27026855943905
3.06165675359461,9.34109011953912
2.37267168602886,12.6350234602306
5.81450433995495,11.1492710319109
4.66055001232293,16.4489282098019
0.813290416642829,7.49537366173706
3.88941834850197,9.91857013946425
0.118465177082684,6.04246059065879
1.73497562102022,8.74699488153459
0.946314309723675,11.1893250623939
0.0391789132638865,5.48091652695464
7.30493838670564,11.8227834596952
1.86469977752853,8.89192394171156
2.68344197786393,9.73605580799182
0.163189318084062,3.51563254716288
1.1794075332582,8.40063376979518
2.34708474381807,11.0867586288851
0.491578395478427,6.39805444871341
5.03565947313733,8.49638781547684
2.48351497879226,6.95766997257637
1.07873584795743,6.56172875071683
1.38394541852176,8.42641404050743
1.11170324683189,11.4253907641384
0.368563515134156,3.15315507684718
1.18191928882152,13.2190204075205
1.84725629137456,9.33194634924833
3.05641315772592,13.5070919269594
2.52006338900867,12.3020878072841
2.00119222319665,13.973993548335
0.0776216243793039,10.6970650542419
1.10792502854019,11.0883433115772
0.724767670858083,10.7196710336467
0.252055041491985,12.0454696136465
3.32752068696504,7.97990542717963
0.166851878166199,11.1791873148736
2.60875899895074,9.95425739221213
1.62133115542778,12.6543219525467
1.6553497702208,13.2994487497
0.134082440286875,10.8084484933721
0.422271463088691,11.8379757578037
3.45198730362539,15.6512289655337
2.33873811914566,13.9884859465081
0.773905914276838,9.68910785716078
0.170257936444433,11.3523478275385
2.60651573902907,13.0076170140602
0.374081551363547,6.68514444321496
2.26505508546341,9.88246664388678
8.23992119314981,15.0920382909945
0.924705249257386,10.3661099401639
1.14378116372973,6.3463276361984
0.759866562671959,10.3315529648053
3.27341912670021,11.6708495862678
0.0644423859193921,8.87636344792647
2.9592517724443,10.6078465709596
2.25808990449339,10.4633432319128
9.11884647573529,10.2895128767902
0.587998645380139,10.4577629058421
2.58985789856854,13.4468918117703
2.56187746479156,11.5457103361182
0.0527092032134533,11.5229615028011
1.62468213952127,11.1165416496303
0.293444824405015,7.71309469332838
0.773207288235426,10.0202418233464
3.08407379310258,10.2693506373762
1.45188718234758,14.3413183297664
1.51418434105736,13.778257939792
2.23176540425959,14.8713001958725
0.973846459761262,8.98435408989182
0.688881575524164,6.3467224886069
2.8205764403749,11.6740345661457
1.45564734900267,9.85244640911325
0.172766773030162,6.37286579947736
5.68546673621903,16.1258213826371
7.13447095039201,15.3528780157575
3.92028655840044,15.6568518444855
6.67744396503893,8.50180774806363
1.55537465578857,7.76791598048592
0.107607987709343,8.37615168381709
2.95619968901928,16.3674122910351
0.650632348355429,12.8905409671443
1.36327091511339,13.2182065472569
1.42390039741042,10.1947409083274
0.378497463161202,11.8468640353925
1.77262249009695,7.4779289183716
0.717167785391212,11.6015805658657
1.9053685957768,12.6545297583369
2.5691462009305,11.0635595636006
0.473240845836699,5.27588813920453
4.33147061218448,9.87859282322361
2.80866574452212,12.8580831217056
1.02308672200888,12.5206494722832
6.14892950620423,9.46532588985901
0.8836285546422,9.6266726711245
3.49816512299662,14.1244604927253
0.594137249514461,6.74434816881376
0.57591443242178,11.5563398773145
0.040762796998024,8.72341154927956
1.47076437504084,7.57014632121643
3.39878600446467,14.9394875276226
0.65337852672891,10.6966239367016
1.62344549733486,13.9869478226473
2.03485574422603,13.4236449736917
0.242529519833624,11.8000888441405
0.263500017113984,6.91850014567447
0.854465219724465,10.9474872202206
0.0725243012704271,8.86171824815201
0.5608502747491,4.94337128459568
0.497502183016622,4.04048476298411
1.01742694340646,5.30574059132313
5.31594045807548,7.81558630880725
3.09964340163355,11.6150198287583
0.192428290496862,10.2831487394396
0.787773365154862,10.6635010775439
0.756683172658086,11.9033870202716
4.71185718079038,13.4812393783453
2.02490004702451,10.4705634458884
1.5664439126009,10.2247449284185
0.61806182991446,6.93982713612757
0.198700989596546,3.96121356857658
0.815194900066616,13.1293955946571
0.956538091413677,5.92909799440732
6.42013925280342,8.67482397579436
2.71667639716508,9.31843655756847
0.159121155738831,4.33506011099214
0.126989490489016,3.56818388307294
0.686221739277244,10.4890924045297
0.613513500336868,9.90449648315639
2.34539149693193,9.47355587103092
0.0960579830831816,8.12620145583313
0.776228217408061,10.3285718084427
4.29931699185695,15.2009298770489
2.65419297098162,10.0974192038025
2.31015189169886,9.56077805023063
2.76083875066581,8.9299802888512
0.028443440609915,7.4862328618192
3.25095685850455,15.988605918261
3.31531995518093,7.90157917827064
0.524524907581508,8.11637437380382
2.28863031594994,15.4462586805593
0.187433631159365,8.10559640646894
0.622061383186193,7.84388196928086
3.54238146899228,8.47622751448541
2.45023703194203,8.75323442145189
0.348166506737471,6.43681638088131
5.09747699388701,11.2251765271696
2.28537460221889,10.656523540025
0.388949830085039,7.0668115707445
0.949014311656356,7.89367689351646
1.25733798928559,10.2041051778327
1.54043661235812,11.7025300402164
1.29051736649126,7.490415632715
1.06819683872163,8.09250577518236
0.410883753560483,7.20298476088324
1.47171264133396,8.1430382630521
1.92308584826382,10.182368732805
6.99612289521088,17.0199548854938
0.210351744666696,10.4427297321728
1.98533983333948,13.3327451871364
1.78106084162418,11.2143937979846
2.10957489702124,13.2849345659021
1.95789569263428,9.05222425479629
1.16682525724173,12.8087277451875
0.543764445946214,4.6323056563695
0.40837742262117,11.7607516474463
2.22078228174689,10.9269075780268
3.32718542201405,8.10691197747115
0.468770715408027,11.0875318442707
6.02451588179836,9.01756350654932
7.23232119678214,13.3001163255894
4.87850174655147,11.2197238733551
1.23128141462803,5.51570748819351
2.041192214852,14.1462381395767
0.782636762596667,10.9584520049938
1.64567554254614,11.1022850947617
2.57206821246984,7.37402928095835
1.8518752156848,11.1556692308054
0.802414723845996,10.4221724116523
2.63182150564137,8.61457725951029
0.0409167292683764,7.50665409851104
4.39770289112754,14.7188284398183
0.556717411614954,6.05984268224628
9.53285071948424,15.1082753529726
0.169671433601294,11.7682278784177
0.245882798553789,10.162013316179
3.47455602122431,14.0944126157722
0.274220313876867,7.57133202835487
2.97095766208393,13.0863508591461
2.61414279035273,15.3813804106951
0.360804950164988,7.00085244393708
2.28308040826562,9.36783490870613
0.741772684268653,7.56440164503108
1.36528309062123,7.67772009312248
0.611465062014759,10.9592908184761
0.49464604165405,5.672331816265
4.98293114800878,12.6480310004979
0.448101256974041,8.18729053094621
0.353916529818122,12.3201939519628
2.18059762155592,6.70994802559826
3.78137701732998,12.1445892074253
1.23074376489967,11.6184634624095
2.34571211404147,12.1530635844716
4.76565191497035,13.535952246619
1.27889611199498,12.6983357551676
0.520329589955509,11.0280168901422
0.733023341611061,4.66667293919713
4.27399503641399,13.4681939486164
2.03466861686649,10.112120224898
1.95194799298238,13.2230778298758
0.122578939931099,11.9016571264814
2.04067068911138,11.9375751129681
0.294115243479609,10.3738903125057
3.54833639626194,9.94765625099137
0.946343903429806,11.4797909653373
1.37420953158289,9.00408177685269
2.96924765763764,10.7974376654007
0.0617563409883972,5.51734580048761
0.302807512180053,2.39363311099898
4.39467935779608,14.472033989949
10.1337783069988,13.8479038398542
0.180834389111563,5.80722272775972
0.836014164611697,10.3368862947833
3.63812305738112,11.8693023604697
2.63081535883067,13.6306015388519
0.471957265846031,5.81020673463961
3.46227025638218,11.6602916752867
2.96159021539574,10.1442220422911
1.21244717389345,8.859918288478
0.363239865481675,4.021619701935
2.7402278984988,9.49430307128433
5.13717206349225,14.5248057584971
5.41223409374185,11.3040857099794
1.18433852866292,9.53546044199468
4.37279104788728,10.2989645181066
1.95990822083297,9.35879378730264
2.01198975398601,11.0584618945509
0.635588304139674,10.7711893521466
2.08220874882283,13.6196708371685
6.85847648944626,15.9946315705083
2.29186041085961,8.76482496144249
3.51498624293094,8.97145222734597
0.0952720146862073,3.93422912994613
1.18098886404186,8.86590111069362
1.31750639993697,12.9337955228008
4.56302529023359,8.62022435477878
0.957548259757459,12.0217267930401
0.568984679877758,6.07187018333614
1.91624232186916,13.0891925187492
2.12321566223147,10.0659803798207
2.00249324091855,9.32243675244088
1.25466190744191,9.10485730558216
1.68666691828232,10.7490543877554
2.85409296612007,12.1657322086292
0.640526863746345,4.73166840115738
4.05241291208153,10.604733872234
5.03618819399573,11.9075032555846
1.08080054183187,10.842173135228
0.359766408801079,9.18642912383884
3.6477209117588,10.9639377022582
1.80875060885193,6.80120985202355
1.96270214385333,12.5175015414999
1.81518353418681,12.4463489125262
9.76825890258746,11.6177379560466
1.41109814580264,12.6236567359843
1.89723936646225,14.3070499603136
0.270006385631859,6.24612889072342
2.66012682384791,10.376409174036
0.336647182703018,3.35080534901107
0.0158105596901963,2.41749687162467
8.92929092744246,8.13166821671115
0.101324453018606,10.4922253074108
1.57729518777671,11.0697344524842
0.766063337457231,11.0643817524162
0.129791029714757,9.27863216489089
0.224528429098427,2.78305544734485
2.72980504474583,8.70847789687063
0.210836798883975,6.95021214317775
1.53013992986759,13.0060831899839
4.67700602622212,8.30097736888504
2.679092368027,8.12424077731182
2.16187018013425,9.79108208439108
0.0525184469297528,7.19734969274576
2.39252135736088,7.09511826900121
0.850977709516883,11.050604584436
0.331038584001362,6.99424282680147
2.81789935285065,14.1261621157935
1.87834035461622,13.9965844824992
3.06692305194121,14.2975482656591
0.275188357569277,8.25488360064852
2.36764199464562,12.4076265727922
1.97944229460301,8.9747170389495
0.904257737100124,5.40077664857753
0.131374336779118,5.51441201146423
4.91084277232118,12.1497807579756
0.515555677004158,10.8393348785468
0.920236223255718,12.5086813286122
2.97783923708629,13.1445524061726
0.15867237560451,8.78951934228246
0.968129507265985,8.47023060338588
3.34442824853544,12.7816516063193
1.67031615219059,7.87946306141504
1.58533602758291,12.751796108023
0.403189252159102,11.9347987792584
0.233869851566851,5.90648286333388
0.510438991358244,3.36755705017835
2.29640527992489,9.99310685705479
0.524872072041035,9.09623898631165
1.8099003322806,6.17979942859372
2.02442665948345,10.5881859238831
0.515986330807209,7.35399830007297
1.01217426173389,11.732823474397
0.0584069071337581,10.2514660388377
2.9196650086153,15.0897048114279
2.16200964889469,7.24794411687351
0.508811778388917,4.95404926152046
0.0131917451356767,8.31036221022976
5.30047279943652,8.36313927325016
1.45384121677818,14.4182544500421
0.504429845139384,8.28778443104227
1.50488555412646,8.30376582568682
3.04179236276035,11.666243235933
0.154522523283958,8.33490117997116
0.691418588728196,7.56947979930649
1.08922231663018,10.0220130876649
0.0369298238099553,7.27121731621339
1.11631663516164,11.3578812694751
0.333165976327158,9.59634717995322
0.0125946218089545,4.65864480652087
1.61642815350535,12.4722897152914
0.63366442732513,11.5153819697668
8.43860104049265,13.1995804805756
0.0700185392051935,11.7368253461579
1.34895071666688,7.81229699648312
0.255787560716271,4.25448148191712
0.798232460427773,4.80666351987865
1.03905878867954,9.91165554927505
2.2616754990476,9.6460779988465
0.306614441691973,9.4180081257123
1.80011829352918,6.48136268805296
0.140773181803524,5.15885617437256
1.68841460949029,7.43988185858825
2.34834301649573,12.5325496636608
0.428179061532041,10.3092202224586
2.51916412255707,8.80831630514753
0.687194700352848,13.0530566947191
1.37736818101257,7.50767903239704
5.38757571180291,8.95684868832805
0.590909942053258,4.93981548101765
0.516333059407771,11.3615125275025
0.0886929511058346,4.87002588111085
1.15494930464774,9.34815964311947
4.73648646574801,13.8865665410126
2.56388433082941,9.57630903974706
0.861346431076527,11.5401190902459
1.10693778749555,9.89495372039509
2.89561235844772,7.415585139236
4.18576956249646,12.5808494367908
0.773382267914712,11.6523406666061
2.21559684342685,9.15612837602846
0.155307893819165,8.55603592639252
1.74950524911692,12.5364470656408
1.28616213053465,10.4901790600656
5.60140085275419,16.9566289750984
4.61175276029132,12.3352877529512
1.26076847873628,5.48904205770634
3.05129937971025,11.4297860810148
1.43386958746514,8.53042389004939
0.72838100977242,8.80895165882009
2.01965381010416,7.12394521589657
2.39738068348708,11.1054233197771
4.37181891103215,17.5278548253263
2.8459267354352,10.5801589328699
11.7726020032547,13.073788353794
4.08524279279595,16.1724886581056
2.70839975579622,13.3154288811385
1.6643673609102,8.91483756191373
3.79011437280064,14.0967478343443
2.25812765878905,14.3797209584038
2.96487195027952,7.14011006134344
0.864695899188519,12.7715045866716
1.41148494734409,11.9079196221462
1.55527154161575,11.7811766592482
1.6968724335635,10.069152532039
2.81575038882555,9.54270610771464
1.46990791812249,11.9910464464162
1.33314690273255,10.2446306674367
8.11491022589517,15.6626116838548
3.34826733155136,8.4579679131623
0.131974905384205,8.55181043819042
5.38674797465034,12.2473906046287
0.969272062182426,6.6015032024133
2.28839396254725,11.5157307004664
0.728618434630334,4.91603039114361
0.896707125125414,8.98132570187021
3.30092602206354,14.5888905372736
0.462294249795377,10.7509236385738
0.834254421293736,6.67996881839771
1.07583925221115,8.63186745350163
2.02358131288531,6.44233558395391
0.804391956888139,10.3132347746512
4.05058625323658,10.261425894596
1.25264197774231,13.1405550168125
0.545520944520831,12.2975345207755
0.293735107406974,6.52474976077036
0.536813125014305,9.4861422298945
4.24119245472594,12.4350436059517
1.30743832606822,9.59941729685588
0.758596419356763,8.44921172676239
3.46891112981324,14.8476081046801
3.30987328463582,9.46449184371042
1.21687445696443,10.8414139989204
0.744396423827997,12.8328166634814
1.12141698412597,12.008212440382
1.2744102505967,13.6632520297792
1.46705738665504,11.4966714714965
5.37719431866832,12.0204967209517
4.05714490247851,15.2066244582764
1.07106049775775,7.73638908483292
2.09177837139907,7.91374552806187
0.0609058088693618,1.77679596369737
4.80454934735723,11.4379696462479
0.840892477892339,11.446370718354
0.159905872307718,5.8566383074298
2.83858999214746,12.1959182961004
1.70535464576426,10.1778095806976
3.49585508165841,9.53233501011595
0.0106651019443055,11.5927456461419
3.19156896733928,14.6512759293113
7.19544733646226,10.6414308719206
0.951443864963949,9.36729024746503
0.191073916426502,10.9477286892945
2.08896062887254,6.52288444790443
0.800024601630867,13.0408991226041
1.83440043582561,14.4086436728272
0.0805060146094541,7.07412105139855
4.14013011364226,8.87735996956945
1.86200140035691,9.65255526171209
0.813379740835855,6.25003324180808
3.6237209549356,9.8861499278707
0.203115277923644,8.97439763239069
0.608465726896613,5.86790679233577
3.03927265327245,14.2841089879224
7.06188840749574,12.2225007220676
2.18218945889714,13.2323070901851
0.8518882857804,5.42210608760684
9.98469922260242,17.1065774768831
3.86328244937544,7.75285351638632
0.932679630815983,11.2927925813029
0.746966166421771,8.35163324704785
1.85919512930833,10.0546919606301
6.77326698567639,16.4572191185043
3.04546767083888,12.5920601378471
1.57948200396242,11.8451909295818
0.887992120394086,12.7459856018033
0.493132845899831,6.50910245020977
1.03877250477672,10.8412686409787
0.976554848253727,8.04882257625271
2.78270542604809,8.05518117102201
0.572467741746999,9.38074102505248
1.89810752301457,13.292268025273
0.153737366199493,9.07153102355
1.20907534193248,13.4632755168955
0.554812103509903,9.05340853999188
0.1771155083552,6.15276446933132
4.57654694070048,14.7946059318792
1.68352762787583,7.84897944129668
1.71548338039758,8.32190322321802
4.52642627407737,14.6644589918149
6.18349097635517,10.0518582266755
1.05826090183109,6.13856180826061
0.175820403746983,3.65548522615758
0.875826372765005,11.0927059375298
0.664107415825129,4.20671912068339
0.116364234127104,10.2439779072797
8.88721481660261,14.8293551462564
0.957567034289241,11.0137744447171
0.0761811848200947,6.66084560486492
0.451136068580451,9.38615470946092
1.77479161127451,7.84846461949805
0.534873527351594,6.4813275808645
0.546932031400502,11.7195413827721
2.61122340927066,14.3539065279683
0.976918620988727,8.20597921436719
1.80805491254726,13.8297188576299
0.238717269152403,8.40585427391199
1.25175962191926,8.97763807475276
3.23934304597193,7.43298519768585
1.29184424514282,8.74126729179822
0.651991348713636,6.25508046012286
0.284543914827215,4.88268696410943
2.36565915550566,9.0813320924719
7.01151454389569,9.6285070755299
2.12060814156177,14.6726244445055
0.843854259699583,12.3634687233956
0.2668153680861,4.52423130529999
0.936277960427105,9.68555627488959
0.512393399511495,6.01701840238562
1.38913745947536,9.73699219645146
0.32202915661853,10.4522640957969
2.8418956105618,14.7557671263973
3.6204718275178,9.28005812753544
1.78215801142853,9.42444692539963
0.0471332529559731,4.30478931962814
0.369003039072892,10.8292426629731
3.07950446302282,13.3932858931238
1.7462877909744,13.6374321524858
0.864403957501054,12.0267035155476
5.80471178080612,10.1411356891786
0.320520532805885,10.5669397298241
0.739655822515488,8.6117451109604
6.48785494234333,12.7145641802984
1.78653618280972,11.0474124545186
1.43734947812536,9.67478161823448
4.15502833185678,12.6515397635441
0.799965098526913,4.68342586808267
1.34318699035794,7.11309883759188
2.65789818010273,11.8283701729103
0.475064215250313,9.30482210175901
Rho_s: 0.475348111348111
Rho_p: 0.457170260940093
IC Time: 0
