Rho:-0.5
N:500
0.264165263855458,0.912447617389262
6.16356629099617,2.55875550574603
0.316293861716986,2.95567022770121
0.502867192029953,1.61081878459992
0.717503766529262,0.407887138426304
11.9466662102177,2.03455591752174
5.83434446122418,0.0186804141849279
0.386630197055638,7.99023769381356
0.506222060956713,0.950372725725174
0.658133273944259,0.688290779478848
0.565014430321753,4.5852705647511
7.14909465963917,2.49644241101089
2.57501211008968,0.735988705419004
3.67202708108311,0.127268966655347
1.66354799921167,1.81180916159394
12.1785969429447,1.78991544797065
0.432218433357775,3.44074699638372
1.55880793548169,1.69864722332897
9.72574742362558,0.307529715703107
1.9413507579917,0.248804872392569
0.743980593679526,1.30371206719428
1.2805572906509,3.59666402248626
1.24255363829434,3.18532187474852
0.239476504716523,3.9001232011426
1.0558079238981,1.78580186242089
1.00542797893286,0.934737559487199
1.74908464207294,0.593861968069349
0.354664388112724,3.87250188348775
1.7911694048995,2.03828615873101
1.24838305078447,1.53360179430785
3.11160305498128,2.26355888127329
2.39582449748161,1.36065464187413
0.161720270290971,9.25243589976683
0.69752889778465,0.740713222433388
0.682303037093524,2.83309536037927
3.01976105926519,1.61811240381541
2.18271349920871,0.681475673212123
0.274075019173324,0.668628264218569
0.409249429591,2.29069438754561
0.812007751315832,1.5250480361033
3.4421129672039,0.881484953686595
0.763224346050247,5.23997040181063
0.904806545004249,3.27753667516594
1.66080358802321,4.04994013516193
3.65833355842118,0.262901293113828
2.07150075017455,0.549940987490118
0.442515768970967,0.658109401352704
2.52669785908403,0.409311431460083
0.894615947905478,1.28173280041665
1.38295814674348,3.4357365458518
0.0540509019047022,2.62419779217782
3.07125584764366,2.64774208247782
0.165825395844877,0.589338502846658
0.933973172679543,1.61673270035666
7.71881956937623,0.0599982962291317
1.82383584036472,1.64010245379169
1.42842191076818,2.11965482529672
0.0746694101090561,3.2366518525589
1.0055971397087,5.33011746008821
2.76262529744747,0.360882259905338
0.401214284822345,2.04076419203522
0.788521574590513,2.14354465707185
1.4629841978368,4.68148480751262
1.30590477678925,0.180508990772069
3.70467934374202,0.0650776531547308
3.73830238712912,0.0413039615377784
0.17486125665502,2.01973185121062
2.15125744781437,1.83784201798171
3.08860956115608,0.0837711719796062
1.87087484312938,0.250803185626864
0.0876987986266613,1.67014649785094
0.583164518902722,2.71177150486949
0.444668070413172,1.39242678499761
1.19799606874585,3.81419013051276
0.70517972484231,1.06431104429066
1.2043174142018,0.240872946567833
1.55907169807909,0.432285617208746
1.00114559009671,3.87737075967674
0.734316385351121,4.50575147916503
4.74366985789018,0.42383917607367
1.04433090705425,1.83300437956097
0.109388308680933,7.8026882219584
2.43821516252103,0.179495598189533
0.548016996122897,0.523428495973349
0.257560242966255,8.43582472899809
2.18033715142849,0.308220462873578
3.69561335055118,0.367676692569742
6.33508267965088,0.00210963363471216
3.89749678580051,0.659921165555716
0.230066927149892,1.27697533369064
0.954213920980692,3.3345464838851
1.22581329755485,0.174477001652122
0.0915806293487549,8.70885753094005
0.272074165684404,2.65659162393751
1.56329679299351,1.62712388071469
0.98254759144038,0.374826342798769
1.85882705627921,3.39742875827437
0.413722429196022,0.551573523815206
3.47386660410051,0.0126916645094752
0.530462176539004,2.13244238673689
0.451887662102603,0.858275200075518
0.536182721145451,1.40169153049372
0.830306358936631,0.581810021772981
0.822942098383906,2.9771266056407
5.75012698735962,0.15502915583196
0.464800347574055,6.68072096969853
0.133973346091807,2.19319982445779
1.11639876291156,0.320135110989213
5.96541310813198,1.9470587331
0.501934993080795,4.75770658601947
7.51703731101468,2.18107797383311
0.370084952563047,1.46550028203967
2.71303586839678,3.15172296373134
0.246351796202362,0.738459438263504
0.290977007709444,6.08351424302826
10.7278864117046,2.29391106023433
1.01493978593498,5.1565750648541
0.984905686229467,3.91119597462897
5.39626507808395,0.961845471523702
4.14450168220286,0.185970148210155
0.136672439053655,4.26916811217494
0.284567390020839,2.70461514024975
3.19296056015377,0.0415093647316098
1.23850663471967,0.832225511781871
0.344621351920068,0.534706886722356
0.410187530795901,0.922509770840406
3.78567451594358,0.592491385526955
2.44424274927917,2.06672578780722
0.656367043964565,0.362038425212937
1.17282624635845,1.55253782674792
5.32776891042419,2.0812787785286
4.17661689855926,1.66564537494141
2.78964254922905,1.23732080962509
2.3187821998115,1.70305117770078
1.67938068686965,2.4743143468255
0.809527981870239,0.595786643214524
0.868189471773803,0.323566805363273
0.334099751897156,2.64711120902541
2.02262306322996,3.46114759875422
1.45476158149917,1.47085331481264
0.425154915079474,1.43022461972179
8.06258172872377,1.58247964075747
2.01165994994822,0.376597035676241
3.14656523598318,1.98851323491874
5.03855235934588,0.435982891358435
1.19532616902143,1.90466232216897
0.060160044580698,1.05131195206195
0.281789427623153,1.9602781026609
1.57160093813183,3.35209225645424
0.02494758926332,2.84099791182165
1.10688877943903,3.79564484045188
2.50630658670309,0.811003729701042
1.12163629475981,2.38192917211893
4.04996712489014,0.111630806699395
1.01177064795047,4.47657495339341
0.909152762964368,1.59364097557011
0.685535850934684,6.64517430927525
8.19567407253099,0.00528770134521881
2.03582376689717,0.288301665335894
1.00803855620325,2.89872915653472
1.69459459363463,3.87789513153915
1.0699232108891,2.0068529228771
7.93044347646547,0.0286411496395692
5.16903613855071,0.00010059861229374
0.864022748544812,6.25525674190293
0.488129101116415,1.36791715305299
2.01934465012493,0.448402643566663
0.0936331608409425,2.35569905295017
2.59065057328882,0.0884383742023469
0.543357736037961,0.598278813323073
0.238279407019695,3.33865027505035
1.40079654946895,2.29437906286659
3.194598886663,0.0329520605402352
2.63254089086297,2.11811055793407
0.413487432275975,1.13451092783362
3.5088833941329,0.629442596037066
1.06798510625958,1.19760696124285
4.49609386523194,2.08755669082108
0.544656008481979,4.37213730414338
0.216079105876111,2.37302382468226
3.36865761963222,2.38336667782607
0.912320620380342,1.02758570481092
0.794342176057398,1.61171941264513
1.81138622938635,0.252189317718148
1.36320021841675,0.224738260755889
1.53680441145656,0.144227675162256
4.27276185502238,2.28058338508043
12.0302383594944,1.33732720371336
2.28473488419297,0.389275814406574
0.856784736737609,0.664091939220865
2.3546188794271,0.2622509021312
2.16211681618335,1.3524494901953
1.71718114978614,2.67039629622343
0.0656489644788148,10.4340277643581
2.144409077158,0.233214242383838
0.54333024911353,5.48689536352582
4.83617633183427,1.65773675396087
4.32602323037436,0.0409322481369239
2.69441293171587,1.23476142063737
0.470434313547268,1.09135761577636
1.33992206119001,1.63735191329362
2.49771093755009,0.348157705899796
1.05126993078738,2.64339066847208
2.25345075867119,3.05078773183708
0.942839329130948,2.41002516812625
2.52519869050922,0.0283864280208945
1.03292980790138,1.16375696007162
0.0525925956494708,2.27668613000753
0.258053410798311,0.691408022306859
2.40252817786279,1.1187268840149
0.739262157871791,0.358281544409692
0.704901265201683,2.30022832311991
0.390997729410181,2.90518116561656
1.31358962971717,0.331858026525999
0.396120632067323,0.86802758242478
0.0695607044523563,0.894492714274577
1.49491060144248,0.169199760379481
0.0365105485543609,9.07985892032019
2.09748466304483,0.32124222908169
0.615052080923822,0.521003945925244
0.0590237506625063,7.0828073728354
0.284316156059504,0.920497790105488
1.7339726089591,0.120019427500665
1.19093921314925,0.641525382450861
2.80348880393681,0.69984345510602
2.70333411163631,0.209264295175672
0.136259304359555,0.889124512672424
7.52175036912131,0.0274046831424996
10.3295794458766,0.738990780897439
0.929883813485503,2.66861807919087
0.529352884739637,1.65487393679315
0.64192018751055,0.830323136411607
5.62962451190711,0.982870727777481
2.27526720791104,0.302996452897787
0.441633174195886,3.99388576282148
3.14611103400376,2.94683377265322
0.613077415153384,4.1927081083221
3.01502158103471,0.423252200707793
6.7786400314785,0.0552374779007798
0.128773848897189,2.18491379428261
1.82069287999513,0.686475292779505
1.07263185176998,0.223139885812998
3.51643591729884,1.36329777445644
1.24048368446529,1.55377349621596
0.825870595872402,1.76485877475681
1.70851964867654,2.92842638475781
1.10988411214203,3.97498163191562
0.503934988752007,7.53820855501008
0.660288812592626,3.34336641414051
0.292422516271472,3.50419091416483
1.43227439737859,2.35126614003422
0.401251702569425,4.81465887956094
1.38657350160354,2.01116775154116
4.01411495273618,2.01165928496959
4.44517661978431,2.63201831086519
0.920796159654856,1.45686686030569
0.0702969003468752,6.73620557751427
3.04840406386142,1.78412782392445
0.0635673977894733,7.94057483556581
3.0415451711226,0.731402699835598
0.784547624178231,2.08513462348821
1.31510221026838,0.68139797622795
0.257738436244058,0.664289459586143
0.621010164730251,3.02289623377805
1.10867767687887,5.32136086721845
3.39489205537324,2.87288281304722
2.71668335329329,2.6146098076457
1.11998844705522,2.16690516341883
1.1915499875322,1.0834542280063
0.30359863396734,2.87227648852353
0.200770975090563,0.680631270632148
0.023113782517612,3.49229624135876
1.02287190780044,4.06197352318053
1.10849972628057,3.21082702634816
1.96501283711734,0.122042605653405
2.18577082633021,2.07318013711813
0.0789929162710905,2.73328979118707
1.87368415101411,0.129721831530333
1.54746828219833,0.834872914792699
4.4543080151047,0.428402736585365
1.85420381963161,0.204031842113689
0.128943167626858,4.75814811174133
0.559622502799103,0.36864648014307
1.96118077813628,3.33916885250305
1.13498274050653,0.514753581956029
1.00622558734205,0.673616518910918
2.91184269707669,2.18499885118547
3.54977701463674,2.18553218423369
0.765533913903461,3.58358068002348
0.0658006546406591,1.66010536431315
2.93076922640918,3.2099191842783
1.69934099650458,0.249041718430817
2.15653709313812,1.4258189065055
3.06877997493903,2.50071415296736
2.87694128585939,2.21860176316443
1.48331137738171,0.269413845903043
0.185140554621102,7.83641118886781
0.314883036873702,0.997897640801966
4.48922366988385,0.0088454456999898
6.16026029298048,1.87288386072212
0.0310614602640271,3.03564275441428
0.547330815345049,1.16743738483638
0.0578449431529726,6.79075856473217
0.392509461380541,0.98173968680203
0.591834031852603,4.97911580839386
0.289097504690289,1.54087545714321
1.35341458581388,2.88734580559616
6.92437469925652,0.820848510704104
0.0858663721010089,6.73193458738493
2.88383210061078,1.8115729278976
3.05921141041403,1.61249615220739
0.606266941875219,0.905123660340905
6.07944448258648,0.000463220473694865
0.324463175597905,0.771411590278149
1.67191524023625,0.987915903984865
2.38033465101364,0.969582936192195
0.323307655751705,1.52140913895311
3.43754256128,1.38923810747175
3.68288072824072,2.18554742625895
0.52817955147475,0.797498003579676
2.17662704541328,1.17328150104731
1.93113842324843,1.77489210751512
1.22719015367329,2.02491443409565
3.62060209719424,0.291537065265521
0.226577122411627,1.77734986829763
11.6701605015232,0.0971418265253305
2.90526115132456,0.289217604324222
0.574372941628098,0.641589725390077
0.547543888911605,4.21303292711206
0.279124793066947,4.99549252145577
4.66152101357408,0.962832667020899
1.40172637804391,2.44313326655867
2.45016269377413,3.24167080298487
2.32206184408608,0.94942048098892
2.88280680816693,0.253702782236643
1.04674137383699,0.662716058082879
1.15591770783067,2.9796307461811
0.0535194305703044,6.90480412509213
0.489178138785064,4.9034174417419
0.55239431373775,3.91946529207711
3.63123713416939,1.98143470465186
3.11254179833417,0.0180747145786881
0.19919539835063,1.43510912909153
0.0262161260470748,2.19512778884711
0.412576208082721,3.47125779820566
2.37998887143078,3.65935749543791
1.82441334604266,0.651772459037602
0.590795231051743,3.52640471218114
1.52361245444956,1.71788713141325
2.32163081496003,0.592735628597438
1.74628707926863,0.0807643961161375
0.140149208717048,0.837548169548406
1.13036085572094,0.956126134842634
0.29741554973083,7.17147610667062
2.68410471259596,0.438165707463802
0.456928043626249,1.92667057778958
0.950243311934173,1.00297494512051
1.22094287257642,1.74545442490819
0.668122101575136,2.55289307973328
0.864279221743345,1.83643176662419
2.19473152413013,0.413977959193289
0.820639286190271,0.922050388529897
3.24290057627444,0.747954375558989
0.563090462237597,0.8404526400583
1.62700210130754,1.18336038663983
1.45728474779263,0.681514895521104
0.210468058474362,4.13739397359972
1.24027780909091,1.62802746619033
0.389259861762201,5.88701475128465
3.87022109312897,0.547732120379806
2.4002407453114,1.93543716887964
0.560316118757944,1.99253991568889
2.15183484181579,0.204448536038399
0.090178482234478,3.97001334262972
8.05219335439515,0.469979728833306
0.399170115030667,3.08739324002951
1.54953671706751,4.05690113810783
2.98263965306009,0.0810798315522076
0.330189664848149,0.518573033623397
0.845188254490495,4.74901202668376
3.07089724002366,1.62121773875299
1.95749077751281,2.04567913888934
1.90204685545507,2.31564029111507
0.195956778712571,2.43167410028654
0.327699027024209,2.06554554394426
1.5736490934247,0.51862018154812
3.13769618026418,0.887554874643683
0.157860816456378,0.785521673044978
1.13466347847134,0.859028492122889
1.43742751046944,0.388327071247797
3.91230398399715,1.59890037713778
0.583927057683468,0.367842924781144
1.13260857574642,0.368649958991691
7.28514019730401,0.838702714070678
2.07136491863968,1.2453400650993
11.4754919701054,1.08370647352974
2.23941716357114,0.981077345088124
0.465057306407015,1.57097542876881
4.83031227041907,1.61320689379284
2.05091445698383,0.217672134516651
2.08022518261316,1.33851117175072
3.14989426302733,0.439678506925702
1.560448884047,1.99968371718171
1.11665396671742,0.801423407159746
3.53976181505208,0.0268264335745014
2.00696158214452,0.911115249618888
0.555828595533967,4.88121376702883
2.3058341457773,1.22131619136781
3.81239331124311,1.70175934491266
2.76428545630517,1.1054882965982
1.98114862843397,1.27192728128284
0.610628950409591,0.930011245422065
1.08972419891506,2.13629058181288
2.29212122588399,3.10948660207872
0.167482849210501,8.82383333852282
0.955037814565003,1.0527820456773
5.46988060672708,1.33307709172368
0.508577929134753,0.636879808269441
1.12674867454916,0.455384219407921
8.39445170121082,2.53521258934381
1.0516547486186,0.704154966399074
0.111237899594354,1.90704436591806
5.04469251980014,1.39556431613623
0.727923462167382,3.59652161904195
0.373526004143059,1.71191458617973
0.76633585046734,1.2288593519479
0.746439488036631,0.701898914761841
1.7698594523836,1.14850444346666
0.315661144442856,4.01401609910612
0.39852157092715,0.778253108263016
10.2381980152507,0.464212602004409
2.23005452557447,0.79750107661686
6.83113324608574,0.46741000469774
3.85561436025386,1.52003560206833
2.20503960727694,0.223542881198227
1.58172974871421,0.256186544224954
1.70909991479459,1.20729034207761
1.09429261274636,0.705789634026587
1.37251998018473,0.286295455880463
3.20040811208968,1.28908262215555
0.820144914640948,5.53375713874526
0.51754387894118,1.90323599240912
0.152361327782273,3.32093711553102
1.23264382127672,1.16372841317207
0.0717318719501641,4.16096190710492
0.411051311530173,3.57023653743749
0.847348642637716,0.673424357683106
1.38220238033682,0.0925665833055973
1.71843358307126,0.0969729908075744
3.93431408686524,0.383207963779569
0.0239529740065336,5.11003135492034
1.37887624278665,1.28602642659098
4.26528753515889,0.0109120206907392
8.11868585231614,0.228223142214119
2.87071481630116,3.13953331468587
5.60733388339572,0.251287804916501
1.82423107131364,0.363407202006931
0.0603893200730406,0.799638661555946
0.918754181824625,1.64986857018414
5.46932176847882,0.348941351953608
1.11716648656875,0.426821949711202
1.82562137386742,0.268831856548786
0.12852083001322,2.09303073390367
7.59219772699189,1.21998253185302
1.35475968662649,0.938867734745145
1.00400480534881,5.67969931628475
0.456072207194739,4.4471139644546
1.30177546199411,4.45116608072983
0.810422104783356,0.640627770684659
1.73068145482333,1.2857170458883
0.6474418058373,1.94080722254682
1.48200467220488,0.655221050605178
1.91923139705855,0.631462668068707
0.779459489509463,4.39525515188403
1.34527623467147,0.166245721157428
2.42911478309872,1.71951597175541
1.81314263028989,0.0676156161352992
0.47085247002542,0.55694910697639
0.583949845952113,7.14361010138187
2.44923990583959,0.0781499641016126
1.95513167596402,0.0495800285381742
2.54167757547441,0.219105429947376
2.99895742282543,2.94705803837896
0.860806733369827,3.36234711543008
1.51601792991283,0.576731042005122
0.814491071930529,0.889813615940511
1.70429259814789,0.490626168726984
0.142602093583581,2.919970819708
4.37155261983104,0.809273449704051
1.10427159443498,0.626853052526712
7.12231136443925,0.933564434759319
15.8736540007006,1.54304980838892
0.161665151517756,7.49008671524835
4.08801916597371,0.906634837388992
0.493505832739174,5.26629880655408
0.831049202760601,1.19958469737321
0.4996318500489,5.86759790744553
0.803259268403053,0.304804046250332
2.67938486478272,3.01923740697417
1.64258083840167,1.4007339029664
Rho_s: -0.431284029136117
Rho_p: -0.308126043851613
IC Time: 0
Rho:0
N:500
0.264165263855458,0.383207963779569
6.16356629099617,7.83641118886781
0.316293861716986,1.67014649785094
0.502867192029953,0.894492714274577
0.717503766529262,0.129721831530333
11.9466662102177,4.9034174417419
5.83434446122418,0.180508990772069
0.386630197055638,7.94057483556581
0.506222060956713,0.626853052526712
0.658133273944259,0.407887138426304
0.565014430321753,3.32093711553102
7.14909465963917,7.8026882219584
2.57501211008968,1.27697533369064
3.67202708108311,0.490626168726984
1.66354799921167,2.03455591752174
12.1785969429447,4.01401609910612
0.432218433357775,2.0812787785286
1.55880793548169,1.81180916159394
9.72574742362558,1.02758570481092
1.9413507579917,0.374826342798769
0.743980593679526,0.922509770840406
1.2805572906509,3.87250188348775
1.24255363829434,3.08739324002951
0.239476504716523,2.02491443409565
1.0558079238981,1.61811240381541
1.00542797893286,0.8404526400583
1.74908464207294,0.738990780897439
0.354664388112724,2.09303073390367
1.7911694048995,2.31564029111507
1.24838305078447,1.52003560206833
3.11160305498128,3.87737075967674
2.39582449748161,1.98143470465186
0.161720270290971,7.49008671524835
0.69752889778465,0.518573033623397
0.682303037093524,1.99253991568889
3.01976105926519,2.30022832311991
2.18271349920871,0.997897640801966
0.274075019173324,0.127268966655347
0.409249429591,1.43022461972179
0.812007751315832,1.0834542280063
3.4421129672039,1.71191458617973
0.763224346050247,4.68148480751262
0.904806545004249,2.50071415296736
1.66080358802321,5.86759790744553
3.65833355842118,0.735988705419004
2.07150075017455,0.801423407159746
0.442515768970967,0.228223142214119
2.52669785908403,0.747954375558989
0.894615947905478,0.987915903984865
1.38295814674348,3.57023653743749
0.0540509019047022,1.19958469737321
3.07125584764366,4.5852705647511
0.165825395844877,0.00528770134521881
0.933973172679543,1.28173280041665
7.71881956937623,0.426821949711202
1.82383584036472,1.9470587331
1.42842191076818,2.18491379428261
0.0746694101090561,1.59364097557011
1.0055971397087,7.0828073728354
2.76262529744747,0.731402699835598
0.401214284822345,1.22131619136781
0.788521574590513,1.65773675396087
1.4629841978368,7.99023769381356
1.30590477678925,0.0495800285381742
3.70467934374202,0.302996452897787
3.73830238712912,0.248804872392569
0.17486125665502,0.962832667020899
2.15125744781437,2.29069438754561
3.08860956115608,0.291537065265521
1.87087484312938,0.368649958991691
0.0876987986266613,0.688290779478848
0.583164518902722,1.90323599240912
0.444668070413172,0.79750107661686
1.19799606874585,3.58358068002348
0.70517972484231,0.811003729701042
1.2043174142018,0.174477001652122
1.55907169807909,0.547732120379806
1.00114559009671,3.21082702634816
0.734316385351121,3.52640471218114
4.74366985789018,1.08370647352974
1.04433090705425,1.62121773875299
0.109388308680933,4.13739397359972
2.43821516252103,0.362038425212937
0.548016996122897,0.204031842113689
0.257560242966255,6.08351424302826
2.18033715142849,0.598278813323073
3.69561335055118,0.889813615940511
6.33508267965088,0.0650776531547308
3.89749678580051,1.39242678499761
0.230066927149892,0.595786643214524
0.954213920980692,2.64774208247782
1.22581329755485,0.0186804141849279
0.0915806293487549,5.23997040181063
0.272074165684404,1.46550028203967
1.56329679299351,1.76485877475681
0.98254759144038,0.233214242383838
1.85882705627921,4.47657495339341
0.413722429196022,0.0969729908075744
3.47386660410051,0.0283864280208945
0.530462176539004,1.45686686030569
0.451887662102603,0.455384219407921
0.536182721145451,0.881484953686595
0.830306358936631,0.358281544409692
0.822942098383906,2.21860176316443
5.75012698735962,0.651772459037602
0.464800347574055,4.37213730414338
0.133973346091807,1.09135761577636
1.11639876291156,0.252189317718148
5.96541310813198,3.97001334262972
0.501934993080795,3.18532187474852
7.51703731101468,4.99549252145577
0.370084952563047,0.738459438263504
2.71303586839678,5.88701475128465
0.246351796202362,0.223139885812998
0.290977007709444,3.39742875827437
10.7278864117046,7.17147610667062
1.01493978593498,6.79075856473217
0.984905686229467,3.24167080298487
5.39626507808395,2.06672578780722
4.14450168220286,0.631462668068707
0.136672439053655,2.18499885118547
0.284567390020839,1.55253782674792
3.19296056015377,0.204448536038399
1.23850663471967,0.887554874643683
0.344621351920068,0.0413039615377784
0.410187530795901,0.51862018154812
3.78567451594358,1.23732080962509
2.44424274927917,2.94683377265322
0.656367043964565,0.0552374779007798
1.17282624635845,1.4258189065055
5.32776891042419,4.16096190710492
4.17661689855926,2.95567022770121
2.78964254922905,2.01116775154116
2.3187821998115,2.18554742625895
1.67938068686965,2.87227648852353
0.809527981870239,0.360882259905338
0.868189471773803,0.15502915583196
0.334099751897156,1.57097542876881
2.02262306322996,5.1565750648541
1.45476158149917,1.59890037713778
0.425154915079474,0.799638661555946
8.06258172872377,3.02289623377805
2.01165994994822,0.629442596037066
3.14656523598318,3.2366518525589
5.03855235934588,1.13451092783362
1.19532616902143,1.77734986829763
0.060160044580698,0.367842924781144
0.281789427623153,0.98173968680203
1.57160093813183,3.87789513153915
0.02494758926332,1.23476142063737
1.10688877943903,3.35209225645424
2.50630658670309,1.39556431613623
1.12163629475981,2.18553218423369
4.04996712489014,0.514753581956029
1.01177064795047,4.4471139644546
0.909152762964368,1.20729034207761
0.685535850934684,5.26629880655408
8.19567407253099,0.169199760379481
2.03582376689717,0.46741000469774
1.00803855620325,2.35126614003422
1.69459459363463,4.81465887956094
1.0699232108891,1.78412782392445
7.93044347646547,0.304804046250332
5.16903613855071,0.0126916645094752
0.864022748544812,7.14361010138187
0.488129101116415,0.809273449704051
2.01934465012493,0.681514895521104
0.0936331608409425,1.16372841317207
2.59065057328882,0.251287804916501
0.543357736037961,0.249041718430817
0.238279407019695,1.71788713141325
1.40079654946895,2.35569905295017
3.194598886663,0.122042605653405
2.63254089086297,3.13953331468587
0.413487432275975,0.664091939220865
3.5088833941329,1.2288593519479
1.06798510625958,1.1054882965982
4.49609386523194,4.06197352318053
0.544656008481979,3.01923740697417
0.216079105876111,1.28602642659098
3.36865761963222,4.45116608072983
0.912320620380342,0.911115249618888
0.794342176057398,1.1187268840149
1.81138622938635,0.367676692569742
1.36320021841675,0.219105429947376
1.53680441145656,0.0810798315522076
4.27276185502238,4.75770658601947
12.0302383594944,2.92842638475781
2.28473488419297,0.686475292779505
0.856784736737609,0.448402643566663
2.3546188794271,0.549940987490118
2.16211681618335,1.83300437956097
1.71718114978614,3.05078773183708
0.0656489644788148,9.07985892032019
2.144409077158,0.413977959193289
0.54333024911353,3.97498163191562
4.83617633183427,3.03564275441428
4.32602323037436,0.256186544224954
2.69441293171587,1.98851323491874
0.470434313547268,0.68139797622795
1.33992206119001,1.64010245379169
2.49771093755009,0.673616518910918
1.05126993078738,2.19319982445779
2.25345075867119,4.50575147916503
0.942839329130948,2.04076419203522
2.52519869050922,0.0109120206907392
1.03292980790138,1.0527820456773
0.0525925956494708,0.982870727777481
0.258053410798311,0.185970148210155
2.40252817786279,1.77489210751512
0.739262157871791,0.0781499641016126
0.704901265201683,1.71951597175541
0.390997729410181,1.69864722332897
1.31358962971717,0.331858026525999
0.396120632067323,0.42383917607367
0.0695607044523563,0.2622509021312
1.49491060144248,0.0884383742023469
0.0365105485543609,4.97911580839386
2.09748466304483,0.592735628597438
0.615052080923822,0.223542881198227
0.0590237506625063,3.44074699638372
0.284316156059504,0.409311431460083
1.7339726089591,0.120019427500665
1.19093921314925,0.593861968069349
2.80348880393681,1.2857170458883
2.70333411163631,0.438165707463802
0.136259304359555,0.289217604324222
7.52175036912131,0.268831856548786
10.3295794458766,1.83784201798171
0.929883813485503,2.13244238673689
0.529352884739637,0.981077345088124
0.64192018751055,0.589338502846658
5.62962451190711,2.16690516341883
2.27526720791104,0.592491385526955
0.441633174195886,2.37302382468226
3.14611103400376,6.68072096969853
0.613077415153384,3.10948660207872
3.01502158103471,0.86802758242478
6.7786400314785,0.376597035676241
0.128773848897189,1.00297494512051
1.82069287999513,0.906634837388992
1.07263185176998,0.0415093647316098
3.51643591729884,2.27668613000753
1.24048368446529,1.52140913895311
0.825870595872402,1.36065464187413
1.70851964867654,3.33916885250305
1.10988411214203,3.65935749543791
0.503934988752007,8.43582472899809
0.660288812592626,2.28058338508043
0.292422516271472,2.01973185121062
1.43227439737859,2.38336667782607
0.401251702569425,2.9796307461811
1.38657350160354,2.06554554394426
4.01411495273618,3.79564484045188
4.44517661978431,6.73193458738493
0.920796159654856,1.17328150104731
0.0702969003468752,3.27753667516594
3.04840406386142,2.73328979118707
0.0635673977894733,4.26916811217494
3.0415451711226,1.38923810747175
0.784547624178231,1.62712388071469
1.31510221026838,0.704154966399074
0.257738436244058,0.111630806699395
0.621010164730251,2.08755669082108
1.10867767687887,8.82383333852282
3.39489205537324,5.67969931628475
2.71668335329329,4.04994013516193
1.11998844705522,2.01165928496959
1.1915499875322,1.14850444346666
0.30359863396734,1.61081878459992
0.200770975090563,0.0971418265253305
0.023113782517612,1.64986857018414
1.02287190780044,3.81419013051276
1.10849972628057,2.87288281304722
1.96501283711734,0.209264295175672
2.18577082633021,2.70461514024975
0.0789929162710905,1.33307709172368
1.87368415101411,0.217672134516651
1.54746828219833,0.969582936192195
4.4543080151047,1.06431104429066
1.85420381963161,0.250803185626864
0.128943167626858,2.38192917211893
0.559622502799103,0.0274046831424996
1.96118077813628,4.39525515188403
1.13498274050653,0.432285617208746
1.00622558734205,0.576731042005122
2.91184269707669,3.4357365458518
3.54977701463674,3.91119597462897
0.765533913903461,2.67039629622343
0.0658006546406591,0.680631270632148
2.93076922640918,6.90480412509213
1.69934099650458,0.320135110989213
2.15653709313812,1.90704436591806
3.06877997493903,4.21303292711206
2.87694128585939,3.50419091416483
1.48331137738171,0.308220462873578
0.185140554621102,4.75814811174133
0.314883036873702,0.523428495973349
4.48922366988385,0.0925665833055973
6.16026029298048,3.59652161904195
0.0310614602640271,1.43510912909153
0.547330815345049,0.771411590278149
0.0578449431529726,3.33865027505035
0.392509461380541,0.55694910697639
0.591834031852603,3.9001232011426
0.289097504690289,0.69984345510602
1.35341458581388,2.84099791182165
6.92437469925652,1.94080722254682
0.0858663721010089,3.2099191842783
2.88383210061078,2.71177150486949
3.05921141041403,2.29391106023433
0.606266941875219,0.641589725390077
6.07944448258648,0.0286411496395692
0.324463175597905,0.288301665335894
1.67191524023625,1.33732720371336
2.38033465101364,1.61673270035666
0.323307655751705,0.705789634026587
3.43754256128,2.26355888127329
3.68288072824072,3.99388576282148
0.52817955147475,0.428402736585365
2.17662704541328,1.70175934491266
1.93113842324843,2.07318013711813
1.22719015367329,2.0068529228771
3.62060209719424,0.778253108263016
0.226577122411627,0.837548169548406
11.6701605015232,0.655221050605178
2.90526115132456,0.668628264218569
0.574372941628098,0.286295455880463
0.547543888911605,2.9771266056407
0.279124793066947,2.94705803837896
4.66152101357408,2.04567913888934
1.40172637804391,2.55289307973328
2.45016269377413,5.33011746008821
2.32206184408608,1.58247964075747
2.88280680816693,0.640627770684659
1.04674137383699,0.581810021772981
1.15591770783067,2.83309536037927
0.0535194305703044,3.3345464838851
0.489178138785064,3.34336641414051
0.55239431373775,2.6146098076457
3.63123713416939,3.36234711543008
3.11254179833417,0.0088454456999898
0.19919539835063,0.659921165555716
0.0262161260470748,0.956126134842634
0.412576208082721,2.08513462348821
2.37998887143078,8.70885753094005
1.82441334604266,0.820848510704104
0.590795231051743,2.44313326655867
1.52361245444956,1.8115729278976
2.32163081496003,0.912447617389262
1.74628707926863,0.0268264335745014
0.140149208717048,0.253702782236643
1.13036085572094,0.938867734745145
0.29741554973083,4.88121376702883
2.68410471259596,0.832225511781871
0.456928043626249,1.16375696007162
0.950243311934173,0.922050388529897
1.22094287257642,1.65487393679315
0.668122101575136,1.87288386072212
0.864279221743345,1.53360179430785
2.19473152413013,0.681475673212123
0.820639286190271,0.740713222433388
3.24290057627444,1.54304980838892
0.563090462237597,0.551573523815206
1.62700210130754,1.47085331481264
1.45728474779263,0.797498003579676
0.210468058474362,2.18107797383311
1.24027780909091,1.61320689379284
0.389259861762201,3.47125779820566
3.87022109312897,1.19760696124285
2.4002407453114,2.64339066847208
0.560316118757944,1.36791715305299
2.15183484181579,0.348157705899796
0.090178482234478,1.93543716887964
8.05219335439515,1.30371206719428
0.399170115030667,1.83643176662419
1.54953671706751,5.32136086721845
2.98263965306009,0.262901293113828
0.330189664848149,0.0180747145786881
0.845188254490495,4.05690113810783
3.07089724002366,2.41002516812625
1.95749077751281,2.49644241101089
1.90204685545507,2.90518116561656
0.195956778712571,1.28908262215555
0.327699027024209,1.16743738483638
1.5736490934247,0.636879808269441
3.13769618026418,1.66010536431315
0.157860816456378,0.224738260755889
1.13466347847134,0.889124512672424
1.43742751046944,0.435982891358435
3.91230398399715,2.63201831086519
0.583927057683468,0.0329520605402352
1.13260857574642,0.307529715703107
7.28514019730401,1.99968371718171
2.07136491863968,1.70305117770078
11.4754919701054,2.55875550574603
2.23941716357114,1.61171941264513
0.465057306407015,0.858275200075518
4.83031227041907,2.88734580559616
2.05091445698383,0.323566805363273
2.08022518261316,1.78580186242089
3.14989426302733,0.930011245422065
1.560448884047,2.11965482529672
1.11665396671742,0.785521673044978
3.53976181505208,0.0676156161352992
2.00696158214452,1.36329777445644
0.555828595533967,3.49229624135876
2.3058341457773,1.78991544797065
3.81239331124311,2.919970819708
2.76428545630517,1.90466232216897
1.98114862843397,1.66564537494141
0.610628950409591,0.664289459586143
1.08972419891506,1.9602781026609
2.29212122588399,4.74901202668376
0.167482849210501,6.73620557751427
0.955037814565003,0.933564434759319
5.46988060672708,2.53521258934381
0.508577929134753,0.240872946567833
1.12674867454916,0.388327071247797
8.39445170121082,10.4340277643581
1.0516547486186,0.662716058082879
0.111237899594354,0.838702714070678
5.04469251980014,2.64711120902541
0.727923462167382,2.66861807919087
0.373526004143059,0.905123660340905
0.76633585046734,0.920497790105488
0.746439488036631,0.469979728833306
1.7698594523836,1.54087545714321
0.315661144442856,2.19512778884711
0.39852157092715,0.348941351953608
10.2381980152507,1.33851117175072
2.23005452557447,1.2453400650993
6.83113324608574,1.27192728128284
3.85561436025386,2.4743143468255
2.20503960727694,0.423252200707793
1.58172974871421,0.32124222908169
1.70909991479459,1.55377349621596
1.09429261274636,0.673424357683106
1.37251998018473,0.269413845903043
3.20040811208968,2.14354465707185
0.820144914640948,5.48689536352582
0.51754387894118,1.18336038663983
0.152361327782273,1.63735191329362
1.23264382127672,1.21998253185302
0.0717318719501641,2.03828615873101
0.411051311530173,2.13629058181288
0.847348642637716,0.464212602004409
1.38220238033682,0.000463220473694865
1.71843358307126,0.0807643961161375
3.93431408686524,0.94942048098892
0.0239529740065336,2.43167410028654
1.37887624278665,1.4007339029664
4.26528753515889,0.0837711719796062
8.11868585231614,0.859028492122889
2.87071481630116,6.64517430927525
5.60733388339572,0.834872914792699
1.82423107131364,0.534706886722356
0.0603893200730406,0.166245721157428
0.918754181824625,1.3524494901953
5.46932176847882,0.950372725725174
1.11716648656875,0.363407202006931
1.82562137386742,0.389275814406574
0.12852083001322,0.961845471523702
7.59219772699189,2.62419779217782
1.35475968662649,1.05131195206195
1.00400480534881,7.53820855501008
0.456072207194739,2.89872915653472
1.30177546199411,6.25525674190293
0.810422104783356,0.36864648014307
1.73068145482333,1.61249615220739
0.6474418058373,1.40169153049372
1.48200467220488,0.701898914761841
1.91923139705855,0.830323136411607
0.779459489509463,3.46114759875422
1.34527623467147,0.0409322481369239
2.42911478309872,2.29437906286659
1.81314263028989,0.00210963363471216
0.47085247002542,0.144227675162256
0.583949845952113,9.25243589976683
2.44923990583959,0.179495598189533
1.95513167596402,0.00010059861229374
2.54167757547441,0.439678506925702
2.99895742282543,5.53375713874526
0.860806733369827,2.65659162393751
1.51601792991283,0.658109401352704
0.814491071930529,0.691408022306859
1.70429259814789,0.641525382450861
0.142602093583581,1.5250480361033
4.37155261983104,1.74545442490819
1.10427159443498,0.521003945925244
7.12231136443925,2.11811055793407
15.8736540007006,3.15172296373134
0.161665151517756,4.1927081083221
4.08801916597371,1.92667057778958
0.493505832739174,3.59666402248626
0.831049202760601,0.934737559487199
0.4996318500489,3.91946529207711
0.803259268403053,0.0599982962291317
2.67938486478272,5.11003135492034
1.64258083840167,1.62802746619033
Rho_s: 0.0559875199500798
Rho_p: 0.110447997794631
IC Time: 0
