Rho:-0.5
N:500
3.3612038754372,7.20902046311716
0.560377516783774,13.8970803963078
0.150930621661246,10.1408118520787
0.473744352348149,10.4176689823286
1.45596699967029,11.4575790795981
0.735381411388516,8.55763128592945
0.83861212903862,11.5765246086636
2.82221263321917,9.72483723643657
2.6172502952719,4.1791607064716
1.8098218341768,10.547225530852
0.26513393303854,13.4910749020873
6.58430103924046,11.7631420148634
0.330378128215671,8.79348009473821
2.11639681798351,11.0034515268238
0.970767562277615,11.1284772549159
2.46894579186084,6.26088915878302
1.10638455301523,13.9994558947329
1.07901256810874,9.14462047829616
3.8280361293066,11.782521101779
1.69601575614646,7.56820240622419
0.941197809763253,14.0941277464548
0.929065178148448,7.59587143894019
4.30731328924127,8.49442875773274
3.75163322670345,6.30658750027656
4.42848399037318,2.68889499271565
1.54947402878645,12.4602246186061
2.62480019397082,6.9861084714749
5.14863795389361,9.29553237329356
2.50709796593538,9.25912465681079
4.87859867115445,1.21191049040483
1.05271600931883,6.85998736599296
2.41234612270238,8.4576738862574
0.447135984897614,9.9871187028747
2.20784561700168,5.89463848079816
3.47689461386072,12.3962246896122
0.38200700170311,9.03908014406617
0.444996389560401,7.93017192610242
0.232222997822728,10.2983832847592
3.06126415494705,10.4838016948096
0.271799569018185,10.2311548601109
0.0593903829636267,8.84097890851326
3.97184303758626,10.2291004873702
0.573455597131916,9.56491557364447
4.31725600709148,12.1505366765773
0.289359815778528,12.1987177129992
6.36618943878185,9.13030392180606
0.308559591881931,16.4750831817038
1.03071397748886,12.7443477138538
3.45261529816275,12.0050714814653
3.32431228442078,12.5039255109908
1.41194103855851,13.2510412297559
1.00173716619611,10.4426829266908
2.98878851217228,7.0419434477327
1.50661485633793,13.1561543512863
1.77249246082249,10.7443750209704
2.01713625333252,11.4660482573919
1.4117160848433,11.2352689576175
1.61411592542174,11.4247148792864
2.26694617970827,6.04661241377654
1.59687857326263,9.81893094648707
0.0966825345531106,11.2435900263434
0.346520017832518,8.4026994426344
2.61134201838615,8.50181086901414
1.86420959970894,10.0286869912709
2.90368584154134,6.2114523525254
1.5216575487152,8.11965041290332
7.34005258562875,10.4325225581832
2.6997301596308,9.70831813350547
0.0430581097698467,15.3020467969432
0.0191360153257847,12.597654034529
7.79661355498147,8.30815162718786
3.60873235000258,11.7822412526172
7.93188969376397,11.8852005182711
0.0948322955506533,11.9285331765659
1.61353147828771,12.873930335561
2.23610654651167,9.87293040763153
0.54804605852706,11.6891312845288
0.00542937405407429,13.077632432251
0.483513679355383,14.3221478024196
0.874468043446541,6.43576958533902
0.173108209855855,12.7631844460998
0.0470533827319741,9.32346137530083
4.07358931733256,11.4388725776837
1.79080429106,7.14562307924892
1.07335327938199,14.6675899114068
3.16008453471877,5.16966054799926
0.749857840128243,12.1004932599669
0.209973873570561,8.9477341016117
1.26953482162207,12.6832723231919
1.69386847495081,5.7017240697289
0.659784270450473,12.2882541540938
0.254477339796722,9.30183748423527
0.14573854600206,16.9063067062314
5.00770040203757,9.84155510594907
4.10635251907592,5.48065606021818
7.42543653729272,2.68182711742651
0.443073679693043,13.4363838916622
0.482601242375477,9.93196375940799
5.5404961441917,11.1323910195799
4.00602832047229,7.49891158307606
0.680817753555887,14.387903904172
0.215981274063759,8.04424102557247
2.10112201972845,11.9160286817831
5.20002612818904,3.61660819434732
1.2874550120905,8.46930233024747
0.0642416924238205,15.2637171904035
2.90443885309582,11.0951801061836
4.55557332612509,9.21554411355184
3.86533222928854,6.71499054651523
1.15332808159292,12.1604156746871
2.35008005789461,11.5138787775764
7.69406346562219,7.24864645998107
0.743550462648273,6.6496715332015
0.879936248064041,7.85582878466326
2.14683298944476,5.60310931580837
1.13149483868817,9.51467102764647
8.19479649440728,9.40510210009328
2.96798464936667,12.6638203171141
0.701876654289663,8.85343306472102
0.265748904086649,12.5389733440473
0.00604333435655309,14.4270057287669
1.3725966848433,12.5564353722155
2.12300764574649,6.10056338588922
0.749306289462626,12.7991238451549
1.82800201212408,7.40026400181085
0.79944980237633,8.22856743239009
2.32010858683827,6.45912389784253
3.11078485829716,10.5385985663126
3.8794028869081,7.65100316464609
2.46343284472446,7.68568263033953
0.990427288461766,12.7341135300251
2.02223623163047,5.09322136801195
6.2164885398365,7.26834593168565
10.792872879066,11.0940016838217
0.876581226475537,7.71382241320163
3.4055829940546,4.79082965991022
1.02320140167632,12.238229315986
2.19680811456385,6.36370624286268
0.587485516745172,13.8286502419544
2.51283512069824,9.90703139873015
3.02473030967598,8.28525411360039
0.151542865575095,8.09671717998535
2.63115112847629,5.89684835538948
2.2390771563256,6.51152319910823
1.90720052636209,7.30802852933371
0.736044452525675,11.2987858015048
0.31192654168096,14.7444222532946
0.757294355919158,8.3218078981048
0.35509820561856,11.4709111244625
2.01546367808225,9.50035884513986
0.252627811708957,12.3826213837511
0.678997040067848,15.5761319504408
6.92121975090275,9.67209548400106
0.775770345513985,9.83576931104511
4.015738684516,7.93295723898988
4.45899894333061,11.594334990207
3.09873400116865,12.0814259731059
1.58386553629282,6.33417854281689
1.94783454938772,9.80012062381754
0.14897683635354,12.036534402989
5.8747206177927,2.00680563876086
2.16198463170769,9.77078167698958
1.99211293078008,7.6898930703964
1.95635262868347,5.13317454675005
2.43182907787926,6.94234544119146
1.46210211445072,8.56954653357841
2.93292791379576,6.36824125942437
0.111325990476301,11.7826234140948
0.602661081969595,13.3809330541044
1.1193976637527,13.6285551863606
0.625030265189707,8.71388025326493
0.133272744035694,12.7344487035542
0.107990818098187,14.2334235635205
8.89529041150465,9.84196621216515
2.64276554799619,5.2774403739377
0.911107688210905,14.6345236429967
0.157345031291853,11.9499182878426
3.22043700126891,11.8364080164876
0.156016695313156,13.6572704974662
2.41933243571214,6.42386067084736
0.96968643181026,15.1251941636345
3.56954561529641,3.76643085035082
1.95094181588831,5.58473872407071
2.51627664259615,11.2865664044346
1.13397378753871,11.1126619618051
2.02217848031762,6.1927937764832
0.192300205928453,8.30515063567504
0.426171436905861,7.54047759126406
1.04296716395766,9.32456788672577
3.71776430664544,11.3434159122267
1.17364937998354,9.60031791871364
1.28088571503758,6.4683613884278
0.466087295455484,15.1620693079315
1.3638819064945,8.77556430484259
0.518375324085355,11.1657354102794
2.54944976448562,5.78325154827448
1.27805735263973,13.424879134893
1.50882487363162,13.973121998516
2.11240838087144,7.84218882541764
0.229707592254637,9.00375426371266
0.028969363380652,12.143647666397
1.22227481659502,7.74207487500713
0.475187154486775,9.42617389354763
1.92887620805743,12.2669099905075
0.142515468408416,18.9433691081277
2.74105708851459,6.60912350548039
1.76117709643188,13.5518125932462
2.31896049520912,9.56510734880272
1.31833799742162,11.9740961798626
0.505896837696435,15.8816205660041
0.195141780155448,16.4935845333917
0.00700724459209197,12.3710813175859
0.945009346120059,8.07709271936444
1.69767955896142,10.8769575026792
0.136068711574478,15.7249761235196
0.0580693615497714,10.6869621717613
4.41359702845044,7.12360072632241
0.428201647475362,10.0590850041612
2.06129488340559,10.6439693860602
1.20454228576273,11.700872217095
5.89966307546864,4.83647748919711
1.32263897825032,7.23613705040839
0.971614997833967,6.54214431637493
4.27835631456427,4.46189351141635
2.18119259619071,7.2250606719479
7.03496447933504,4.27459138717073
0.774661492556334,6.60772107665712
4.07188894210343,6.88224967329489
0.90622291713953,8.83461260903109
1.83980580297876,9.59620151915404
1.79559122576358,11.3840000248075
0.348550335504115,12.6235411936918
0.77112996391952,9.35861606375596
0.0202758042141795,11.8614106408089
0.865016954019666,10.4671769196871
0.0985970374961291,11.6301332116583
1.63272616817596,11.6537428271017
1.22359151765704,13.1690258853152
3.30473400603343,8.83139377069504
0.356060397811234,14.2954922048938
6.4611061957098,12.0802437852006
0.127697228037246,12.4855119889015
1.2769026979804,14.5582614151242
2.0698084886277,7.8927683008905
0.756222873926163,12.3223986995592
2.44825069818286,10.8364097266136
2.28888094044271,5.88539297789359
0.771408464759588,6.96592434037029
0.518253546019282,7.85237618243644
0.843596863560379,11.7077867772287
2.64319869494977,11.6470013364773
1.67153802133145,7.92522669018919
0.560177681036294,7.72438242379843
2.09208193412962,12.8558915722028
2.09418239249828,6.10439478441418
0.147955678403378,16.1668669424109
2.41522238767686,12.6132863847973
1.08452894724905,8.07761399494369
0.757276088930666,15.1527437332653
0.482336991466582,7.56107479068017
0.293620096519589,10.1689497848279
1.67633086434546,6.33399292650211
2.14279269232395,12.7682013372101
0.548862574622035,10.0506386318856
8.70321904506673,11.4630126729082
0.205931893235003,8.18943312820154
1.74914942673388,5.62030489859141
3.54595271481161,2.89311572194307
0.0145022900221752,11.7860806082231
0.592438250780106,7.46779573967171
2.29500863506439,10.0568907964194
3.22705325094943,3.58959650283281
3.55243956280832,9.91116198877249
0.0447747877713767,15.4611577375666
0.531032658182085,8.42068106527647
1.64603435612264,10.2267583245314
2.09488155804291,5.61606926725316
0.836517735384405,13.9153529464349
3.00343412966151,10.5067862529762
1.90225384748521,13.3130155470298
8.47034463981047,5.45349827956064
1.37331772502512,10.3597854175196
0.0946290353313088,16.8663857006406
1.21300414763391,8.26866488687278
0.634344420395792,7.86939912623449
1.62475691886959,11.8859872717704
1.81580659552457,12.804757924334
1.40004761508646,9.38456279929011
4.23941228886075,2.69136068581952
2.08534521042349,5.86118069769702
0.489396443590522,14.1290734433302
1.02579918596894,12.0110495636309
1.07221660763025,13.3118193320786
0.276633119210601,11.4844900958261
0.720229870639741,13.8212087358846
2.96154075471644,11.7736158473217
1.43090122588964,6.0712584557309
0.305311161093414,10.8765779571272
12.7814348754195,10.3177915507523
1.29978071898222,11.7091086865797
6.9585745563726,4.89681750929954
0.095309317111969,16.0908313949989
0.980087345466018,9.79870579043708
3.55068281276112,7.79829614052655
3.15169864876156,12.2106912521415
1.45569497338476,5.72214598274906
0.547416113180686,10.6746002487172
5.2404046540422,1.52166243636836
0.611564672552049,11.3784500066908
3.87361061556225,4.99306150478374
1.02911679819226,9.30745127120449
0.917364690452814,9.02991480111109
2.41419124791451,9.26157707069594
4.61389579971261,10.4927015725996
1.76009345874717,8.65062187957221
0.610434414818883,6.8098882068444
2.12798229782822,4.83363384833054
4.14016255347018,5.82858720733027
1.86957578911426,11.1043753287728
5.17238299150891,5.66873644426096
0.187876996584237,13.3255071205253
0.400167525745928,13.1145955265236
1.46437215695937,10.3857571448255
0.762489404529333,11.9060804279441
1.66678572483552,14.0920687384742
1.6288765798414,12.0443324789597
0.48807364422828,14.6941556505834
4.14185100031977,10.7210743652092
2.49140885091367,13.1637413184662
7.44885469558549,12.0944066906434
1.36987609602511,7.35281855073016
2.31450018278303,9.88125952193481
0.774376933462918,14.0043231792818
5.64110497578589,12.1186837830945
1.63759667045417,6.90172467220504
0.45235554035753,8.7730087176021
6.64554432000885,4.01374281245322
0.13495856828006,8.41463594121916
0.247174084186554,15.6423106174438
0.554985282942653,14.6091575533023
0.162123953923583,9.78963174420177
2.46415411300006,9.15173720390473
2.72202059618177,12.6435597036057
2.37416357538643,7.01315785132131
0.0845359532964573,10.7352636882652
0.4377027656883,12.9041958322629
0.745524659450592,8.18203700447046
1.53697105861249,10.593497552391
0.146175503824793,11.4516573656045
2.54515514886918,10.9012674079989
0.809021202695458,13.1253187021573
1.0248139873147,10.500020886231
2.63882843210342,8.29606793056901
1.56844731225612,5.97683791802613
0.935294404765496,9.6314998394946
0.679277254268527,13.0864540487404
1.83857901013436,6.22979856870604
1.28766225650907,7.0836003110418
2.54159944309833,9.46201900650421
0.289603731206413,7.48236637668609
0.490735501221641,10.4542877040158
0.453797577775925,13.9235028080862
1.00674318149686,9.32273995521724
0.116859223693609,13.887115779871
0.0198845005667506,17.1982522715669
1.92087420292183,12.485849101703
0.0909059168770909,13.416228742151
2.88110110146885,11.7872469036985
0.733203169889748,12.5928393196134
0.243322214111686,13.0791229320365
0.603736091405153,14.3173693208458
0.926996839232743,10.9484625359371
3.94752067683225,10.7827061087535
0.926580238156021,12.5463914937728
5.09002940704055,6.10869099800479
4.92245558996625,9.20679918662565
3.43787543649154,9.83553906897628
1.88854811053375,12.0609333876457
1.56279896686315,9.1461595325623
7.26878097962732,7.29402670807735
2.84754676103257,8.22325340072562
0.51692280638963,9.15466005455057
3.51577575115447,9.96787876392385
2.17797419943383,6.87012684215867
1.37364775128663,7.86458099735861
0.772618849992605,13.147452446512
2.13143492481651,11.4728268067427
0.213331540115178,12.2197957977679
0.966610740870237,12.8104302214353
1.1972896354273,11.4153633366474
2.60265280484202,6.59409337492686
0.964419101364911,7.96644916268525
0.0682289511986437,12.6888779797308
2.03954863912406,8.14816909266363
7.49465308668924,6.45826750732392
0.0644502025097609,13.7217748566692
0.273594287274408,8.3284679309329
2.96802403015976,5.15144043019376
0.101816755719483,11.7647018987322
4.90306878437228,11.5321179770198
0.458063156343997,11.2478153737243
0.219800865277648,14.3896695598134
2.17753321669045,8.91978042151354
1.46199939950349,9.5092736808109
0.121769902296364,8.65599487564928
3.43115759251599,4.3443596903282
6.52400441420693,8.68895588510883
1.19902997091413,5.92851351952616
1.09163750521839,12.4627001833257
3.75635114667897,5.61351066651875
1.66434701151195,8.14655928498036
0.328838671557605,12.4709439630897
0.625583120621741,14.0820487541437
5.22340581913419,11.3047774444654
0.196831509293152,8.00857803344898
2.23304906106534,7.53248635534602
2.43642874721792,9.68787006348778
2.07098735860529,6.30743824779799
4.26200735503631,11.8640176957706
0.717128604650497,9.11265079413958
4.76685396718298,7.15957193891759
0.158032896102612,11.0052158033249
4.0648031940866,10.4531617285602
0.0523064319740418,16.1968858887613
1.48621564903905,10.2980882781452
6.21715791378669,8.54273270838226
0.484920091927052,14.546787808687
4.85129034121461,10.0274233842952
1.17191913857082,8.2621091665802
3.67283270491247,6.37572725605884
1.87023575527153,9.29988077271501
0.230715575627983,12.278055469963
3.03498679755216,11.0766806629413
1.60537394985356,5.38292904863633
1.90490703531852,6.10161813180494
3.87842309085612,4.62446398478122
1.63350600055736,11.9207273120995
0.365581884980202,11.8693220573037
0.329874903894961,9.29377405772859
2.71494913651588,5.88685220683742
1.4444487978946,10.9437585697441
3.32704768685584,11.3671546499833
1.54490402146223,5.70116949415255
1.10644066985697,14.4315342246118
2.38524583904984,5.96198880035368
2.20944592162015,9.74269567662278
2.97725443750998,12.5155761359334
0.411791347898543,13.0681589613216
2.56771416208687,11.5085014956064
0.0556205002315586,19.2057570342097
2.18636677592042,12.9176727099076
0.290845667071775,13.2515615130316
1.51567793070319,6.57865214322128
4.612470049159,7.06259634733169
1.14585368242115,7.9473388978226
2.73096348523142,12.1278147396511
0.114871048441863,8.83428885804249
4.13443816063886,8.90758085292454
4.95093845923371,6.60445691450422
1.92174969046357,9.63949312128174
1.06199659574509,13.3398433110424
1.00769344717264,10.6659526916898
1.01757650263608,10.147270097359
0.284224996591442,7.35781888652146
0.897442544810474,10.2754283027158
2.64698936570978,12.5711678083822
0.806174539960921,14.4648234515205
1.9289909707637,5.44771621929161
2.27263135827127,11.1317490578817
0.228379090316594,11.3428065827178
4.68236146413628,10.6760729832614
1.51457685968819,5.79959214745937
3.44595799950843,8.32799602636126
0.41351382403566,9.47163659011711
1.4776040400605,12.6481055886294
2.67528878702762,7.17552640311699
0.813749812916138,9.69569991873547
2.87414555607324,12.6400620307287
2.34102894943217,8.13390019160777
1.33014039043337,9.17007289078794
2.7615241165364,9.44420762492536
2.57894370137694,12.6935748638942
0.672698314454535,6.73951916602802
7.38686699750734,6.02902799032807
0.020927120644397,15.3942870651467
0.144961951221173,7.63030181640045
0.0472799353301525,8.4661105916998
0.0698915429737849,12.2891540633282
1.46248635718171,10.5618814094087
1.07967601064593,14.5749900587085
0.730082096740722,7.40617540774527
0.235599814856427,15.0538719332446
1.34025391470641,6.83912171512977
1.17301263101399,11.0874929864444
3.52670208347921,8.79627123489382
2.06556509070109,6.70042056236583
2.4343900605196,12.6326526512901
1.86865672647002,13.5397963178574
2.57633002839031,5.10738360985641
0.0778653080570302,15.2478007279743
Rho_s: -0.431284029136117
Rho_p: -0.370289464747084
IC Time: 0
