Rho:0.5
N:500
4.78249965632453,8.3466360225756
0.442547152750194,11.7174987259344
0.463754334487021,6.81581565727638
1.61928549710213,13.4247463014881
1.15151309780777,11.2524334013123
2.09555822945013,12.0901939721524
7.73063103440118,9.48402630829821
1.21460550092161,10.4710289335247
0.878790020942688,9.3247150134622
2.66638665451648,9.91203704248514
5.91744902871966,8.98560638033083
2.06948264493587,9.03858470645971
0.466010235249996,4.54051466916372
3.289441216569,14.9222967626092
1.75338313032776,9.77237564741694
3.05318969843869,15.6184268183711
0.557691892609,6.41259000389341
0.710168009623885,9.84240979755591
2.59465623079779,14.7269282209966
1.34025515802205,5.80836979138589
3.39446450744011,7.58733098657064
7.50796046197924,16.3937887339827
0.402803784236312,10.0388822703049
0.659747884608805,11.0130108603305
0.246858376667429,10.5215845572923
0.0839132508262992,10.4341674712153
1.47233588964926,9.76132243228827
1.36796239763498,11.8182884923142
0.137210533022881,7.45392280371185
0.145639466676668,8.2226430739887
2.58379206239226,7.69705520311
1.59706054490722,13.614784430597
0.201913500204682,6.71651486878852
0.127228751547424,7.33537195699533
0.521979441409302,7.63227133408079
0.569317177745058,11.7823238464895
3.11700141785626,9.80708205181544
0.662295876070857,11.7567492914763
4.82183736910052,12.8665599562721
0.402854253109064,10.4122449578294
0.691986293986757,8.32889323496171
0.145516415411839,3.62473125824554
1.3162948815152,11.9354962424109
1.32250747084618,9.68334250266833
0.0137384701520205,7.73944001266478
3.51232927275782,8.0303034886084
0.555859080515802,9.14790025224264
1.17281040363014,9.01676008147009
0.545763946138322,4.44297406540363
8.20404792907548,10.8367286012488
0.683694029226899,6.67972533774953
0.00660934344926165,9.73755739323543
0.303154579363763,7.83585436984282
0.664481094538775,4.86488867612753
0.242072645574808,2.80045584129997
1.89655410303714,12.2246438156275
0.712987729935091,9.94706422999811
7.52432794454408,9.41500314847819
0.106054904870689,7.46526013909085
0.252214190550148,6.30378415376087
7.72872805269867,9.8434332462076
5.17613827039428,13.0715826693733
2.44939228883925,11.1900158596422
2.02443455151262,7.90646511948775
1.28406016062945,13.36933314678
0.0668454576240457,10.4518768075032
10.3254034252544,12.80728142011
1.74817332382584,6.22881968722139
0.389183601364493,5.99519256359314
2.09625176890733,8.07939928154463
0.477383939821072,11.2931982200371
3.67830989120488,12.893260438942
3.16569925038503,15.872758262676
2.33052301398459,11.6084108093841
0.749889681115746,6.25172782490572
3.43465690297966,11.8368787721823
0.852598556317389,8.99912394202857
11.5850811382376,17.0946423091471
2.50771593480351,12.3043744485628
2.6602702307606,7.12320875936119
8.19668860318971,14.4842230027708
0.633616523227794,12.2327598796629
2.57240749887171,13.1414966274255
3.70527910734214,7.7368184270366
0.406115946799091,4.68155942702488
1.70810084595325,10.6783546001713
1.84278634368422,7.58217677317369
0.846344943158329,5.70746187720478
4.738825302319,9.09597043469862
0.380001880228519,8.82947276307253
0.200524224899709,7.84164223057635
9.79883588386071,11.4991105279327
0.307953463867307,2.32035976078938
0.82656347154753,11.3440746480246
0.755663084797561,8.99505282156356
3.01668072102552,12.0004759976038
1.21857043076307,5.77286410389152
4.04302495701199,9.607397688814
0.495649667790617,11.0964851641474
4.8180496280355,15.6374473781762
1.88401012300494,9.62183385805877
1.11815308500081,13.3700503983397
1.94334042063894,9.05487148118587
4.08910770697479,10.5371693602014
1.35260601248592,11.871902887236
4.7700114061398,11.1669568843829
0.251571391199871,5.51504469354014
1.56802368542263,13.085172435993
2.1417443025017,11.6387773948865
1.22563474642671,10.8372834334289
0.587267181836069,6.76951138499537
14.0075130081716,15.1114982786599
0.0032899072393775,8.23020602967832
0.793922512792051,8.70173673957682
0.255722103351052,9.67405919971818
1.30682050809264,10.5306298312525
0.230799978598952,2.64130990729279
0.597387725487351,6.19122161301563
0.092611001591002,5.85636321271177
3.82382769120817,14.6737636699072
4.75948416043944,16.1156720179671
3.92626093365336,14.2551752144913
11.6239278011753,14.4449883558702
12.9885925903805,16.0776331228599
1.86489278442206,7.37322978845471
4.90839718629546,11.3049405119974
1.23232335504144,9.1584326309088
1.65160978204551,12.4747959372172
4.75864053305776,12.2153811533765
0.160577873699367,11.7251307052159
1.22959932591766,9.83550428411379
0.793086841702461,6.23122602267429
0.133076864294708,9.92282079303565
0.953380602411926,11.853047793508
0.313519529998302,9.93134913284266
1.54477088703754,10.8340394096254
0.288387212007102,10.043134520169
0.762119882571341,12.4270439013226
1.41586589618566,13.9396680103986
1.29215462505817,8.78109175309137
2.06585518250943,11.5214245547081
2.73595634280684,9.04770914880318
0.688060870102399,11.1729770842391
6.89315018024216,13.244603675158
0.193848860450089,5.97362114253363
0.50804768961385,6.46223500779941
0.203036406110081,5.84157333287753
1.70158088385108,6.2625313395308
1.73862459874692,11.9658949457213
1.78296904443743,8.06710608680086
1.3631402766332,11.5336646846098
9.10346416333571,18.7574120549159
1.58001446343007,10.4927531470457
1.34707505162805,11.2952651201758
2.92341325415258,11.9958257852815
3.65273623081649,15.9147519486533
0.196318978647517,9.77664845495749
0.562290519475937,11.4823251939435
1.46424500681534,10.89041294747
2.60566006964984,9.67200175945127
0.540424125269055,10.7319517360302
1.43464799364142,7.41910372336503
1.32681801263243,6.50456081819343
4.23120206528675,13.3444559909082
2.32679853579941,14.2580430076703
2.27909303820672,9.45516692530224
1.28891900168489,7.29578591696337
2.47066705106738,11.3959763756574
1.60169704767357,11.5208739474074
1.27971443533897,12.4912332070671
3.0225252070936,10.8675254936688
0.0592432674020529,11.630933625634
0.151757526257354,3.00661920943562
0.042890170952396,10.44746954661
6.57269149985085,8.47865409124073
0.39323225710541,6.43371014573064
3.0704976635391,13.6782237033064
2.63140006168726,10.8914638831696
4.69382036104837,8.26566726859983
1.76334492638077,11.5079416067703
1.18485894675363,11.826371287182
10.6312483282466,18.0273799968273
1.88992652142068,8.06754322663265
1.93280796139481,10.5753887964341
0.353304709307849,5.71850541970797
0.932612793019022,6.17745247902542
1.15796129778028,7.32567026134536
0.543482560664415,11.5389098407491
0.241861746420214,8.35474452522775
3.36445665342693,14.3304770354035
1.40255075001597,10.5147814897375
6.64969452965065,12.7991120457191
2.75715888841989,8.15184040431274
3.84756255878096,10.3596386410395
2.86588492803353,13.3615751454483
0.984196467325091,7.51648370805399
0.917146543040872,9.46762988456035
0.608925044536591,10.5930773059986
3.29256669415121,8.78839451302268
0.0658748527784289,5.78245544511781
0.575042277574539,7.16476611483255
0.56499951146543,10.0091608749878
0.172433262690902,11.410708038696
0.723538923448811,4.96239943364751
0.323787752538919,7.40720841653513
0.016931763728945,10.9586231978327
1.02277133706957,10.241296197711
0.521498712178861,9.21459881836475
1.01604954712093,9.25152146501224
3.56999548507814,11.5929211406539
0.219862648285925,11.6944439856281
0.536629147771806,4.93797128775952
1.05822058022022,7.80112713193986
0.165240865200758,11.655476135106
0.0534452499931464,4.4932813122263
6.3709420856453,15.4719749455698
1.65069116271081,10.6704335323829
5.14557442416377,8.05514490612345
4.86791012783475,11.2484927071711
3.18695796636825,15.4869433139675
2.25338846250417,12.6699034594646
1.70617272521102,9.30596325626742
0.814506385475397,7.08223918068801
0.593934796750546,9.36675295067574
0.0661009773612022,2.88328035351089
0.921596833504736,8.80201339830795
1.60375943009771,10.3854033445756
0.716769283637404,9.00136738312228
1.6915641016418,6.81955460917468
4.21643726875014,13.6088215294825
2.17014045818689,11.5611658219372
0.365121011212629,9.57933796104835
0.645683780121571,7.7675614125356
1.53702324061635,11.5440134315475
0.769291210919619,10.7913689357156
0.211850036866963,9.12625229943229
6.51329974796543,17.2562646667697
0.529885386002939,10.9354415854028
0.194510528874337,2.04335719383929
1.18494962342083,10.0438411377444
3.26826569421177,12.9923779391964
4.19907771398254,8.80486061642135
0.00988489203155041,7.38393069204431
0.485981147736311,11.5020573902007
2.29240166387051,10.5466805925173
1.47035517914412,6.27245560584137
0.777420105412602,9.44793336885652
1.9726822002882,9.37669885621174
0.457471001766914,7.52828970177923
0.141596975716808,9.70814706387183
1.11780448351055,11.7368847459537
0.112721990490159,10.8426728329241
0.189869284912894,7.81448890219301
8.44115737775221,9.11975945929185
0.325418714433908,11.9998039409258
1.33247921336442,7.11945017341931
1.00148802809417,13.1363942804187
1.1263606660068,6.31433033856821
0.0997267572234986,11.3644976154543
1.14914905931801,10.8172496276392
0.981688771396875,13.115953647965
0.644313796483785,9.9731033297448
0.723689205013216,6.22079477997858
2.32321131593528,9.5398128518061
11.3982717686131,10.4592048181294
1.45354567362967,8.65870828154171
2.98713328734089,11.9092385403373
0.566432216204703,12.4752968282701
2.3081018514091,14.0924676330301
0.0760668312871863,9.28021226200134
0.0562894698232412,10.8300151970489
1.34862953610718,11.7329723383922
2.31946383967044,9.22514066209068
4.68149916633928,13.9150297896116
1.89814600880839,13.5956571671974
0.426944798789918,8.19001796605113
2.00665527387502,14.1422725244557
3.80160771666055,7.8703801372305
1.65770445010605,6.48366446633285
2.08947884283009,8.36210273261809
3.54879935561325,12.5393376693826
5.86505466665993,10.3273957762787
6.57910937037239,9.72522157279552
4.10919341428166,9.04056512116615
0.524129279823239,5.30604049271535
1.12366475537419,12.2332483164234
3.24162776751404,11.293402355304
5.9583868546762,15.7367596806179
6.28445454442668,8.30942172479961
0.147283050231636,8.75439008093052
0.833850999362767,9.80628851016497
0.293717010542658,6.47372888504222
0.410031850528961,7.26154939223553
0.566297733012068,4.5313557106977
0.390288245864213,10.0502897406065
0.0213275833042987,7.00550180506737
3.25286933390384,14.5858285322038
1.41699078856947,8.92926766054525
0.8308727840822,12.91487450515
0.165353570133448,7.3451925571196
0.51523544639349,6.06039945338874
1.90184081094457,7.47035565589538
1.59060401260629,10.7638879741703
0.98028113999931,8.48729697574762
0.114906958742178,6.40968290441233
0.124585376317688,7.11305815589636
0.163352936278086,1.82478745871162
0.396974162854008,4.23249869664999
0.522780666127801,11.6972871045234
1.13145590294152,8.52915851284424
0.931074216030538,8.89721705029674
1.9204752931171,11.1909224962573
2.06000819793882,11.3660161191322
0.219071969382364,3.36500484150828
1.7744783983002,9.48505212881664
1.11063247919083,8.00322449599643
9.8214994402309,11.9024320552248
1.3360900208354,10.2545890774266
0.564254874363542,5.6188262282639
0.0799309156170775,7.67999517688746
3.50365194288974,10.5333071411514
1.76969765863361,8.56997120689938
0.157453093677759,11.1469079040826
0.241710726171732,5.07189626551599
0.360094187922141,5.34799927051787
0.526016260497272,10.9940851890519
1.0808225562796,10.4663798057962
0.36647923104465,8.16169083966202
0.253466726947837,10.823722220575
3.73970855383163,12.9174987524466
1.4049419312829,9.14485297978808
0.587249437347054,10.4194885936136
0.352727042757764,6.07417898686741
3.57806877831845,15.3770851410555
3.4424572920609,13.6438932242581
0.657260392234954,5.13236371923624
5.45971876730151,13.4475955783741
1.88677631496432,11.7427894752076
1.1958690751344,10.5652987844808
0.526925130518629,7.45635618166473
1.07741246838123,9.38238778052223
2.43097544453087,10.1830770095229
0.677083555608988,8.31683009839655
3.71113030223136,11.1759985699457
0.393036951343207,10.0184281662422
0.57413664467931,7.11044800841965
1.68693695581498,10.7824622215056
0.349603047071687,9.31363689428282
4.57035088886447,9.7706969602222
0.413138241507113,5.89430959779389
0.825676526874304,7.05513882676322
2.223142394712,10.3425425092862
2.01943543731215,8.74865806948248
1.26932242047042,10.2644458125455
2.06530536591003,9.69010393202102
1.05328299291432,11.0853392819341
1.17246733978391,6.80231286227877
1.63123688730876,12.7898198708744
7.37805850389314,12.9676872030132
2.47715815148296,11.8968676724618
1.0345625160262,7.61297206144756
1.19506924449915,9.61433704468098
1.13585064932704,7.10944734491738
2.91651063878549,10.050721554844
2.47046580157223,15.5108376444687
0.262873021421583,11.5693915000582
0.0119878921476708,6.61598032477293
0.596005039289594,4.61599129966047
4.60995282580085,12.3718857370359
0.0406368440017104,7.35870787811925
0.490230469033122,11.5917697564339
1.16794698406011,9.23852866590202
1.86538405894282,12.4303273512741
1.342633404769,12.6273521900834
6.60932579602966,11.6688130095708
3.24904269335752,13.259805603845
1.30973981972784,5.94925795197142
0.920429917983711,10.6491281187694
3.1139216160584,13.2168427222974
0.25077108386904,7.58021175263819
2.90656637011056,14.7575262638195
2.49038150153103,12.6701488138239
4.0865246838141,14.9143402242394
2.449854189446,9.1779064743605
1.11487290170044,7.60329942865975
0.696321981174207,11.789214973608
0.316104525700212,6.75794856674524
1.11597158294171,12.0270810813179
0.274000402539968,8.91931596039587
0.375450600869954,10.7680246927092
0.305847213603556,8.92027080849613
1.50891696653309,8.16382635316251
1.84472391640141,13.4987384566648
0.584337896667421,5.52577808727589
4.93191497375197,13.5341012685374
0.89224520866191,9.2526762603938
2.17855989924612,11.4340925214917
0.8627616684994,11.2055604625405
1.28814601898193,6.04261849468094
0.236524968408048,3.26072776182263
3.22553825679009,10.3615948788348
0.512343946844339,8.40939081644283
0.218683542683721,9.48819093510252
0.302815421057674,4.62514909632455
1.21004406083375,6.22847699748232
1.27252199687064,10.2824975428094
1.09466694295406,10.6923949456619
0.424608277156949,10.7568588546022
0.0282240639087634,10.4163210394334
5.72833591326484,13.2424106497396
1.08461916260421,5.56636119015759
0.925851706415415,11.4848677939297
1.57715234675707,7.61224710385513
3.2523355279317,12.7631670600547
0.952049418352544,11.8867764176419
0.252015832486982,8.76403584595394
0.137462317943573,4.49012105587394
3.96328751353507,10.3032951254544
1.85319224342372,8.0059824970045
8.07928113224817,11.8293458937112
0.0994559777900577,9.15279270431765
0.510288192890584,4.97906322604269
7.72428194763971,13.8040529579916
4.51742472846932,13.4207131646923
0.518331792205572,8.01664964874236
1.07394978962839,10.2525389120658
0.618817295879126,10.3166760955527
0.889424328626638,9.60477285429215
7.17359552862954,17.5632211913398
0.687561918981373,12.1074047639991
1.57384595452788,8.64707196626865
3.17837610451465,8.41185302138394
2.30753864979454,11.1832160686776
2.93375180272346,9.12746957056403
2.27917810707333,8.65706104709234
0.499389633536339,7.63190725139942
0.989940943196416,11.2375539432972
0.583415347134427,11.3870055317253
0.642032471485436,6.51809213249979
2.56951517975869,8.45409561406029
0.968245349824429,13.2075469116513
3.44165406149804,15.9540291222161
0.795552292116827,12.0466094171943
4.53827195216842,10.7951951230975
1.43510262031571,6.28318695829042
1.002714863047,12.1984166055262
1.18800167180598,7.79661193673427
4.89046756525464,14.1816721788948
2.18978069900515,9.21537777999506
0.280711974017322,5.7837472611759
0.616358422674239,10.1397211739825
0.30461829430232,2.02609501276448
4.46271816243358,11.5729282549294
0.767540549859405,7.78438515404579
1.2058327216655,12.371985184824
0.993057923391461,12.4039414879174
1.48240497440583,13.4381996261675
4.2040075396461,11.3171977192875
1.62309847503496,8.82306261713812
0.329593928530812,11.0935818983929
1.89366959585788,6.29152539123726
0.0489407721934433,10.5088448633242
2.95936083031778,14.3049532982635
0.398847454227507,7.19615042614117
3.69726310281043,11.9260692151616
1.62112987405601,7.61517119121861
3.1496899600924,13.6681745705384
4.26252552469201,11.2708453784243
3.51038623815385,8.26234094484261
1.5017977747226,10.9336546656194
1.7426129161302,7.79104529441181
4.87032218624778,13.7732750312897
0.500997045077384,12.2516269262768
0.292349083606836,9.22967000406831
0.759843007661402,7.6788860599588
1.39403365171495,7.74958429313332
2.37052811487558,12.0985193227833
4.71279490341373,15.9860064592178
5.618717749096,10.7113608749911
1.18186854850501,7.49898423733047
1.23623270448297,10.4209581921944
4.56219674994178,14.6798976084834
10.7867647142787,14.0451613125173
2.9738525932837,9.92528639747718
2.93772858457578,15.4680881116157
0.0763138430193067,8.18314349670621
0.882028753869236,8.66512086975407
0.915906234604545,10.7866743592805
1.27160892263055,12.0420191601875
5.45779645045228,10.9031889080068
0.475174601189792,7.38095503431202
1.61330576418879,12.2256114659555
0.566640781238675,10.7228454451172
2.73749589166584,10.8120544086428
3.09454188610929,9.65744377443264
4.62339581896491,10.035845940626
2.49452941297534,11.6562063546453
5.17117479045816,15.9037808430666
3.23511020388856,12.7811207070103
0.0556425213381862,1.95622416740888
Rho_s: 0.514985707942832
Rho_p: 0.506386904070039
IC Time: 0
