Rho:-0.5
N:1000
2.54990841067376,12.0839853549203
1.44613335273209,13.4791024608225
0.123371625532178,13.1737589844331
7.41315163257432,5.75088099429019
0.0241667932277972,13.2996277547019
0.614596403950061,7.80414957212994
0.750756954774261,15.4754204087491
1.8759041791984,12.6937668108265
2.46193756913995,10.6592795643234
2.06616179077866,7.08498286375744
0.820868435315788,9.89120586261155
7.60981495263887,6.88726382305602
0.2890860355663,11.3345503414617
0.507974912412465,12.8045216823768
2.08994947737994,8.61814007900214
5.79818868843949,9.08507934665072
1.46498802751826,13.7254030347359
0.656979060453497,8.65209958043267
1.38890186219975,9.93226862243215
2.75290665580871,6.21323751808373
5.31600979317851,6.15370754622308
2.68037457010689,9.7691758208837
0.241736779504702,9.94126105501599
0.251875391568204,16.7522512735727
1.39831502751699,11.2686422809457
0.870535151101649,8.44566135876849
0.332920190878212,10.019510307524
2.75122844419422,6.09338018653816
0.266577485948801,10.8091784379732
2.16864270345342,8.96494077171085
1.19056633394212,9.62762420471726
0.173207351637558,11.5476794793391
0.127042240117346,8.43064710375908
3.22398990375881,9.13973333553916
5.35007783372827,6.42717909896167
0.00907314289361238,10.006753681285
3.87774319813455,6.33777452269974
7.45525172690044,11.0345600561083
2.99057659862523,10.228624741341
3.43433440219934,4.37236062661702
0.143433213233948,17.1518037773474
0.723630366846919,12.95274070873
0.973707059398293,13.8594167017571
0.145118499421505,13.3770622900921
2.3578214290643,8.24827313107329
4.31729846534632,9.99876980233211
1.67416658802869,12.8689478172305
2.56813289030435,7.9368569104561
1.93224298386815,11.9181165695028
0.650744307786226,8.96938632462208
1.03586214128882,12.7834320777994
4.02439282445197,7.37767924489322
1.30591638293117,8.51494017396135
0.808397529646754,8.2975005088827
1.06516531575471,6.7110190457255
0.603582808834723,8.32743045251001
0.60566090233624,14.9330487167969
1.71901630974355,10.5267825563215
0.132189285010099,9.66808495816342
0.261347464285791,8.99817647590811
0.150206342399598,12.9069494803574
1.15436532627791,13.929071892633
3.09588726323826,8.99128710378212
2.03849825991141,11.688874354445
7.45854495051217,10.4698287271483
3.85536310804968,9.1233915054973
0.494577554116206,15.4054025755716
1.02155013103038,8.29180380040083
0.736134286019066,12.9602648917998
1.32081949990243,8.54576808719161
1.86512655942681,9.57953825661968
0.221219067461789,10.4612546399438
0.0354758901297526,14.8936853229425
0.871121508366416,11.5880950083349
0.183501919731498,11.055521957523
2.29317395194414,9.93817351571683
0.957241375930607,6.82843058954501
5.30022754867501,2.00980019696994
4.39802122251619,6.47921116669641
0.503329313360155,14.7600956300997
0.742177812382579,8.48613665908768
0.516777342185378,12.4621675065685
0.595744455233216,15.2766152348085
0.936276684912966,7.40519284293104
1.0616558175534,12.5721317027797
4.72067406375833,3.39591948395479
0.564558334648609,8.14483345955099
2.10406347914579,13.1134419859813
0.381124991923571,8.29353593363296
0.0620064355597818,10.3259629004079
0.662756738252938,12.2685584320447
1.84198532219711,8.58022299022979
0.741059022955596,10.3524545768672
0.348642309196293,10.4155006530388
2.87234388275032,9.91647938435251
1.08793989103287,11.6477164428893
0.571844343096018,7.57634713530794
5.12196529258914,8.34056080980342
1.3464404605329,8.24771357532726
0.0592742366716266,9.84724698287408
0.234219525437571,13.8543961225236
0.81685985904187,11.6829214414337
1.37153305485845,7.33990752810427
5.66083446228672,5.55425878157391
2.45674452549758,9.57748821632428
0.523595127339704,13.9167310577276
0.636796996928751,11.5714046896417
0.483101041932674,15.4353270322379
0.575060819123061,13.7659217593071
1.53019718631151,12.362336884097
2.61608249871972,8.16169163656532
3.89200388250833,9.14203831117953
0.0458864979445934,16.3896906831893
0.694362610578537,11.162596056129
0.0231605498120189,12.0013968563579
1.57512830316833,11.5067810401853
4.07478148473387,4.88161553913561
0.513188572600484,7.9686172606175
0.593317041173577,13.6229953781678
4.03782375885134,4.58979978491047
2.83244370520381,9.44868821281045
0.0887324074283242,9.92600568674718
0.230788399787707,8.98551973090467
1.02871103864163,9.5296361151531
4.87219494928546,7.93997904511035
1.03897189069539,6.45001573671454
2.3913351818079,9.58548425189174
0.147725276524203,13.8343968265098
0.181633967906237,11.4223782117861
2.07661446734312,5.3063899981934
0.475097857167409,8.24543519475521
0.757544518448412,8.97041791855329
0.529075893028254,14.420537725903
0.746560753323138,12.6785111106163
0.0947291469201446,12.7075980246568
3.0100110658529,8.42730576226338
2.61744760154727,11.7085989184183
0.858480841852725,15.025822564341
0.909229931421578,12.5834488360079
1.18503640778363,13.1904565797908
6.17549227144489,3.13879460068035
1.48213853306117,11.4757675495616
0.0983197313246661,11.9818123668625
1.62153069812408,7.09194067694227
0.926588361151516,13.6265873797732
0.59745909170978,9.16647779742266
1.08330573619103,14.6395724201235
0.484406357631087,10.6186412399875
0.730949379503727,10.9539227304118
0.456331453286111,14.3502172029718
3.16101188195829,5.18580596996595
1.24042234383523,5.85407490220887
6.25767757434073,11.2235332485721
0.131092621944845,15.5226079755658
1.54797031451899,13.6490399910485
2.69294693498852,6.90916621827635
0.0889978926767604,9.40221526595797
0.873399110510945,15.0568289635945
1.31665445491672,9.41263557113344
0.0216370625421405,9.61561951117665
1.70105711901583,8.73962555423438
5.41838084508605,8.52028043437148
2.5171564593071,4.22591014129181
0.210066745993379,12.5916000641627
0.0213340101763606,12.3922284328437
0.512898039677502,11.2521350614013
3.39602129889612,9.11727608741375
3.0457891782928,5.45699601473925
3.01990422589665,8.50128067456245
0.868937052353257,9.03495036482577
1.14945601113141,9.33367487001074
5.47310077001281,5.87742083152388
0.278230836842669,10.2778144295368
0.594568059779704,15.3181494806051
4.21131136459633,12.3806217616965
0.897261177459253,12.2644955863008
8.75286624530211,8.74774443217038
1.14898444153368,13.4792563437149
0.22985949802805,8.20537892165859
1.25621930044144,9.32625219620782
1.44860467306318,9.20189296552583
2.81691300479655,6.19461801342445
1.42552814065459,8.4126284981441
0.776640141382813,7.09950367124942
0.780914112581144,10.5811207644465
0.691390146501362,13.8189801269689
2.61255897573175,10.8804854885702
1.93201836213861,9.57276772539981
3.78427929205172,8.98466802945219
0.45015203859657,8.17102791261585
0.780119683593512,7.78393908972941
0.642587445011158,10.2335147428157
1.25276362895966,11.043217847795
0.364003158174455,8.67238026696294
9.85362419799762,9.27899412390619
1.56664463496747,7.79497456333414
0.889060523360968,11.7999811447005
2.98654561845546,10.4637178770763
0.578090324007775,11.0399053306515
0.0358481025323272,12.4789287736125
3.7420222534049,8.20763230545725
2.31075127414408,13.1379094748105
0.0471983095631003,17.8424615919895
0.595030783854782,14.7890005179903
0.796451794529088,11.4726137531783
2.71231983593645,11.0348810759607
3.44973796961789,4.99008082762494
1.75055234684589,8.32392483460613
0.928443954326212,14.6072389917983
1.5500076971108,13.736289931428
1.58235210504983,9.76757244929544
1.65455939612331,13.098810115389
1.65590143754127,10.4854679168182
0.569800652563572,8.60960909887243
3.32756960747724,11.6134071111568
1.31432081665844,8.3445605809992
3.18851149201797,10.5932091386943
0.608748500235379,9.71811199645218
1.44648506001015,12.7013039796021
1.99860568149927,11.3815484508345
3.33540029023045,3.61038101463618
8.51052728989973,5.60753781111244
2.167577592572,13.0964077471787
1.7860739584172,12.493039249126
0.162260069344711,9.0980162953019
0.212557091235493,11.3038549902731
0.837884145788848,11.8929520610402
0.717280273325741,15.4726625507884
0.638412275351584,12.9888558398298
0.497656943276525,8.45288191998718
4.80981453855462,9.9762104141847
0.829091656953096,12.4422728160762
2.68218460856917,8.45897856228187
0.0631277022162613,13.4767104990993
1.49836161771156,9.43414973754271
0.768488989211619,13.7387906138426
0.588465977460146,14.2943743919269
2.57145531467142,9.95262989716755
1.72673584512415,7.77114173941074
0.320437867194414,10.4011699926235
0.759568403474987,11.562821367864
1.03242480977016,9.59685550211572
3.32964048890357,8.37263569276868
1.22938252985477,13.6649083871472
2.25243728702476,8.51334037775759
0.901816111057997,8.96086720505257
3.05094686770743,11.1971356400942
2.31834972641411,6.94329979755254
3.43872477790538,4.25315171384428
2.95536778793457,6.52657527145969
1.95638910300078,12.3778207486055
2.37298300295117,11.9138361164486
2.10589412963929,5.49368912939357
8.58096090653792,10.0920801947428
0.740721896290779,10.8377519467644
1.50100231199866,10.9581108935756
5.45628512252994,7.41547500264953
0.235571251810787,14.9127999935091
6.38447047736416,11.0929708696824
2.5758825521076,9.29816062511771
0.854598122648895,6.69728683491267
0.208555595845789,14.9213468347693
0.606139758601785,11.2314994911676
1.359294638969,7.13026871955361
8.04277817490411,4.80475287857245
2.16210740423741,7.85284919234318
0.369084079749882,16.7113957710384
0.739354154615391,8.02203426740755
1.56852930962088,11.9881108758411
0.680753078311682,10.3177319875906
5.91827900350222,5.81166894846725
0.992129810337323,12.6992891839936
0.593942911364138,8.1640740810759
0.343328863382339,12.993031227096
10.8697048159023,10.5889223964165
1.65001440968144,9.08066394198102
1.09402534365654,7.03809764089487
1.31252549029887,13.4831834231974
1.16007916815579,7.59462015970438
2.61982311672511,12.6679355000238
0.218274181708694,11.0215318957995
0.770170186856282,11.1720312870945
5.84504549171696,11.7188789255398
0.552603051997721,12.5450076197703
1.28730406146497,9.85536242014957
6.15166299011479,6.5931090871573
0.0221894653514028,9.64037615356057
0.363783588632941,10.0607261613203
0.577381596900523,13.9259162945076
0.802168277092278,12.1012342187741
0.385397811420262,8.31856350575164
2.04351869135178,8.88494989260082
6.01482418145905,8.33279604237547
5.45757583876081,6.22571838512893
3.02720567460797,10.4874300484791
1.38651186033132,14.112975982162
6.31168463997525,8.19464006619795
0.862790196202695,11.8624509381464
4.96801283557839,8.53761972176661
3.83473320661073,9.37537333646708
0.0733284251764417,15.8227738517233
3.965884078126,7.719546750185
5.073139603929,9.10441690627878
1.84250829732957,11.3190252477397
1.79615724450889,12.0149796777506
1.61926128148081,13.7375582941656
1.39826819235927,8.74364380666299
2.1853696554059,9.56939886992856
1.34036611299962,8.48306573608058
4.11707925034647,9.42718796803032
0.16862596385181,16.277506306415
5.50136787046619,7.28152930532473
0.675652548953531,14.000756010954
1.0859495382756,9.79972483801974
2.68660455747488,5.83496162612177
3.70531678772305,6.56351721225138
4.8491655911737,9.74502039315601
2.79199943672046,7.24513209067649
1.38294821511954,11.4429657905532
0.705061236397044,7.54575001104614
4.74791958530374,9.719934106365
0.479504355229437,11.1725398038227
0.0364673428064735,12.2915804968984
1.10291869100183,13.9381096849099
2.44966553701999,5.80880383912805
3.05316426588183,9.23523284269816
2.83606343771833,5.50268440347278
0.579993249412043,11.7689518837518
1.29929942358285,7.58594898925123
0.772840701043606,7.42233816995002
2.60394651993158,11.1257187308499
1.26824302878231,10.1242222485641
1.74835479517413,5.4902591936352
3.14577807841783,10.7300204185061
2.24318106277826,4.36305032829935
0.64748996309936,8.15174162892221
0.00173033121973276,16.2747447565792
2.48318239293041,6.64066343408508
1.60258470281007,11.8533023020761
1.25589344557375,8.34357723991411
1.40516857980731,6.78222827984582
0.0350623574710136,10.4189323404671
0.036419908516109,13.4584785170179
6.79927124049435,2.78313707926046
0.133910402982745,9.92970941062286
0.289697133935988,11.8653584701184
1.92004660987245,5.84120202059341
1.51088657221737,13.6964627835034
0.647537223063409,9.57562518125842
1.50480826563182,10.2349907929339
1.90249492286178,8.45000461433689
1.90353342178898,8.90828700691412
0.72007960639894,9.00979381755987
0.952578057534993,10.4455202157374
2.62092297329547,10.1380360938014
2.24589245944264,8.38754560110245
1.87018056764247,12.0043242530436
1.12964296965133,10.125815780664
0.600956155918539,15.1525971694678
1.31893654167652,8.24883393832021
0.878842568024993,9.14636607765366
3.8701608328331,10.6712015971328
0.337088677100837,11.5313322537556
3.81746709329968,8.00067310391334
1.18445161823183,7.4016199478138
1.38164086546749,14.009385072285
2.43693903944106,10.9095144318967
0.818704079363501,11.4212973877261
4.95625520099826,7.6698206368356
0.0909895626828074,15.4447350306531
2.58710472277346,9.18157144424903
1.37932602409273,13.6423310044535
1.57621443635764,9.6331457366058
1.99139787993374,6.54989150514068
0.615850844963597,14.2849616344738
1.20939030498266,12.0875804372707
3.46795343485395,12.5108559924162
0.470590313896537,13.5963611114504
1.04562682658434,8.1855435182265
5.62003193065246,5.53919959053229
4.26899066169686,9.92982832231924
1.02082072105259,9.78559636336666
0.0418396098539233,17.5869270313063
2.44713668517723,7.03134773148858
7.91005430701089,10.1987171217013
0.359642845773767,14.0864932037315
0.966452139381343,6.29965145304628
1.32431571930647,13.8184655463874
1.31475345510989,8.72449823863581
0.320306001232349,11.3222309647573
1.25826135131097,10.0001365443399
1.24669726006687,13.1674945386388
1.98860027983903,4.8150998084124
0.532733099535108,12.4141006493971
4.75678877925045,9.65630436072475
6.91334612633953,10.4426627245621
3.57786995155697,8.90005838166354
1.11667100526392,6.5351928380935
0.0157460172710745,8.55816838521437
1.06567845214158,7.3378853431494
2.97186983587185,9.06348012520263
2.91893340884457,9.86520017413193
1.45881727329435,11.3790155174012
6.96002434437169,9.09540577080875
3.68077468482738,5.72290362318093
0.576375312171876,10.329889703232
2.47361393450739,5.87743973142843
0.783516712693869,15.0657614813531
0.542070951675365,15.1120219007094
1.63193984396096,6.79142811257752
1.50451826433917,11.4445593322695
5.40657595892377,6.2105145826087
2.77311616268356,4.0682913795034
6.64855861012239,4.7831603556424
2.03523271894994,11.0955911205816
0.629396574571729,8.63442763099023
0.59191570430994,12.2599739955951
1.5465384535889,10.9670618378967
1.27663205843419,9.17388489705312
3.00429883985501,12.7035558857751
0.376598048955202,10.5357032842374
2.03883585211016,6.7110940275001
3.56023710204249,8.74941040622485
1.14171597640961,9.68780246087298
0.268424561607331,9.14943873341969
0.379830621182919,13.121187443927
1.00702389981598,13.3703307114638
0.500751185230911,10.6034982266693
0.702753911726177,13.2063925110846
2.20433182074668,5.63101655613682
4.70654723395534,6.41258455874199
1.79061203288152,6.06336785234026
6.88341051306496,4.64347996178981
1.65549555301301,9.73742080647238
2.24164024726219,9.97182540823228
0.636991949114999,12.8899990399404
0.939023831859231,12.5771216851322
4.06534973887687,11.2095871671401
0.95000347495079,14.31201383565
2.14071690469029,4.81945244574799
3.71984538419132,11.1652176494244
0.593561664223671,9.09477370287137
6.58985970880757,2.19415868012907
0.310362234711647,9.49869658965135
2.68409744641724,10.4879973134448
2.32262383020463,8.55778703967036
5.31059907845233,7.38197090919083
0.441165275871754,8.45851770193621
0.89872191939503,12.9898154002418
0.0712091688282159,11.2408089535143
0.530815829522908,8.76075089699801
1.43125576144996,11.7477371321884
5.21748048414416,11.6658009760104
2.70674497812035,8.80215399501053
4.16395263721175,5.41803547939223
0.324743993849415,14.1021678198368
0.882685706019402,8.67143372789253
2.41836348726394,6.13002388210091
0.938103703781962,6.66573992575086
0.550324166193604,13.4586975320685
0.567796578452778,11.1261282745509
1.07211164943874,9.35474187842091
0.0403127521276474,13.8311713058585
0.625950457477805,14.7326615776748
1.25059055257589,12.3137633348768
1.34982434287667,11.9020386477446
2.60453752419891,8.40240319151859
2.40236091046574,7.40104657287169
0.731696302071214,7.08524332329383
10.0166361065288,-0.497890283727713
5.94719024988214,7.06930977741286
1.13923843763769,13.6854811440911
1.48807779504898,7.98672037046348
3.77095527825668,6.45902608544837
6.61347891356716,10.9167684455524
1.79082734315636,9.37689655111535
3.01431233717351,7.66358633287208
5.96788735654125,4.16470662142846
3.42219753174071,4.23281461582134
5.04785298158355,9.3129230054743
0.0662859007716179,12.5711346240578
4.09236998094206,5.46609972662181
0.905147245153785,13.9634759191022
1.79739757618847,11.0682417731448
5.10335468103118,3.33744495691729
1.87035777043886,9.81358577651871
2.23222722267347,9.19872917102114
2.39381908304224,10.8689914542236
1.97677134527805,13.6070627733284
4.49443298925586,10.689210198322
1.7703005670661,10.1097107338594
0.199273379519582,14.6344012645606
0.834542237222195,15.1587427436159
0.0200203661951448,14.2469586748888
3.44962280037868,9.95795534503586
1.06596251813102,7.31067400992165
1.65655080734755,5.83121368676791
0.0129649993032217,9.24758079540312
1.26241708919406,14.5807501520766
0.309098238539639,9.70794632629729
3.89406028745656,6.24372206112532
10.3903284998317,8.62897166642894
4.45416778673358,8.22681115155719
5.97968971695671,3.80017525181909
0.798457344062626,10.342704312139
1.55230418956819,7.44599931558751
8.50111702779188,1.01351147309438
0.473472985474112,10.466996256741
7.77548814337248,1.97221963283118
0.609566181898117,11.9186567865267
5.54407021750636,11.396090282608
6.07085819508801,9.14674401647621
2.05533000073376,8.11051612545289
0.666375202785553,12.4260250660411
1.12680105492473,7.43682467190468
2.50162417805734,7.21520259386022
0.990708632394671,12.5399458944033
1.78546321383657,12.2541497084759
1.12202858366072,12.036620470095
0.866153889494883,11.0923026012455
2.57661740100923,4.95687053107261
4.9140111019177,9.85620849762133
0.410728124901652,10.0882430956684
1.55526044025066,6.17487024750183
0.607728387229145,10.5598490171491
0.186202934466087,9.09211222669807
1.78795025675538,11.5832799082064
0.0834055202433912,8.98998702984407
5.21823577549757,2.85455546170558
5.9008971409419,10.1806807658405
0.77358123351749,10.4653693562428
0.924653303809464,11.8289835812154
3.94141919894104,11.4690853119498
0.816832355223596,11.6185183603784
3.09119713289623,9.98104150691582
3.04310333711987,10.5175973238551
2.87691541508868,11.7194127077884
0.407654125243425,14.093295730335
1.72466837606373,11.2602952371838
0.125301666557789,10.0812152498269
1.39279019637945,10.829480475458
2.09555110140684,5.82206057898745
3.41088623490396,6.2637582141319
1.02936101332307,9.61695210315611
2.22037231913748,10.7360513959332
3.15361596496602,6.27436291220571
1.18189778644592,7.30358959753144
1.36777288559824,9.9158306050257
10.069155666389,7.23936578462273
0.862569557502866,11.9925153546973
1.83297421564638,8.34461434801513
1.63592988803031,7.4320118300929
1.31260069739074,12.9972638937311
2.25389556205812,8.10867687044378
1.92672160259428,5.11385603049814
1.36083494033664,14.2539553827762
1.44042554489317,11.1612919762915
1.01110138185322,6.17101244317728
5.13673698504396,5.35817494459334
3.466662830487,8.62711854556721
5.74485661055813,11.1061163331868
2.04240659802201,12.9851767367348
0.897610051557422,12.0660990099334
2.90784789977555,11.3116362408627
3.41881421936636,4.33984754430567
2.51772219306769,6.86925183679492
0.988429610165426,11.0544940786404
0.793431776230595,13.8678864177331
0.481315076351166,15.7203822407546
0.762935370386824,8.52876875198354
1.24525710288435,6.30595663103223
1.15518436115235,10.3737046049378
0.459715528841334,14.8200940944454
0.605777650140226,9.70959713563119
1.16778618376702,8.16493677794358
2.82503832859879,5.60886181624297
0.635749591064111,7.48541895698366
1.95110794520917,12.6713697559856
0.0106885351775949,13.1426572038252
0.852741591632366,6.9834505379296
8.99920973876372,6.99509396932619
4.16312217656465,3.45807245231928
2.85784149525647,9.50834325054237
0.572200937601866,9.22339219348226
4.48878734906144,3.73968594613269
3.36853954551702,12.1666339828863
0.994675668887794,11.7603767978526
0.768334711901844,8.30381696425789
1.11123631402312,9.47331758701822
0.352335237897933,16.1490564069224
0.581662753991005,15.8437006854257
7.19442897718197,3.86361494334975
0.434134354390734,12.5311138239922
1.77072298704627,9.2497682690643
1.27592762652785,8.98990265080484
1.5091904400939,11.951972054421
0.191593463532627,12.042312123582
0.584866357967257,9.62537702059432
2.21344895466211,9.67912924766055
1.96888639024439,12.0717889551267
0.0627383964866885,15.6931453452142
1.11651283409446,10.8125783084152
0.172551348805428,16.1046555914024
0.869599871337414,9.53266630321272
6.20959114994774,10.3558937926069
1.76915104306283,12.9485726341813
0.161264300346375,10.1984563598562
1.32567994389683,7.39008072255145
0.862396310501379,9.95781371129065
4.30855186630912,11.9674648773185
3.89347301548856,3.37592897858919
1.04099075961858,8.53011413195641
0.22180371985601,11.0303208430221
1.22501980792731,7.70382810323735
0.338649041442071,8.08896751563792
0.791229722090065,8.94800052866947
1.77365832208636,10.7878189266532
2.56409802870368,9.64566347114954
0.18308721948415,13.761090642275
0.999863598495722,7.38292165216108
0.874754527583718,7.30189503671084
4.51532728572316,4.10484358604624
1.23066616524011,10.5279818639637
1.58684643163326,6.7660905489218
1.55680499593589,12.7346517539018
3.16790715932056,11.1564192601877
0.105713542927537,10.6312447189453
2.98177127327391,11.930813006003
0.529178759758045,9.1884438436051
1.56493436704856,7.84972761010796
0.99636032152921,9.52690736226331
1.22223391383886,6.63938631482491
0.11908630374819,9.95033427295884
2.93766283972149,9.14316726792194
0.448408011347055,12.8090862777475
1.50838993767982,10.0183662703616
4.05020622519736,11.6905918114444
6.31331774558792,2.61397710800167
2.00390868439319,7.16183673117129
1.68009359423025,11.4892108497876
2.65785041983678,11.0844361567889
3.59585345147138,10.5578518702479
2.21359887710753,11.1114180441462
0.0486895827800846,9.97417754408369
2.64969959660413,6.11457134958526
4.13547499833589,11.5858300492698
0.243389969259837,12.0661522727208
3.95451011119371,6.58527282048513
0.824708225349254,14.8675459123769
1.30898554436862,7.72549589915916
0.485643066465855,15.2577312638237
0.128210275433958,12.7610053424284
1.67980705193224,5.40590069501704
4.13662037609105,9.33784515214339
1.85631097728378,8.72623078606768
1.4146084691489,13.0984316598857
1.53883323561855,13.5250832671917
0.667507898062468,11.3938758461162
0.599146482534707,11.5742471887038
0.943247727118433,8.00719357592796
1.06094163004309,11.0352372756556
1.586049253037,8.12446239838868
0.782183043466702,9.85624256522389
1.0381755810231,14.8621829797599
3.25770458189731,9.45185889836481
1.85152126095238,9.5425522827183
1.18804188538343,10.5265126015495
2.37234869218412,10.6120370995047
3.53291085345631,11.4934266799434
1.98667012332919,10.7809487282077
7.68801514389825,10.5302012095176
2.48497780776563,4.80848542619662
4.56761624266334,10.6863366058709
8.21956337573839,8.88873142003695
1.21062608622015,5.93844759644549
0.517504232004285,8.84124417332802
1.74192533633652,9.12221267010957
0.383934684097767,12.1335436048459
1.65465170743475,5.51268685771837
1.0833989540115,9.70800409222984
1.25718786939979,8.27254752669021
0.332826460408432,11.3288514989724
0.22142363153398,14.8296893116054
3.50559791905766,6.62719337269428
0.662597324699163,13.3909788617532
1.5685830944774,10.9686392497804
0.510263861157,12.7639894196696
0.31882338412106,10.5354965223504
0.0403564290406429,11.8330583733834
1.353440342471,7.9640162221744
3.69879477083209,4.5289454256946
0.473516214638948,15.8629110848372
0.489366171881557,14.0447457619125
0.0533178318291903,8.57237579221578
2.40022947446761,10.69861646257
0.821593161672354,11.9844553036879
4.16861815707071,9.16889662629693
1.80031331992688,6.48236865096952
2.14436459905448,11.5559204702577
1.22015839908272,11.1048748617583
2.69757901123705,7.61702837859797
0.567031236465447,10.4969405121626
2.45552904150429,4.79847662807307
3.92601500434761,9.1838404468212
9.46838990548506,11.0654798200556
5.38230377783008,8.35542352234377
1.09315023012459,10.9720904335161
1.25714914314449,13.1856478376202
0.705407209365796,10.6044849290889
3.60308141244536,6.16000454601096
1.78798551290276,11.8938146335576
0.0655273095248287,13.3945842795495
0.584526600316167,8.9107431721121
0.0921246875077486,15.5727351577769
6.68767704036007,7.38717666917553
7.36515204193902,10.4885570869266
3.8448517283607,11.3840766577938
0.0434802193194628,8.65553885513305
3.30857603980188,3.43952222288978
0.638250637799501,16.0225564657761
0.00775399201831299,20.7120470649022
0.120552150532603,9.21212468990701
0.222639864744458,13.0718350168862
6.26404555108318,11.6554610040879
0.100874101905465,9.13039146038511
1.02950590748717,13.1610789141279
0.0648781741037965,18.6559857822854
6.19985172118912,8.70380014703017
1.08398182503879,7.97821289335913
2.23292743778768,12.4048371601673
1.23361642565578,10.7052066070035
0.304201214574277,9.52490613075895
1.61518729540536,12.7505175655834
1.69447206697407,8.58061491106736
3.20595028607135,7.74128956877701
2.91308925471158,8.50390553148662
2.38965276620331,10.4656499725636
0.696604692805146,13.1009335706091
3.24490166066175,9.43652714389554
4.29437509854409,5.9726411284022
3.79836085049396,12.4586446269727
1.60986528723481,5.90879133154337
3.65368508503825,4.23608513654791
1.12765260084536,6.70295113667846
1.57680188596909,13.5097622019663
1.1904279422015,14.0248045600217
1.15376801602542,9.72235055496199
0.288093470940699,9.47265642983514
1.12241028528661,12.779218494895
4.28026386238361,11.1167300763146
4.48941530634589,7.98713892374524
8.37516488107493,9.93633684583217
0.251144043169916,13.9630910650959
2.44024797334316,4.01099661300264
0.817947915392542,13.6117684780162
0.618404798209667,13.6053263825638
1.5088368988687,10.6772138972611
1.67924197754803,5.8664026665869
0.216754764318466,12.9654252223149
3.01530184579973,3.49834411199415
2.66140246010366,8.22308446185441
2.0376861578876,7.73885103392526
3.71254111809616,7.91050143731543
0.039885401725769,9.80153267642219
1.59791096850278,12.9276218949675
1.05237996671349,10.1675078723064
0.076586807955669,11.4809330605534
0.348267458320575,13.7969238083647
4.40762999045426,10.592694674631
1.98794222461864,7.83096446239422
2.68207192785087,9.31051647224317
1.39840099972478,8.22499266568668
0.978532782755792,11.571472001032
1.65602932116928,6.32447208844452
0.296281804330647,12.9868953579239
2.53439010661759,6.56581635590623
1.74063964179697,9.36691824936069
0.196645854176682,15.2311085775821
0.924769725650549,13.0230094651675
0.188614832279574,10.0110537727746
1.31966957263649,10.0033457370777
0.559445258229971,9.81306377160607
0.790730517357588,7.57239681413052
1.07219645008445,9.10781613399248
1.68645559429171,13.3342429707935
0.461780546233058,10.2141182039278
3.50674283860211,11.4486515324906
0.299781434237957,11.0252705553785
1.43977074316683,9.86597904059181
0.485161653307899,12.4022836889987
3.46596239490395,8.04619741971688
0.00132814981043339,12.5933216415856
2.51782197310569,6.54699769067054
1.77704448617044,13.042988356786
3.89255656285172,5.84728571447582
1.05187925044447,13.7216773663664
1.94748758702519,10.8126373637246
1.21864640526474,10.9824514719608
3.94654408080463,6.9104068370528
3.58174129725729,11.2316015014836
0.955211967229843,12.7824423330792
1.35969840176404,8.89219703802918
5.44242727358766,3.89241674698392
0.180685354393387,16.1941869488833
3.57422509400134,11.7127147757177
0.297272637025543,9.25201303394966
0.673169806599617,12.2784957247229
0.730565988458693,8.56600962594894
1.06359115615487,9.38198860154944
0.789766083471477,10.3070851630931
0.0989711685106158,14.9806490732897
0.466778941452503,8.71068790028596
2.62612163453343,11.2363967986871
2.96943068115001,4.00450488048019
0.339074280065985,14.912034851269
4.52655511696763,3.89599828005633
0.173282164148986,16.988196972444
0.131316672639315,8.97822637927447
0.589712688699365,8.1570122120621
2.48340891852024,8.37303098033561
0.353118577549446,14.4483188827866
1.26192015036941,10.0427516542162
0.14640388973266,12.5061113079605
3.68739416805987,8.53798838225399
6.89473572339783,8.21248358257109
0.681977674365044,11.3026177200735
0.500881673768163,13.5460011082874
2.20600555642488,12.8600971761625
1.64520830259511,10.7020984171163
0.00273658269038898,12.7547182595103
0.521124194376171,15.2247560238821
1.20093232952058,13.6403131374483
0.609671334149398,11.8494626205018
1.2302285162732,9.82391553236803
0.705448212102056,11.5221648393248
1.0237175617367,10.2203326132597
1.34255790524185,12.7052003291139
1.59691944811613,8.4378910181678
0.576539336395278,14.471777891968
0.121701619043054,13.6800935881993
2.16864195591391,7.25569027724768
5.95972149931978,6.95953215384696
1.06255133543164,6.5722573685846
4.73718484904646,7.18208731221492
2.48915451942923,11.2988471374194
3.40722326172476,11.256344509099
4.31899293114371,12.3178964252419
0.769338098886694,12.7454171268221
1.39937363512785,11.811776018771
2.85690998269205,11.3252112973436
3.65056757512889,10.8644879154995
4.8969712515635,8.25606263672583
4.45029392257686,8.48643201772247
3.68161759508734,3.84866607825129
4.03748491017108,11.2576266702518
1.24578664638102,14.032751931657
0.654352351091802,8.32394064477333
0.600253480248877,9.1408646870048
0.413531198166311,10.083284043971
0.435491919060421,10.5044516274388
0.333480461500585,15.4531026065394
0.052307172678411,15.1291511441057
0.0902997611342775,12.6251712397677
1.29600879084319,10.6025635828964
1.87001853049003,8.23555391261361
5.20805055995412,10.2510085084842
5.16434821088739,7.54381290214104
1.07066408079118,14.786858530013
1.31898915674537,8.83785222431366
9.26484743455305,9.76694791765456
0.772158176188478,10.8173678504214
0.181922525167465,10.7193327187257
3.76793999953156,5.83515553096412
0.485846821682971,14.8292239994798
0.757905836217105,9.94329793074978
0.431449198164046,16.5240309815695
6.92359682883988,5.89548965002345
1.42059028326514,7.97499589683372
0.256727745756507,11.1219892675624
6.85540740158329,11.1878852143351
4.99930014808602,11.7850481170481
2.40983280717375,10.6537568104981
3.97640816478019,8.46417288402392
1.22730276174843,9.65897588849338
2.02119188002291,6.24166837079047
0.231433117762208,8.44291986314366
0.946945215575397,11.0695434268243
1.05848049093038,11.7903610772222
1.12196981068701,12.1003571489374
3.18940339965706,6.67670782893661
0.115193011706876,11.635698830559
0.764694837601449,12.4612345286188
2.64850199214163,8.20851274369267
2.74874210535529,10.6847932407043
0.117556156452565,18.8023633830463
2.95729791816071,9.39076191303448
0.558702142549811,9.72489991273086
1.63351696162465,11.0656511001008
0.227312230363666,8.66815087499587
0.828308881260455,12.6947981736952
3.16189322231298,12.2177257817226
1.57183326213601,7.00263368354023
2.1844223550612,7.98449869490972
0.712275144644082,12.026462070723
3.59680061025505,10.8203120521676
4.63458899581218,11.5195988732837
6.94501591264906,5.789151929594
1.35437222383916,10.2613261949766
0.186440192162991,10.3990320976332
2.62574633761289,8.50725230277775
0.996994266286492,10.6851728232944
3.53831475956326,9.31215001015761
0.922604748284681,12.4065121112309
1.72717456883731,7.1362755386272
3.29185385612731,11.3305376198355
0.982331672683358,12.6733768107708
2.52113512522521,8.16465082044967
0.244217563420534,16.4290564105675
1.06757288146764,7.31209437213217
1.20308849867433,11.320600452938
1.32733816094697,12.4317023299812
1.90957662827315,10.0153194597274
1.02994499541819,14.1052928496585
1.40736213151643,13.9221403499514
0.0137981849478764,19.4194847364277
0.466177814640105,15.5559670797298
1.55019709043503,10.8927243558145
1.12192108471311,11.8652103065359
1.93090755006101,9.66570794183033
0.569638186134398,11.1747549246061
0.575794658259121,13.9390423786316
1.50563998093955,12.4368123503842
0.146725028753281,12.703380903437
2.54551414617646,6.66948376138448
0.608061787672341,9.11400792004436
2.36096757455709,9.04986208758507
3.83422163678639,9.31991994849944
2.94505550979065,5.6382497736849
1.42661867565669,13.802111114015
3.27230264517053,10.7999913317456
6.00899055566559,9.68429812047263
6.00541034307251,5.71602431932197
0.813692319206893,11.8675207745459
4.61685076670811,8.69334138158387
0.250750917205492,13.6116164944993
3.55694386346226,8.05038051537618
1.35371202602983,5.87896956442137
2.53812476984205,10.379264065393
1.44555718070807,8.44349771193824
7.02789826276612,7.51648937452359
1.01739341961157,12.5710689397699
0.67377116985856,9.54154928439335
2.2793801037213,9.27200065808976
0.15960187888897,9.38011157958366
0.938377742177957,14.6224648624942
2.84484696371441,10.5307185597263
0.965844237245619,10.6655441786026
2.84681918270127,7.20274881443356
1.93208244062009,9.14663340903091
5.99098011817703,4.74014176689638
0.805320702493191,13.0044635305743
0.569526905193925,8.65298953354784
0.918794019748576,7.06912002303196
4.36443516214318,11.9602222138377
1.72981283360384,7.15832006958853
1.20781842805445,7.12496932004828
1.53744323729517,8.15407903359401
1.9578292108232,6.15816486139637
2.38008861049058,8.09815012114973
1.26726473961025,13.2873899708096
2.73243179908934,6.88166139177441
0.440773664943003,16.1028273865388
0.216140323318541,9.08659763861245
1.25824596174061,12.1789319139852
1.3202817607671,13.2001977228813
4.01937531663065,6.70248550368526
4.63286352504916,8.00377241394819
0.560761107131839,9.01598102007769
1.5849412716085,9.50645529695789
1.56396734147313,8.69903969529075
1.12918376639556,11.7885737787048
0.876127363182604,13.5524512828773
1.00873850937933,12.2269089311311
2.91918800381904,11.6041928540472
0.0284931734204292,13.4666120748653
1.19115359615535,9.36795005828056
4.43766961834963,10.7628029884955
0.531906526582032,12.1836171634998
0.28922216873616,13.4176935861477
2.54700792758706,12.2746750958232
1.93909631102326,11.3161643107764
4.61314683754869,8.91448381382708
1.39157804465833,12.2873371816476
1.57161102036242,10.3550854936052
1.50055218665841,9.98845193668642
0.826867100728283,14.62134035202
3.52889034507756,9.90428926402523
10.1293072433849,11.1455694599374
0.299272947944701,8.40077293139879
0.520348094403744,9.95937298337297
Rho_s: -0.478853794853795
Rho_p: -0.453747176121823
IC Time: 0.00999999999999979
