Rho:0.5
N:2000
1.18877841718495,0.837192075559869
0.499642681059968,0.489228031830862
1.55661990147405,0.0934871956706047
0.747418332844973,0.653075085487217
0.322476818226278,0.0415420909412205
3.53861908970361,0.977602142840624
0.65092608554857,0.319534449838102
1.51818520962421,0.166778381448239
4.86767635096736,0.543340414995328
0.697149557439458,0.144230942009017
2.80610786057018,0.367912316229194
0.846024398024582,0.180081616621464
2.17046577475014,0.152271533384919
0.129624717868865,0.238003025529906
1.83668535842812,0.66003466793336
0.204783167089697,0.681337244575843
3.75737090391998,0.648213634034619
0.70492999535054,0.17296766769141
2.86477418567463,0.289971244055778
3.14834034426098,0.69856953737326
5.57164232399235,0.788189062383026
0.0221804101020098,0.0229749022983015
1.02061385475099,0.329155901446939
2.71162554054501,0.435313767520711
0.016187222674489,0.246467840159312
0.324390484020114,0.400400003883988
1.04094325471669,0.874709572410211
1.60423969647337,0.656163251725957
1.07060069218278,0.379493708722293
0.299342210160029,0.457685248926282
4.62229321499295,0.873666734434664
1.46287058571073,0.111286892788485
0.502230766229331,0.66951937880367
5.40071972806878,0.662480665137991
0.823402393899473,0.274544417625293
0.485309278158816,0.657730288337916
3.40681527159734,0.963757923571393
0.37248845025897,0.300669010728598
3.40758910474263,0.615268777590245
0.069514155593237,0.141493454342708
0.968037349171937,0.407851990777999
2.08941617785933,0.952910849591717
2.60828114292564,0.760642950423062
2.43408313571456,0.410780808422714
2.88897943651785,0.606544569833204
1.5827279934781,0.14923958084546
0.813349106886292,0.480661605484784
1.05241987667978,0.734685685718432
0.459405759349465,0.607760749524459
0.346380605015734,0.684118589153513
4.54524030138679,0.27976579638198
0.528144329786301,0.525875689694658
1.26926561817527,0.866973455762491
0.614911346696317,0.439990450628102
2.11544737599429,0.644729821942747
0.177821105346084,0.133030045544729
8.40604184488672,0.892160320887342
3.00656319020276,0.335588625632226
0.720509577542543,0.130142385140061
0.503096973979151,0.0852845760527998
1.95427530809286,0.548020314890891
0.514239907264709,0.2630271948874
2.64999419442358,0.650408270768821
5.61983356413664,0.926319097168744
1.5035272630954,0.768553731963038
2.87708148343449,0.620235642651096
0.755630796775222,0.776501423446462
0.223133443854749,0.133795087924227
1.46784360455462,0.45099222031422
2.25778230643811,0.282953392947093
1.72646189286354,0.785245665814728
3.35415058938747,0.919260366586968
5.39266746838517,0.477218098705634
1.49113083879465,0.467129318974912
2.72663285202327,0.617337812669575
0.167346425354481,0.244443761650473
4.5940925364656,0.884638496441767
4.95432890553899,0.831063226098195
0.126781580038369,0.0169402402825654
8.43216206762365,0.871216907165945
7.50480402591539,0.649530336726457
0.291187066584826,0.12107780110091
0.599579859680794,0.63088811468333
1.14390884526074,0.48318712762557
3.60112622363453,0.859111587051302
0.399158239364624,0.431617005262524
4.58155905802674,0.750829688739032
5.0303543617291,0.529750085901469
10.9507294626613,0.888936397153884
4.49374902595706,0.799944894621149
1.7855521160269,0.816323839360848
0.0587389626405247,0.301813006866723
1.5926598663533,0.172092622611672
0.855180739425123,0.0745067184325308
0.567449534311891,0.61823281343095
2.15257286085727,0.409649396548048
2.50583092114868,0.754118430195376
2.66977467938306,0.401391657069325
0.199623624794185,0.414093146566302
1.1562868331623,0.892882768064737
0.695656870491803,0.234027644386515
0.00351802744046867,0.684612449491397
1.79175393274965,0.137456216849387
3.46028580624287,0.512314255814999
0.135149748281574,0.496502211084589
3.24842012656813,0.762503023725003
0.842435672879219,0.353911243146285
0.372236723593703,0.229416774585843
1.26737040560693,0.546347229974344
2.42434764458778,0.22910560737364
0.963239677429706,0.822806017939001
1.80263345488742,0.249169990653172
3.24345807341819,0.216242676135153
0.905120788142085,0.890422964235768
0.973063192330301,0.413522096350789
0.941156878780793,0.806814431212842
0.538837656378746,0.33482913672924
0.0454507311806083,0.466735495254397
1.211295963265,0.66061165323481
1.94410371771994,0.163303816923872
2.1809695008302,0.963612797902897
0.0159440841525793,0.331464885734022
0.486891461021051,0.0450204794760793
0.271786024793983,0.577357874019071
10.2132285496852,0.953535467619076
1.52085914295213,0.469497526995838
0.645119508728385,0.0517194692511111
8.27191619160486,0.635348757030442
1.36561322771013,0.686132216593251
4.33066132827899,0.601691435556859
0.216709816191671,0.0216496617067605
0.484821346921015,0.447623754385859
3.72757449356799,0.591242474736646
1.71684890436102,0.363825073465705
3.9845998099256,0.341895582387224
5.73135149445305,0.509489750722423
0.545791991986334,0.569071495672688
0.562115541659296,0.101639689179137
0.116585195064545,0.0125550264492631
0.489538416758457,0.16649082233198
0.366008793003857,0.062812807271257
1.81982590994778,0.908008791739121
2.58525848194006,0.62970269145444
0.938393739052117,0.0784248141571879
2.6167479007596,0.904901762260124
0.761635150760412,0.309088516049087
0.904651126451892,0.786500150803477
0.204068769700825,0.71345287701115
1.17785552237183,0.490594899980351
1.34663773700595,0.633768632309511
7.05863312962365,0.337404373800382
1.66524000840943,0.535005588782951
0.23189398360756,0.0744646314997226
2.38834091267529,0.951031020842493
0.115352828986943,0.428235145984218
0.167667974717915,0.185466826194897
2.32483070335331,0.476839682785794
0.144706558350553,0.0659283821005374
0.565021337941289,0.504966696258634
2.69960264853182,0.199253445491195
2.7138852085078,0.33478567074053
1.07305648643523,0.680452013388276
2.31653717524352,0.305588017683476
1.32708284631371,0.151568068889901
0.60286826826632,0.149384825024754
3.35975204018836,0.951703787548468
0.0943635841831565,0.0140179209411144
5.35773843129106,0.973054481903091
0.964511839583837,0.828417536569759
0.545124454423785,0.559057139325887
1.38966978248829,0.557756379479542
3.39827153814917,0.92778369737789
0.287335720546302,0.218149128369987
3.3386873116899,0.542293996550143
2.54185575238409,0.731509572826326
1.67972495590234,0.919433877570555
1.70314302473309,0.11013778951019
0.554972539655864,0.513334108982235
0.480047664605081,0.416568950517103
2.81859997643118,0.948875638889149
1.23258837964386,0.919119642116129
3.31289210577367,0.951042641885579
0.452197584688076,0.669450036948547
2.00749005555155,0.887124074622989
0.68477414175868,0.185542997904122
0.245807063765824,0.0239883447065949
0.366257688030601,0.486542040249333
5.08750526209302,0.81974973063916
0.885170996189117,0.659510670462623
0.614626800662345,0.601367201423272
0.486741920001805,0.51936912862584
4.19630328913159,0.523618807084858
2.46246283865514,0.96065412228927
8.81386236050978,0.378526923479512
2.73789912640097,0.973946073791012
2.37259740932825,0.35790964635089
0.365150613710284,0.765054382616654
0.0112325499537359,0.0702267475426197
2.62945205523613,0.844514525262639
2.63700822173598,0.573358497582376
7.07963271024537,0.943834745092317
2.14702076097471,0.250617537414655
4.12790529413109,0.428952749585733
0.169408089569947,0.00551810790784657
1.82695574305,0.644219981040806
0.790197727270424,0.0442827579099685
0.286614201031625,0.668609577231109
4.13027017919307,0.9791134535335
3.57893042249565,0.460157742723823
0.516257094578585,0.104023844469339
2.93385632319336,0.311926739756018
4.19188532580562,0.400065140333027
1.9371211285794,0.702332909218967
0.310776629994801,0.765637685777619
0.472209002822638,0.0631517670117319
3.53423770127778,0.500564388930798
1.1618412937969,0.725208928575739
1.58409911779145,0.178651176160201
4.13095897046809,0.367827763780951
1.13013199344277,0.572450246894732
5.2389039059443,0.997008412377909
2.45472265585306,0.513159294147044
1.07083920016885,0.834452056558803
0.180610498446671,0.0109775234013796
1.18014910258353,0.327293933369219
1.14339575078338,0.907869079848751
0.363280039280653,0.104653532616794
6.02864847941342,0.96747273625806
1.36148383282125,0.234909869730473
0.0907867211517079,0.677804075647146
0.317130069248378,0.213922695023939
2.65285755312982,0.474668674170971
8.71909610131636,0.998827299801633
6.50397092070351,0.369673681212589
0.882372522726655,0.371226082090288
1.50061612037149,0.190190041437745
0.438862615264952,0.350204705027863
0.508754411712289,0.525255352258682
0.688579183071852,0.715308168204501
2.31893469757381,0.843003086745739
0.771965152837166,0.138819326879457
1.99358175314012,0.86365742678754
0.655224485322833,0.452757960883901
1.15473514888436,0.787933675339445
1.40672177626731,0.160627297591418
3.33782201616054,0.61855989228934
0.23437281139195,0.0395048537757248
0.765084207057953,0.874669395387173
1.30717862211168,0.143507936270908
2.07396035316022,0.778290825430304
0.415765107609332,0.191370509099215
1.1745754543679,0.492348270025104
2.37843529685381,0.925713594770059
1.3958385362381,0.621619140030816
3.99124604237961,0.831927856663242
4.9655927379889,0.785353342071176
0.949444612488151,0.480735281249508
0.490426806733012,0.497220192104578
3.75068458152895,0.975433088839054
0.399832099352286,0.476623111637309
0.543521650135517,0.282615781994537
1.05496747419238,0.400001253467053
0.904276288114488,0.668675284367055
1.88772712204111,0.17905482579954
2.94277308704652,0.424461339367554
2.83301652542722,0.427593688480556
0.914112612605095,0.820955301634967
0.706818546168506,0.726216747658327
2.54402497402372,0.630686493357643
2.65741073145511,0.896250610705465
3.92132819799666,0.395876328228042
2.90611200175315,0.651656843721867
9.61292979815855,0.975789324147627
1.56600679219776,0.891511847032234
3.60056822357659,0.404656526166946
6.61527664925823,0.46865962119773
3.54563643300153,0.420739956432953
5.24311342876808,0.9939839693252
0.826705496758223,0.272470652591437
7.40900109293771,0.577054665191099
2.16935167453232,0.384957058122382
0.0869269651917672,0.571066028205678
5.66531230475674,0.712488991441205
0.294032786972821,0.282885743770748
0.0900871474295855,0.33300258545205
4.67651572357985,0.597411576891318
0.00318917009239995,0.209014308638871
0.806666892021894,0.4362477066461
1.89963556631448,0.875506702810526
0.235014760613164,0.446591943269596
0.0512833128007431,0.0346224228851497
0.388359518206607,0.0247306099627167
1.00117677636445,0.778112922329456
0.679943638760215,0.738486945163459
1.14011566899717,0.800425105728209
2.54210016495528,0.863366642268375
1.11606759019196,0.519846155773848
0.524031536653638,0.556296733906493
1.1108680460602,0.231498316163197
0.762727809138596,0.3208851700183
1.10842440277338,0.700148129137233
0.169291530735791,0.555647844914347
6.33540964413188,0.988820414757356
4.26899796977929,0.433374444022775
5.57335108484993,0.979419918498024
0.448552427813411,0.0672009077388793
2.4078056681061,0.487244716845453
0.355628059245646,0.425949524156749
0.626535929739475,0.642603547079489
0.0353522608056664,0.595503965392709
0.73584600592889,0.550892621744424
7.55534387710405,0.331434578169137
1.91023230730536,0.192898128414527
2.51533581494334,0.335457801120356
0.417818863876164,0.0657957957591861
0.0310806976631284,0.0587403860408813
0.528818406164646,0.822763660922647
0.350145144583286,0.136034140596166
1.99799152082744,0.870984284207225
0.777495642192662,0.465210139984265
4.98960223396249,0.89458057214506
1.56996367304566,0.224831700092182
1.30979777220637,0.74853262770921
1.1495454646647,0.738401268841699
0.456801895983517,0.262852818472311
2.08438530222761,0.777352159144357
4.55144031693168,0.696899036876857
0.513943603756812,0.0345628345385194
5.92785054411659,0.757751377066597
1.10818350404552,0.233516677748412
0.367128968238831,0.451217524707317
2.52191559961977,0.873229717370123
3.15001976122524,0.464017658960074
1.03954035509378,0.808981666807085
1.86224155937836,0.835558559978381
3.63861388226818,0.29549920023419
1.78740174687448,0.246577428188175
2.60881526387277,0.859980494016781
2.86744343472605,0.972094476455823
0.725205887109041,0.119004470761865
4.18164643571511,0.297094282694161
7.64567453744722,0.994484769413248
1.70070496565642,0.449533633887768
0.19366206152656,0.0970380220096558
0.570254055783153,0.1174932254944
1.21634634956717,0.614748055581003
0.266961411572993,0.42900569550693
3.99622407166247,0.952367481542751
1.98565006384905,0.838601246243343
1.04087656643242,0.316808109404519
1.58526336952093,0.888276171637699
2.97523029504304,0.589765284210443
0.197447616766556,0.749629040947184
0.890845796093345,0.127556744962931
0.632338503410883,0.108467199606821
1.00188028439879,0.575095982290804
1.64103388027243,0.609801970655099
1.60911680787043,0.451815807260573
0.67537078820169,0.286004448542371
2.03485078169944,0.835987997008488
3.53426736576443,0.791376745793968
4.65266465743013,0.348532754927874
3.89576639590745,0.639825389254838
0.945373187523821,0.150840713875368
8.3464619693726,0.999713300727308
3.63297408109974,0.938128675566986
0.228192460723221,0.718340086517856
0.718237699940801,0.20908228168264
2.24858588716927,0.36667770659551
1.45582592292669,0.666951125487685
2.9782907241592,0.448272402631119
1.93533325931969,0.849861324066296
0.95625283010304,0.62627801951021
0.277322236461445,0.0294626574032009
2.50301832697334,0.975681319599971
1.20477986708283,0.800645360257477
0.061210785061121,0.238239801721647
1.41405780480465,0.802415674785152
2.1386402080858,0.268726414535195
1.62260728638407,0.77360285166651
1.49481338625358,0.331178694032133
2.54552298403325,0.16718394914642
1.07789962738752,0.812669976614416
1.1071056118235,0.773729543667287
2.40370519823375,0.869760116329417
1.56230819589438,0.182535804342479
1.35948957223445,0.91924177040346
1.14933334849775,0.793154747458175
0.819630746729672,0.442258033668622
2.03625974795761,0.687459654407576
1.79312756462934,0.866607094882056
1.4044333192611,0.0844336082227528
4.74848443617053,0.966353725176305
2.39237162089887,0.80485683050938
0.721761425957084,0.368298763176426
2.48016442666893,0.443807259900495
2.74432367450538,0.931722747860476
0.488726356998086,0.161809706129134
2.59464263162556,0.152856624685228
2.55107450849357,0.648147811647505
3.29870367033367,0.855735894758254
8.39105764726057,0.976754602044821
0.494459491612448,0.0797010445967317
0.275332927315325,0.36502137943171
0.445160442963243,0.811876319814473
4.36263084758945,0.888930553104728
3.2531054241765,0.361443149857223
3.90144027007704,0.499136509839445
1.01587033852686,0.456109740305692
0.053466659039259,0.748895419063047
2.80187776882539,0.214775908505544
0.0170058645308018,0.00366498995572329
0.193493066599752,0.1969898219686
6.76553820039997,0.810563529608771
5.36814081271119,0.530784189235419
0.448405578732491,0.42210025829263
1.86111899456921,0.758611937286332
7.4705104041369,0.992223225766793
0.0383987999475164,0.047668976476416
7.43612442496133,0.887406876077875
0.23217577630716,0.226226387312636
0.317316115833819,0.353793237358332
3.49689392356162,0.656330772908404
1.83225300899687,0.405149793252349
0.794077511876822,0.81242216960527
2.09428985857366,0.759168137796223
4.81178685625024,0.790162892080843
0.214959367544144,0.241106415865943
0.480294842272997,0.098859827267006
0.128740365616977,0.256420192541555
1.17546717263758,0.849730767542496
1.03398747042511,0.266815130831674
1.92579133427682,0.202534685842693
4.92175341780928,0.839039861224592
0.801988014020026,0.160675336606801
0.479796809177702,0.0699541149660945
7.01397038581681,0.290637312689796
2.14543398647549,0.866038179257885
0.758389449678361,0.162858976749703
1.8272086509616,0.526660140836611
1.22371351812035,0.293963643955067
1.70661608866396,0.120406896807253
3.83427534795194,0.976924205198884
1.2853051815182,0.137644106056541
0.337546967901289,0.512866934062913
5.04451773662992,0.879462765762582
0.716582311317325,0.796415340853855
1.59752120676879,0.261449404526502
2.12222150768538,0.533328039338812
1.05415165238082,0.169987158849835
0.533875480446827,0.0720300655812025
5.88056312467823,0.472218096023425
0.542574198916554,0.433473435929045
0.109104226343334,0.00436608097516
0.0175004983320832,0.0296850625891238
0.0623546434005355,0.413653381867334
5.32376636912055,0.864772798027843
3.04860309314351,0.643296474125236
1.68084559953752,0.181057023815811
6.09979270719934,0.956078787101433
2.49866424678805,0.806130666984245
0.0278897490352392,0.41403813357465
0.193945178762078,0.061781951924786
0.692988123744726,0.784923602128401
1.13740685489029,0.635095760924742
3.72623327400468,0.350621537305415
0.691302392631769,0.217506478307769
2.09506635200419,0.428020268678665
2.76163694254103,0.699383601546288
7.86534775379014,0.924866907764226
1.10754351876676,0.0775532077532262
0.104277342653259,0.604952624533325
0.032624551732782,0.566607012879103
1.93222421213033,0.373784259660169
0.410158077254891,0.213290851796046
1.58404064477342,0.32709878962487
1.73965517423096,0.495637171668932
1.17149472422898,0.864881802117452
5.12074087849165,0.669874836923555
1.85839371789418,0.851417870493606
3.64335083572154,0.989295850973576
0.675308805046887,0.221868179738522
2.72304555020275,0.593189595965669
0.276639360003173,0.124916249886155
2.2015954218026,0.714783183764666
0.710601087659597,0.449826127616689
2.1640058363879,0.291325761005282
3.13490869833117,0.254020785912871
0.105424464680254,0.505387967685238
0.172087388979185,0.00943661294877529
3.5756408729599,0.357441290281713
1.18841283861548,0.391592130297795
0.378001822518757,0.563856377266347
1.89314431874993,0.869408637052402
0.135215955234911,0.0221611512824893
3.31702021120076,0.935725059360266
0.05272176861763,0.436549256090075
0.50477621331811,0.0590807157568634
1.15444462094456,0.900578739121556
1.41479886873605,0.823075504507869
0.58399557787925,0.0486108791083097
0.0510701630264521,0.00392465782351792
2.40094233854654,0.965476806508377
1.91355307950618,0.598820581566542
1.33856930211186,0.678607726469636
0.261341016739607,0.0101643274538219
6.11150773031959,0.786886438960209
2.51160188197138,0.774409948149696
5.9391916868864,0.659047705121338
1.42592298231068,0.285851513734087
0.629832186736166,0.06402726797387
0.928819271735847,0.0622694084886461
0.380918722599745,0.0821348582394421
4.38453639605969,0.820682951249182
0.955423210991247,0.273510374361649
0.790303044952452,0.137905122246593
0.0182581102320951,0.534404513193294
0.298606168429148,0.229610682697967
0.193596579841476,0.406215916387737
0.237529133446515,0.583025009837002
0.0703785459198658,0.19452971033752
2.13896023773431,0.293970051920041
4.2314922918839,0.612004984170198
0.440316000021994,0.26835774932988
0.545516666956246,0.815467258449644
3.16423107666855,0.312264947919175
3.24737142985505,0.842758716782555
0.992168902419508,0.734119843691587
0.107817153446376,0.558667131466791
0.896587337083568,0.24994305963628
4.94094160546489,0.506461766082793
1.23071914259344,0.0788289001211524
1.98050870304572,0.735149977030233
0.242962295968172,0.51952960412018
6.21160298552284,0.952429920667782
6.37875847484837,0.580416160868481
0.0547888185828924,0.131261946866289
0.813652365525009,0.875825407681987
0.299460150333272,0.323001330951229
1.30516872089356,0.696898077614605
1.24486042466015,0.284579932922497
0.041740240868244,0.0353609560988843
0.718899089843035,0.169086523586884
0.0711243489157755,0.119887357577682
2.10816161483645,0.321303996024653
4.51889477919965,0.961277656955644
1.02536171395332,0.0604731363710016
1.12564348895103,0.798485706793144
0.0507787752761713,0.460438720416278
1.29962632898241,0.41622290131636
4.41176305313535,0.78706013970077
2.87583579696973,0.395852178102359
0.12262130728144,0.67559546045959
0.115002958104014,0.167078828904778
0.00187737640177481,0.212543476372957
0.548053506163767,0.788629819173366
2.03631059071961,0.428261622320861
5.81600753929386,0.658224633894861
3.74550259841566,0.31411172891967
2.15867339294995,0.935199442086741
4.16109302987285,0.319575809407979
6.04817369546662,0.611035877140239
0.578518968075514,0.752016701968387
0.0939834460410551,0.342764368513599
0.496175298467278,0.307079373858869
1.14282826520503,0.468823051312938
0.0465629306790031,0.18907672027126
0.857354474125768,0.503620674367994
1.70910277603227,0.761973099550232
7.9625566709311,0.474275877932087
0.332845297642052,0.104548979783431
1.27970597328685,0.895314102759585
1.23305065464228,0.872974288417026
1.81858228033717,0.608247471740469
6.71713857319126,0.333969885949045
1.84669495179298,0.272445401409641
0.476102864968995,0.599358927458525
10.0289027424236,0.900585999712348
0.197213249897079,0.778280101250857
1.99227644680979,0.718548512784764
7.57856083991838,0.631045735208318
2.12797876997831,0.434370788745582
2.63306050739231,0.908836383139715
1.11597936227918,0.200707356445491
2.01722161649706,0.562353215645999
1.29439968802035,0.368316451087594
6.18415458578627,0.481986024416983
0.170379721475458,0.0730031779967248
2.7853121206399,0.890613362193108
3.16185922158842,0.307033765595406
0.122925287637921,0.0666972345206887
0.397307434119284,0.202987099764869
1.51850376828554,0.255708921933547
3.40131106622006,0.260650366544724
0.13822312746197,0.00672368938103318
0.273381878248284,0.389066631672904
1.04485852923244,0.220956939971074
0.0462711882156379,0.121417619055137
3.33925700543408,0.932207587407902
2.27490464589539,0.848677536705509
0.248834313824773,0.769763805670664
0.047744463350915,0.258050139294937
1.54666550076547,0.112467260565609
0.221673383377492,0.0778327162843198
2.21607058300617,0.186527136480436
1.07583968061954,0.0853693471290171
1.24980583973229,0.723041975637898
1.85302294968607,0.181959757581353
0.887488859705627,0.246406952384859
6.10302306678066,0.793094890890643
0.908240750812127,0.495825207326561
1.47764733247485,0.918841033009812
2.67909651054981,0.725297091528773
7.00953457673402,0.917319210479036
1.67920222497525,0.638574071461335
0.969656523317099,0.522213426651433
2.85357362387662,0.556179993320256
0.555171082727611,0.729689224390313
0.0471790209412575,0.491543649695814
1.12478882167488,0.848009402165189
6.43884248823952,0.960862978594378
1.76861548787894,0.172034130897373
3.71337356774097,0.450432775309309
0.230941817164421,0.701785642886534
4.27375801999993,0.949973062379286
0.297051805071533,0.690595946274698
0.733809920959175,0.0874854773283005
2.79003894684796,0.376076598651707
0.945828041993082,0.604104358237237
1.352808826603,0.358577040722594
4.53263520051665,0.984682818409055
7.02311921294852,0.995318429777399
0.870195627212524,0.297127911821008
0.663497467525303,0.422176260035485
0.759490863420069,0.603728523710743
1.06342844385654,0.278134905733168
5.26309457768626,0.689119261456653
2.61073612413349,0.900979124475271
0.719714581035078,0.0636495384387672
2.36566919693662,0.595214888686314
0.538160336884348,0.0563187475781888
0.300364414920794,0.478316250955686
1.4851201250309,0.897342318668962
1.86273759122024,0.595520065631717
5.55482019028312,0.765787135343999
0.0764255179092288,0.315746978856623
0.231763741932809,0.102084114216268
2.32288105404916,0.956614120863378
1.26735900528729,0.531700757332146
0.403592391565611,0.634820596082136
5.45508042325206,0.265601649880409
0.271887248381972,0.0258036304730922
0.619502753019333,0.470969563582912
6.38930897381077,0.989528144244105
1.01727833790546,0.728790393332019
0.987857924774289,0.877909211209044
2.29811789087,0.938202538760379
2.41356503955069,0.854006921639666
1.62070151155028,0.439156629377976
0.360109229572117,0.567960790824145
4.10270870087628,0.503982874564826
1.77490164413097,0.118288179161027
7.29246533992601,0.891502607148141
4.54924669107905,0.866610426921397
1.57813391971151,0.220129353227094
2.37737995301357,0.138539806474
2.14386631912532,0.622294440399855
0.453179813514828,0.589873570948839
1.99109620220008,0.725961569231004
0.808522838827265,0.0814427507575601
2.17513754457197,0.520106110488996
2.89545698094074,0.416425973409787
1.37090328522027,0.57523633306846
1.65868434674087,0.194791551446542
2.83881118766775,0.769842745736241
2.77802462113981,0.579778057290241
1.02732410468161,0.0724190473556519
9.45007882216826,0.711378455394879
4.75116592247911,0.940852274885401
0.392872021533549,0.140440395800397
6.80700589682827,0.326486885314807
3.62724810449367,0.810716761043295
0.0350986374542117,0.0423719766549766
2.04577187812867,0.248107165563852
1.52727886280956,0.873649700311944
0.262080381976873,0.597269142279401
0.0805322648957372,0.0391420361120254
1.01227701082826,0.324421321507543
8.78197377311304,0.516998253529891
6.73950807716618,0.362349855015054
1.00388529613148,0.143748382339254
0.697493622079492,0.465851141372696
1.0533785354346,0.168701535789296
1.56356116731247,0.168587832013145
0.0866033386836253,0.0938401420135051
2.86619329647274,0.934975897660479
0.323307123500863,0.251275728689507
0.0261663678085116,0.00262954737991095
4.63369266291089,0.564400694798678
0.795733333565295,0.505527021130547
3.89552547765856,0.894707733299583
0.155195782892406,0.616085547953844
2.22564773625674,0.928289760602638
0.33681523213345,0.174175304127857
13.5575871124753,0.996362925274298
2.81790244562512,0.212779828580096
3.40633698163514,0.480413916055113
5.12021644015737,0.842724206624553
0.492417878471315,0.0701371873728931
1.13711322471499,0.59221331239678
4.38912438948579,0.988232677802444
0.603122939355671,0.818607538705692
0.822144528850913,0.854175495682284
1.90430392425198,0.289133398793638
0.730859760541838,0.525772861437872
1.8254388681704,0.412878097966313
0.186701502648834,0.365317739080638
3.96777851117735,0.833078042138368
4.60043670584388,0.692400480853394
2.24927348076346,0.786908570211381
1.09617101587355,0.785225122468546
1.40790399714353,0.735796832479537
1.99302235051038,0.301331231370568
0.609234016388655,0.782648542663082
4.42087095578141,0.979986079502851
2.71614728859606,0.771893628872931
3.74696443585639,0.854753758059815
3.43091383118761,0.960470921825618
0.366398647427559,0.206571580143645
6.19244857098828,0.703780749347061
4.48730444643989,0.903454941464588
3.09664272127633,0.986278392607346
0.49244634155184,0.453345853602514
1.12804186157882,0.647333093686029
7.03397582864039,0.487467933679
1.57522464538879,0.834617911372334
7.34192126055352,0.913169513689354
1.4395318632346,0.527862138813362
0.459246019158952,0.452579900855199
1.26410321332514,0.190724559128284
0.512815298738279,0.0440626505296677
3.01206899338054,0.790563048329204
3.10325161029383,0.485607107635587
2.05386134414914,0.797243585810065
2.58734166054967,0.163063103100285
1.03975951572225,0.106645203894004
1.31179457809776,0.87070342246443
2.06275103977861,0.195535021135584
5.15036377658076,0.42641595355235
3.35697836412077,0.401838458143175
4.00184417871719,0.953417255776003
2.63152503586354,0.489258173620328
2.79347549362068,0.566027691820636
5.66202054830053,0.813422817736864
0.0938984304666519,0.0135737862437963
3.01793919486885,0.901273138122633
2.70338315508308,0.577530882554129
1.00133193377405,0.165825032629073
0.651098082773387,0.0524214471224695
1.26775602903217,0.541875061346218
0.564761156216264,0.104281204985455
1.82476347676458,0.813826648984104
0.218015539459884,0.386498308740556
3.03375790996437,0.274103605188429
3.30326166732197,0.551216628169641
6.70370689000855,0.442257918883115
0.756291865371168,0.0503661117982119
1.49401328012863,0.124051447259262
0.0491479487657813,0.679681208916008
2.89680397121196,0.98027428239584
2.64310380994322,0.227972247637808
0.278608850723297,0.0386459880974144
5.58162876930008,0.548808991676196
1.32038406375796,0.465149871306494
0.028111101128161,0.1092557257507
0.333115137182176,0.216508350800723
0.0255527440458536,0.053810547105968
4.29994544954806,0.609255734598264
0.207537787035108,0.139056934742257
1.59241956303648,0.87633881974034
0.294529717415571,0.682272281032056
1.17949705850333,0.414307151921093
1.24834725726396,0.176665589213371
0.491042575798929,0.123700465075672
0.074535872310944,0.101080411113799
0.842833921313286,0.312460011104122
0.398616841867974,0.401458229171112
1.52319607502761,0.902164819650352
7.94947774293733,0.578950621653348
3.59842995909934,0.929153511067852
0.974389534443617,0.558294610353187
2.20851268983426,0.748275687219575
1.94728767118397,0.164976740023121
3.44842929376249,0.662013851804659
3.28947566404211,0.968828377081081
2.31112595891259,0.875441526761279
1.29185299761593,0.115112091880292
10.1719618769069,0.66410689195618
0.768320719711483,0.117211551172659
3.15665929747706,0.68527481216006
1.12362001463771,0.146849989425391
0.0530852675437927,0.0349232032895088
0.178124006131633,0.745152765419334
0.544215867295861,0.0407081837765872
0.467052549123764,0.284337921300903
3.18294984681522,0.8646199721843
3.57908756641631,0.376688815420493
4.5082451959414,0.322479956084862
0.845691663213074,0.8840620983392
1.58367272830548,0.932145206257701
0.152301984839141,0.0912099056877196
5.26526630272098,0.615203542402014
1.0950248464942,0.2062711736653
0.611431308090687,0.071250633103773
1.61915651141646,0.529130190378055
0.643480486822902,0.279500170843676
0.55731407366693,0.0514264057856053
4.36663866958928,0.94810267817229
2.13795128017411,0.231671155663207
8.70896603617056,0.971487140050158
3.08221152780538,0.360567201627418
1.00758042559028,0.747953341342509
0.272760782390833,0.0650702216662467
4.06953288225417,0.482331266393885
0.661653439514339,0.173778107389808
5.2844862451119,0.596685650758445
4.80927823086209,0.959621385904029
3.17594868300443,0.280313748167828
2.15495100996274,0.761829550145194
1.58431697004136,0.133894255850464
0.530406899750233,0.324408023850992
0.016106647439301,0.258624536916614
1.55536002272386,0.883767290040851
1.00892343837768,0.769435664638877
1.12763477303088,0.143420289969072
1.26752985548228,0.2692569156643
1.44272587716353,0.551700431620702
1.67836671314182,0.36755131627433
0.513085443526506,0.475304486928508
0.206093865446746,0.312017581192777
1.78289061776342,0.57674222975038
0.710405061021447,0.386286783963442
2.65630597426536,0.854121936252341
1.59120702362599,0.210794441169128
0.692634688690305,0.583680256502703
4.49931107194055,0.415516762295738
0.632026721723378,0.527192573761567
0.644801872782409,0.432214654749259
4.39445151735969,0.691794455284253
0.626031512394547,0.839003990404308
3.08390060050373,0.697357200551778
2.36425283915343,0.508262373041362
0.433338795788586,0.0941098402254283
1.54019481680336,0.0929069516714662
0.382511442718911,0.109384829411283
0.469006538262733,0.0653394814580679
1.2209642957896,0.815595713676885
3.09471864143868,0.857784463092685
2.18347003488782,0.679056156659499
0.288615696132183,0.0205502233002335
1.68694072786679,0.596830365713686
3.35373684747105,0.979319542180747
1.81352502285483,0.389560707844794
0.442576760254653,0.489293789956719
3.40160834772472,0.767607911955565
0.508333891630173,0.319450132315978
2.56950874804499,0.222004031296819
2.16876203744652,0.877710650674999
1.08290172368288,0.280730998609215
3.13078808767681,0.958144047763199
0.162695605357628,0.391673342324793
2.48816000102999,0.466763842152432
4.31670882900186,0.885056202998385
10.8726592886092,0.457756132353097
1.29725105408579,0.882880816468969
0.503787139430642,0.244860876817256
5.4075648372335,0.436362990178168
0.166160633787513,0.254843784496188
0.244988037013849,0.0122884241864085
1.62142305308044,0.888088047970086
3.06065252779012,0.687057355884463
1.21859426610172,0.120947387535125
0.0342624085023999,0.167418817523867
2.5916543136442,0.962310919072479
4.06235224364286,0.857136543374509
1.41936501852217,0.642439515562728
2.75949606663528,0.302898135734722
2.79595451268254,0.936299076769501
4.30757422347493,0.292637308593839
6.66260221566925,0.575372267281637
0.800954466685653,0.630260618869215
2.85683864338284,0.962611255934462
3.26683013124352,0.209319478599355
2.27509037583115,0.172166750533506
0.244124586693943,0.166943712858483
2.83251475898509,0.508103513391688
1.50954640550695,0.539719215361401
0.440149390138686,0.524092537118122
0.322285406291485,0.049319013254717
2.79889280128589,0.949751242529601
0.0510728726826505,0.00986260129138827
2.63601232870462,0.203164392383769
2.21045389576795,0.603684549219906
1.06439188681543,0.669152044923976
0.964670001529157,0.25724876136519
2.63144925600829,0.48441774607636
4.55114291955657,0.95855403249152
2.67758592582288,0.281313608167693
8.26735479715181,0.958187855314463
2.86861053837423,0.983719827374443
0.170231346040964,0.0133889049757272
2.23777317806127,0.949733717134222
2.4350992887372,0.774008429609239
1.35634371079504,0.580246023833752
0.470003710128367,0.175915730185807
0.317236218601465,0.185697357868776
3.97427697090392,0.614292883779854
1.01691978238523,0.241527414647862
0.438499982468784,0.68369782040827
2.41917195162716,0.930015781894326
4.65982356756623,0.668646674836054
2.41397666177692,0.973516486119479
0.416400839574635,0.366879200097173
1.48593111342462,0.822226829594001
0.927196965145059,0.107393980026245
0.642357931472361,0.152973991120234
2.33282201915028,0.789522167295218
2.0308928824121,0.745475776959211
3.00834388641601,0.979864064371213
2.20269335173456,0.9248831726145
0.926351820118725,0.651760000968352
0.629752743057907,0.0446894317865372
0.850404746830463,0.664271808927879
4.98087473560996,0.926942785503343
4.5823735554976,0.975836479803547
1.23743838164955,0.34217222314328
0.181644308790579,0.00567685556598008
0.595064837571655,0.26232979958877
1.68362286119702,0.852323258062825
1.24233513046056,0.524921131553128
4.91233923633523,0.678131625056267
0.955542582087219,0.271515714703128
0.31490046158433,0.016462221276015
1.67849963891185,0.236707576317713
1.59800228652941,0.946394931757823
2.11888799807968,0.357966589508578
2.94299712760334,0.547849259339273
0.159368396414248,0.00950861815363169
1.82169982596281,0.926177809946239
1.83111037306653,0.932553787017241
1.12368184793741,0.217346923425794
2.13054150334539,0.78936375444755
0.542587093814764,0.627416380215436
1.79017583421808,0.216657481621951
9.96177062705951,0.927960175322369
1.79235655317924,0.6358163501136
0.22260451130569,0.410349192796275
0.371997485774865,0.7559630041942
0.605162377469242,0.134164016461
3.36876797659283,0.350377645110711
2.30818487881663,0.673725311411545
8.51414141753569,0.911998525029048
3.04551364092116,0.9620149100665
3.30197019113188,0.450950589962304
4.94207989026733,0.851980588166043
0.177066398784518,0.398634686367586
0.901914304264821,0.615355235291645
2.44527517995777,0.838432369520888
1.68214723459425,0.315705118468031
2.81113999692683,0.946035001426935
3.11822166089796,0.71445005806163
3.87997450290208,0.910434110090137
0.436491457170942,0.109010680112988
9.05061626669491,0.591607025591657
4.44678867173565,0.338164224522188
1.21131857298315,0.912858632160351
0.758698386140168,0.459645273163915
1.52913364937676,0.557570237200707
0.22762518748641,0.0289337926078588
0.947312938980758,0.0596145247109234
0.366354585997067,0.460068685235456
0.546701977029443,0.372629349352792
0.741969373077154,0.0689505224581808
3.8056630118001,0.982766985427588
1.16495854500681,0.485193607630208
4.58060716544596,0.250937409233302
2.78707923723345,0.968570561148226
0.949900466948748,0.107948131859303
2.04587758712938,0.954973079729825
0.184780527837574,0.123411639593542
2.41132512307706,0.296243536053225
2.19189278773012,0.686726347310469
1.00363450683653,0.876933480380103
4.42079679953111,0.546645666239783
0.360399844124913,0.0706876739859581
3.22366546077614,0.919890620047227
1.65913422397318,0.837407280225307
2.92226663877327,0.632553434697911
3.43999639070189,0.516738319769502
0.210247657978124,0.24355231365189
6.37049886267279,0.380254021380097
0.0652289744472771,0.472163544502109
4.36828261483705,0.983078963821754
2.65223533092978,0.967655905522406
0.356108827516437,0.183646416291595
3.1208997615327,0.813423404702917
0.509746960364282,0.450134628685191
0.689824868924916,0.78413323382847
0.0377468796508832,0.0568657531403005
2.07485300107839,0.879549026256427
0.862343419343233,0.32635741867125
3.76758524653194,0.971685040742159
2.63212809889557,0.365437650121748
1.3989687821919,0.471983629278839
0.267162576317787,0.0888071097433567
2.06607481270077,0.956874788738787
0.97110900003463,0.694639958208427
2.03397087241429,0.208282662788406
9.54831860164061,0.571114473510534
0.37519293744117,0.195595600642264
0.537643545307219,0.108226625947282
0.543222431093454,0.137807158287615
0.0642930492758751,0.00510658812709153
1.59006158360805,0.875669523375109
1.26340985111892,0.389488080050796
1.51679677694085,0.237764127552509
0.173220906406641,0.0946269473060966
6.039132295926,0.470462776953354
3.61843242130901,0.656267669983208
4.01570202020888,0.87885029008612
0.804185071960092,0.532027703942731
0.630186662077904,0.837424006313086
2.48015273353996,0.187275637872517
1.0722117434598,0.67627784376964
0.670386333949864,0.0641597136855125
0.067842367105186,0.587052265880629
11.5997440510227,0.53243515221402
0.0560198306079565,0.125075324671343
2.53677827483954,0.947203823598102
1.44942077644495,0.386146319098771
0.718822464346886,0.743817205308005
2.62492165519836,0.661282252753153
4.35910967050158,0.897807943634689
0.11992868129164,0.276898118667305
6.27156754332558,0.988385641714558
1.33320198208094,0.497830994194373
0.946455452591181,0.876555274939165
2.4534614048058,0.334087394643575
2.79562439380174,0.917581215733662
0.741202163510025,0.741988534107804
2.58179133190754,0.159975436516106
7.88273734929872,0.955011326121166
2.88494676334744,0.685031339293346
1.38623759150505,0.847140434198081
3.25663883594756,0.291711717844009
2.12136456361952,0.942420249804854
4.41580739219613,0.325360832968727
1.63821331030669,0.510751395719126
3.56907068176155,0.89201964600943
2.97776511667256,0.370983673725277
0.263172524981201,0.123504526447505
5.26281792272754,0.663017664337531
3.84148721380119,0.543075477937236
1.12683910597116,0.318103492027149
1.62689240827205,0.761733339866623
6.53852639040448,0.850888698827475
0.151989932172,0.769106781808659
0.719032519024184,0.657668771455064
0.260392973199487,0.230698467232287
0.942186489701271,0.135721653234214
0.991600408218801,0.215942495735362
0.987533319741488,0.477258514612913
0.778350013658039,0.623450043145567
0.829730070207369,0.237700311932713
0.231832106597722,0.109539451776072
1.28618673421443,0.537644511088729
0.213512037880719,0.5286307008937
0.893950056284666,0.51454745605588
3.27933631075506,0.798090442083776
5.17478539396949,0.984699894674122
0.827083018608391,0.683013879926875
5.50465598304696,0.981997258262709
2.85003957580179,0.981051644776016
0.902336351573467,0.112711985595524
1.80566178253832,0.83386594010517
0.356807960992501,0.0743518057279289
0.280245039118968,0.117034141439945
1.09892605058849,0.14751985645853
2.76027349187973,0.454933112254366
5.47489566703267,0.859569157473743
2.31876492491903,0.411992230918258
2.70987299466274,0.223053400171921
0.931440051645041,0.0929475449956954
2.8668371139059,0.570211832411587
1.11853170581162,0.0642957028467208
4.84199282129235,0.934819600312039
0.203690016642213,0.0309461941942573
0.529973375211766,0.0337601124774665
1.01846178248525,0.361726019065827
0.291917679073066,0.717576517257839
1.65638638028737,0.783198997378349
3.49325548173177,0.543775519123301
0.127065824344754,0.0176214608363807
2.09721386051717,0.689557511359453
2.11027046284618,0.638777352869511
3.01034857090326,0.771082527469844
4.35911147643752,0.920089706080034
1.7199499811137,0.931412081001326
1.35604953952134,0.844113724771887
0.245465156364385,0.0712856880854815
0.701635096222162,0.575637905858457
2.95451723022347,0.946317359339446
0.625444413162768,0.0785258666146547
0.0861127600073814,0.602711078245193
9.62895615495999,0.786630015587434
3.44201568124776,0.324800742091611
0.466594150289893,0.151355877285823
4.58048947502799,0.946247617946938
0.089922534301877,0.594427001662552
1.33884025458246,0.838393894024193
0.492107736878097,0.651637995848432
0.965722102671862,0.118568369187415
0.16563855856657,0.0446396570187062
1.00991409178823,0.0880881436169147
1.99947504504564,0.284893677569926
0.633101100102067,0.81598608288914
5.74721606042156,0.55230243713595
0.146563623045198,0.474076735554263
1.2821358339861,0.832263830816373
1.53648937298896,0.374385907780379
1.52684794985324,0.649929742794484
3.4080402998436,0.53315976425074
1.56317629937249,0.714604371692985
1.47523699506166,0.783423981396481
2.10471896260026,0.865160303656012
2.4868859591985,0.21181601844728
2.21896879180315,0.793074004817754
6.68146873976956,0.308265731902793
3.22585100427443,0.987134823342785
2.69284427343848,0.383050530683249
0.501940716599239,0.576143850106746
0.989177744835615,0.80908328993246
1.9956200326884,0.93782577291131
5.60096042836224,0.991137559525669
2.80936731551495,0.190045183524489
1.89019479417754,0.491136779543012
1.20276838447899,0.731172697851434
3.36896471662407,0.724312654463574
0.0539409155026078,0.497010492486879
2.62645283705535,0.923213749192655
0.548219090327621,0.0803456308785826
2.85146470016146,0.701979194302112
1.26908235624433,0.701139984885231
0.889841330237687,0.344307965599
0.191503834273322,0.283979174215347
0.388691062107682,0.289837008574978
0.441130941703257,0.23124326672405
0.873720991425216,0.630618254654109
0.882307640276849,0.38365077553317
0.885156580246985,0.295817343052477
2.36194192795994,0.417440644698218
2.55780198416653,0.680187475634739
1.03471484500915,0.595892816083506
0.889617706649005,0.225710268830881
2.89295826719394,0.785026276251301
0.883740822784603,0.842252679402009
10.0782555075069,0.431578391697258
0.509708295696827,0.836124185938388
6.65044446255932,0.533209185814485
0.00949271582067013,0.502021899679676
1.58604475526636,0.890251272590831
4.52487565721128,0.693060076097026
3.83271643875127,0.791483426932245
0.951450715680212,0.435266220476478
0.0462620304897428,0.00930157769471407
2.17544828312458,0.280247785849497
0.383644854649901,0.0693367510102689
0.532881352119148,0.567774832481518
0.932334681041539,0.647062710952014
4.62461960663028,0.987397872610018
0.353768696077168,0.387799456948414
2.75384273557904,0.763242286629975
1.07289366144687,0.337059163255617
1.43633918203047,0.156141480896622
1.82855780973079,0.288835045183077
0.263896480150824,0.0126323357690126
3.66609068570619,0.872078455286101
3.33661494606811,0.960434415610507
0.28286876593764,0.762185091851279
0.173982784152031,0.545056396862492
0.885029248893261,0.0912570815999061
0.1837864603939,0.204671146580949
0.287125837057829,0.805468579521403
3.62142763233463,0.522821780061349
0.0512159709817272,0.38347122259438
2.53214539653155,0.474231770960614
2.48902872941437,0.391172054223716
1.884912783196,0.781347283860669
2.45595657258275,0.941416279878467
0.11941631620608,0.032803496113047
1.67991016983035,0.148423810023814
2.49886495425346,0.957112576812506
0.519490806535,0.583012318238616
1.27833215054125,0.403865399304777
3.49448790384417,0.942562801297754
3.47435578687077,0.460016879253089
1.74130627318265,0.845249969279394
1.16944363695863,0.733195638982579
1.76933050333502,0.830998138291761
0.766384231857955,0.0417322188150138
1.96271336629036,0.256822989089414
2.1940229999924,0.583698006113991
2.78773165849929,0.430191968334839
0.135998507030308,0.154897491447628
1.00005438644439,0.859751486219466
3.43098905412587,0.696828644024208
8.06383598926378,0.872953046113253
1.93057849994841,0.21421549259685
0.769889407791197,0.230867345584556
0.42011936660856,0.0787145711947232
0.360233926214278,0.29418706218712
0.969310577958822,0.130320755299181
3.24457001669293,0.275839673588052
1.6533555010403,0.526477580191568
3.57316082326655,0.959739918122068
0.715483160689473,0.742764098802581
1.73979574060979,0.596147776581347
1.65977450638058,0.541427017655224
3.45955697057729,0.4609551273752
0.367396130921819,0.496239431668073
2.22494953303578,0.955044374801219
4.66955398370452,0.970718130003661
2.85743955133443,0.62221320765093
3.99317930249457,0.993819666560739
0.341174151748419,0.189710920676589
1.70197077273371,0.132125021889806
0.542142827147202,0.172383710276335
0.943577360361814,0.170824212720618
1.29465450625867,0.661404360551387
5.39836099346109,0.488163209054619
3.13055520162871,0.183186240727082
2.32707761033418,0.942166104447097
0.0727127138525248,0.497216325253248
1.88325260012391,0.495327880606055
2.23352623536232,0.770612598396838
1.57259500204566,0.575577625306323
1.14544663112611,0.859573993366212
0.297700127305593,0.144352640025318
7.69929103557353,0.391356838168576
3.88167201710825,0.505095622269437
5.64265379276047,0.419560107635334
1.00861945468932,0.516138693783432
2.37122642054203,0.755038700532168
0.967878217808902,0.813937396742404
0.434110964648426,0.830092428252101
3.7743301464427,0.543496118858457
0.361080398783088,0.320067716995254
0.81493367254734,0.473453860264271
1.99237567777299,0.854596555931494
0.339101364836097,0.570562278619036
0.906817927025259,0.790374704636633
0.846558605320752,0.775021503679454
0.894036039710045,0.28236178890802
0.845121453896528,0.32603304926306
2.46928366637769,0.426026488188654
3.32804533970776,0.756778522394598
0.892473261803389,0.776444072602317
0.920286080799997,0.389204124454409
2.68018456726315,0.959840868134052
1.19660637713969,0.89559732703492
0.17588837045222,0.76786207058467
1.5913808704462,0.781292321858928
0.185864559222932,0.228806804399937
1.11078584752977,0.913881963118911
1.46141112214866,0.483732532011345
0.483327874913812,0.439605809981003
2.42266455656829,0.563411892158911
0.193666898645461,0.0835151881910861
1.21410378813744,0.14716835366562
1.38990210685776,0.332054717931896
2.77216667859795,0.537476391997188
2.31973061329665,0.954842898529023
6.4160677042223,0.671783222351223
1.9473567905938,0.521475570742041
0.277773555368185,0.474735820200294
1.34892813395709,0.346013459376991
6.0243033316351,0.531000214163214
0.545401921495795,0.359607526566833
2.46219439796152,0.226254567038268
0.00493705831468105,0.0386075088754296
1.62481388647992,0.709752089576796
2.13543208121302,0.226314718835056
0.481874039105026,0.193170869722962
2.05844312461623,0.546272550942376
1.96959110899808,0.933817652752623
0.0210915105417371,0.707303770817816
1.17299204785377,0.876561645418406
1.21829578373581,0.102311552036554
1.47018170253075,0.506420563207939
4.4692903270287,0.864205612102523
8.06113247158838,0.691254201112315
2.58070621072295,0.160691731609404
1.67040078147295,0.376977460458875
0.368696682155132,0.190947517752647
8.3884524332754,0.352186906617135
3.05376205469355,0.670905313454568
2.92482492167116,0.344458661973476
7.08031323768855,0.603411291958764
2.06086662962081,0.684385102475062
4.40620500196643,0.591010768897831
0.145855536684394,0.0326677970588207
0.0352381737902761,0.714502219110727
5.59358425494761,0.424774570623413
1.33465902972966,0.130343525903299
5.13356541421021,0.993432179559022
2.99090545235162,0.21413861005567
0.25829366967082,0.0581166634801775
0.815023323288113,0.0604116185568273
0.133125959895551,0.0542070190422237
0.00420600175857544,0.00439139502122998
1.33107365760952,0.428602758795023
0.487468661740422,0.318205693969503
0.468024997262704,0.12551757786423
0.863431488163769,0.335424262098968
2.66703179283979,0.344842874212191
0.24784446042031,0.0927815462928265
0.141457139514387,0.40291872061789
2.7542319818491,0.51572544244118
9.13160947659865,0.811469203559682
1.81561201505354,0.774044084362686
2.17346623531523,0.857838510069996
0.474670676748295,0.19993097265251
1.69679062060061,0.951504369731992
1.93927757061067,0.813333691563457
1.16515001561493,0.381215845234692
0.0554677562197599,0.300677906023338
2.53115722528639,0.29052786459215
4.70231150438018,0.862703066784889
3.60116850182689,0.675732091302052
0.739053701832004,0.307894436176866
1.18941569048911,0.230222912505269
0.577206202782691,0.788279429078102
1.07052267808467,0.892237883294001
0.881478327326477,0.396613654214889
2.31994994162562,0.541745942784473
2.90187798051124,0.278704726137221
11.6466865234806,0.669876742875203
0.105748472735286,0.523595727980137
1.27079581934959,0.754417439457029
2.52000752200767,0.626553634414449
0.76162492390722,0.371905954089016
2.1590639463717,0.952045375714079
0.313455482365084,0.0535763106308877
3.61694024486427,0.910172057338059
0.95682146307081,0.813437573378906
1.7732961475009,0.863781731575727
0.849131608381867,0.0864084991626441
0.877594626508653,0.669778754934669
1.91913930638835,0.588981890352443
0.334202262572944,0.813408272108063
3.25880833698397,0.568609488429502
0.228014282882214,0.0376150954980403
8.0096413302691,0.859270874876529
1.80436591609361,0.662954355822876
0.0947118548642104,0.655757406260818
0.442395266145468,0.0625189028214663
0.660899351620558,0.830039088847116
4.79674867887921,0.255008949432522
5.02942491260175,0.485790883656591
1.07309576589614,0.321254959097132
5.22949433674045,0.321549716405571
1.41574374019148,0.123165000928566
4.49711083223052,0.947345269611105
1.63875594726744,0.91342451563105
1.21127882413566,0.113447458017617
3.4434646105576,0.618344192858785
1.41159709720852,0.937321365112439
0.836518736556172,0.0585820414125919
0.786532527767122,0.214744387427345
0.182182947156708,0.302865870296955
6.31369304623375,0.909794614650309
0.639868006668143,0.594627503771335
2.3402654416019,0.917930648894981
1.94036586387994,0.577632863074541
0.816949006364276,0.58979586744681
0.408793090842664,0.102115391753614
3.35536573810463,0.387930798809975
0.853432688848005,0.719948915764689
6.42404751446018,0.375670264242217
0.801462688483298,0.431384977186099
1.42282226689186,0.758222072152421
0.179152866825461,0.0676458985544741
2.3894478547478,0.567177596734837
0.163477365858853,0.0500043288338929
1.06016211211681,0.311544815078378
0.444269064813852,0.687535962788388
2.6713600064719,0.605289903236553
1.75514631232313,0.151816235855222
1.5091232023293,0.718880054075271
3.7345828412283,0.476200936827809
2.86222324503546,0.50659678154625
0.204281887970865,0.454312346875668
0.241450196132064,0.115188920870423
1.75803276888075,0.476022566435859
3.10051717564982,0.312211004318669
1.09742261655629,0.414328081300482
4.57613941068598,0.283058999339119
0.923566845245659,0.483566045528278
1.59319894947074,0.809974321629852
1.076680499129,0.360919754952192
1.33283256925642,0.48893770808354
4.17183203597493,0.632206322159618
0.381182739511132,0.0640861524734646
2.16786961249056,0.228062019916251
1.74748969571783,0.486931333784014
0.704897212795913,0.444495733594522
0.161840842105448,0.468883943045512
5.6520197175161,0.870454585645348
0.168234425596893,0.0999715973157436
8.97091307659458,0.907103266799822
0.258778654038906,0.790852333884686
0.575383105315268,0.799822895787656
3.74098072929268,0.576820279471576
2.27082134120263,0.883105269167572
2.57080766363981,0.831611751811579
0.975046689622104,0.757866248022765
0.983604073524475,0.395940105197951
3.55675704015379,0.426874663215131
0.677191124297678,0.736139739397913
0.828012035228312,0.538084644125775
2.06141355439069,0.261545743094757
0.219241829589009,0.644216270186007
2.70387349641862,0.616462292149663
1.76223053314995,0.676950747845694
4.14005843905692,0.648394139949232
0.493894995028433,0.0239057948347181
1.23596708476543,0.882631653221324
6.83852697875271,0.999275274807587
0.613183245994151,0.559049343690276
0.212188128381968,0.327933701919392
2.52965183361414,0.388316703494638
6.58847273852596,0.325243088183925
1.34746430907398,0.540635522454977
1.04549606796354,0.90277112997137
0.473940325900912,0.46540456218645
0.407075912763132,0.808637491194531
0.814033637754619,0.141243071295321
1.82376113525572,0.695377497933805
0.268184788525105,0.328407741384581
0.502597848884761,0.435628259088844
1.13439973536879,0.111783799948171
4.81205423523612,0.623547139577568
2.69466316319051,0.920338313560933
0.510249791666865,0.149291194276884
1.79891771874007,0.166349060600623
1.21931163500994,0.825002160854638
1.00475020613521,0.0788766364566982
2.08199617790183,0.391629351302981
1.89739006190541,0.705168303102255
1.92152082653309,0.642622877843678
0.514753546029855,0.555320614017546
1.60744344132678,0.784807326970622
0.11704421415925,0.497014487627894
2.66510607852581,0.464075629133731
0.13111613806525,0.016694565769285
0.351134060882032,0.492795384954661
0.393230825843778,0.741664313711226
0.329137129709125,0.571827712003142
1.35799448564649,0.793415775289759
0.702900287695229,0.53136504557915
0.713069967925549,0.427484044339508
6.08391234197291,0.371445511467755
0.250090842724664,0.394206718774512
1.47303499831798,0.13222868531011
3.18068113906269,0.965219641104341
0.733258717693388,0.208507744129747
0.0422308472916484,0.51236713421531
1.04997312277555,0.363025764469057
2.02628889112713,0.249532540794462
2.33016270018163,0.922649439657107
0.226434731305583,0.47631950257346
0.392386670224369,0.154334909282625
3.88084766624456,0.973901907214895
1.16724714823067,0.643951257923618
0.668919149450801,0.753265715902671
0.8249765150249,0.662037068745121
0.651477321982384,0.117257588310167
3.80934930575972,0.862501985160634
1.30640610959381,0.607970000943169
0.158200999721885,0.617333602160215
1.10698566492647,0.649306187639013
1.75179794981124,0.943906581262127
1.40650295879608,0.380008573876694
0.581221720851419,0.238720199558884
2.29300374715569,0.888209598138928
4.45121129525029,0.585693104192615
2.93364177285059,0.292569060111418
2.34069903745296,0.889923649374396
0.972149088978767,0.495138452388346
5.17798937459416,0.457276543136686
0.544853199273348,0.180687185376883
0.590258409650146,0.63981160079129
1.27448338642716,0.0835822059307247
0.0555604101267618,0.46717940736562
1.13425413146615,0.843636668752879
0.579914284870028,0.829512668307871
5.51429564108081,0.931586293270811
0.389861715957522,0.540860331384465
0.468644553230109,0.691427322104573
4.26197071720786,0.225145288743079
0.413119764067233,0.0320931684691459
1.31528343539685,0.258543340722099
3.37074117345696,0.820747900288552
1.31070789229125,0.0772053266409785
0.946286799386144,0.738721613306552
0.233373580500484,0.487210014136508
1.97497593975606,0.610395373310894
2.45162436722311,0.370286043034866
1.63998116730692,0.938361276872456
0.491616156665238,0.148724411381409
0.73033007606864,0.470458922442049
0.597876709885895,0.204331405926496
0.96691432222724,0.729487035423517
0.189221820794046,0.61567502678372
0.0463919136673212,0.528158331057057
4.66832472731299,0.429792100796476
2.12960389993134,0.42096690251492
1.15851394273341,0.194348378339782
0.768484321422875,0.710055024828762
0.146773416005815,0.0538459459785372
1.03661526087672,0.634144969983026
1.82562185815516,0.57459551258944
0.783469861397565,0.770784605061635
2.53011390185895,0.942433387506753
1.09340283554047,0.228907219134271
0.504407344568873,0.59736280865036
0.551713210530579,0.0287339428905398
0.369671351013043,0.0226686932146549
0.71148518972549,0.124829940963537
3.2238706107312,0.696647033561021
0.430548911914229,0.686104973778129
2.03357913137143,0.766263227676973
3.07744291496381,0.804959531174973
0.261545057186129,0.239566027652472
2.02342755525353,0.899378477595747
3.34871648980265,0.36941349087283
1.96322040331783,0.40926218777895
1.18190642632544,0.859573368681595
2.10766693056687,0.683610175270587
1.82388409032466,0.751551960362121
0.302783360133946,0.473414242500439
1.42832834725057,0.843022413318977
0.430112761445343,0.392747035017237
0.910592405125499,0.0966694082599133
0.126558586574321,0.109161858214065
3.73866103118076,0.952823563944548
0.946063432776668,0.52716098818928
7.15514923217607,0.851118676131591
1.62090166836026,0.244536993792281
0.333177115768194,0.125683447578922
0.405711918137968,0.617407939163968
2.53811957492473,0.962519681779668
0.904963641427457,0.704168976284564
0.713605280965567,0.050951799377799
2.60261514401975,0.565465096151456
2.14954880430343,0.251382623566315
2.18389094010496,0.344576400704682
1.65222352548482,0.131834892788902
0.895312749780715,0.76952817873098
0.322448050603271,0.37802876601927
0.470332432538271,0.390892985742539
5.35786804159112,0.581374514615163
0.0725145945538332,0.747290485771373
0.316807986237109,0.469295521033928
0.0256918119266629,0.0374758746474981
0.855960956774652,0.527147651417181
4.36314727598735,0.993652226636186
3.97413542849903,0.969042669748887
0.148471420630813,0.00452329497784376
0.165496984488552,0.510540643706918
3.43109900860076,0.224484829232097
0.387405495439875,0.0292372333351523
0.00746448055368741,0.230874162400141
0.437756405697927,0.236354086315259
2.99008866755252,0.807747572893277
2.90727782977705,0.728315950836986
2.91038254422928,0.969997614156455
1.11671976093203,0.880448353709653
3.85229464976077,0.70584753411822
9.62877122262373,0.378346326062456
0.983752435073256,0.479095049202442
0.21266670389608,0.343376863515005
2.5916042587811,0.185263974359259
0.702580166980624,0.561101813102141
0.0123688355088234,0.504368334775791
3.63519251702313,0.761886023450643
0.346115654334426,0.523956276476383
0.369646918478234,0.514698722399771
3.26182024164085,0.436535090673715
0.910750947892666,0.121621938189492
0.806852725334466,0.151590803172439
5.09025495101638,0.991397530306131
2.01259882567953,0.216148250736296
5.0110849549336,0.938814654946327
3.93318462727552,0.900788315106183
1.54767615525963,0.756713909795508
1.79200502885816,0.179247134597972
1.39041131198546,0.486612622160465
1.58783778945797,0.407765368698165
0.804160860367119,0.870829535881057
1.4105153120214,0.671521230600774
10.1288563938518,0.572700685122982
1.08751054573804,0.855591902742162
2.51710927478018,0.858081178739667
2.64042374297025,0.760791132226586
1.78353352836313,0.462420161813498
3.76721687610463,0.631853543687612
1.16262892819941,0.915034920210019
0.542063754983246,0.147158960578963
1.00438898149878,0.891043291660026
4.53861156979417,0.718150672037154
0.584945899434388,0.0372363997157663
3.82451224310284,0.475740706082433
0.268088829219744,0.673934709047899
0.451047289226237,0.0263509969227016
0.839171945431413,0.401927099330351
0.803094793111086,0.270580190233886
0.97740615953569,0.344991484191269
3.50416731445079,0.420967656886205
0.226335320816316,0.315161935053766
6.438593956852,0.311924480600283
1.20583953056484,0.164112937869504
0.795118534006178,0.677046224474907
1.9613806027189,0.371499291621149
1.28182733152062,0.0894109206274152
3.08741846291308,0.420244292123243
6.64276467230091,0.761807867325842
4.39205577557918,0.941197405336425
3.42622600851541,0.452420024666935
3.46009678749328,0.986978363012895
3.05991026761657,0.948816086631268
1.43622854157331,0.121928933309391
0.36701019667089,0.783396387705579
5.20417788227029,0.9678277047351
0.00934787406751428,0.460123565513641
1.29223639611155,0.656007619807497
0.193807537362777,0.0199433406814933
3.5190845016798,0.214887325651944
0.592770116403699,0.462199874222279
1.15521185286343,0.101525403093547
0.423820480704308,0.456915219780058
3.31982996862892,0.915972555521876
1.556767469188,0.447480313945562
2.70041302210631,0.96117996959947
2.64247482820394,0.93836617236957
1.77380701195858,0.366220077266917
1.20735372416675,0.871910454472527
1.03255984466523,0.588542291661724
0.560131139525641,0.0545510174706578
1.07521362509578,0.0816850233823061
1.38816105007174,0.800033537205309
3.45850651276991,0.264144210843369
3.35152705396828,0.379134661052376
1.62759865625742,0.455431059468538
4.5103605945868,0.507197201251984
12.0113172571165,0.977474372601137
2.13374645440819,0.514019842492417
6.39288456704388,0.998290088726208
0.559149949811399,0.544144433690235
0.408076777122915,0.289823144674301
1.07973660249263,0.0653555137105286
1.70569109932049,0.796914395876229
3.12070977288193,0.632126763928682
2.40507902382853,0.421722570434213
2.34607978901806,0.756102103041485
1.54725680864396,0.144137985538691
0.0195015770041451,0.00305807031691074
1.73603264054168,0.157794506521896
0.648164841800933,0.540539446752518
4.69355023254581,0.846501447958872
0.156457881443202,0.749775103759021
1.03470611862878,0.232649680459872
0.247060058372501,0.481183869531378
2.46292905128541,0.367326773237437
0.564158496446908,0.211508072447032
1.3894589553668,0.871545471716672
1.4878542282055,0.184968431247398
1.07280834841499,0.657768414355814
1.75759650668891,0.726668963441625
0.495451121490891,0.182203417876735
0.917629008474448,0.639862519223243
1.0683273030445,0.328033917117864
0.555741231888533,0.509956925408915
0.72535627707839,0.720919860061258
0.966793987900019,0.710899870144203
4.17957507603867,0.687542063416913
6.68891775574455,0.954743007896468
1.65057365089487,0.307983143487945
0.468680779201253,0.639746180037037
0.0452358908951283,0.317424739710987
0.874214294600796,0.698645706521347
2.72291918463054,0.975282865110785
5.149211872117,0.934940694598481
0.496560937494696,0.828198534669355
0.141264015939055,0.66423978516832
1.01325027644634,0.365552175790071
1.02834348194301,0.46847961563617
1.70775705008748,0.822676101699471
7.23765818215479,0.682080777129158
0.80082587338984,0.618120258674026
3.61193305609708,0.506274941610172
0.206837347882183,0.016859428724274
3.64552574587946,0.9679146760609
4.39456721331343,0.987610557116568
0.0398209780461221,0.405570701463148
1.37705362401903,0.86845066701062
0.200113832620541,0.096709794132039
0.183477010577917,0.211468154098839
1.41394880670158,0.854828510666266
1.28340914472938,0.92276094853878
0.299984599973475,0.580837570363656
0.578458451665938,0.693178324494511
0.0326736681163311,0.547039187280461
1.35560035146773,0.0909642037004232
2.07009717627409,0.239779124036431
1.89142690712846,0.427335100946948
2.29859565616466,0.375143525423482
0.439993622712791,0.753489146009088
0.697431597858667,0.413635471602902
1.00755327846855,0.834917396074161
0.3153360420838,0.556591313099489
0.79995965026319,0.56373177561909
5.62638823004156,0.690039845649153
0.0182814327999949,0.0108573334291577
5.36608957101531,0.709538015071303
2.10958593291214,0.933759824139997
6.02537523176441,0.890392001252621
1.39890468112173,0.508303572889417
0.20005170873058,0.314641827018932
3.79438650963788,0.329923286335543
0.640352197922766,0.185074569657445
1.23129621427506,0.589934234041721
1.51946706945732,0.899980857269838
0.907574289968297,0.254905544454232
3.65753342194443,0.837796297157183
3.55500401325627,0.736656619934365
1.84526537164094,0.710085756378248
0.224546938203275,0.0945536098442972
0.758433541283011,0.0816111606545746
1.39445294985943,0.410195082193241
1.60025580473533,0.870482641970739
2.11935000508799,0.620211893226951
0.47135066613555,0.0580561321694404
2.77361814288383,0.645125057082623
0.153356101363897,0.147466694936156
0.744721192866564,0.0614931820891798
0.866231855005026,0.813918626168743
1.92037424359259,0.905342053622007
2.8811018129993,0.506169294705614
4.67441306536668,0.883588739437982
1.12212793342769,0.527616472216323
2.08689717860875,0.514585416764021
0.886512495577335,0.175272076390684
3.76401080546861,0.705382555257529
2.58447256489637,0.16756672761403
1.76228513710232,0.263944603735581
3.48582810146694,0.847482894314453
1.2775811916484,0.72509794938378
1.93025237872245,0.2036453562323
0.130143836085465,0.742357726674527
0.0443644579772924,0.334210857050493
5.40384253461785,0.99693157733418
1.32592111825943,0.794710407732055
7.46795428874803,0.776753394631669
1.79895059175766,0.823469725437462
3.59020667506342,0.98868808336556
1.71532156753001,0.164156715152785
3.85817012174015,0.965105942683294
3.43024882862681,0.71020310302265
0.84205290582031,0.707279482856393
1.86961122780087,0.296080709667876
1.04787994548678,0.883261101553217
3.24400594953558,0.967198837548494
3.10356227977327,0.985068125883117
0.662643123087684,0.559440913144499
5.16561980892844,0.83326426660642
2.09620156982655,0.520072003593668
1.18604959920049,0.233898141421378
1.71717316462638,0.911819678032771
0.0196959096938372,0.301510448334739
2.54224625593963,0.240891798399389
0.476675034500659,0.411774008767679
4.7986950909061,0.993371981196105
3.75959639979487,0.678772794548422
0.817382819950581,0.728046392323449
0.611285300925374,0.369373383466154
1.56832252434435,0.537254777736962
1.6601263488734,0.927485180553049
0.777264656499028,0.580627141986042
2.73615008956733,0.921022058231756
5.67959765617328,0.975124751683325
0.0074295198480331,0.0650292127393186
0.671063822224717,0.773799165152013
0.785397106781602,0.802254143869504
1.96757014108487,0.907740233233199
1.07896396701439,0.88469003024511
0.25441022310406,0.4532451312989
1.93807019088085,0.14410230028443
2.15556123285534,0.216158703900874
4.59081238855548,0.995197668671608
1.29266426712275,0.225428050849587
0.100442834198475,0.0453965780325234
0.410295603834961,0.396474007982761
0.21688222233206,0.0739996386691928
1.80789644821527,0.948301530908793
0.595390258356929,0.685329361120239
1.1537498543039,0.435268573462963
5.20287493218608,0.744471822399646
0.276158573082389,0.377221355680376
0.546767789870501,0.119493096834049
0.482475196111038,0.611968171549961
4.04878328723793,0.611818465404212
0.0370281962677836,0.21152891847305
0.807418559677899,0.852863351581618
0.585573268122971,0.763203641865402
0.297235308215022,0.586817328818142
0.702963736400152,0.758091259980574
0.219293719101851,0.434275499312207
2.96412012709265,0.606296555371955
6.3615000840641,0.520028230967
1.11464541591704,0.797810432035476
0.181503285914231,0.239715842762962
0.793920644797728,0.415117340395227
7.52381924870324,0.944306508405134
1.31995251982968,0.385928889736533
0.420937116969966,0.189090723404661
0.304138206876814,0.16317194676958
0.601041127927601,0.061226814519614
1.37683617975563,0.920707348966971
2.17162584505024,0.827321021584794
0.111523559100218,0.584278559312224
1.87028978081682,0.653340440941975
1.09190803114325,0.655529269017279
0.496207994408906,0.305030030664057
1.48220917201581,0.344046820886433
1.18720680382103,0.445913465926424
0.0511144157499075,0.094010413158685
5.03411310513444,0.845328149851412
0.101965049637667,0.250301217893139
0.0391709524200043,0.00926636345684528
1.2881722766906,0.0924427153076977
0.446673859040144,0.570376746356487
2.07410544296135,0.441158276749775
2.36568604885274,0.221187455346808
1.38955030107966,0.903427277226001
0.979711842723191,0.486413555918261
0.475654682756625,0.0246082043740898
1.22604692541063,0.114712320035324
2.35085788733306,0.40059187845327
0.597059366293252,0.7511449996382
0.760886891745031,0.504797387402505
0.149883129633963,0.316407646518201
0.291741215623915,0.237230222206563
7.32881520273996,0.744209628319368
0.476258720823798,0.222576795844361
0.194206994911268,0.77954609808512
1.03011994343251,0.681873471476138
2.38176461487057,0.458867649314925
0.644924962893128,0.38833022583276
1.64308105028214,0.610604117391631
3.31895859895234,0.935360520379618
0.219034386798739,0.0792420904617757
5.76882679726849,0.84400337189436
0.724104219116271,0.256154888076708
0.750744269500655,0.591413943795487
0.272610162384808,0.294466440333053
3.42321220824967,0.674139409791678
2.65612401991131,0.892616351833567
0.621539734303951,0.733989050611854
3.53936516849284,0.875509748235345
3.35572256503587,0.923995896941051
0.100854644575312,0.384731059893966
0.489646080200093,0.191570490133017
0.11717904638499,0.143621696857736
1.09820747189224,0.301953085931018
4.1819166247682,0.345514619490132
1.79618817634836,0.541107980534434
2.95612642917916,0.688949687639251
3.9760786218751,0.733227365883067
0.0210591070353985,0.596426516305655
0.348484261892736,0.524269066285342
0.707999709062278,0.0484963890630752
6.34094418586311,0.998194388113916
0.100301282004828,0.325966908130795
7.56634874227357,0.934554889798164
0.532356229610741,0.0374258356168866
4.8486261477036,0.90259247017093
2.12473454317989,0.50971786887385
1.06664389558136,0.872635149629787
0.9939035307616,0.579701635986567
0.524722987785935,0.0314380752388388
2.3330339360142,0.291078382870182
0.785845968659079,0.0834704630542547
0.568005040287971,0.801287283189595
0.124654453247786,0.705292003927752
8.15409959438157,0.942210099427029
5.19059868504233,0.990670350845903
5.37122443665691,0.857178718550131
1.00399736573107,0.0915925409644842
7.99007300618005,0.931744816713035
3.36877732334619,0.91412541619502
5.63585647907028,0.858696335460991
1.25476249773055,0.234531786991283
1.27808554377407,0.536341845756397
0.14866689000599,0.520273131784052
0.40805766614701,0.823843186721206
2.91365029182735,0.501694528385997
0.434347473514837,0.290659576887265
1.57933781917865,0.243319710018113
2.64372398509624,0.373578680213541
1.95371127665087,0.791932282503694
0.369503278285265,0.696161785861477
0.794373041018844,0.855152057018131
1.13048390951008,0.102301053702831
0.194756894463019,0.442029666854069
1.02025048527867,0.135001288959756
2.51911275639179,0.931985206669196
0.55121134899276,0.685936785768718
0.593805423612867,0.244606820400804
5.289467472331,0.632461973000318
0.604152094572783,0.756663529202342
0.536143634468317,0.0343504808843136
1.32789849716516,0.326876168837771
1.16034078411758,0.536232001380995
5.87849618460903,0.741901053581387
2.73802465378287,0.519960650242865
1.97245143345537,0.950072587933391
2.87519274262672,0.532566207228228
3.42061331226622,0.318625634768978
0.0870918771252036,0.551793277030811
4.95336760927863,0.509242992615327
2.48074862725082,0.175937056541443
4.11245502142196,0.467496336903423
2.17888103417101,0.594462620094419
12.290836303754,0.537973576691002
1.47319224468412,0.305465692887083
4.56959184705193,0.959484563209116
0.809978823177516,0.206357280025259
3.69250749407296,0.612182758050039
1.30366555973887,0.125924427527934
0.193404735252808,0.23863930394873
2.90556589124684,0.874585071112961
2.91533102789693,0.324812374776229
0.531426295638084,0.493161609163508
1.58817653908374,0.652825735742226
9.39298424819365,0.896620269399136
0.0743030589073896,0.0376995438709855
4.34482451101154,0.764307814650238
6.52450726892719,0.303511594189331
0.152060491819269,0.493689434370026
2.88615398958427,0.671919699991122
0.239254447395503,0.546483454760164
4.84103938539453,0.489153212634847
0.322596388868988,0.203388761729002
0.865418448112905,0.833000291371718
0.00894282106310129,0.135160762816668
3.22468657721727,0.557699377648532
1.53021232467926,0.177423351677135
0.853858790360391,0.88126332894899
0.824414942296047,0.756321570603177
3.89999290911441,0.347264934098348
2.24389726846459,0.38071604561992
3.49614000303631,0.218580580083653
0.360339011065662,0.184040034888312
1.14954075356908,0.167751970468089
1.64786281087006,0.610735437134281
0.141478714385615,0.340619175927714
3.06306985748892,0.7751340912655
1.37198197189718,0.370552575448528
1.3201634241268,0.0997185830492526
3.9491986146379,0.490839154226705
0.179274859838188,0.111718432744965
0.988640600815415,0.85225248686038
0.0618987953577162,0.0737992723006755
0.392956512980163,0.33900395501405
1.22930782214692,0.224812949309126
3.95453974960332,0.328913720557466
8.76105556586638,0.680170504841954
3.7732873855341,0.442612766521052
2.61270615450087,0.890120124910027
0.251501031219959,0.791308012092486
0.15333610586822,0.456325533566996
1.8152214231992,0.42525342409499
1.43618846490028,0.32645182358101
1.34013093449175,0.907466063508764
0.653506961651146,0.071248872205615
3.83243476882741,0.97445876407437
2.22261291361394,0.943085359875113
0.343543957577623,0.564851311966777
0.159618099220097,0.293706278549507
Rho_s: 0.47953123938281
Rho_p: 0.412307300782152
IC Time: 0.00999999999999979
