Rho:0.8
N:500
0.109668850962547,8.97056201691127
0.251535307615995,3.83713423736844
4.91977072854467,15.2443435885005
4.19533031036086,12.4402928056869
1.02670540101826,8.68436234102132
0.30752982199192,6.46557704760365
1.7772711868489,13.0433944322697
0.34209932295322,6.19193797228122
7.66091037733828,15.9304127249359
0.333587086699643,9.40652054984896
3.18837324627026,15.4790706366236
0.333619833923876,7.37460228514473
2.36115179438539,9.34498612319142
0.165755109299758,8.95854107485107
1.49839575394037,12.7011642871786
0.584585105068982,10.8156699520421
1.68267795621398,9.24731026301304
1.04962869267911,7.27078002648449
1.19524603802711,11.399287717011
1.06311215925962,11.6262010302372
6.06810238522045,11.3718314573992
0.758506187237799,11.0174411179997
0.00246703065931797,6.3525547756265
5.21739378553445,12.2069123544862
0.0757038191946688,9.17149710266639
1.01816579606384,7.50739412449395
1.34370610304177,11.2874637515156
1.35584088787436,10.4263783611126
0.706367243081331,9.24150541786136
5.46408295978732,17.7079919039015
1.23341201152653,9.99152643838106
0.0854716219670772,7.27378309005419
5.94210280444393,14.1672837492113
1.19830632023513,9.56701075816713
1.3500417964533,8.28190937287888
2.91271331889515,11.1987157266366
0.107626312412322,7.20754556758635
0.540340235456824,6.47109464368143
0.348043718375266,4.08254150541542
0.16218588128686,3.13010490138329
3.6555551959384,14.1361869344151
0.361416064202785,6.98423241417894
0.671043786810254,4.93476279546994
0.0800634445622563,8.03831626677183
0.680977792479098,10.0676489166478
2.85149617848878,10.3167071298243
1.27439373079687,7.36956765572878
0.441860485821962,4.84480372294272
0.0987442405894399,4.60709907315408
2.66909668772461,11.9080371188792
1.53226242821827,8.93555234651877
0.388551267795265,3.83714981578239
2.93245683203115,14.1077438984067
1.41139314501526,9.14794850224266
0.500387039652035,4.72269835304678
4.87750133574202,15.0869776242569
1.64121334991398,11.242481629927
0.744753785431385,9.06495532055187
1.09419351350516,8.63479907598078
1.94738333825227,8.03718704385606
0.575274743139744,9.92598083450022
0.372522430224251,7.42724392982199
1.41085911347511,9.54585399767595
4.62158797556977,12.5629535971097
0.623839310370386,7.20778353994046
6.15146873857746,15.6833944993228
0.670627452169447,8.70709463270587
1.1996982479468,7.79527240853737
5.92547458060293,17.8328252708682
2.32194808675888,13.7072309669671
1.55414574584904,9.56150451156407
5.0590235512545,16.56155703524
2.45716999462786,12.9713914009621
0.623899368569255,10.2830333440234
1.96296281731668,11.1251655227313
0.0987176999268044,8.14884128445799
1.55231613222241,11.5890654202894
3.23998939601665,15.1993277443963
3.91411342827563,9.99522403073665
1.87907095021838,11.46503697362
0.138124166347293,7.58874723894607
5.25931693215795,11.9198768045595
2.10479618041756,13.1563688157593
1.22621522378176,8.98859796271582
0.636050446666714,7.0734214983772
1.65988123781028,11.3534431373399
0.710108996368945,6.89994896830425
3.80265479518061,13.699722444426
2.11163580036702,9.09910614669675
0.673462764360011,9.35542829151047
1.48651497438051,12.072301373053
4.03018712235575,11.5864117870727
4.54204145421214,13.4477425805096
2.06669052046835,8.62345118912456
0.310758995823562,4.50668182309293
0.846961725503206,5.57300823168256
1.64373926809969,11.4641079038678
0.334908447228372,8.22831476083852
1.80873391396346,11.122226878188
2.26450587428155,11.5475250805582
0.0565161323174834,8.02094554253251
0.898292915895581,8.96809495907442
2.05948910295012,9.16670109629295
0.188826614059508,6.613364089621
1.96303225575745,8.1538972824549
1.57861564114249,7.27783713739703
4.17929744774094,12.4585666346603
2.22140710375829,12.3709168800388
0.00296487467166023,7.39467261872933
0.322374584153295,8.99272395171558
2.4184445812458,11.9988918440104
2.44244828998091,10.9807003575493
1.92248109160903,12.4675476191505
0.0746016055345535,8.51527729187968
1.24672349728644,11.4171671014403
0.660304151045498,8.01096169861713
1.35673085507005,11.8888229759569
1.28016895242035,10.5714340678374
2.51365591204705,13.7644952649264
0.0262705702334642,8.55210905760747
5.80279644353473,14.0153331587217
0.676282866857946,10.5153025001747
1.03305466570875,8.1191292300934
0.195628806948662,2.95551034345914
0.680399435572326,7.07985698112195
1.30631331261247,8.91140129411565
0.337100942314488,7.49797070099399
2.33329142062905,11.8689035172782
3.00406632860065,11.8917872790682
0.50656424555275,5.70516212144121
0.142105484948482,6.63814224370101
0.636543764732778,9.72865434267552
0.889558698982,10.7607826224082
2.64622291355374,14.7023019860418
0.713049952872097,8.31209268565256
2.89806490001009,14.5940927690244
5.46118989934154,16.455619666291
0.798838317394257,8.95330861919413
0.12487961348436,5.21379836389648
1.85995550577416,10.9781518423237
1.55930753975155,7.89018965535079
0.0869529234689136,6.59296452307158
3.05405765010004,13.9227733220971
0.412658571265638,9.26962357209262
4.41197967131562,10.4937383447614
3.51456025226002,9.35655205885439
0.128189725527821,6.16511208923435
2.75685944399777,14.4893134133792
4.746383677916,16.0961319738053
0.558688371442258,9.62572842952346
1.55746999688283,7.63738626493
1.24253390356898,8.14918978405377
1.42954201831144,10.3486850304448
2.42405787474456,11.8099355182898
1.39150751559975,7.12904789529619
1.1518111648038,11.9294857420909
3.30567521411382,12.1481833963784
0.527835608460009,10.0437714819703
1.65780610023978,11.5496200684793
0.474613284692168,5.46876310257126
2.4579433350915,10.3858361521772
1.15155130811036,8.33934473388186
0.713713704608381,5.38093267393836
1.08243068959564,6.38105280563815
1.02967627128922,6.90858450395655
2.53411811768057,13.8541412593342
3.2697359806109,13.3267767393614
4.57716604669519,17.3877760883175
1.29123837593943,7.69106762371237
5.02799461384244,14.8642369411516
0.606305908411741,7.47093253094876
1.50426188733731,7.28888624161376
2.70469271196964,12.1665112150879
1.17195590119809,10.6482654919839
2.01402782454135,10.2610092343666
0.128981374204159,7.70712182009673
0.156120989895547,7.02330883109917
4.1040601840425,11.9379462248882
2.46680824220774,11.3099295309617
0.671607977710664,11.224316353628
2.37360652714016,9.29983285133001
0.749989084899426,9.17994448721231
1.22081407811493,10.6040240518375
0.397736486978829,8.17294281536598
0.205310404510009,6.63434489364447
1.02436895668507,9.86402346728761
3.09403718991165,13.6333480576259
1.76455874360147,11.0231561350839
1.27917749527842,8.49577365448425
1.99996579208875,8.95297671156208
1.15021804720163,11.9522743275101
0.492898563854396,8.40089121683501
0.651002512313426,9.33301602002323
1.97138456991854,9.7630819000335
0.187016969546676,6.2546813421211
0.629977510310709,5.40338796930069
1.24149272125214,10.3578754610687
5.21034497369952,14.7841948164736
1.67843331388178,10.6766667910422
7.68677441361261,12.3048017416204
1.98829879224923,11.0027293492165
2.18873048379066,9.18718287082593
0.419375338591635,5.41294213005347
1.3557005180046,9.31058102398196
0.571731342934072,9.81953193576489
1.96929620570483,7.94328611440312
0.962337024119051,6.12739667253063
3.34276357276325,14.7292968432322
6.82195228598238,12.8112854252534
0.221612671222622,4.79516772695843
0.848112484440207,7.8205285152808
1.7871564030415,11.1304495560001
1.88099854989889,10.7118556490429
7.14935634615731,13.1232701456663
3.16920623538976,13.9266625509271
0.491335107013583,6.59453396973871
2.69518401837888,13.0896257804764
2.91312300397043,12.8098284832453
2.23763911790195,8.69435558528589
0.444977241952049,7.98905042064439
1.13558616116643,6.97063305055051
0.984047220088542,6.81361469287686
0.621044268214074,7.38663822477338
2.59436046137455,11.799836403484
0.690541436895728,5.91766913372757
5.25483056830308,14.4626190112162
0.203282583200027,7.76849616809302
2.32223257786574,9.40048257423666
2.78053163227478,8.98848513546988
4.0852400845099,15.624219517835
1.90229946925285,8.54923085621107
1.12729239184409,8.35665979646771
4.06544566137676,11.2231776897821
5.4007733647985,10.9605518749704
2.30511307894232,10.0087891000397
0.663242301903665,6.51779314390739
0.372480514459312,3.60881192128219
1.18294307310134,11.9796001265498
6.44056139852772,11.5104620642343
0.110386612834831,6.19624891348546
2.76171983025017,10.745196325121
1.87023994690719,13.1293360209507
2.36938853553476,12.412292783722
0.134584467684837,3.61902477751875
0.533764422414083,6.94933436734667
4.00978709740524,11.6024347879563
2.13144507995787,8.56385914328559
7.55060742380929,14.2497509067479
1.06273881718516,10.4991581882695
0.998243901878595,8.30435392593119
0.244305443066721,3.39791553528204
0.077748341363561,2.91830207994052
1.45108903351087,11.6622752803989
3.3353830425251,13.4274365918517
3.90471790341621,13.7084053958159
3.01438603275557,15.1972060802805
5.45104841490216,10.759853307781
1.03685206361115,11.2502438036
1.89144118494334,12.109244545227
0.0579241011291742,8.08835424844819
1.83764896203044,9.17104509018778
5.18915454645581,13.9276266968865
1.12222075462341,8.33952325245232
1.85829923107269,8.41418323271324
1.53806052410529,10.5346352441453
3.70512878878002,10.1129053117807
2.71345011881533,9.79902238480696
2.13319517205475,12.5783280983165
0.435914438217878,5.20134988429199
1.30282155610621,9.03623602553592
0.655415928922594,10.1058362732822
0.409624013118446,6.50012481597978
12.4359759979679,17.0577090939191
2.02821981153431,11.5874639413312
4.26301478749972,12.1733450440214
0.857046284712851,6.99612385799216
4.22496673302492,14.2024823848065
0.471122540830768,7.45058831613679
4.333348121242,13.5358722121313
0.194343107752502,5.06859128831442
0.322281656162659,5.68979647169964
0.227705937086846,7.33876640866335
1.19715019874275,8.80259549121388
3.74892863241916,9.87032425094385
0.303922095200696,8.56596951099286
1.233876244165,6.78180964873843
0.503373581672421,6.63356181384155
3.77591652173946,12.7505468294589
3.54318223626533,12.878602766711
4.21803212513156,12.9497019554277
4.39649569288454,14.8789532065527
4.73368898408667,10.6159355979587
3.3600828505368,10.3640022928881
2.95643671423737,12.9611546240437
2.95300396887546,12.7945720506802
3.22235844901676,10.0489982335583
6.55812965299854,13.314836388626
3.78593831865077,15.361086900767
3.8337965531457,9.80533236897102
1.30422808788717,7.58623323181476
0.111255483701825,8.67077432972615
1.09743437822908,8.96098320928975
7.00884312011858,11.2861776997092
5.54089849789567,11.5390204900793
0.253803107887506,4.36384862062797
1.40827045270004,10.799412921368
1.08387321233749,8.34288615030273
2.56522025366966,12.0806238322246
0.575429293482892,9.49898906744489
3.09936196824661,10.9525509285051
0.493397097888276,8.76344939268954
2.89298194863875,13.6953250402666
4.02214075608139,14.7470881535312
4.17485067928117,10.6505489939788
0.664172749966383,9.99940719445659
1.27935176342726,7.58907283134881
0.126745801646941,5.63654833198265
3.26938366897279,11.403476596552
0.591625587083399,6.34474627471488
0.578280925750732,7.14796767310346
2.16158553018215,11.9480005031265
2.58760684906485,12.7804738690692
0.0346594173461199,5.21633501351063
2.04851379795911,10.0216839937132
2.5334402117038,10.5117231819345
0.238827362656593,7.5985833021771
0.332990842871368,7.8491447056187
1.51243804200532,7.98091460791779
0.00916497316211462,5.53050858223601
0.722530799930959,6.49234481564728
0.0723971824352685,-1.2930617874626
2.88270505873447,11.6757261596644
1.11340595688671,8.83255460045689
2.22993188342991,13.3062298228529
6.03423415788226,17.6600263130976
1.09117584023625,10.4422031224915
1.17209556233138,11.587329149219
0.594836345873773,5.1834613112988
2.52191812292555,10.0776308277883
1.93722135378959,12.4014855409942
0.220217459835112,5.72545958135465
5.48713743288941,10.8922204408133
0.864176584407687,10.133390869768
0.9648541429599,6.71617434356332
0.257590246219704,7.08148284187453
1.22370442189276,9.7233020217015
4.3364304153725,11.541024160659
1.75963255754652,9.07290769990775
1.85979631534758,10.7978118978057
0.139512692579927,3.4823416154638
2.32488971567693,9.20437663581208
0.548914698883891,4.599618661787
7.38833678844285,13.4547645852726
5.00999877204127,12.8647880795383
0.808622779307842,7.45727535782472
2.7705717216337,11.7779297280935
3.32467500103598,13.7086180807486
1.28873056452721,10.8789391353586
0.0628521616065903,3.11736302710388
5.19207520693014,12.5712724112225
3.90068223683124,12.1877062325303
0.823600511066616,9.98149753274964
1.47296213536503,10.0762366511229
0.728375508449972,9.3902880510985
1.79407267450335,8.90228447284194
0.82752173844077,10.7150108563434
1.66111042342129,11.5181571202324
1.72348861574175,9.20281413951902
5.55016903545628,13.1533186892462
2.29980207785013,9.7915377334306
1.09423393011093,8.27728436007543
4.78807659794517,13.7889236305512
2.75028076945784,9.31043952748472
7.59088697853027,18.1337969460404
5.03904314686484,10.4494071028167
2.28093430743209,11.2707465296391
0.411358711853146,10.1846077959191
1.24562470428646,7.82847336646957
1.8161220922226,12.7296268197438
3.65154681337957,15.8468081940109
4.30075133006067,11.2977030017368
1.10467367898673,8.65443611416213
0.48783048056066,8.3457408801407
0.1320436373353,6.21911688905097
1.14337799604982,11.0934534883793
1.89981830439518,13.0513085126982
1.39098295188489,10.3595352420707
0.810591048561037,5.99695827116516
0.0771645978093147,4.2100487777837
0.278874262430849,3.72484009216327
0.188110436312854,9.18101235902467
1.43019152610543,10.0732849411486
1.01913929451257,7.61435477856794
0.900138327851892,9.06860401576684
0.0146915856748819,6.26393207008549
0.630196009992218,9.67630275599391
0.644632452167571,5.36613265036017
1.75018480597975,7.66855825386855
6.65518110956917,15.9905058378724
3.69744258729701,11.7259567279367
1.99811455226483,12.0115008743244
2.8144609751638,10.9145418857784
2.91393509117847,10.4094141386133
1.01885123817326,11.3569017935251
4.19368109233347,14.5018329479093
7.0190085280211,19.0829951737012
8.97162303642672,17.4844915220338
0.480287377722561,8.43190713370168
0.0978706600144506,6.33372858529197
1.05207860935479,7.21808345558309
1.8064311350504,11.4787177290374
0.0362648796290159,8.0045094148347
1.60840195643154,12.1320413245722
2.72960810354891,13.2521643102429
2.61747276774588,10.1361411333527
4.19474196036286,13.931989612924
0.863012070672318,11.0921472820187
2.68646865329685,12.3560726745873
3.91803418083077,15.2241311450606
0.458769937045872,7.21149479858495
2.03891838147285,9.27911556867184
2.0053353178406,7.93278159456662
3.75808677805548,13.4376802426107
2.42350142627003,11.9615366028827
1.26217328291386,11.2478735874163
7.90758414151979,17.7773771062503
1.1214762814343,9.91348861277619
2.35535359001699,9.81407385054039
2.50876607923749,11.7173358282125
1.76676779604497,7.68907702106408
0.520765365915352,7.30305349498702
4.82457969069526,12.759967077651
1.93645230113509,10.948895598191
0.508778053335845,9.21568878906331
1.9065761937851,9.26678855687664
1.10555326286703,10.0988635350961
0.670398616963222,6.10998532130422
1.77382211574258,9.83101389570731
2.15133188656511,10.1602429318783
1.16069859080017,7.63277634584521
4.17140297193952,10.8091585531621
0.0110710675407686,5.16204881925731
0.241228781543573,4.06908567356844
3.06262996403461,10.8977586467609
1.56784828371348,10.1872605833875
2.91868136061316,14.9873844674094
0.333977174945176,5.17833904942418
0.169063832610846,9.31545049510113
0.488978801295161,4.08076760202492
1.69529833822491,13.0611497141842
4.53657833834119,10.9039443696286
1.34891026839614,9.76810171628106
2.43566595009508,9.98126833700409
0.319041214091267,7.27503869591634
0.24362748218613,9.39043272922774
0.871050295419991,7.84448799045026
1.5467078219259,7.33747854519635
0.461290503886315,9.16982088112243
1.33454688824713,7.88764399836926
3.81820197759156,13.0486985546633
2.94556296599989,10.9950887382742
0.621350067066922,7.90676935960009
3.78686286670297,15.9725791277574
2.71228681496325,12.9701347307683
1.14299788605422,11.1077440772754
1.26410848647356,12.218526192562
0.655549926683307,4.74697962413508
2.59024066097083,10.9715288021178
3.49032515270596,14.6594041846565
1.38630522034111,7.39245728531044
0.612057554535568,6.23237963031022
1.22112592495978,8.01420128434072
0.415588322667942,7.68933676102429
4.28121503044791,15.7337206192177
2.46282147980275,9.66219645354748
0.795899078793308,6.86144750637131
0.406619884073734,6.27460637959086
5.81872101094494,14.5395794683501
0.680363830201362,6.99423867180994
3.34438655723112,13.46318304287
1.12261546496302,10.7296982159778
0.5574024883069,6.8092676381668
0.17229660321027,9.31222968921633
0.94232639297843,8.24370558095571
6.37464023864941,11.7220417739656
5.41256871421762,16.7191392934445
2.8833496494401,9.6312752353671
2.19132016031983,8.06803386273985
1.66475737459006,8.44244464731268
0.0485626885941047,5.59306460545604
1.08225593928222,9.08391638810798
8.31220750096155,16.3280153807627
2.32633977561238,10.4191531499662
1.26628761329222,11.600933274189
3.34824381379371,15.1195627686288
4.45876371530595,16.4009384885685
0.488451183773577,6.31325465078598
2.32585702641847,11.7094828450534
1.7374905217211,8.27140231829832
0.171294305473566,1.65005874785306
Rho_s: 0.813801591206365
Rho_p: 0.760175920778151
IC Time: 0
Rho:0.8
N:500
0.109668850962547,8.97056201691127
0.251535307615995,3.83713423736844
4.91977072854467,15.2443435885005
4.19533031036086,12.4402928056869
1.02670540101826,8.68436234102132
0.30752982199192,6.46557704760365
1.7772711868489,13.0433944322697
0.34209932295322,6.19193797228122
7.66091037733828,15.9304127249359
0.333587086699643,9.40652054984896
3.18837324627026,15.4790706366236
0.333619833923876,7.37460228514473
2.36115179438539,9.34498612319142
0.165755109299758,8.95854107485107
1.49839575394037,12.7011642871786
0.584585105068982,10.8156699520421
1.68267795621398,9.24731026301304
1.04962869267911,7.27078002648449
1.19524603802711,11.399287717011
1.06311215925962,11.6262010302372
6.06810238522045,11.3718314573992
0.758506187237799,11.0174411179997
0.00246703065931797,6.3525547756265
5.21739378553445,12.2069123544862
0.0757038191946688,9.17149710266639
1.01816579606384,7.50739412449395
1.34370610304177,11.2874637515156
1.35584088787436,10.4263783611126
0.706367243081331,9.24150541786136
5.46408295978732,17.7079919039015
1.23341201152653,9.99152643838106
0.0854716219670772,7.27378309005419
5.94210280444393,14.1672837492113
1.19830632023513,9.56701075816713
1.3500417964533,8.28190937287888
2.91271331889515,11.1987157266366
0.107626312412322,7.20754556758635
0.540340235456824,6.47109464368143
0.348043718375266,4.08254150541542
0.16218588128686,3.13010490138329
3.6555551959384,14.1361869344151
0.361416064202785,6.98423241417894
0.671043786810254,4.93476279546994
0.0800634445622563,8.03831626677183
0.680977792479098,10.0676489166478
2.85149617848878,10.3167071298243
1.27439373079687,7.36956765572878
0.441860485821962,4.84480372294272
0.0987442405894399,4.60709907315408
2.66909668772461,11.9080371188792
1.53226242821827,8.93555234651877
0.388551267795265,3.83714981578239
2.93245683203115,14.1077438984067
1.41139314501526,9.14794850224266
0.500387039652035,4.72269835304678
4.87750133574202,15.0869776242569
1.64121334991398,11.242481629927
0.744753785431385,9.06495532055187
1.09419351350516,8.63479907598078
1.94738333825227,8.03718704385606
0.575274743139744,9.92598083450022
0.372522430224251,7.42724392982199
1.41085911347511,9.54585399767595
4.62158797556977,12.5629535971097
0.623839310370386,7.20778353994046
6.15146873857746,15.6833944993228
0.670627452169447,8.70709463270587
1.1996982479468,7.79527240853737
5.92547458060293,17.8328252708682
2.32194808675888,13.7072309669671
1.55414574584904,9.56150451156407
5.0590235512545,16.56155703524
2.45716999462786,12.9713914009621
0.623899368569255,10.2830333440234
1.96296281731668,11.1251655227313
0.0987176999268044,8.14884128445799
1.55231613222241,11.5890654202894
3.23998939601665,15.1993277443963
3.91411342827563,9.99522403073665
1.87907095021838,11.46503697362
0.138124166347293,7.58874723894607
5.25931693215795,11.9198768045595
2.10479618041756,13.1563688157593
1.22621522378176,8.98859796271582
0.636050446666714,7.0734214983772
1.65988123781028,11.3534431373399
0.710108996368945,6.89994896830425
3.80265479518061,13.699722444426
2.11163580036702,9.09910614669675
0.673462764360011,9.35542829151047
1.48651497438051,12.072301373053
4.03018712235575,11.5864117870727
4.54204145421214,13.4477425805096
2.06669052046835,8.62345118912456
0.310758995823562,4.50668182309293
0.846961725503206,5.57300823168256
1.64373926809969,11.4641079038678
0.334908447228372,8.22831476083852
1.80873391396346,11.122226878188
2.26450587428155,11.5475250805582
0.0565161323174834,8.02094554253251
0.898292915895581,8.96809495907442
2.05948910295012,9.16670109629295
0.188826614059508,6.613364089621
1.96303225575745,8.1538972824549
1.57861564114249,7.27783713739703
4.17929744774094,12.4585666346603
2.22140710375829,12.3709168800388
0.00296487467166023,7.39467261872933
0.322374584153295,8.99272395171558
2.4184445812458,11.9988918440104
2.44244828998091,10.9807003575493
1.92248109160903,12.4675476191505
0.0746016055345535,8.51527729187968
1.24672349728644,11.4171671014403
0.660304151045498,8.01096169861713
1.35673085507005,11.8888229759569
1.28016895242035,10.5714340678374
2.51365591204705,13.7644952649264
0.0262705702334642,8.55210905760747
5.80279644353473,14.0153331587217
0.676282866857946,10.5153025001747
1.03305466570875,8.1191292300934
0.195628806948662,2.95551034345914
0.680399435572326,7.07985698112195
1.30631331261247,8.91140129411565
0.337100942314488,7.49797070099399
2.33329142062905,11.8689035172782
3.00406632860065,11.8917872790682
0.50656424555275,5.70516212144121
0.142105484948482,6.63814224370101
0.636543764732778,9.72865434267552
0.889558698982,10.7607826224082
2.64622291355374,14.7023019860418
0.713049952872097,8.31209268565256
2.89806490001009,14.5940927690244
5.46118989934154,16.455619666291
0.798838317394257,8.95330861919413
0.12487961348436,5.21379836389648
1.85995550577416,10.9781518423237
1.55930753975155,7.89018965535079
0.0869529234689136,6.59296452307158
3.05405765010004,13.9227733220971
0.412658571265638,9.26962357209262
4.41197967131562,10.4937383447614
3.51456025226002,9.35655205885439
0.128189725527821,6.16511208923435
2.75685944399777,14.4893134133792
4.746383677916,16.0961319738053
0.558688371442258,9.62572842952346
1.55746999688283,7.63738626493
1.24253390356898,8.14918978405377
1.42954201831144,10.3486850304448
2.42405787474456,11.8099355182898
1.39150751559975,7.12904789529619
1.1518111648038,11.9294857420909
3.30567521411382,12.1481833963784
0.527835608460009,10.0437714819703
1.65780610023978,11.5496200684793
0.474613284692168,5.46876310257126
2.4579433350915,10.3858361521772
1.15155130811036,8.33934473388186
0.713713704608381,5.38093267393836
1.08243068959564,6.38105280563815
1.02967627128922,6.90858450395655
2.53411811768057,13.8541412593342
3.2697359806109,13.3267767393614
4.57716604669519,17.3877760883175
1.29123837593943,7.69106762371237
5.02799461384244,14.8642369411516
0.606305908411741,7.47093253094876
1.50426188733731,7.28888624161376
2.70469271196964,12.1665112150879
1.17195590119809,10.6482654919839
2.01402782454135,10.2610092343666
0.128981374204159,7.70712182009673
0.156120989895547,7.02330883109917
4.1040601840425,11.9379462248882
2.46680824220774,11.3099295309617
0.671607977710664,11.224316353628
2.37360652714016,9.29983285133001
0.749989084899426,9.17994448721231
1.22081407811493,10.6040240518375
0.397736486978829,8.17294281536598
0.205310404510009,6.63434489364447
1.02436895668507,9.86402346728761
3.09403718991165,13.6333480576259
1.76455874360147,11.0231561350839
1.27917749527842,8.49577365448425
1.99996579208875,8.95297671156208
1.15021804720163,11.9522743275101
0.492898563854396,8.40089121683501
0.651002512313426,9.33301602002323
1.97138456991854,9.7630819000335
0.187016969546676,6.2546813421211
0.629977510310709,5.40338796930069
1.24149272125214,10.3578754610687
5.21034497369952,14.7841948164736
1.67843331388178,10.6766667910422
7.68677441361261,12.3048017416204
1.98829879224923,11.0027293492165
2.18873048379066,9.18718287082593
0.419375338591635,5.41294213005347
1.3557005180046,9.31058102398196
0.571731342934072,9.81953193576489
1.96929620570483,7.94328611440312
0.962337024119051,6.12739667253063
3.34276357276325,14.7292968432322
6.82195228598238,12.8112854252534
0.221612671222622,4.79516772695843
0.848112484440207,7.8205285152808
1.7871564030415,11.1304495560001
1.88099854989889,10.7118556490429
7.14935634615731,13.1232701456663
3.16920623538976,13.9266625509271
0.491335107013583,6.59453396973871
2.69518401837888,13.0896257804764
2.91312300397043,12.8098284832453
2.23763911790195,8.69435558528589
0.444977241952049,7.98905042064439
1.13558616116643,6.97063305055051
0.984047220088542,6.81361469287686
0.621044268214074,7.38663822477338
2.59436046137455,11.799836403484
0.690541436895728,5.91766913372757
5.25483056830308,14.4626190112162
0.203282583200027,7.76849616809302
2.32223257786574,9.40048257423666
2.78053163227478,8.98848513546988
4.0852400845099,15.624219517835
1.90229946925285,8.54923085621107
1.12729239184409,8.35665979646771
4.06544566137676,11.2231776897821
5.4007733647985,10.9605518749704
2.30511307894232,10.0087891000397
0.663242301903665,6.51779314390739
0.372480514459312,3.60881192128219
1.18294307310134,11.9796001265498
6.44056139852772,11.5104620642343
0.110386612834831,6.19624891348546
2.76171983025017,10.745196325121
1.87023994690719,13.1293360209507
2.36938853553476,12.412292783722
0.134584467684837,3.61902477751875
0.533764422414083,6.94933436734667
4.00978709740524,11.6024347879563
2.13144507995787,8.56385914328559
7.55060742380929,14.2497509067479
1.06273881718516,10.4991581882695
0.998243901878595,8.30435392593119
0.244305443066721,3.39791553528204
0.077748341363561,2.91830207994052
1.45108903351087,11.6622752803989
3.3353830425251,13.4274365918517
3.90471790341621,13.7084053958159
3.01438603275557,15.1972060802805
5.45104841490216,10.759853307781
1.03685206361115,11.2502438036
1.89144118494334,12.109244545227
0.0579241011291742,8.08835424844819
1.83764896203044,9.17104509018778
5.18915454645581,13.9276266968865
1.12222075462341,8.33952325245232
1.85829923107269,8.41418323271324
1.53806052410529,10.5346352441453
3.70512878878002,10.1129053117807
2.71345011881533,9.79902238480696
2.13319517205475,12.5783280983165
0.435914438217878,5.20134988429199
1.30282155610621,9.03623602553592
0.655415928922594,10.1058362732822
0.409624013118446,6.50012481597978
12.4359759979679,17.0577090939191
2.02821981153431,11.5874639413312
4.26301478749972,12.1733450440214
0.857046284712851,6.99612385799216
4.22496673302492,14.2024823848065
0.471122540830768,7.45058831613679
4.333348121242,13.5358722121313
0.194343107752502,5.06859128831442
0.322281656162659,5.68979647169964
0.227705937086846,7.33876640866335
1.19715019874275,8.80259549121388
3.74892863241916,9.87032425094385
0.303922095200696,8.56596951099286
1.233876244165,6.78180964873843
0.503373581672421,6.63356181384155
3.77591652173946,12.7505468294589
3.54318223626533,12.878602766711
4.21803212513156,12.9497019554277
4.39649569288454,14.8789532065527
4.73368898408667,10.6159355979587
3.3600828505368,10.3640022928881
2.95643671423737,12.9611546240437
2.95300396887546,12.7945720506802
3.22235844901676,10.0489982335583
6.55812965299854,13.314836388626
3.78593831865077,15.361086900767
3.8337965531457,9.80533236897102
1.30422808788717,7.58623323181476
0.111255483701825,8.67077432972615
1.09743437822908,8.96098320928975
7.00884312011858,11.2861776997092
5.54089849789567,11.5390204900793
0.253803107887506,4.36384862062797
1.40827045270004,10.799412921368
1.08387321233749,8.34288615030273
2.56522025366966,12.0806238322246
0.575429293482892,9.49898906744489
3.09936196824661,10.9525509285051
0.493397097888276,8.76344939268954
2.89298194863875,13.6953250402666
4.02214075608139,14.7470881535312
4.17485067928117,10.6505489939788
0.664172749966383,9.99940719445659
1.27935176342726,7.58907283134881
0.126745801646941,5.63654833198265
3.26938366897279,11.403476596552
0.591625587083399,6.34474627471488
0.578280925750732,7.14796767310346
2.16158553018215,11.9480005031265
2.58760684906485,12.7804738690692
0.0346594173461199,5.21633501351063
2.04851379795911,10.0216839937132
2.5334402117038,10.5117231819345
0.238827362656593,7.5985833021771
0.332990842871368,7.8491447056187
1.51243804200532,7.98091460791779
0.00916497316211462,5.53050858223601
0.722530799930959,6.49234481564728
0.0723971824352685,-1.2930617874626
2.88270505873447,11.6757261596644
1.11340595688671,8.83255460045689
2.22993188342991,13.3062298228529
6.03423415788226,17.6600263130976
1.09117584023625,10.4422031224915
1.17209556233138,11.587329149219
0.594836345873773,5.1834613112988
2.52191812292555,10.0776308277883
1.93722135378959,12.4014855409942
0.220217459835112,5.72545958135465
5.48713743288941,10.8922204408133
0.864176584407687,10.133390869768
0.9648541429599,6.71617434356332
0.257590246219704,7.08148284187453
1.22370442189276,9.7233020217015
4.3364304153725,11.541024160659
1.75963255754652,9.07290769990775
1.85979631534758,10.7978118978057
0.139512692579927,3.4823416154638
2.32488971567693,9.20437663581208
0.548914698883891,4.599618661787
7.38833678844285,13.4547645852726
5.00999877204127,12.8647880795383
0.808622779307842,7.45727535782472
2.7705717216337,11.7779297280935
3.32467500103598,13.7086180807486
1.28873056452721,10.8789391353586
0.0628521616065903,3.11736302710388
5.19207520693014,12.5712724112225
3.90068223683124,12.1877062325303
0.823600511066616,9.98149753274964
1.47296213536503,10.0762366511229
0.728375508449972,9.3902880510985
1.79407267450335,8.90228447284194
0.82752173844077,10.7150108563434
1.66111042342129,11.5181571202324
1.72348861574175,9.20281413951902
5.55016903545628,13.1533186892462
2.29980207785013,9.7915377334306
1.09423393011093,8.27728436007543
4.78807659794517,13.7889236305512
2.75028076945784,9.31043952748472
7.59088697853027,18.1337969460404
5.03904314686484,10.4494071028167
2.28093430743209,11.2707465296391
0.411358711853146,10.1846077959191
1.24562470428646,7.82847336646957
1.8161220922226,12.7296268197438
3.65154681337957,15.8468081940109
4.30075133006067,11.2977030017368
1.10467367898673,8.65443611416213
0.48783048056066,8.3457408801407
0.1320436373353,6.21911688905097
1.14337799604982,11.0934534883793
1.89981830439518,13.0513085126982
1.39098295188489,10.3595352420707
0.810591048561037,5.99695827116516
0.0771645978093147,4.2100487777837
0.278874262430849,3.72484009216327
0.188110436312854,9.18101235902467
1.43019152610543,10.0732849411486
1.01913929451257,7.61435477856794
0.900138327851892,9.06860401576684
0.0146915856748819,6.26393207008549
0.630196009992218,9.67630275599391
0.644632452167571,5.36613265036017
1.75018480597975,7.66855825386855
6.65518110956917,15.9905058378724
3.69744258729701,11.7259567279367
1.99811455226483,12.0115008743244
2.8144609751638,10.9145418857784
2.91393509117847,10.4094141386133
1.01885123817326,11.3569017935251
4.19368109233347,14.5018329479093
7.0190085280211,19.0829951737012
8.97162303642672,17.4844915220338
0.480287377722561,8.43190713370168
0.0978706600144506,6.33372858529197
1.05207860935479,7.21808345558309
1.8064311350504,11.4787177290374
0.0362648796290159,8.0045094148347
1.60840195643154,12.1320413245722
2.72960810354891,13.2521643102429
2.61747276774588,10.1361411333527
4.19474196036286,13.931989612924
0.863012070672318,11.0921472820187
2.68646865329685,12.3560726745873
3.91803418083077,15.2241311450606
0.458769937045872,7.21149479858495
2.03891838147285,9.27911556867184
2.0053353178406,7.93278159456662
3.75808677805548,13.4376802426107
2.42350142627003,11.9615366028827
1.26217328291386,11.2478735874163
7.90758414151979,17.7773771062503
1.1214762814343,9.91348861277619
2.35535359001699,9.81407385054039
2.50876607923749,11.7173358282125
1.76676779604497,7.68907702106408
0.520765365915352,7.30305349498702
4.82457969069526,12.759967077651
1.93645230113509,10.948895598191
0.508778053335845,9.21568878906331
1.9065761937851,9.26678855687664
1.10555326286703,10.0988635350961
0.670398616963222,6.10998532130422
1.77382211574258,9.83101389570731
2.15133188656511,10.1602429318783
1.16069859080017,7.63277634584521
4.17140297193952,10.8091585531621
0.0110710675407686,5.16204881925731
0.241228781543573,4.06908567356844
3.06262996403461,10.8977586467609
1.56784828371348,10.1872605833875
2.91868136061316,14.9873844674094
0.333977174945176,5.17833904942418
0.169063832610846,9.31545049510113
0.488978801295161,4.08076760202492
1.69529833822491,13.0611497141842
4.53657833834119,10.9039443696286
1.34891026839614,9.76810171628106
2.43566595009508,9.98126833700409
0.319041214091267,7.27503869591634
0.24362748218613,9.39043272922774
0.871050295419991,7.84448799045026
1.5467078219259,7.33747854519635
0.461290503886315,9.16982088112243
1.33454688824713,7.88764399836926
3.81820197759156,13.0486985546633
2.94556296599989,10.9950887382742
0.621350067066922,7.90676935960009
3.78686286670297,15.9725791277574
2.71228681496325,12.9701347307683
1.14299788605422,11.1077440772754
1.26410848647356,12.218526192562
0.655549926683307,4.74697962413508
2.59024066097083,10.9715288021178
3.49032515270596,14.6594041846565
1.38630522034111,7.39245728531044
0.612057554535568,6.23237963031022
1.22112592495978,8.01420128434072
0.415588322667942,7.68933676102429
4.28121503044791,15.7337206192177
2.46282147980275,9.66219645354748
0.795899078793308,6.86144750637131
0.406619884073734,6.27460637959086
5.81872101094494,14.5395794683501
0.680363830201362,6.99423867180994
3.34438655723112,13.46318304287
1.12261546496302,10.7296982159778
0.5574024883069,6.8092676381668
0.17229660321027,9.31222968921633
0.94232639297843,8.24370558095571
6.37464023864941,11.7220417739656
5.41256871421762,16.7191392934445
2.8833496494401,9.6312752353671
2.19132016031983,8.06803386273985
1.66475737459006,8.44244464731268
0.0485626885941047,5.59306460545604
1.08225593928222,9.08391638810798
8.31220750096155,16.3280153807627
2.32633977561238,10.4191531499662
1.26628761329222,11.600933274189
3.34824381379371,15.1195627686288
4.45876371530595,16.4009384885685
0.488451183773577,6.31325465078598
2.32585702641847,11.7094828450534
1.7374905217211,8.27140231829832
0.171294305473566,1.65005874785306
Rho_s: 0.813801591206365
Rho_p: 0.760175920778151
IC Time: 0
