Rho:0.5
N:500
0.0193397346884012,0.223240167368203
7.68428341629815,0.854464334435761
0.788535540923476,0.75457662763074
0.197450805455446,0.158673088299111
0.773409973829985,0.227090555010363
0.0481736481829584,0.0677600610069931
0.548265435228212,0.828369177179411
1.74554232872071,0.599370169686154
1.90027857004645,0.120283119613305
0.0458559934049845,0.700694300001487
3.07718402875547,0.478511305525899
1.67522753873594,0.17263192916289
1.26872617658228,0.823778377845883
0.988882540725172,0.310324850259349
3.57883203385358,0.696886077523232
1.00699644722044,0.589835641905665
0.000965405960098965,0.269999815849587
3.23579864187126,0.848320936085656
0.673595295373429,0.484883227851242
0.62512859608978,0.618248843820766
1.40512419673342,0.831238009268418
0.530238966457546,0.206451601814479
7.6504769212971,0.678047843975946
0.477375974135612,0.155261027626693
3.50531447566726,0.973457085434347
1.97447756110671,0.306648986414075
1.72614436641951,0.691768693970516
0.0584251477498143,0.411796130239964
6.64831562306652,0.908556824550033
0.876287896186113,0.344662509160116
0.371520167216659,0.127679185708985
0.184191663749516,0.00425721006467938
2.43617546363714,0.673373411642388
0.336939197964966,0.401412691688165
1.93768483019414,0.230817065807059
3.45866820571904,0.769888965878636
0.759655524045229,0.821807845728472
5.98200796510945,0.853972969343886
3.40338028950577,0.932317023864016
0.300182787996493,0.190236051334068
4.03119948489552,0.902753846719861
1.23492719978094,0.800005795201287
1.21003972180188,0.0583367296494544
0.288381558842957,0.289244174258783
0.878336984664202,0.836347493575886
3.7921567520309,0.633798646973446
3.83163209311609,0.938473290065303
4.367159563796,0.277760986704379
1.01034250818984,0.429237073287368
1.34975004289299,0.12798746721819
0.837971141561866,0.0380257065407932
0.0154151968248672,0.123214088613167
1.96754439539256,0.685343324905261
1.42839502319135,0.534943962469697
1.13833062909544,0.877468645572662
0.219835297204554,0.00621542590670288
1.52594357348027,0.552835149457678
1.76894705361667,0.200073203770444
0.134178851731122,0.181087088538334
0.121104913705824,0.158493718830869
1.2184231877327,0.56845090421848
0.0973281282931566,0.183884271187708
3.75557672588115,0.215199551777914
2.32702873825076,0.290273165795952
1.45083294055405,0.470920097781345
2.20924106674859,0.815718132769689
3.50670084352481,0.904920616187155
3.13697401789908,0.609100294765085
0.0327197257429361,0.525812238687649
4.63142404307551,0.907784755341709
6.85562814738522,0.766147377900779
0.014963762040984,0.171308430144563
2.3163493970363,0.358094569528475
0.0343629939145801,0.545413850108162
0.983377645210467,0.644337717909366
1.22406755276449,0.199383301893249
0.0658661234148709,0.26482750591822
1.5085217447755,0.317006226629019
2.40131951115074,0.259071075590327
2.6279843597764,0.665558366803452
2.82808113241581,0.358878154773265
2.21718962295892,0.559573719277978
1.13228953722864,0.835924530867487
5.67322720553646,0.300659476779401
4.27528123904891,0.462352239526808
0.9483741549775,0.800654460443184
4.08257959766274,0.64709187252447
0.412408255971968,0.586163081461564
5.9146695580698,0.456059678457677
5.31068761249013,0.506361396051943
4.05073677731638,0.88894056994468
4.75692969907947,0.898361861007288
0.775349310599267,0.0406148820184171
1.80119879584852,0.904883202631027
0.986879758536816,0.416942582232878
2.62918953589144,0.774969836231321
1.70458931281211,0.896962999599054
1.34908090438694,0.406733930343762
3.27690383153669,0.886657134862617
1.15914627816528,0.236856735078618
2.97457810534198,0.365743401926011
1.18862135056406,0.532355761853978
1.68710102505031,0.45915888552554
1.22295823227614,0.245405279565603
4.37362133313842,0.979757671710104
1.57660715273562,0.121492925332859
0.254566776566207,0.435650482075289
8.36000479534089,0.531584191368893
0.372816777788103,0.172612725058571
0.0308800563216209,0.160843634977937
3.94398715702777,0.441955811344087
2.52507525487783,0.494459219742566
0.604345316067338,0.182771217543632
4.8689269532723,0.964963227976114
2.77860086683372,0.448189845075831
0.549083243450225,0.117176214698702
0.115146750584245,0.110430238768458
5.37117975540583,0.956203933805227
2.50376381530407,0.396828621858731
1.04392260843169,0.0890457658097148
5.43960309375949,0.946690186159685
0.354610630311072,0.00546939042396843
5.16248873968549,0.568517477950081
0.257604683749378,0.716703870566562
3.84483011795168,0.513852212345228
0.779948517680168,0.622308461461216
4.26500929714522,0.938788585364819
0.635206530801952,0.0338805187493563
3.26044482348447,0.65041841706261
0.515107828436043,0.169671311741695
4.29482929755874,0.829424536786973
3.14265201990133,0.952581441728398
6.44424839284191,0.86053989129141
1.30928405746818,0.59373760712333
0.0110078052346389,0.457464903360233
3.19391896558886,0.906123190652579
4.44516921390719,0.984901543939486
2.209669791078,0.900595259619877
3.9988903699625,0.657076884293929
3.80818423239474,0.86039200774394
3.53534187438435,0.250337985577062
4.30030523166309,0.485596778569743
1.44525410040262,0.601407439215109
3.36089474318509,0.86161122424528
0.16767402458936,0.0177884688600898
1.50662711428393,0.157612914452329
4.57584453830439,0.855747773079202
0.276918969117105,0.0158415613695979
1.6865042875612,0.610231203958392
1.45860949336531,0.523249228484929
0.303608249969435,0.107686624396592
0.442681417076894,0.493248676648363
0.877725073136389,0.207240381278098
2.47733059517088,0.306868785992265
2.23047295204344,0.919397390214726
0.402803001787468,0.438431225251406
0.8783512795344,0.228357415646315
0.306738962859617,0.59515401464887
2.45302326037529,0.506929228082299
0.0758434405958255,0.525232841027901
0.702563517726958,0.15356019930914
1.87376910067143,0.566471614409238
1.92917085058036,0.567775353556499
1.68275939564523,0.307626677444205
1.16479791887105,0.496499459026381
0.260514002293348,0.0110243654344231
3.95743543265348,0.557370040100068
0.721311952918768,0.127689850283787
1.09929735772312,0.644875916419551
1.64940413243521,0.772197300102562
1.95015105389743,0.46689893421717
3.34428376687651,0.847888632444665
0.297729248746461,0.552561739925295
2.02841702095213,0.898082923609763
3.99615618197208,0.321872305124998
0.597212892957032,0.041062350384891
0.451552872546017,0.116007860051468
0.769001100212336,0.484394451836124
0.0302563297865473,0.520646520191804
1.42614041446688,0.0933942939154804
4.50065844108291,0.629939272766933
1.50315117268803,0.890260997461155
0.562711018137634,0.0380775306839496
0.881860099318828,0.428312904201448
0.230631522834301,0.241815043613315
0.0345471948385239,0.021368479821831
1.03721883986145,0.326928461669013
0.468862865120173,0.488520139362663
7.47390649798227,0.361422733170912
1.64748371570351,0.731603829655796
0.0582162421196699,0.527762933634222
1.92310580975356,0.130316474242136
0.810840233229101,0.28413313254714
3.57093330455904,0.843420172343031
0.830018604174256,0.473221068968996
4.53479506422706,0.955292443744838
0.994126833043993,0.411243216600269
4.59192959566541,0.645319562172517
3.45301744635876,0.196447076275945
3.511015035044,0.276726218638942
0.39869553718535,0.0621393288020045
2.22783840998056,0.42189317708835
10.5305433006664,0.981691528577358
0.175232904184499,0.628549296874553
6.73394180800686,0.474664140492678
3.17296576110944,0.882944721961394
1.72080233870986,0.264201413607225
1.29584277607501,0.302400571294129
0.70729114394635,0.663613136857748
2.86206488667016,0.888989187777042
1.61031031227651,0.500901608262211
1.065739126876,0.770196992205456
0.993767724372447,0.440555907320231
5.16296912332006,0.88383410545066
0.483425907790661,0.582003587856889
2.36753189927878,0.801506650866941
0.178311436170277,0.723498921841383
2.50192907257917,0.916566100902855
1.92356641954722,0.100766462041065
0.959912242367864,0.135215240065008
1.55014937921407,0.450087966397405
0.342512641102076,0.0302288439124823
0.383084261974005,0.794505647849292
7.02232169642178,0.933592643821612
0.697200999595225,0.755672336556017
9.29557792046919,0.933139455737546
0.280937512405217,0.0396457852330059
2.25105253302625,0.663064569467679
3.60170036910062,0.942567465128377
0.961399278089072,0.657952153356746
3.12787917239552,0.796175515512004
0.728563884668736,0.0290463529527187
3.19772628565502,0.295864407904446
0.302342738851188,0.315615313127637
1.75563553898575,0.868196024559438
0.983252920210361,0.34818901354447
2.03400028951414,0.24673092761077
1.82200361407342,0.817616646876559
1.86384693081285,0.848390504252166
0.426751805910118,0.324995897011831
4.82860953708119,0.253660792484879
1.63816793516004,0.652651258744299
2.25993534355404,0.453865325311199
0.64984588288987,0.691474708495662
0.668946694582701,0.67340737185441
2.96807243393817,0.792592493118718
0.164031079038978,0.45416583889164
1.06617419607937,0.8795948443003
4.90126754623881,0.864790511550382
0.751766093390687,0.494336717063561
1.78043341441991,0.585584222106263
0.0249519664794207,0.620601752307266
2.43591510309818,0.692186624975875
2.94948556629901,0.493328767362982
1.30858793947846,0.147403037175536
0.718977988341015,0.520849947584793
1.27004993800074,0.110109619796276
0.39904991351068,0.0436085467226803
1.94549706011059,0.095197691116482
2.45017008475008,0.391418834682554
1.1508662449196,0.200920711504295
1.53428315339004,0.0808043740689754
0.042111836373806,0.596715897554532
0.186693912024216,0.709481464233249
1.02790014291662,0.674498197622597
2.46265241309049,0.844623999437317
3.50802607775631,0.555946513777599
6.46698760952721,0.42695079697296
3.68660919515374,0.779932772973552
0.472332930192351,0.51985506224446
0.412279164418578,0.261867714580148
1.92866585209014,0.41497523826547
5.32497136642165,0.343691569985822
0.515940109267831,0.648638423299417
1.90515132798793,0.586183089297265
0.311733211390674,0.692921268986538
4.38725671298757,0.359036671230569
0.318663005717099,0.0695728790014982
6.44804906507465,0.989927306305617
0.936943280510604,0.311619041953236
0.0527846347540617,0.0134668000973761
0.79797563329339,0.631386782508343
1.3857315229252,0.491020811256021
1.25697772204876,0.89209449919872
3.97352954728489,0.358225130010396
2.58619358195903,0.952289475360885
1.77866866258601,0.536685556406155
5.94334401156674,0.716666498919949
1.63351652204039,0.0744885310996324
0.331083876080811,0.489447963424027
0.693367417901754,0.840130214579403
2.83560111487304,0.591850663302466
1.46979720137062,0.502219499088824
0.356557968072593,0.335222205147147
2.84235929308419,0.261110509978607
1.15153772290796,0.624245051294565
0.360844470345208,0.0073852448258549
2.21656252621653,0.64138190029189
0.0697650432149548,0.20814932603389
1.65015086336973,0.690261063631624
1.02084108069539,0.56332802050747
4.14030184207444,0.693412877386436
2.51788430466297,0.927391048287973
2.4714846330786,0.428785849129781
2.72629911257865,0.300638228887692
1.33805960603058,0.158420622814447
2.18439952615633,0.258857446489856
0.392104745842516,0.415698496159166
0.572151985019445,0.249377662315965
0.297304957173765,0.0132622704841197
1.14379560742891,0.411099470453337
0.221174392849207,0.467481273924932
0.504854079335928,0.189086872152984
1.14952042572336,0.494667927501723
1.24454979319125,0.746708537684754
0.253498580652063,0.361958496272564
2.73431693567874,0.878891343949363
3.6201704701591,0.859911814332008
0.651928789082216,0.0194157946389169
1.08186687808484,0.187841562088579
1.80587238810005,0.688825301360339
1.49972573659363,0.840971571858972
2.69748171969297,0.828765710815787
0.0357699191086085,0.00492116087116301
0.881026278249919,0.590615349356085
0.794836831279099,0.124382773414254
1.68696055925431,0.10348123498261
0.567673423255426,0.0880363225005567
1.02446301095188,0.318626194726676
2.81497835029151,0.153315607225522
0.342191172763705,0.117688530124724
1.93627463067706,0.784617455210537
0.431409633718431,0.0871024497319013
0.651987893506885,0.384966274024919
2.81569479761605,0.476244144607335
7.68749315622163,0.99624182167463
0.743857477537563,0.0896466199774295
0.744495652596736,0.560684867668897
0.669451839778044,0.0587027685251087
0.792165353894234,0.282471318496391
0.121156191817479,0.478177153039724
4.50214413155742,0.28703995142132
0.368505706079304,0.479762589326128
2.63008769593182,0.845980243058875
0.710955302231014,0.0526192344259471
0.0763805508613586,0.38511373475194
1.66809886900339,0.910940718837082
2.51820177964442,0.807645258260891
3.01546109450941,0.945747938938439
6.28195103969345,0.996075117727742
0.56608370270315,0.294381886953488
4.3355495740933,0.90918580093421
0.589387617144698,0.206639029318467
1.98623785584279,0.434455207316205
1.07305492740124,0.30107534234412
11.5803298161786,0.942177992779762
1.63369165018671,0.844567531021312
2.26065600468757,0.689874467905611
1.50371729946675,0.0872255959548056
1.72040288761262,0.616825238568708
0.150141010480633,0.0199914195109159
0.475088430616744,0.0317340381443501
1.4295908920959,0.0647836516145617
1.75978526073147,0.306791334412992
0.95406991802156,0.145715837134048
5.43996562411018,0.995141475228593
1.38880499630215,0.442156020086259
0.970104655250907,0.470070749288425
0.697383232931721,0.148201467003673
1.49042534289663,0.505177209852263
0.644233487546444,0.577744051348418
2.16873204885962,0.747398206498474
1.5455735411469,0.782554497709498
1.36245674733073,0.186835199361667
1.65213315925541,0.763823644956574
2.50897097579184,0.436235803412274
0.506196659460936,0.129161829128861
4.22593386073537,0.591368559747934
4.44360142548509,0.815335941966623
1.18590977694839,0.422338789794594
3.34470599127894,0.938034947728738
2.78008956303768,0.61094416375272
0.579666403255113,0.386515250429511
1.48515685970766,0.800015748245642
2.40598360626938,0.704041952034459
0.0842474169254649,0.662189610535279
3.1491066923911,0.907134639332071
0.696671287730197,0.574223844334483
1.4024294502193,0.558605920057744
0.0299048909999916,0.132812427124009
3.94339226542001,0.505365650169551
5.02916732032724,0.61672091926448
3.19118265418296,0.470541122835129
1.14375020699188,0.813733511837199
0.211650500074029,0.670438737142831
0.116016613037307,0.148418505210429
3.85497978312855,0.925699072424322
4.68346713085599,0.65354904322885
0.174407161772251,0.0151961010415107
3.19905459461077,0.949031469179317
4.68222604845179,0.920351401204243
0.756993062794209,0.505410318961367
1.58071746482494,0.151193412020802
2.77320114506369,0.940310356207192
1.65746031439478,0.551243566442281
6.77194063331852,0.431823034537956
7.36911533358407,0.601293607382104
1.37346704956144,0.763884692685679
0.398083333636968,0.0883183621335775
0.822229485958815,0.760299750836566
7.66868446352792,0.775734346127138
2.14943207605722,0.837222895585001
4.15437142161613,0.894789661280811
0.910769062116742,0.0962219217326492
5.09214036513991,0.897490924689919
1.87731240681353,0.837349950103089
3.94758865592961,0.94172214763239
1.45433515830272,0.385749699780717
0.213237837959562,0.237270792946219
1.38835118888857,0.233868519077078
0.245491566136479,0.127481875941157
1.31637800391763,0.646136303665116
0.315121999010444,0.329336266266182
0.0759088109246358,0.0779084444511682
0.596396638080478,0.718131246510893
3.07816147795572,0.778365647420287
0.966133270852429,0.860130243003368
7.56865064385247,0.9974420000799
0.692556442627908,0.0233386014588177
2.21071121647003,0.185062692966312
2.2372082210237,0.312109070364386
2.74090150735321,0.212199363391846
0.478020900860429,0.0784431851934642
0.76778083271698,0.122704379493371
3.81804248301272,0.242759493179619
0.464828387925664,0.154052908997983
0.44723843438048,0.48503072746098
0.518744640983641,0.684122075559571
1.98926617744606,0.190394788747653
0.790454388596117,0.0328314069192857
0.855311521328986,0.0973803517408669
0.726042956797777,0.420668286038563
2.49868414728882,0.636883086757734
2.93414249230744,0.940671062329784
1.35040317196399,0.352552213706076
1.85353600784185,0.323558467673138
1.80899807988646,0.518259122502059
2.18783747210147,0.107387286843732
1.67819562359693,0.105845703743398
2.16378988612207,0.446295347064734
8.1364908921988,0.914866280509159
5.40893067021794,0.281146081630141
0.348337722010911,0.238783019129187
2.54209505758228,0.639030816499144
2.69645419335904,0.711017171386629
6.13712386450753,0.885142466519028
1.67325658949583,0.342334629036486
0.257249653534225,0.0171634925063699
0.111331891268492,0.609035574831069
0.250338508747518,0.0753542247693986
0.603536430746317,0.620921936584637
3.36211061833386,0.942006128607318
0.837374866008759,0.350513515528291
3.03375449759846,0.931959070963785
2.24729216835442,0.243083251873031
0.795061729320471,0.812116152141243
0.509217412065293,0.0239294792991132
1.83156184471192,0.205184939783067
1.82685717925232,0.896259975153953
3.37471279112582,0.318405465455726
0.486591406860848,0.265925129409879
9.18210516074553,0.993126688525081
0.45428867766457,0.0178697204682976
0.853235838003457,0.0903597741853446
0.301387900486588,0.0494840084575117
3.20744345320349,0.516502050915733
2.22565496704521,0.358980471501127
3.149450073825,0.446602211333811
0.525489181280136,0.62515085330233
1.98744142792168,0.25417351978831
0.664489644579589,0.114026891766116
0.830976432189345,0.480105794267729
3.19581414156514,0.964053033385426
0.308632626326844,0.449422558071092
2.5181809811944,0.697215124266222
0.499246114864945,0.72320435824804
1.65566066628605,0.224526569712907
2.56104881866815,0.385932191507891
0.173063966717116,0.312846324406564
0.388230270045829,0.625085630221292
2.48860787591877,0.557915546232834
0.977366223302609,0.0613936707377434
3.61769230274444,0.967863066820428
0.518925228156149,0.696432871744037
0.169452339325475,0.269859978929162
1.07426316552164,0.875316889490932
2.11215086426374,0.166239066049457
1.05002603307366,0.772775062127039
0.215094914273992,0.0821251440793276
1.66234172672619,0.372301106108353
Rho_s: 0.514985707942832
Rho_p: 0.486470424953399
IC Time: 0.00999999999999979
