Rho:0.8
N:2000
1.66715748413446,1.76405347875299
5.74458802382061,3.65959866328125
0.977362801320851,0.777987921610475
0.00290247611701488,0.0600525634363294
1.48209024398568,0.454033937305212
1.17532254941761,2.51990835919025
1.2384617626667,0.629288705065846
1.36223590001464,2.56822340554538
1.95727613187375,2.68004853269997
1.0956359449774,2.10005399273377
3.95737728087192,2.82921845821624
1.8918887680873,3.44748790917878
3.34725029377227,1.9361698676629
0.212417603470385,0.884415009059012
5.10344223280377,2.96852249262815
2.04682256970331,3.51621054504835
0.502396917431645,0.400960354986732
2.50792234568837,3.90247266722803
2.65947891577127,3.00318679569249
1.89030523926662,0.97380836121738
0.317331691295186,0.278664592653513
0.265017218107081,0.0585680659860373
2.51247483856025,2.46990580289605
0.964217581786215,0.7964211627841
1.55288851066473,2.51196037991814
5.81079592255686,3.38688890991693
0.929286933907345,1.66485906756463
0.0703281983733177,0.0430185627192259
6.16765327718029,11.6132707291081
0.558047995902598,0.252544331364334
5.43353660752006,2.09561528629603
1.92038803539219,2.24151635161581
7.18369738134019,4.62070956428475
2.33816678999903,2.93743892742281
0.633013703860343,0.162333904041425
1.00864970870316,1.7168151064867
1.33176826356997,0.455719944089651
0.754729833453894,1.33004380390048
1.34007403906435,0.896538424305618
1.69000833047636,1.30112471058965
7.95429680826974,2.11004028006606
4.70542080049942,4.96826425542064
3.73041143251543,1.63121599235297
2.40437746412101,1.03829873895694
4.47091983606048,7.19185067298722
2.21444478622618,1.49783791883859
2.9228541835238,1.30578160565346
3.05662299942508,1.91730446324163
0.222771891392767,0.554819908438362
2.11542299195173,3.94188887609129
0.547240337786499,0.342911411658788
0.53241868119851,0.939049209212535
0.112928432412446,0.266410864889622
0.8846928877756,0.515930316526506
0.340187592431903,0.586374919861555
0.0623267946489073,0.472151227172218
3.26712530089502,4.79285406006271
3.57410613045252,6.46197499301205
0.236958978697658,0.776865631944835
0.0470932915621055,0.216705231927335
0.127083505503833,0.589062493298137
0.955014956183732,0.350253462928921
0.294697878563467,0.295777601189911
0.788401682293373,0.865814968943596
0.164928450351987,1.0840353006497
2.02241593218389,0.946042508818209
2.08657845287564,2.04662875822725
4.37834207841155,1.44447020619156
1.56982840427647,1.42012412793771
0.00498481001704931,0.129769003950059
1.35597584210336,3.32087096555119
0.389219716372989,0.513606201857328
0.735984375620973,0.838804722763598
1.82248155764284,0.746649847365916
0.0724873198196292,0.110259988163311
1.70184465116801,2.70104431352558
3.33670082671528,2.84503538517242
0.716130097396672,0.159722710774845
0.391074034602316,0.483955184254386
0.12743734153751,0.347417039171673
0.666862368583679,0.74288644362241
0.110273156315088,0.0248399460688233
2.32937719478252,2.77389626933222
1.13970437273383,2.45641999683323
0.624551583081484,0.68095378857106
0.37896310724318,0.639974736608565
0.0503993944569347,0.820007549598813
0.272610092535615,0.198229933646062
5.27348031450934,2.15986322603169
0.115468396740536,0.544384579174221
2.24843714564087,1.34787960071117
3.25681031106,3.59580531699543
0.086839166469872,0.0570054333657026
2.89714031277185,2.58703931226375
1.9377036783004,4.24811314224772
3.92844367010479,1.4529138765389
0.447962800040841,0.145224957726896
3.14158127800711,3.66591292602902
2.18349620318952,1.07123953197151
1.32559907995164,1.02906724639761
1.53266044394509,0.620561912213718
1.78924644410468,2.86487491662337
0.807173877640132,0.524470660835505
2.36587422332707,4.30966468502708
1.60171638428706,1.42954507834258
4.16451145808332,7.73585970285249
1.07722216565162,1.51648776783588
3.08864003775601,1.01151696406305
4.12154700962787,8.0473001973683
0.17202499974519,0.0127031851383921
3.80511612055783,5.74750164117584
0.429844895377755,0.39580797701327
2.91965499782219,1.94779744177105
0.348431748338044,0.058155688457191
1.15877175889909,0.357692833989859
0.873126044869423,0.41764628053613
0.394137740135193,0.133943678811193
2.05507564214323,3.0252815327672
1.30507772695273,0.476062097921279
1.72475238846516,0.634268892928958
0.87650487292558,0.47895323505054
0.0779811631243913,0.650238884356649
1.16186853311956,1.84498156971278
0.149589460273853,0.228870236314833
1.62352046362104,3.48874910054672
0.187680099159479,1.06649888120592
1.83563324143556,1.80341373375597
0.555570184253156,0.539119310677052
1.17752929218113,2.68125238633695
0.767273685894907,0.750560412868702
5.67383717579003,4.28508031043313
2.99594917131548,4.10953516868835
0.274747516086442,0.331419857218862
1.82879005177858,1.12797421868891
1.27809593919665,1.29309039059811
0.141146232374012,0.332330614328384
4.99289241035409,3.59186366556172
9.27459273436918,5.5217961927218
1.25424678996205,1.31107023451477
2.00277273348513,0.902437367476523
1.12418778054416,1.31277716439217
1.6184950767136,1.04805066250265
0.0955601194873452,0.427078465827715
3.22391694720647,4.69370225884368
0.906252136453986,1.34937340766191
1.27491098642349,0.368574098683894
1.75351508139613,2.37888964443448
2.83962533307528,2.40348027824404
1.80902138530257,1.87989357477965
4.68671184380479,2.32654762150232
0.616463324986398,0.142799361608922
1.76119629471543,0.916778589002774
1.00021959748119,0.321111234587479
1.84496551755543,1.14136960729957
1.72989786945062,0.849483177997172
6.90654467012653,13.1633348122128
0.489231226034462,0.445247944857856
3.98259823379998,5.56829487944544
1.02201377414167,0.547560192644596
5.02943563063569,7.10535479667497
0.133887640200555,0.194297241047025
0.988391087390482,1.6893870140517
2.82533948851709,2.71267087749186
0.458839418366551,0.213853411245624
0.084162063793997,0.812213286771744
1.45295115507144,1.38871592272132
0.821102096052597,0.652310493402183
2.0745211714367,2.38250628105345
1.6086729428822,2.72451631530168
0.49637408927083,1.14005751642888
1.46369218198269,1.45615289538147
1.20649589877576,2.30202690769553
1.41575075863841,0.52648945861878
0.0646557500585914,0.663459673790732
0.301177922854004,0.34895701892674
1.19946220889688,3.00318818077124
2.0993920490814,4.10096026195173
1.0070275682956,0.678009592927992
9.36631546119108,3.20161468115752
0.205487598809065,0.0383500857278705
0.899918095548525,2.4782706516886
9.70377216437712,3.06653146056418
0.626348408870399,0.157176363281906
2.90827978466577,5.49091234405465
3.92122893018608,1.53842346920612
0.0506338877603412,0.00533466238393737
4.51299272079892,2.01969726561549
1.76612997809977,1.15613966435194
0.613047610968351,0.977814874611795
0.0952876843512058,0.678247121162713
2.18853944904151,2.70776120491235
1.80506869039374,0.734758402220905
4.28294594666801,4.23550838579364
2.3132634590471,1.31729659251869
1.20215750206262,0.46115777362138
3.39164603399145,1.76493115714731
0.905728428683122,1.98472623704913
0.901984645985067,1.85902668154779
0.519552954472601,0.419618538580835
0.11868654936552,0.363603359149731
1.41926289900186,1.34029420651495
0.279493741255793,0.223227372376236
4.48710593887278,9.16005887850489
0.531402677297592,0.103331702761352
0.167932015357547,0.189676566049457
3.48304836435204,1.37872529868037
0.700868307612836,1.64123180872741
5.50572733183332,3.45709368698445
2.36161058201435,3.62883432565217
1.59313149741831,3.66507185978775
0.00637465671292251,0.490459128183476
0.583801046857356,1.24967956915498
1.36223726905882,2.3305741547698
1.21345734223723,0.339615400880575
3.50857685862069,3.7748209651486
0.00259936755306388,0.0269317217171192
0.553195210173726,0.92867545876652
7.07338482591462,1.91838712981882
1.8822426329458,3.34738929180389
2.000378840267,1.65286454672174
3.32740987173575,1.41971445272485
0.116007907316089,0.0262894097129584
0.523562322370708,0.0956011341249844
0.0330691421404481,0.0475745080038905
0.702135087564183,0.237998800352216
4.02388324944263,4.6262944449944
1.97404320833999,1.07071545243518
0.0342589061390377,0.0282797581843017
2.18999219683085,1.30116656888276
3.09480834650244,5.25959154565759
0.91613594815135,0.266294484958053
0.328633857890964,0.819823931902647
4.60213816513248,1.42004870428684
0.90889757219702,0.951162516139448
0.304873834364116,0.479843197390437
5.03325769652553,1.70279118410292
1.58915670207682,1.38182306196541
5.35789456565805,5.80958488549957
1.29598705563694,0.99252001196146
4.30216122020907,3.74147675880965
1.49304904324802,0.421214723959565
3.37128391100054,5.15071729917951
2.59190175172795,1.37659384589642
0.00725317187607288,0.491001877371356
0.99805576261133,1.23441250901669
8.56187984266263,2.00992795190558
2.02256856477799,1.25917450990528
0.400164731839426,1.11388171650469
0.364031710661948,0.0760904029011726
1.97947703852298,1.14995223563164
1.9077079661194,0.900656611658633
2.17591818949351,3.91158295405989
0.328914165496826,0.392273191906053
5.04391504606931,9.63885662654295
1.80196866245106,2.23928111038151
3.35522884486203,2.16282676710727
0.638268911279738,0.72836737614125
8.63337735036268,5.29656917204089
1.66226715586128,2.49835908590796
1.62434955631674,0.580483286641538
2.11986737689915,1.24532671738416
2.01817486613038,3.40164137087692
0.0303637040778995,0.221189735457301
0.638050388561746,0.213787618731288
1.17944682668895,1.12356774322689
1.63031771584394,0.650724419392645
1.06731664016843,2.11920220023933
2.84068447100022,3.29285425303464
9.02626040794372,2.75367574757876
3.6200969366539,7.01263548713482
1.8690562545413,1.00569275580347
3.32474400086289,1.16939250958141
4.01097046567087,1.45081662564518
1.63494295245948,3.79033320007806
0.327332568235979,0.139683010987937
1.2750411266461,2.40864676414969
3.21874261138965,6.27061916854153
0.5854454068669,1.69104417963865
0.0408635819330812,0.00787303994440268
3.814433417759,5.88945112294774
0.171395895071328,0.279386622831225
0.695385757833719,0.213518409058452
0.0742226326838136,0.0466354416885305
0.475072065763287,0.238616423070765
0.259836880490184,0.103949123062193
3.18495345249304,2.2390314041728
3.32698915353101,2.16550945854726
0.369788382202387,0.774259730522054
1.8360803387219,0.666493772529066
1.66097476035927,3.43728607503657
11.5331899815037,2.45790750524941
2.55566427662017,3.89596037670531
8.91424792314576,3.5644578708518
8.65892002681151,4.97391479064651
0.396892716875281,0.312315013045408
0.413798562251031,0.127855635248125
7.05311591961712,2.51175580910387
1.22811066452414,0.526308828964829
6.40765140917072,4.49301231340451
0.813760706223547,0.476394296280337
1.52767489283326,0.736100858077407
1.97033441989663,3.35999387858396
2.56171318135204,1.66765484950485
0.267124690115452,0.587241902016103
7.68809116981589,6.53176741268406
1.39747971846702,3.46382503939753
1.33656705077738,1.67693274459782
0.488968157209456,0.448189196176827
0.277946993896543,0.360600898973644
0.94127734284848,0.854632976464927
2.52358674435856,1.30164699628949
0.373930894769728,0.449447779916227
0.490791238844395,1.58828144698384
0.00232944672334873,0.00363201850063626
1.9481258367104,3.43383898652885
0.704484010115266,0.810064780525863
0.677893197163939,0.213687135837972
2.71480454496088,4.7826261980437
3.18048632873182,3.73728284595494
0.00625429349171362,0.429538771020394
1.94424740033205,2.67990939050249
1.57683666228297,3.20214914513712
2.61779144397917,1.04306219611317
3.75624850003009,2.80250522850041
2.40745897955241,0.852181204594672
0.0105718415490756,0.0258986428380013
0.76744141895324,0.367537513375282
3.44465703500395,3.93358207477217
6.23747162113396,11.9628102474644
0.45144619140774,0.355848480947316
0.254623179323971,0.40909380838275
1.95260423648462,1.21140879578888
1.2657273625955,1.92579282998087
0.694812092096073,0.22081876732409
0.152619090862572,0.0110140163451433
1.01346749543091,0.393008529208601
0.404467004351318,1.10278174653649
0.520580925047398,0.888532727025449
0.605666891671717,1.40314462772551
0.84974208008498,0.632628548890352
0.253119769506156,0.491228770464659
0.124021251685917,0.0440053325146437
0.473468079231679,0.744857525950313
4.73666339827913,4.18663153558502
0.233215817115285,0.287679219146371
0.374344010837376,1.19205964542925
0.137849513682866,1.04168210178614
0.136755603873779,0.778071747161448
0.0729483868926764,0.330864093670702
0.621244086883962,1.70249497704611
0.00179848677576998,0.214036660268903
0.364759742282331,0.0716473806194246
0.758523327332065,1.07510183285922
0.686189033091068,0.951435344293714
1.41495553209426,0.456459021195769
3.35647904455162,1.92220435655656
0.292081722058356,0.590810040549878
2.52915154824851,0.944826246821237
3.04117364333696,3.70050669072156
0.506150380439048,0.831683374803806
5.19874383856483,2.32912316397712
2.22324176869335,3.01654949767475
1.92699846488559,4.20578257691812
4.18262902636906,7.79279179456544
1.06111800313612,1.50756875975969
3.55274483944272,2.52433644785526
1.57574791626635,1.1646768739447
0.593634231947362,0.444949065335095
0.426110587082803,0.078727936372357
9.67268184522047,3.723343655299
0.282957535237074,0.409652532078326
3.75024626387243,6.42717942561875
1.83572155244788,0.665235628373921
2.57292925744298,1.40618601947426
1.02129335701466,0.596031663008034
1.02025946575153,1.55716191410067
1.65247279397192,0.617148145231709
2.65803291081431,4.35357781100408
0.618380653900864,1.80121741062942
0.0780266552286098,0.617115775123239
0.12548914924264,0.0707823606207967
3.50995296968107,4.09057588485961
3.3988793518314,4.35107811142631
0.329510159790516,0.275598782188569
3.28075024468784,5.8229331896242
13.6248912857662,2.91782633198385
1.99725880014944,1.31759397033602
5.94391471412311,1.96247411971469
2.47693053008704,2.08157790257576
3.02672051598001,1.42011845812812
4.34405244633299,2.38075497551801
3.11242568476086,3.79295657930856
0.482985969632864,0.652479659765959
0.59418373927474,1.23583707306534
1.21254940330982,0.609735104255378
0.133063551969826,0.478444768115878
9.59833202460661,5.42682613034673
0.371147450990975,0.25684607680887
1.12165338732302,0.431234457530081
5.80656975829944,3.70441640896683
1.52625898449662,2.6316758840436
2.39356154922621,2.72299455470386
2.31982423729243,4.75235541292171
4.82173657019563,4.76424505908914
3.23439296690707,1.48863680279794
2.14808958201649,1.23520835489035
1.57744449554923,2.34914671621265
3.02432581393008,3.42770137248521
1.77183674081209,0.702516004443169
0.0814088126644492,0.0150647044052537
4.84258200575538,3.3142783938158
1.38719151719453,2.06369720604988
1.93476006786314,2.2211835066879
2.1838969414012,3.86933252198582
3.37136886344456,1.16892553307116
1.87563869162443,3.88756574268289
0.701303655466909,0.182953148148954
4.74877235640712,2.45445258161964
0.0598622204762902,0.252013779245317
1.75463778703454,2.74265665366294
0.238294743001461,0.183377134742911
11.9955789738133,2.87328828109388
6.25551672246227,3.43176639435773
1.05772525444627,2.19471185273471
0.804202641360462,0.523568084463477
0.646637391299009,0.4816540404226
2.5513932648206,5.18910821129508
7.39698631646943,3.73538789881353
0.143323069438338,0.0616993065643105
1.50096813953462,1.14887683838606
2.15559977284613,4.50018173803516
1.30217348504812,1.53351440680568
0.860617163591087,1.37038434296846
1.12898897565901,2.14421696021202
0.434311246499419,0.267510236240923
6.23534578051338,9.13491032222166
0.932791546918452,2.42191268867793
1.40898482865634,0.777398692491343
4.18140099680429,3.30310752971058
1.27656434290111,0.467660913890554
0.449314926128678,0.657045655883849
4.85902377565332,8.86038238584824
0.146430374773398,0.0583243472501636
0.974096199517751,0.704185787588358
1.19558140356094,0.478356333449483
3.78978558612948,3.81041644496803
0.877343038260175,0.658149253576994
3.92875356734759,1.66542247583152
0.441716160560142,1.15332231204957
5.26959336896367,9.65848014453306
0.214731194078922,0.113590989261866
0.882913369252293,1.03779902402312
0.0255408445373178,0.882573714479804
1.6958804129714,2.76630139342489
1.12494644057006,0.354149256832898
7.62999600007786,3.94343371672516
1.258444593288,0.680750616826117
1.07969695143402,0.667246468365192
0.351742966707953,1.22544774226844
0.996077245101333,0.429021788383206
0.400909373536706,1.49823724824667
4.75591116745896,4.00409225730186
0.868121053267229,2.0360440275723
2.71393663986566,4.56495829273887
2.40975550553742,2.39708530335667
2.52202715072362,1.72545927568319
1.74106916635273,1.17269547376782
4.50400982480064,3.23436837254052
0.795945941470563,1.50129495402705
1.4409426184389,1.17042194865644
3.37832827849274,1.15411452390254
1.65015742728757,2.67079718961361
0.744931932538748,1.6408959175956
6.56144134666691,3.78818812204485
0.685831295326352,1.41553129619899
1.31919994205236,0.392364955507219
1.4572812988514,0.711439439726597
0.30757952617135,0.813845679048177
0.64983350846428,1.60861092052403
0.692521600056736,1.03652163408697
0.559791972860694,1.22566691227257
2.3490724544132,4.19463689972587
1.63487082985214,1.7341381087059
2.94284192975445,4.85051466126866
4.93415870167543,4.02865903062706
0.132990460842848,0.113687404196781
0.622137012891471,1.0617135129869
0.0892674699425697,0.716418845579028
1.0036378223449,1.85146870083156
1.15956525318325,1.22802483290434
3.15248528851156,1.458543702876
1.9661036357655,2.57585332720521
3.7349514326263,4.64635448505111
1.67040235913339,1.33987204357982
0.617535810634952,0.192789487320729
1.09409231320024,2.89396046752634
3.38530493138318,6.52164345946083
1.28472976200283,0.381825813092291
2.32628728813472,5.24282250900693
3.73190071789508,2.21037925585153
1.35137656703591,1.44410538664999
1.08882696274668,1.49907799801769
3.6512384971786,6.52589735355148
0.479325738735497,0.170889285393059
0.85429506842047,1.92015080416269
0.611066213176765,0.207471581252032
1.93422966628315,1.73817182696404
1.07385835703462,0.269102910533547
6.85364225473175,1.87337262547555
4.38090846289821,4.29102810819573
0.774220756794506,2.0354088115597
6.46428509513892,1.84180684649398
1.74194555443025,2.4970325025821
0.243690193843555,1.2426729388535
1.59573200522902,1.7771423344169
1.9611857998276,1.63663283540847
2.07216119501909,1.16016205027699
1.919031254975,0.801346122287214
2.61806008211317,1.56645271533024
0.543029765666821,0.27529976218924
1.40579929380658,1.74490277647021
2.43768321502152,0.99087995942682
1.85083853749402,3.99551878107672
0.101785928068143,0.080779411830008
0.222241801209748,0.370143121108413
1.69654613166096,1.05843491666019
0.926431580446661,0.393009643234358
2.65717982119861,5.34668309588857
0.113615980928248,1.00388656075143
3.11689241586213,4.5150288202111
0.0209742217660804,0.105388846108078
2.94293272610969,2.77657616317663
2.26071612155976,2.86116568594181
0.501116064323801,0.206265736371279
7.72838942292047,1.9104239824357
0.999160554260015,0.40906224027276
1.22591303382069,1.23459622543305
1.00341035518795,1.09308691010837
1.53033575616928,0.90872754342854
1.34695803187788,2.29976581587436
8.38755575517073,6.43789906766186
0.700566056184471,1.11568829603493
2.48489539506044,3.53679865975348
1.22664602939039,0.708024845458567
0.390892217867076,0.313640467822552
0.645756364077527,0.416344391182065
1.63890572815182,0.541991302743554
0.539728046394885,0.336526425555348
0.315509317791736,0.266724155284464
2.72068115874174,1.38036996405572
0.600569128990173,0.182275047187287
0.647982072085142,0.382045346312225
1.61912659686362,0.767726237885654
11.3325705223515,2.30943544200602
0.317928810748646,0.707359427586198
0.927450938150287,1.25760411750525
2.24008183731678,3.40520233271604
1.54840638480129,1.88564160656146
0.87541572842747,0.504945636726916
0.573814043775201,0.226494806885648
0.942997722886503,0.576709358021617
0.24135766364634,0.111301939934492
1.19296717728117,0.605235835267323
1.28891182970256,0.419576037315286
3.01551601646428,2.8067404104579
0.107122831977904,0.123593345233886
1.46781249708476,0.998430370585595
4.35395401316655,7.73106948616815
2.24280056898472,4.00977400300984
0.377081029117107,0.565448632463813
3.42041493190413,7.09305826905084
0.723239836283028,0.44998889323324
3.36150807560128,2.31674439637902
1.77011954775991,2.2303830924535
2.26338247517411,3.31441712362652
0.787473252043128,0.352721658535302
0.650839672423899,1.06869550142437
6.06664288010368,8.89311019280806
1.0346267959103,0.457054662518203
2.52281198828461,1.76769193833989
0.814512313343585,0.214526452438311
1.83408168864962,2.79770400730853
1.06427390966564,0.312718605622649
2.13276542714777,1.04859463591129
0.0214068265631795,0.0579978693276644
1.61217007032576,3.55880762619858
2.71562469928505,1.03327475022525
0.903241988271475,0.998370106332004
3.08628051843389,3.48846755315369
1.84034189177038,1.5782031341547
0.367712935432792,0.398526073433459
1.97746061525288,3.89599862677937
3.15979738562101,1.07985439244658
1.69933655663374,0.508913155416145
2.80186439187057,2.06821301571074
1.60755785173717,0.66820856150473
0.982267785817385,0.496195436455309
1.42493854026544,1.29380884673446
0.21235189131771,0.119077272825282
5.37614920337625,3.8794066494513
6.5470992577284,2.40351354694905
4.34661609281726,6.32376944985161
0.239119572999332,0.232811508700252
0.566146155819297,1.31453382503241
0.187425034120679,1.14955268334597
0.264760907739401,0.205788958581234
3.20690361021047,1.53252001843395
6.14502929117451,8.94943461516752
0.363277279575845,0.126410577947723
2.46055286129781,4.94421876569219
1.52582958891037,1.58279322079363
0.244787110947073,0.537377312166266
0.0307911261916161,0.0563799943774939
1.10658957551718,1.17053240824053
5.12956831626362,2.88962388394361
5.64899502322242,2.53535678974333
1.69504832281711,0.859481820836663
0.24089271388948,0.0268309456016109
1.80224379516187,0.934845789335668
1.30211061704904,1.88467501840534
2.75599171212854,2.13112079575299
1.34865740966052,3.29494575276201
0.289000148247489,0.0461318437526929
2.19682394199865,2.69332844383063
4.82572831560798,3.94863122312312
5.65792681344282,2.77482060698801
5.17669891168304,2.60188627123904
2.22678960665109,1.3637571670115
0.249949185924483,0.192991113290191
0.0880897154493768,0.268423898145556
2.04028053759577,1.04584512580186
3.38558962027567,4.11534210277681
1.45897643712352,0.74409270459391
1.09008456776242,0.579018115065992
0.944985381327569,1.33702164422721
1.19422973133624,1.88706782079282
0.504808954894543,0.470006252638996
0.899200607091188,1.51709308466854
1.61825316390934,1.0581520171836
2.53341670139673,2.13233461408856
4.7265354057116,4.04043167440181
0.729073567821478,0.343097250908613
4.16008042313536,5.57031755115757
4.67582266343406,3.00994700176601
0.665003873407841,0.164624085649848
0.913547092117369,0.23123128991574
0.90873668435961,0.731388604074669
3.5411682462502,2.04738785318079
0.101621134206653,0.861631688661873
0.491158308728294,0.728954588994384
0.967877271585166,1.03508271928877
0.53257887897968,0.187473790039938
6.40421847965489,1.74416614501717
3.52506673178253,2.70280724755468
3.28353917209392,2.62619255474749
0.0147472741475175,0.643200159072876
1.05742568214684,0.811239589937031
5.68641528459327,3.37640707178001
0.515851269710631,0.707967375405133
2.74279447450283,1.93798612399503
0.11789919381172,0.414610164962009
2.24774241439047,0.959503908641636
0.20047288430297,0.298913205111882
6.67798775400887,6.89272592928181
13.003878559161,8.98464015820875
3.58845042420511,3.00333387254179
1.84570815964582,0.902140216126778
1.21231049485505,0.40776279848069
2.21762799835744,4.3143366386456
1.51891828692498,3.17463235167747
2.43640700160506,2.50085759899559
0.62256380263716,0.367143836015017
3.30176934987828,3.07072537453111
3.18641843257432,4.8593234082026
1.35858498793095,2.77354567853694
4.2144129370021,3.67738755775576
3.18455342170182,1.80255528717282
2.57362980200889,2.24674144192579
2.54648459135535,2.4501912369484
1.21492087002844,3.09884531034117
1.21075206529349,2.25585625126007
1.99807506745884,1.2828722903505
3.92058602331166,2.99223719147925
3.41565930081492,1.64324697711923
1.19460082054138,2.19213195509257
4.88830312688775,2.04970752439442
0.747583778006203,0.432928827830902
1.84690127327087,3.57242842746859
0.706692457199097,0.912383873015642
3.29437467811589,1.87483933373334
0.0823303898796439,0.353484126739204
0.1970050688833,0.36017382889986
1.03274390660226,2.57185187368634
0.467168026603758,0.629903498105705
2.21313144444468,3.96413457004314
0.902015564031899,0.526548911894799
0.87156861461699,1.35346480365843
0.588889242302263,1.41108196220341
1.48738978049698,2.19510191670599
2.73613825432005,1.01685863360763
1.20349217671901,1.49651344893073
0.374409265816212,0.31788961075806
3.1237242182899,2.90040132409162
2.00302857184196,0.986836132593453
1.66578077330234,1.36709685437381
0.0138203725218773,0.00137567991466042
1.60662214426429,2.44175617574694
0.454965970407518,0.557578172033893
3.70861633157196,2.21159774056616
0.578490730375051,1.08974091056734
3.08215896395927,2.59116471550407
3.15319535491948,1.28942361846566
0.170180002545753,0.0185856277543872
1.52734680651667,0.68707053270191
7.63415478410642,9.65096823075667
3.17294534676087,5.89965099062691
2.02528476334157,2.64435571423712
5.83538174595604,2.36068313001635
1.9219806677753,0.90433020144701
1.09516909252852,0.578639300109383
2.05099699637833,0.706306982785463
1.97933726935627,2.16006756379249
4.16108572085328,7.71637092116189
4.00452259166126,2.81347181631212
0.634054421447217,0.26817543618381
0.87026097998023,0.578966630622745
0.522554455325007,0.983513562008739
0.157569375451135,0.0239918362349272
0.528369517065585,0.770097653252728
4.26801627062108,1.68203244908693
0.291948956952386,0.761128261685371
0.544123940148792,0.443825410096402
0.469961454160511,0.45667056273669
1.03333021141589,0.756104609929025
0.259765088558197,0.367007630877197
5.343806233005,7.99348856094194
1.56009664191844,1.91004578425237
0.909266478382051,1.36605453398079
0.919138072058558,0.372737869620323
2.46153436779025,0.802038067543594
2.3811432532126,4.88204171110816
1.10755664482713,0.437104554846883
0.943642856597568,0.568499621935189
1.57866510367932,2.29162940747085
0.285661301575601,0.592723002543528
1.37748373486102,1.67338026865366
1.54741782472347,1.06866744160652
0.644124962389469,1.42212085825325
1.37921359669417,1.27429776250479
1.12411154899746,1.53537359639051
1.59606142519953,1.78729858613553
1.97190947449746,2.2716239298785
12.664302791644,3.57009052606153
11.5313401143612,7.23962186289655
3.69795991836076,6.0992755439497
3.57506045682316,2.88239765150433
0.533956495113671,0.226283765443677
0.0219432892495738,0.580720923841
3.19669288103528,5.47741669799688
0.0825838319814693,0.0152203465851199
1.36528818216175,3.12444138882642
3.59291546618295,2.82201189045728
0.151980936527252,0.658865434442202
0.687946029938757,0.239213813096285
2.68213644242826,2.49999658139488
1.40952315359356,2.58243574566188
6.01155676514652,2.43876527800205
1.06132770515978,0.730886791832745
1.09756657946855,0.518281763376315
5.58239957979958,2.09539723861862
1.14110414031893,0.476900807581842
0.661833670921624,1.49372837364939
1.37582996673882,1.00884022563696
2.66775566889885,1.21346948016435
0.0515706660225987,0.374763396568596
0.284387059670893,0.824581629596651
1.3842621454969,0.385758217895955
4.48868579019733,3.36879380775576
0.534422253258526,0.138741633335554
0.68606657255441,0.815167365595698
1.10193212144077,2.6354389040822
3.0499394906867,6.22857436504135
1.69507233603838,0.652877700515091
5.62682327737796,3.58230902237778
2.08108395329657,2.5113913527781
0.294826552513198,0.440427271649241
8.42876796228635,7.35382546069932
2.27078924319687,4.2464089055819
0.00402566196054207,0.224528909024334
0.0564111433326339,0.150311390098498
2.96933052672033,6.08285877074967
0.033372700634195,0.387435714627664
0.181913484819233,0.440101844473295
0.246520576067269,1.2383077275008
1.05212729796767,2.50040096594932
1.96656831904295,1.28036864008754
2.8794157543143,6.03757738276277
0.558937030695759,0.212680986151099
1.50278380504789,2.09890773138943
8.70577583411589,8.03377918484521
1.69479872018948,2.05930398833808
1.34251248650253,0.389572880230844
0.282626031897962,0.565576483495533
3.30525569274695,5.674211590765
5.57035775449047,4.46531044294067
1.15941125433892,0.532312728464603
0.747171498835087,0.246997170804441
0.279069715179503,0.827180325984955
0.200255112746021,0.210126901976764
3.97862327082043,1.96097188248279
0.0332592893391848,0.00647043117776801
2.36277897275033,1.32777773983958
2.1541703937679,1.30199973098934
0.978414033539593,0.983999490921081
1.42603508747163,0.847301517630919
1.05319766607136,0.713380881585181
1.11510887928307,0.722280434231255
3.39973315782489,5.83042523231278
2.12713126643541,2.85851453600411
0.0530194520056884,0.0338092027232051
2.27081759801797,0.969422343187034
2.44962621471825,0.807721091730438
1.84992190442028,3.79586415348535
2.27022516553394,1.80038851627894
0.107343270722691,0.0244424610095608
1.24517904035747,0.55346869139906
2.4943343605006,3.88045300526505
1.46599081150236,0.604293332226432
0.750287520699203,0.180279150605202
3.61142721566643,6.31530564989815
0.687639620155096,0.413042198866606
4.59965299417205,6.8692914767279
0.578889264725149,1.58785807146671
3.11023105664139,1.32264768239111
1.05971863120794,1.57100548214259
1.04143330734223,0.846230423077941
1.15905341971666,2.80508244003389
1.0204116711393,1.27709825336933
1.59945224217119,0.525408829562366
7.62493178496446,5.23060015191264
0.680860213004053,0.624438686296344
1.04238458070904,0.665298393927515
0.543027019128203,1.07763320370182
0.114766782173511,0.0607449654489756
1.42157048035368,0.441955674348876
0.143556093756287,0.587555147016309
1.27275939751416,0.946450074203312
0.383225174620748,0.97392971906811
6.12643770839939,5.29031226386256
0.20310771802234,0.301482058140953
2.75581519297304,2.78127446932054
2.26577257729116,1.26591006107628
3.33675268086804,1.27211144287139
1.0336848506704,1.76261817841771
1.27490900922567,2.94815593196039
2.2020187050749,0.711643729358912
1.80065095975044,1.22149667330086
0.905533378012478,0.342387714423239
0.647040071897209,1.39955948098543
0.0102067068219185,0.00290879420936108
3.65569303167944,3.62365512905603
1.2923595196716,1.72734758774309
7.43106274601576,5.49727597434945
0.515664839185774,0.111768986391253
0.964816844090819,0.361635329380623
5.81241293217907,2.66833958766403
1.18603861890733,1.0100598661229
0.317362478934228,0.8015057137236
0.476454835385084,1.08041802722114
0.706844395026565,0.634411406703293
9.91753515914874,2.12110226997248
3.77218597365503,1.63226402728798
0.527717610836838,0.478538232855499
4.05092821625953,2.76791838175597
1.24725458677858,1.25871281418949
2.11006211816107,4.41344973792262
2.47964941515567,2.88046902028804
8.84176393801083,14.3879356003346
4.34398190279431,1.62212672262433
0.516819699397031,0.100241555832326
2.63827642976286,4.19559021753863
0.247884434647858,0.0264328699558973
3.15420999733691,2.34086456513944
4.39996149971967,1.49055534860285
2.9520635230649,1.43244275069776
1.91573202229085,2.56836810703395
0.624006426760966,0.468804505653679
4.97468870480485,2.20353036179187
1.07436045346349,2.37054008982124
0.264561137991332,0.446338693611324
0.639450500042899,1.00589370659045
0.615011775866151,0.216950376083836
2.5929184052253,0.958430317230523
5.94637552897247,3.96405631659513
0.736383249275262,1.22415652684867
1.22441761009395,0.844190323725343
4.06071296317463,4.75767103929944
2.53790484546664,4.40571377028651
1.35554878879339,0.929830309934914
3.38068791462069,2.13107050760629
0.681358996778727,0.280206033959985
3.61628070456867,1.52453539698365
3.7401668949235,1.5674272250692
0.0233328180114451,0.190133294090629
2.72276934414151,0.985275671817362
5.43574429650731,8.83590511182203
2.19569172014422,2.08966883449795
3.72692772356753,2.89442424086814
0.760324290022254,1.22625575400889
1.42024687296691,1.40768504879417
0.843356267549098,0.987616378813982
4.4162225365298,5.8502766039587
1.44846205444346,2.21090413249078
0.181214095284783,0.251224760099401
2.53847242697122,1.02374874986708
0.569531922228634,0.139573408216489
1.98050576812568,2.09224894757576
5.2407202159328,3.34833667410498
1.31461167056113,2.74154027543011
0.0767998660758995,0.696609739214182
2.96991901887774,3.25257197926151
1.71656734674218,1.95825088015738
0.242606329731643,1.16649902816051
2.01473462759497,2.10582640758696
8.66647271016493,5.7782593813158
0.527078936126905,0.0960860988125205
0.0596121297781673,0.128296430659958
1.63985927580836,0.486191148869693
3.2855452558208,1.38826342104914
2.45605236469748,0.829806572757661
0.0617785286158323,0.00678495969623327
4.84131758262343,4.09909826127772
4.55439636458583,2.84879727644806
0.993143487721682,2.28406574429944
1.81774276114049,1.82667307733538
1.73586695446613,3.85751532746439
2.54398878096583,1.3383594751358
0.615965498997059,1.16770373471081
0.586382976017928,0.415038931183517
1.05345058906823,2.67600305742564
2.08751310532994,2.93608411417827
2.37730704984608,4.43446555335946
4.39373899666891,6.27199448611508
1.84624688505175,1.19888345338404
0.653493889607489,1.61346857038503
3.86821876756507,2.22970981887522
0.914472321048379,1.35668049380183
1.13605870306492,1.05155025795102
7.17435906412912,6.37646533515225
0.206043559126556,0.106595475226641
0.0247179728925409,0.0438661686693874
0.613050946965814,1.0685387160629
2.9337439125586,1.27741974033415
1.96183330760985,4.17138200978287
7.30682424786401,5.25843677272029
5.84305920677875,3.13328181196131
0.232194045191515,0.171542979776859
0.358997357028188,0.824308536015451
0.486553106456995,0.3320095946801
0.0165739466486836,0.0165063295053151
0.450775043107569,0.960053646937013
0.168273178058039,0.0935412615744286
0.310434469606649,0.323187723755836
1.18238766491413,0.919843313284218
0.0535491408778857,0.426652599089862
1.5932731592283,1.77094775243642
1.83012726335766,0.628830708563328
1.19367641583085,2.84702172943479
3.96196021122818,1.27656786423177
0.967892555700982,0.810389332473278
3.80259947834497,8.00984490993333
1.96797741754892,2.31141991718652
0.925940818282517,0.426955740885184
0.101613835431635,0.290329474902746
1.93495400885471,0.932577802799642
3.1971838211823,2.62146952181103
0.572805822826922,0.145644064061344
1.32762636058033,1.22608736902475
3.53441559134011,2.58947024113479
1.55081432304325,2.38672934277895
0.449809575453401,0.338627802208066
1.15333136264235,2.82627148838694
0.343677928671241,1.10151640884578
3.6300859673131,3.99990600330715
1.02850017789751,0.676210544267781
2.34704112439396,1.22712078318
0.207264705561101,0.434166939929128
0.335965988842245,0.638224523514509
2.94209567197306,2.16126057869735
2.07953814967516,1.9769985898489
2.79909669752834,6.0376142558075
1.70019953562386,1.71280234298649
3.09964016808157,1.84153907923939
1.37250379193574,0.864887921139598
0.77367309294641,0.361453945748508
0.172757209554768,0.346981172449887
0.114070120862657,0.0186464173056928
6.28597177979117,1.77484165309908
0.619099350646138,0.90564080234617
2.14273443250897,3.61161791280132
0.150215914472938,0.123253637265935
1.37008261494339,1.3962626694169
0.564595194533467,0.0976591492071748
2.15997449672761,1.84694941892269
0.406676260754466,0.472318085841835
1.00704253464937,0.742470955476165
0.813299348577857,1.05050342343748
0.578895520566919,0.255048516206443
1.67993512908815,3.75448467565661
1.14828069787472,0.966933654561137
1.22343668341637,2.77626053204896
2.66001611753347,1.94170596069636
4.38237187613673,6.26594735648403
0.946050252765417,2.00101336642149
0.360200393080746,0.121889079920948
0.609074623002275,0.585144864395261
7.80162019182292,6.16052618589173
6.56845022704373,2.7434517032558
7.92725751148194,10.4833270044704
1.78483534595909,2.97281586362009
1.61804165946527,1.47423232338371
3.68733002271266,3.27121766742569
1.84316889933291,1.69614775284174
0.277982793808899,1.01664766762406
0.662152003496885,0.729463712112209
1.26234929915518,2.64627334486863
1.03776030428708,0.45874590263984
0.571205211803317,0.910077244974673
0.238231902942061,0.705311195924878
1.59074496096911,3.41175607202535
0.212738420814276,0.486291971988976
4.36841987420745,3.42447742802982
1.11501253116876,2.11485968521776
0.331698756664991,0.19058826379478
0.813116329722106,1.37895425315946
2.62851771331372,2.21330054131546
3.53053879348521,1.92361472911181
0.241706888191402,0.0554593093693256
0.179324274882674,0.334987563235711
0.444981457029095,1.05452617723495
1.42558463937251,0.487117824144661
5.09950974185891,3.03988362480084
5.38369211901851,7.97831283095193
0.701354132033885,0.355155823752284
1.32115275133401,2.25662379144671
3.14994610084181,3.27806799650313
0.859689182601869,1.47958145958429
0.935587377287447,0.958010639995337
11.1382689040182,5.43971827228494
6.1832691946347,2.0293513163084
4.63538565021542,6.51972265507946
2.19573977150611,0.920104052871466
1.68038885684296,0.599787884391844
3.170238968088,3.46204797534232
1.45963236430938,3.16783088576006
1.17872472759336,1.13241909834368
1.65460641114953,1.04848138615489
0.0868813218548894,0.392083700323869
4.28746625383325,4.87246881027646
0.761462028760554,1.2350049642846
3.13252215269444,1.1099404450506
0.746288699097931,1.79731855969457
0.939883962954489,0.32956278603524
0.278862898238003,1.0531639046967
0.0978483175858855,0.0121459765359759
1.74919594815912,3.47845267308076
1.44756017643069,0.624259423050908
0.720469011084177,1.41031382063694
4.81336088080831,4.1655566709869
2.94296244467841,2.43754113119423
0.75130964789725,1.81883138782325
2.96090643091087,1.35878563299775
0.509085926227272,0.651833990033776
0.374684336753333,0.515388886444271
0.709006380289793,0.545668673734729
0.354249329178287,0.40762743779371
6.17696467008362,2.64411678529325
5.10879864145942,4.52690195923436
0.879691506735981,0.348613182082772
0.841814494691789,1.0456630266225
0.252593418436142,0.0313362097367644
3.19081240377683,4.50394645680614
0.241712067276239,0.583185844123363
1.65242530335183,2.37369748569074
4.08896110190039,4.6338270192308
0.27257862897146,0.0489332806318998
1.39605183648552,1.83830452888253
6.2741481211401,2.00096471886946
7.48509237146306,3.03231389287924
1.1139112431556,2.34393287814202
4.56400110174842,4.08930455131416
4.07887778041844,5.03807553251214
1.07393467705697,0.632229717448354
0.140704483725131,0.782513370737433
0.614901929162443,1.3516354765743
6.78556668724785,4.10622498748784
0.413570787757635,0.354355429113283
2.14538181564751,4.07931900380139
2.95641165209894,3.41559356434231
0.373720142990351,0.243920704235465
3.38269100693946,3.54919346777682
0.773141217431872,0.775620394123873
0.679934861138463,0.304507195018232
0.17376424597717,0.256054272660646
1.39813553701928,2.65664889655056
0.182519036207144,0.119000191800296
6.69289424981842,2.26488734400811
0.94738164357841,2.03509823410752
1.90093553244116,3.54998689873104
1.00907804607997,0.741384226828814
0.0346285421401262,0.525320139713585
0.220861533454263,0.144764657921608
1.10281064547598,0.274236460830743
2.80840027315502,2.45777120805326
1.42147037429116,1.84358725998511
1.19028576277196,2.35291746250334
1.73327381951924,2.81594960907281
1.71332312426448,0.583521131426096
0.0934376567602158,0.00802880804985762
0.693200158886611,0.541706770658493
0.861041470430791,0.709534973837435
0.0930055607545282,0.630096287466586
0.308747546001504,0.183976032991808
2.6292557901794,2.3842841143811
1.45785637564006,0.576315015152794
2.11765277004781,4.21456888665385
3.46945404989605,2.21630854709985
0.779555461369455,2.23614851507868
0.354222683236003,0.342566738836467
1.32750140875578,1.18029058352113
2.17359617136333,4.16110537145649
0.197039945982397,0.0282499920576811
0.257158333643108,0.0567226717248559
0.825450434349477,0.614731105044484
0.121948034502566,0.0850766487419605
0.420139613561332,0.567397563718259
1.80101505658569,3.2522035872746
2.26710098414662,1.20395279303193
0.280589015223086,0.328372350893915
1.25991485640407,1.29620671551675
0.416063838810906,1.44270244232359
0.285096928804146,0.598020647652447
1.79061758509817,0.947570027783513
0.287998117506504,0.0937645980401256
6.69374079968701,1.88818119457903
3.23607579974418,4.54028616447873
3.46558980369115,2.87585187686567
1.13944199681282,1.07585174962878
0.146918778871899,0.276362046599388
1.02339994907379,1.29970143456012
1.70414189954104,0.837013342417777
2.62009954257848,1.28549211286008
0.673964132851544,0.410402907989919
0.332214336584687,1.2339373845607
0.0350246599831959,0.337278665974736
1.86804272971096,2.39362923978808
1.52851588866615,3.55821403844242
3.9391957594264,1.80530550322475
0.0953341936692595,0.208774114958942
3.2796135964086,3.36583650042304
3.48017539812212,3.41049886105542
2.30532836235355,1.58793980247321
4.52984136690326,7.06969861271692
0.385164877777599,1.39781615502181
0.574084358551297,0.377933523035785
1.1731608081609,1.87390878415647
4.25752836813159,7.45732296327806
0.446434512734413,0.308558067652964
6.97546852710557,1.72758190748788
4.35201076765485,3.33031808568125
2.27245416297557,4.81652790908375
0.382320846430957,1.00741443224251
1.16429019719362,2.98384852676358
1.86833885085258,3.1138558758605
3.05267561955338,1.31240963470191
1.33596121985465,3.08132375954262
1.66546206992648,0.601109504699707
8.29923881175828,3.609349489044
0.0508418235845919,0.00883695110678673
0.116833063681094,0.010873490524784
0.628120781572878,0.521373809494939
1.34919721726328,0.663921801359084
3.8512616677392,2.14981490737739
1.29133794084191,0.630000809207559
1.96792669772151,1.64636007473797
0.235030623152852,0.067438182539335
1.55145538776162,3.05376535535806
1.00124782827138,2.14553829832914
3.01420369354968,4.9137789418263
0.904044299636294,0.293785040833942
0.972334934398532,1.75075528017225
0.838002460077405,1.5321572831923
3.09707051126247,1.17437215363944
3.02910029993519,2.87127407623415
0.0283561569802611,0.65105361584574
2.13346138215604,3.58617741970306
5.82914647426376,7.46479515316797
0.506728120148182,1.66119789696279
3.44435130787973,1.72130646211402
0.521302911452949,0.222391663552501
0.585387733764946,1.36371556390077
10.0152576895137,4.08823373151903
3.47756931913977,3.65791532380467
4.49388597857905,7.90255556586099
2.12476748964729,1.22122018411756
2.7251424807215,4.72099022169538
1.20528036169708,0.380396655386734
0.321129768144717,0.654409996331664
1.40577317367393,0.454937558621168
3.47941972033551,5.06219786007829
0.0182539587840438,0.0013570201536454
2.13653757042232,0.786095093004405
8.14857069733453,2.49027469187024
1.00322752632201,1.73423910877647
2.67579924120548,2.74322326100411
0.64498725308379,0.203927991911769
0.676588326692581,1.24838440492749
0.450583668192728,0.0788450660184026
1.38057025428861,1.16532450634986
2.76223539552631,5.24887322778004
1.79179467427459,1.43072311385515
4.49171515901513,4.59201373507209
2.28732921174707,0.868331847712398
0.34637048063242,0.713958824425541
0.85876383446157,1.28032734338194
2.88344123570209,3.81961786440271
2.04699208020213,1.23388303164393
0.242391188371978,0.147423944833182
2.18446274093332,3.67415222508793
0.565757789649069,0.852257503196597
0.861015037919595,0.728040441431032
0.0647795842960477,0.17227178496283
2.57282332508805,1.29265512432903
1.3213939294219,0.495356563478708
0.680967998690903,0.470122396945953
0.968899212777615,1.16794915683568
0.325482989265114,0.272214990056091
3.10829469544773,1.30147069133818
2.65726548238638,1.94290041838165
3.08092516271358,2.99175501522771
0.355824965582703,0.305210711616075
2.35749657214222,2.28532618462088
0.829864170919514,0.414480521343648
14.0026929077797,12.8220291236969
0.359123189940462,0.170214529768868
1.26387169535586,1.99601215301993
5.20614488770194,2.41193783912823
0.0800153566524386,0.3488266216591
2.22910623425233,1.64880665569546
1.14224483724684,1.86105734101477
0.483128727413714,0.0793299939117141
2.74912748291137,3.11171231402044
2.15218657805564,3.5465285888124
1.56404338581204,2.41449689484181
5.08617691297956,3.42297073064332
0.835873109288514,1.35129251237959
1.01725079677999,0.248262507840991
3.7056323623467,6.56690496172676
0.657148412428796,0.661584982648492
0.43256749802505,0.625617001205683
4.50022624105084,2.66678031345004
0.0162304257974029,0.864612472243607
5.59085056493817,4.65519078409943
0.804497445002198,1.61689579114155
2.08497782960655,2.5962685830051
0.693610289134085,1.44975890769603
2.05844529150965,3.32168728096371
1.26221818570048,1.85194481979207
1.49054780966582,3.06045091200949
7.03651414397073,10.980568024673
1.46194308242741,3.26942774346323
2.45457639202631,0.85440993309021
3.92642810178881,3.21387286467438
1.75609838581624,1.74034903178488
1.38587075099349,0.962306996807456
0.0617686831368066,0.403489626944065
1.66132290466669,3.6425673214901
0.523726748196046,1.61439161553028
0.824662905186415,0.592134882695973
0.675560462288558,1.44120912245455
0.223568284884095,0.0586276510730386
1.13694177940488,2.86762164532278
0.523700142761423,0.850148503668606
1.74369656844976,1.86126313474014
0.558167850951626,1.49568801328811
1.64050612512614,2.53654297432842
0.362916922196746,0.208169828169048
0.385332099162042,1.44627052909675
0.297255538403988,0.467525208368897
0.0115205143730839,0.542353187687695
1.55504721552673,0.80135109834373
0.799882988445461,0.808498321101069
2.06350357263329,1.6928740608597
1.78710922590437,2.44905616148355
0.615804295986891,1.80203353418949
3.70174721104261,4.77310049136109
1.92144847652855,1.25930833350867
0.158392750658095,0.100941272332651
0.718061940744519,0.285452699288726
1.02823400963098,0.346092945896089
0.0698625529184937,0.521240822970867
1.21164310444146,0.713786480948329
1.01758231245205,0.269267805216161
1.40034497008329,2.38119387804511
1.76778847157004,2.08605552270057
2.90748846141582,2.9641959069479
3.87942225096707,2.09321301980856
1.18840219881093,0.881171198561788
1.71369612581077,0.666983789764345
0.330449174384275,0.416610418818891
0.647550947032869,1.40295149004998
3.66277877597098,6.85464802350769
0.626238694414496,0.621877302873376
1.44752599070015,0.8855806812644
1.04353993479162,0.623173919188027
3.22589626398294,1.64394119746032
1.53543925835731,3.14837282517389
6.02031032707462,3.56662533787971
0.407637157421177,1.24446754064411
1.63472809075358,2.85849080818358
0.175460473634303,0.18079330832965
0.176405129954219,0.271051960065961
0.312213598750532,1.35133773181587
0.315523727939121,0.683328064158559
0.881308807991445,1.79412144392856
0.75730075314641,0.942449234426022
0.0536558805033565,0.0362692706585349
0.587385517545044,0.130373619496822
0.705694655887783,1.14861632865441
2.00491040750387,1.042577420447
0.335586033761501,0.119148001488884
6.66889058019886,1.79938979316724
6.2221849110342,2.99663463972607
2.07165995604339,4.64908881087728
1.47369280554761,0.42003607332232
1.46343260622563,2.97111812217121
2.14944459489527,2.34469576544108
2.74342349163237,1.5611002537513
0.276670324616134,1.09774963278323
0.196702041324772,0.941921004094183
1.40626164006739,2.14855040973964
3.22310761916818,1.61215861100659
0.639135569007276,0.354575574011339
0.594271907582879,1.36754543241113
0.601625972427428,0.32673036120832
3.37497281266337,2.83528209460859
2.70502868472579,1.3897356531134
3.89370714483743,1.91634369744904
2.4411435163671,3.36209057801062
0.425669225864112,0.148623116661651
1.26627251133323,1.27837479766458
0.116179517905634,0.199887803269647
1.63566886811497,1.21960909757763
2.62061176999452,3.02060537780696
0.249298968352377,0.327910083346069
3.13165692595725,6.34924960102806
1.91254143222215,2.45857419437709
3.3761253839541,1.76225027806106
3.07119538160485,6.23450678553352
1.02958457078785,2.73037296338918
1.02427115105093,1.4121673106307
2.74146990469637,4.78601442624755
0.672875304439036,1.69439109038157
2.22940927405176,1.09842405468225
0.848064685240388,0.622366023611021
1.31737410090864,0.931471229530871
1.02495342865586,2.06863502404633
1.50264004982057,0.621826487593353
3.55945746583824,1.44343744375372
0.83873473200947,2.34108847930076
2.0682835203822,1.99284621133449
1.28931372333318,1.69329858376625
0.159023381769657,0.121367081068456
2.9977999923933,1.21416399907321
1.43832267676523,2.50953741176965
0.343260508961976,0.292738812975585
0.247719160341871,0.306937694549561
1.82148526771061,2.054515350526
3.00047984932892,5.2659575526876
0.638676939962555,1.78180783233585
0.0511307986453176,0.103047803484741
1.8265153471231,0.753087827004492
3.18815708143597,4.85341361127859
0.110833446506585,0.276027164421976
0.980687972883622,2.01815752490404
0.162192432209849,0.653365750797093
0.267740427516401,0.072204515746805
1.40481042961294,2.48365880168023
0.141769855283201,0.497282332740724
0.17493340035023,0.250812670215964
0.541871596127748,0.638123684562743
2.95788438973908,1.06003368273377
0.438761499710381,0.237696881370779
0.407657246105373,0.762499345374617
2.51406829423251,4.08941538987641
1.06435999460518,0.32901962660253
3.11129265634303,1.2435186104849
3.2007125688899,4.81792595584817
1.12504911702126,2.31569525155082
4.71777044463847,2.62303165524247
3.45951535768275,2.16653903006556
0.492908630520105,0.937675051391125
1.86575628454046,2.4069493540276
2.58947898439112,4.97385973085589
1.34961140155792,1.87595183393898
0.389592736959457,0.0762763293460011
2.02947871751132,0.865384933754385
1.46287660664859,1.83817159934881
0.475846006391594,0.271704345366132
0.898811017295199,1.83019482149723
1.19740882236511,0.399260603822768
1.30650687497109,2.01717297351899
3.13960036254187,1.24125942029059
0.885205294936895,1.27479306142777
1.75915030754151,1.55224576054443
0.238674471154809,0.641391393728554
0.917798237875104,1.94591352032583
1.79504034287276,0.696507683955133
3.35515143052358,6.76590418250063
0.464694351889193,0.621945524588227
1.32221019547433,0.847003510489524
5.98560542081578,3.93585057912355
0.200720209628344,0.396016270853579
4.22049579371638,1.6213011740798
2.61249774313512,2.37573128744009
1.29161381162703,0.894636980257928
0.329853279516101,0.124260987099763
0.912277569063008,0.316586652770638
4.44875561793275,1.38799682064893
5.18168862511344,4.36643266790632
0.196072880313892,1.03757260438395
0.125497216036781,0.0106776455023233
1.34352694028623,1.47451760113374
0.54718904197216,0.115141486749053
1.43531957446578,0.912499901838601
1.07933076657355,0.875573769211769
2.06412065942292,1.01093327347189
0.226216072126161,1.03038277383894
0.415784916840494,1.13705112040043
1.71164933714917,0.754694299248283
0.496550364419818,0.628811577797201
0.236504673026502,0.508417115827744
0.853749288613879,1.98703019866021
6.036539658568,6.57577203180561
1.10892856027931,0.552924400653023
0.533950475975871,0.101630408316851
1.61095191020292,1.49555494255366
0.976918000727892,0.999990555457771
0.141061167232692,0.0130739537999034
2.5352889894599,2.94241820654418
0.556094436509849,1.62958618431332
1.55572689688745,3.69941705075984
0.100451451588683,0.0415780325414795
2.5524320527071,3.87950290350204
0.9474464841187,2.05963661140742
0.667923384346068,0.284249420277774
0.158759559504688,0.0147976856168678
3.28454154952983,2.21099021277371
0.182279534360967,0.125128579322731
4.63268460680671,8.55252817967787
3.28038641421084,1.97630227348747
0.180594019591808,0.279899469614976
0.446553070098162,0.533212028443813
3.40609458817129,1.95620277888122
1.7946898489564,2.57921663290801
0.0171219613403082,0.0303378487117033
0.613291114756919,0.685246957466006
8.47614534984768,3.41175453348045
3.21615521899345,1.57883678856978
1.27511292695999,3.25536345673685
0.569111901335418,0.849105554145162
0.468043129891157,1.0935594169423
1.7901989481503,1.84060971803012
0.882950769737363,0.558357184752822
0.831144572235644,1.70313912467483
0.00772600993514061,0.326803931599877
3.233686953615,5.24298301686473
2.80990052578931,1.94946337855401
1.02883982099593,0.528118970803916
1.31950651761144,1.11115418653935
2.76905372357907,2.45243144585731
1.44577187342825,0.469333155897223
1.59814909670429,0.90149210114032
0.389163320884109,0.333743161393732
0.38670158572495,0.405242917127907
0.0663336124271154,0.964623960666358
0.709011737257242,0.566229396499693
0.592177681624889,0.725154713727534
0.579465030692518,1.51553840300738
2.04457006967607,0.899804806336761
1.42048702566865,0.997936921194196
0.262363431975245,0.455809018574655
0.336782525293529,0.596902928315103
2.52786215386334,3.94662494014539
1.86499277121367,2.99254580942874
4.79850082446761,2.31131912200692
0.254538273438811,0.988732757978141
3.24481520039921,3.12118457957246
4.97512328972049,8.35674051144972
4.79104756911225,5.86548788802031
0.0100232417993964,0.240493121651742
0.177266198210418,0.813307942822576
1.077547037974,0.563923297449946
0.312129447236657,0.219480902220062
3.11220945773606,5.50147845198341
0.829689682461321,2.35959299272838
3.33033686816738,2.66291840750708
1.33902006782591,0.87157838512212
5.78885848903344,2.37122746548595
1.55274428791347,0.615833221622858
0.503364135109905,0.995375954546034
3.27944412797555,1.24950789993846
0.0120447799563408,0.00708515290170908
4.48813580623628,4.66944789342823
0.883478716015816,1.73411350875142
3.15948399884586,1.74245470753851
0.855836777016521,0.578019305132329
5.39733429750083,2.74345439850333
0.626614898092886,0.935509847477078
1.29838179051876,0.441483249391521
1.00823671743274,0.931777982972562
2.28689813046696,1.39493352383663
0.666707653552165,0.632939280514477
0.100204742513597,0.185899380813937
1.42854527314538,3.36363668595892
0.271588358930645,0.302858752198517
2.77048253259602,1.94432502976599
0.504299727268517,0.142126839607954
0.841445892117918,0.24713655529109
0.645755836022849,1.51756649931894
2.58005844048204,1.1424629567191
0.233014919795096,0.111966535003319
2.7021918389106,1.56774884974658
4.77660101999469,4.89999791655228
0.219018329226615,0.207076758146286
2.95149123460695,2.32787553026321
1.08965323649785,1.95382513892509
4.96787066359944,7.94792688968492
1.33732501696795,1.32663111854345
2.79309193028097,4.63098668654389
3.19918873889332,2.21671195878627
1.00083484873176,2.59631378195229
4.60177170832582,5.6755237575985
3.00768439454918,2.61452043234351
2.39625310516896,3.5348040012825
2.24026093623581,5.04488356758781
1.76160960733899,3.72975933907514
1.99945776342394,2.79384081050918
0.222986102063321,0.0558959124609828
1.01479803677648,0.696404214017093
1.06183287780732,1.59847602645912
0.42671209294349,0.918564659543335
0.0218172762542963,0.606164407154192
0.446562984026968,0.12058643810451
1.36241308413446,2.81053594957985
1.18322025705129,0.770239908248186
3.29382090998774,2.86449229969398
11.4493426971867,3.12634431642038
0.246068243868649,0.0903463056311011
3.90664855746512,7.03425205829454
2.2245107962841,4.87505307395883
1.87076596509743,3.27001504583244
6.9742974848079,5.54182520111032
3.91854165105109,1.70502748080521
0.00217870809137821,0.791729009710252
0.979974109126469,2.19783041245284
4.7304417718766,2.44585118248107
8.60800001719847,8.64563132393222
0.176476089283824,0.401449207738047
0.594767590557869,0.379292425594617
0.593264076545723,0.423630740023745
0.294817282184089,0.268475959144556
0.814657645300031,0.724051622673869
2.19301618813517,1.35055229067802
11.4507442468585,3.55145518837457
1.53540435678325,0.510709600523114
0.339263822968887,1.29256168939173
0.125259071123287,0.496798540474324
1.93620987786891,0.784625858999789
0.342496234800457,0.667213690674559
0.142482678665945,0.413691661296159
6.71798917617569,1.97091871305349
0.262958789637596,0.432105422019958
0.0573138138279319,0.295791372656822
3.18598945833079,5.05266738872066
2.93084281450823,1.23458372242749
0.834175840011158,0.259654914028943
0.317029560916126,0.819630888290703
0.750442353077233,0.346583014571234
4.30304661622968,5.81043939656383
2.59216221413555,4.12740174291616
3.45226212256282,2.96969421936159
4.17325510719878,5.42758936782308
0.539129337876849,0.283264760859311
2.08706799699905,0.822080253435758
0.193272560834885,0.133558321234747
1.89717941722813,1.78661488733234
0.00104551469522409,0.217338937501618
0.234195113237387,0.588645747862756
0.965296034701169,1.07653890363872
0.243043596376814,0.449758405797184
4.80072144766278,2.55589474356713
0.0146963556036562,0.278613658621907
0.397053766995668,0.622655774466693
9.37758181193724,4.27028175268684
2.01873836657944,0.940590890022708
0.998414798639715,2.4931030216718
4.24476800462147,2.52887530802729
0.168233508244157,1.04929716978222
2.51875517881455,3.43028899637942
5.17517822583146,3.49650964124088
1.34301792923361,2.51645956366303
0.933211089111865,0.226431339047849
0.771068184636533,2.16899014069679
3.39309097809677,3.28949148191099
2.19849712165742,1.22708148043603
0.101882033981383,0.930800180882215
2.79832937081716,5.4794415568275
0.649695782379182,1.36730604618788
0.672634741291404,1.43208482881993
2.17336066617611,1.56424241045958
5.29492649783321,1.54820970251205
0.885865775868297,0.330606617033482
2.92715042218638,1.36352098081261
4.64479784140733,3.76001505536919
0.770869198255241,0.499731438234448
1.94629239841344,1.32019691448659
0.989889920689166,1.24105730839074
2.22578668399694,3.52176826430445
4.39189040263124,3.37759923173075
0.979335614845977,2.48498153801452
0.040041415698208,0.452900782128049
8.51703426936522,15.8144387779829
2.79432154802566,2.20027245572748
2.13384756437483,3.29948575405364
0.321117248149041,0.228428343310952
7.17595581700482,3.1432415083837
3.01180772412637,2.70610759212616
0.0205770920478721,0.387987300753593
0.897426883690059,1.39254400411539
0.434375351315928,0.413548908362917
0.510097688063979,0.279023109935224
0.183216176834133,0.0333583460035604
2.31428202046993,3.11534604457387
4.50139403268133,1.7415141908885
0.165150339186123,0.425569391425625
0.468791898339987,0.779812544042587
2.49789279877188,3.77944609440474
1.70060536856111,1.28220839332789
2.69720949969235,3.90388561395888
5.03641876797369,9.83542987845154
0.318136102519929,1.05479474086314
1.57601711145582,0.763967940583825
0.0796124450862408,0.678976997733116
3.03390422074084,1.63361145361307
2.62169581084492,5.38325036664434
1.07282729260623,2.63361841245534
0.79203075543046,0.218506764620543
0.193197421502452,0.360753417063603
2.15381219974699,1.08716297743581
0.962233022786677,2.02943772627952
2.83837410622341,2.64500579043272
2.88132911912717,1.1857675164938
0.286195102147758,0.24639873766972
1.82935807659271,2.27690048507395
0.229457247857873,0.152944833040237
1.52796156649508,0.552643612096519
1.89503298381331,0.832180208526552
7.63948143604112,3.41686121555188
3.39806779084687,1.80022794117753
1.16988155152649,1.57649092181566
2.03290326463433,3.94878344917842
0.956887179646973,1.6181156336421
1.08821607194841,0.432574430517951
2.16516814186218,4.61525554676977
2.181194672277,2.94665220363026
1.07831323333085,0.510527481324971
1.62158374082921,1.88985931119862
3.10800999815046,2.81600560603623
1.79115216239336,2.06980611748042
0.592043160460889,1.14647733885795
1.16904962528497,0.864826266653836
1.42270671038842,1.13341833930463
3.73519671691542,2.17927377476337
5.33725429673619,4.45539956674295
2.95461693016772,1.71588985427263
0.459258847869933,1.00757732149214
1.63184502135018,0.925054064951837
0.00696761440485716,0.0720925917848945
0.861089090816677,0.683469159528613
3.12987872323904,2.2254874742681
0.455654167350468,0.161571355966868
0.398264165967703,0.51151276845485
1.4487820229787,2.0917771103883
4.71931872864194,3.30967786518817
0.456839086544194,0.578159803544478
2.08459582171383,3.89599251357799
2.37554679616334,1.64203494154311
2.7749096265245,1.20916635915637
1.00547777116299,0.304928145371377
6.37152887847195,7.18049265029741
2.94081952406054,1.60688993544561
4.45072375585265,3.5346827766109
3.61538232846146,2.41979597127976
2.03770019478145,4.20736392670632
0.325467912271172,0.521384187974036
8.08847896340204,3.06470980920155
0.388905321247876,0.198790424631935
1.72960272594071,2.75080699092689
6.37672847475777,1.98490224025192
2.2763132098222,1.26498727872968
0.714561548084021,2.18156505926492
1.48672774394274,0.527589645236731
1.58458876778914,1.21869017276913
1.20606684777886,0.410473725780195
0.0654432771756008,0.22220863192529
0.249851902015507,0.820692147128284
1.79505199185553,1.42426597691121
0.298329970799387,0.0804560407996178
1.5499392028611,0.666329723782837
0.28625747654587,1.19415538012981
2.70968397139552,4.15932679582804
0.268961045891047,0.191463388502598
0.655769530683756,0.334722514264286
1.18486321531236,0.612639620841844
3.13448915241246,5.75799385219978
7.92206452372384,3.38388816250448
1.50516021243277,0.593832491897047
1.31574010383338,0.692676996812224
1.30961568560451,0.350585867650807
0.75049957446754,0.723320118151605
0.400610763100464,0.19426757853416
11.6172420831388,5.34183747600249
0.965994727797806,1.55938948887293
0.472841980790662,0.33931456040591
0.0613514604046941,0.0816899836063385
3.54523907957559,5.44500913818307
0.00957309810274675,0.25468831975013
0.098059793934226,0.538301966894468
1.07868347410113,2.01878785706105
1.13978330822123,2.12208168200197
1.38702521464767,0.521984691731632
5.0440748890204,3.33015464024197
0.604660185053945,1.68466270706596
0.411782586015761,0.392353178956206
0.403767615020005,0.356731076724827
1.421531249377,1.22403192892671
1.06493560690433,0.770345909520984
0.4711500890553,0.292794097168363
1.5575255029824,2.99100824428682
0.0586021086201072,0.462712530604942
3.95574157295709,2.37859081095996
3.71562298370485,4.62875786025949
0.402850497336301,0.215385409072042
0.269660536845708,0.989575548530623
0.978981737047434,0.985007590614259
0.0458031669259071,0.552738934755325
1.23553735762835,1.91596669136527
0.19666351495895,0.504628745372035
1.99115810907426,1.63982522282606
1.75192142642083,2.18697338729146
1.68495846547479,2.2183110936636
3.22249028193418,4.63175460298486
1.99061110140341,1.71754682428184
1.06288605835289,0.702640789560974
1.09257607907057,1.70333698942306
3.097889654003,2.93328367901926
2.98537641001825,3.38224390877371
1.72189544132891,1.58105902551653
0.0393383195623755,0.3126849103719
1.85897088520831,1.9581349044198
9.85558771090047,8.75510979181685
3.48410161195283,6.1850580271698
3.31446018157125,3.00655370561366
0.55744579782815,0.557085323147476
0.0597700220003099,0.30247902777046
0.671106725931168,0.175102201290429
3.35865822045093,3.76263645647054
2.24364513466687,1.96272088578882
0.301114833913743,0.281877210296712
0.131852195598185,0.54660421423614
0.608516571111977,0.284244024194777
3.82972930354958,4.00240867940669
1.66771719489046,2.83539590222721
0.055303749628365,0.951788087375462
0.471116729080677,0.281389452517033
0.774660439230502,0.248145619688765
0.127646019967073,1.06894915698295
3.19242221100216,3.27354228479748
4.76121881231472,3.75003997592216
5.94592714276085,6.8674574938036
1.33491772972047,1.80251056692543
0.396345008164644,0.167417970912131
0.619479619607558,0.252753589302301
1.73738799980822,1.12120020762086
4.16278799606392,3.85016823543196
1.93327775544,2.78400636075025
4.69040111054607,5.4818004031939
0.217376244435548,0.450998627180088
7.96899793627572,5.99853917922745
0.200663398951292,0.385124624905374
0.792098938463606,1.15183443482965
0.296377308666706,0.0853039482608438
1.46149693344857,1.19469241425395
0.186911803329505,0.486765743233263
0.869627619162202,0.271830707624172
0.959871294100588,1.66964864349904
2.6689242861319,1.67143805130365
0.556342562818746,0.95429299903687
1.19799926318228,1.66376690627984
0.337794848717749,0.304791221395135
1.42831732324305,2.29176799438301
1.43609960723786,3.14163901267533
1.94320239174302,0.884804485365748
0.0774058859619765,0.103868052363396
10.5406613083263,6.21641427244911
0.253494848118871,0.140710015894249
5.11086214681096,7.50602681520295
8.29364569070649,4.78007243175931
1.19726310670376,2.64121829337421
2.70654572351816,2.15993261328878
0.0910511165857315,0.575896065414795
3.02274915186648,3.30034668471702
0.484855719842017,0.192739929072559
0.433511201454296,0.976524172350764
0.650343681685627,0.416267415508628
1.21485245134681,1.40523002812227
0.669253622181714,0.702481267042458
0.699838440865278,1.2510706493631
2.59924381217899,5.02489034433789
0.640196514315903,0.665861444961503
0.623587251640856,0.333475940860808
1.72026719703319,3.09126209823375
2.36714364018307,1.12241667415947
0.168835399423576,0.155286014080048
1.18415119033307,2.49913063264432
3.46113888157492,4.64420929898448
0.146802360567732,0.284505266696215
1.12553163617849,0.382085719614513
4.5310351361794,4.70564236720729
0.664258437830507,1.4046212821055
2.8467726743031,1.56322931862416
1.08993976470083,0.310805411234183
5.6021006700016,4.00674068165903
0.256712085567415,0.784754234366119
1.01950936298817,0.987764772959054
1.1791714001447,2.4094573034996
7.21765811326814,3.52794579772239
2.07200143717589,2.30645825519207
0.575148280709982,0.228813651846178
0.324325290508568,0.476269125007093
0.415779817694741,0.695355836302042
1.82926730052978,3.006163683673
4.83312162359185,8.61133185699665
0.57549755461514,0.824941427446902
3.53400484828239,1.58977801903131
1.52523936881664,0.706032915040851
0.318665400223285,0.708353796432336
1.33546190708876,2.49642633638325
0.0471960834088373,0.495569561637666
0.538197983987629,0.499558083713055
0.0662850315153069,0.125105508562182
1.5240218862051,1.40557607254925
2.34775890029016,3.45431234262245
0.459238814569417,0.338573457673192
2.19340489834312,1.73345661713722
3.74410930259113,3.81462380645757
0.947845788672566,0.557014538906515
0.190581098746293,0.447621470317245
2.11733503203261,2.74469773276689
3.92546850053554,2.93825129775291
0.22401304608255,1.05832109972835
0.600317530333996,1.13024079892784
2.45547684887481,2.30959264925661
3.61521414650564,1.93647866687717
0.614076281711493,0.757152876643472
1.26421885378659,0.353634762577713
0.469413138926029,0.111692367787692
1.29280890431255,2.84521736175667
0.775669107213616,0.429086560615855
2.45662690504434,0.886839644983411
0.426471267826855,1.0828669667244
0.185893087647855,1.15195746161044
2.1554328071976,3.27679106203799
1.54257371640744,3.19410165604663
1.91921255356612,2.99879200421026
2.55498519577595,3.51707976294642
2.92377715913539,2.5240217539573
0.116838553920388,0.860140027478337
3.55946229381447,3.93603721370454
0.659643699889969,0.778540854342282
5.47708554168172,5.56377261843453
2.75224651760402,5.98330486055542
0.801135620806897,2.08486391036751
0.771552390418947,1.01105302944779
1.77160702451112,0.885548175312579
6.60662304002103,2.99615110812669
0.0168350469321012,0.0517375487834215
1.80208639233353,3.3450749030519
2.58706158204916,2.80501905439382
0.0895623560152786,0.54431239515543
4.05868764577394,3.54489159218838
4.76167688866086,5.36567539323993
0.0864339728920097,0.341199179193375
4.20339077313371,2.7409465740526
3.73390576226597,1.77318691082959
2.40546480350474,2.30595102339032
5.10836068143077,3.15537906421309
1.75655099296201,2.02575167260113
0.99380886182189,1.8868606480861
2.55159316762331,1.69251474170926
1.56421685403334,1.18104114942253
0.806079968810081,1.33041143324226
1.1652137087658,1.08509257528931
3.4002872033227,1.567126551559
0.660241171164701,1.05843568593264
2.60202564290705,2.16713627978208
1.44073482634073,0.608499656023568
3.58905621973758,3.21121595142925
0.730488029308617,1.11505906004459
1.84216725445333,2.71652353732827
1.10106557328254,1.15941184666008
1.82116760863903,3.53857156617527
1.73137312349985,2.05753107219051
1.04629824869335,1.53607497169616
1.69638519166949,3.00714539122329
0.753709243586033,2.03461916922572
3.4382846995248,4.93290800948567
4.26878010083861,2.72578564464095
9.19269553521528,2.11047703205588
0.654934859834611,0.435129118060666
2.00134286834838,0.881050817668438
0.41775011622689,0.872685571201146
3.64846652786983,2.09016637681964
0.660582543350756,1.0207678113379
1.75474011330845,1.16332230903208
2.22256089924815,1.97803608133438
8.33999821957126,4.99944590379424
0.675866105593741,0.369207750074565
1.54957547030392,3.04581671936398
1.6448094508893,0.498342608504793
2.44835200897398,0.819680141285062
0.776607747189701,0.880394333469674
2.30126239723506,0.853265984915197
4.57163617362208,4.28640053768582
0.18478912115097,0.0898279147222638
1.75140124364736,3.6727784758616
1.12666742898526,1.49862590796294
0.0432794243097305,0.119480712339282
8.28337345602823,6.16572669114838
0.60874196793884,1.51550295568051
1.57865158210612,2.1160969745933
2.67689093752744,2.03143206621287
0.820276761114784,1.46978193060252
0.195905815239727,0.0549264720931179
2.6919573842639,2.20675690807373
0.0500792577575852,0.257360151968896
0.663709174841642,0.367895911447704
3.66311392543798,2.42224184601548
1.37582387588918,1.20103803928941
3.76653709618335,3.39692156372552
4.33281436909862,1.92718300288883
0.402146353206614,0.411848681978881
0.0561747091097241,0.507523571141064
2.2926998938525,1.4834695252681
0.661827523261309,0.948821252560962
3.48392783190023,7.1390343529847
0.523150281049311,0.90342778339982
1.86483661954164,2.4295745807791
0.269038733740973,1.1683839764446
0.587818905711174,0.1105050239712
1.15394796058536,2.09275027914884
0.270485618730424,1.29477088246495
0.446215104311705,0.151321675541924
0.080620426684618,0.852668550476748
0.5789251094684,1.58592994210639
5.81353378262291,5.0455080529017
5.36356096216936,3.70782145095949
0.927567051723599,1.0752976378426
1.24220690596849,0.906517968513072
2.80272988478569,1.46288576900008
0.200953086838126,0.644704011268914
1.00103094724185,0.27865896653384
1.00827463809401,0.555583325737399
3.81464821787868,4.38110870502464
8.05731485369516,7.09880064013314
0.0505689838901162,0.448725812137127
2.7005316018218,5.28388090779014
2.30444735839012,0.919634164425273
1.97827112480047,2.13930869572322
4.86983618487544,5.74541497164915
1.98644322069697,3.99778967333918
5.63544979260415,7.86437464835954
3.82027685211086,2.78145211840507
1.02874564565718,2.50897873557153
1.12652050238103,1.35314880497754
1.82728903340722,0.778951779007912
1.21833807881922,2.69717853321674
0.913982479833066,0.28866599034518
1.4129076245332,0.86818378751868
Rho_s: 0.804965013241253
Rho_p: 0.693104813294734
IC Time: 0.00999999999999979
