Rho:0
N:2000
3.3612038754372,15.0169203582142
0.560377516783774,5.68437225179363
0.150930621661246,6.8994835870279
0.473744352348149,6.2423076819226
1.45596699967029,11.3656616480211
0.735381411388516,12.8315746906562
0.83861212903862,4.92506457633754
2.82221263321917,13.4230569034066
2.6172502952719,10.9129629704009
1.8098218341768,11.3619784825867
0.26513393303854,1.22380975830281
6.58430103924046,5.0991614985923
0.330378128215671,12.2031045181543
2.11639681798351,9.41265110258341
0.970767562277615,7.52656832263661
2.46894579186084,8.43502918278598
1.10638455301523,9.41904340407197
1.07901256810874,9.04210915112905
3.8280361293066,8.98483036455707
1.69601575614646,15.6736948741867
0.941197809763253,12.2754233236403
0.929065178148448,7.16123381126916
4.30731328924127,8.85452498285333
3.75163322670345,11.5418034223375
4.42848399037318,12.910119088611
1.54947402878645,11.1939996669469
2.62480019397082,13.4277810591994
5.14863795389361,2.21449838765745
2.50709796593538,7.99173123959667
4.87859867115445,14.577717386978
1.05271600931883,5.84602131200579
2.41234612270238,16.2720219864066
0.447135984897614,6.70282323417563
2.20784561700168,7.21752862811943
3.47689461386072,9.80056120733953
0.38200700170311,9.04790236957415
0.444996389560401,9.24332862437617
0.232222997822728,8.25159841572169
3.06126415494705,10.1196468129479
0.271799569018185,7.84447278390569
0.0593903829636267,12.1176078287147
3.97184303758626,11.8392691170631
0.573455597131916,9.38588684816139
4.31725600709148,5.88647134165011
0.289359815778528,11.3748451994173
6.36618943878185,7.26807133179937
0.308559591881931,14.7011571142057
1.03071397748886,15.2734077700092
3.45261529816275,10.5726355313525
3.32431228442078,10.5284140948266
1.41194103855851,11.5747971599959
1.00173716619611,13.4432848534291
2.98878851217228,10.1922205918161
1.50661485633793,9.57877138179071
1.77249246082249,11.9679988246983
2.01713625333252,12.3113619197808
1.4117160848433,6.00416237311529
1.61411592542174,9.25255722548731
2.26694617970827,8.13361758786413
1.59687857326263,9.45501063098546
0.0966825345531106,4.93298705572413
0.346520017832518,13.1717679832291
2.61134201838615,5.20026194249111
1.86420959970894,15.6981313457389
2.90368584154134,15.1474419316135
1.5216575487152,11.255874538351
7.34005258562875,14.3955212439748
2.6997301596308,9.8154446247106
0.0430581097698467,10.8825206450877
0.0191360153257847,4.22319498933657
7.79661355498147,19.0069373175311
3.60873235000258,3.20278333857608
7.93188969376397,11.2119201950598
0.0948322955506533,12.8439758493329
1.61353147828771,13.6326483201453
2.23610654651167,13.582053485769
0.54804605852706,3.86223824378573
0.00542937405407429,7.15544462287153
0.483513679355383,6.83962606375039
0.874468043446541,9.45761017400685
0.173108209855855,9.49662030825126
0.0470533827319741,9.63457164546277
4.07358931733256,8.00857044356467
1.79080429106,8.40870456007357
1.07335327938199,9.274318182427
3.16008453471877,8.20231316952584
0.749857840128243,9.29384885585938
0.209973873570561,10.4568770943408
1.26953482162207,10.1148506842494
1.69386847495081,9.77931260159258
0.659784270450473,8.4153718606704
0.254477339796722,10.7997979521809
0.14573854600206,13.1087967911267
5.00770040203757,8.68542338713586
4.10635251907592,9.67276717257407
7.42543653729272,12.3597763564037
0.443073679693043,11.5392337505775
0.482601242375477,9.10840020326547
5.5404961441917,7.94187056149889
4.00602832047229,10.9396209589114
0.680817753555887,10.2247021430434
0.215981274063759,5.11583253703707
2.10112201972845,8.31407477122609
5.20002612818904,10.1836543477295
1.2874550120905,14.7943176038985
0.0642416924238205,8.81505064555066
2.90443885309582,18.1520765184034
4.55557332612509,11.3420225460278
3.86533222928854,14.0309395368755
1.15332808159292,3.19931455318379
2.35008005789461,11.0670857260319
7.69406346562219,11.9365436543752
0.743550462648273,8.89952638675864
0.879936248064041,9.2910941124109
2.14683298944476,11.522528093052
1.13149483868817,9.02933796612314
8.19479649440728,9.04581007239171
2.96798464936667,14.8372152208334
0.701876654289663,12.8709517774848
0.265748904086649,12.5879313095398
0.00604333435655309,8.02909118881879
1.3725966848433,11.9489703527445
2.12300764574649,7.76106536690494
0.749306289462626,11.3049781461603
1.82800201212408,3.92839831103151
0.79944980237633,7.66012697860014
2.32010858683827,9.43802462686284
3.11078485829716,8.40859012638212
3.8794028869081,14.1204297633694
2.46343284472446,7.87201787549477
0.990427288461766,11.554978625139
2.02223623163047,12.6239636827033
6.2164885398365,5.9513733392741
10.792872879066,11.0863252281371
0.876581226475537,9.17883609960852
3.4055829940546,7.49286516945079
1.02320140167632,12.5179604503814
2.19680811456385,9.35179633002877
0.587485516745172,12.6888725578575
2.51283512069824,13.7436059617833
3.02473030967598,14.1937924553946
0.151542865575095,9.95003649031189
2.63115112847629,7.73989540969834
2.2390771563256,11.0557193305352
1.90720052636209,11.4405672410798
0.736044452525675,8.19800050300083
0.31192654168096,3.05830812432821
0.757294355919158,11.5700595763824
0.35509820561856,7.3701319474977
2.01546367808225,11.1450552773697
0.252627811708957,7.99215845239223
0.678997040067848,10.5642787015976
6.92121975090275,8.52493604030473
0.775770345513985,11.4756335084453
4.015738684516,9.18974427808849
4.45899894333061,12.5042399495392
3.09873400116865,10.2200853189631
1.58386553629282,11.8637585114455
1.94783454938772,10.2385523408311
0.14897683635354,12.0055120777329
5.8747206177927,10.0972474380706
2.16198463170769,7.04447224004107
1.99211293078008,7.31374478311809
1.95635262868347,6.57826496654351
2.43182907787926,13.4219683360747
1.46210211445072,11.1006258376017
2.93292791379576,10.1864483279403
0.111325990476301,5.47257918869406
0.602661081969595,11.1673040400918
1.1193976637527,8.9701004418525
0.625030265189707,12.6069889989418
0.133272744035694,3.13121446295806
0.107990818098187,8.45876102228799
8.89529041150465,9.32147941851222
2.64276554799619,12.4889325844361
0.911107688210905,9.60893222374686
0.157345031291853,8.22000558529742
3.22043700126891,5.96595095600549
0.156016695313156,3.02460302807307
2.41933243571214,8.89065306407535
0.96968643181026,7.84257756139796
3.56954561529641,3.97890507242817
1.95094181588831,10.6437842081809
2.51627664259615,15.1346541323952
1.13397378753871,11.7057365147643
2.02217848031762,14.4726542003228
0.192300205928453,11.0391956806592
0.426171436905861,8.93711871319388
1.04296716395766,11.168515709512
3.71776430664544,12.6485254749067
1.17364937998354,8.64772883917799
1.28088571503758,12.9710551819642
0.466087295455484,8.07214965366936
1.3638819064945,8.20535558453223
0.518375324085355,12.659483687598
2.54944976448562,11.5745550937539
1.27805735263973,9.59026725477153
1.50882487363162,8.85748606751074
2.11240838087144,11.2993838597481
0.229707592254637,14.1283275648
0.028969363380652,7.26556918038938
1.22227481659502,12.70115934574
0.475187154486775,6.63753228953999
1.92887620805743,12.6752317886353
0.142515468408416,13.0958180796774
2.74105708851459,8.90107424176586
1.76117709643188,9.08924366361199
2.31896049520912,14.871996791002
1.31833799742162,5.75347312470947
0.505896837696435,10.8473030013897
0.195141780155448,10.3378879555721
0.00700724459209197,10.136261026014
0.945009346120059,8.61417878514312
1.69767955896142,10.6335528219052
0.136068711574478,11.8998582325017
0.0580693615497714,6.82661665964598
4.41359702845044,11.2270662586342
0.428201647475362,8.87158840959726
2.06129488340559,12.0207299768125
1.20454228576273,7.02827318580282
5.89966307546864,7.51998081452987
1.32263897825032,7.91594160761025
0.971614997833967,11.3872938964304
4.27835631456427,14.482786275767
2.18119259619071,7.42145201173276
7.03496447933504,8.36983033210249
0.774661492556334,12.5476939854091
4.07188894210343,11.1847589469905
0.90622291713953,11.6971970219521
1.83980580297876,6.38698750956299
1.79559122576358,11.8223918830919
0.348550335504115,11.470131962843
0.77112996391952,10.8660956461611
0.0202758042141795,15.6088304315632
0.865016954019666,4.45187454779409
0.0985970374961291,9.00185792610212
1.63272616817596,15.6073852797007
1.22359151765704,9.88681766352451
3.30473400603343,12.822767839796
0.356060397811234,8.97356478944887
6.4611061957098,4.16211179992681
0.127697228037246,10.7071738474829
1.2769026979804,8.03761028399699
2.0698084886277,15.849871433214
0.756222873926163,5.34726959200309
2.44825069818286,7.92375326892028
2.28888094044271,12.6172675015326
0.771408464759588,9.72709245101007
0.518253546019282,11.8968852805282
0.843596863560379,11.4483049016704
2.64319869494977,11.7450123079226
1.67153802133145,10.9955704623713
0.560177681036294,7.50813214323719
2.09208193412962,7.05276682510102
2.09418239249828,11.4715579117114
0.147955678403378,7.11873541871444
2.41522238767686,8.28326981457007
1.08452894724905,11.8056509443523
0.757276088930666,12.0800718737364
0.482336991466582,12.1497048914437
0.293620096519589,9.52761954593875
1.67633086434546,9.11553508137906
2.14279269232395,8.44380210209019
0.548862574622035,11.1654561410187
8.70321904506673,11.2120164548535
0.205931893235003,10.3005196316047
1.74914942673388,6.63061559682678
3.54595271481161,8.03642941767748
0.0145022900221752,12.3219934384837
0.592438250780106,11.4908053684472
2.29500863506439,14.0407329304161
3.22705325094943,10.6130983099367
3.55243956280832,11.2544314072276
0.0447747877713767,4.99279160226799
0.531032658182085,5.16491072696541
1.64603435612264,10.9918804796088
2.09488155804291,8.69444718703997
0.836517735384405,7.63429465582903
3.00343412966151,7.14201452640523
1.90225384748521,11.1825408630684
8.47034463981047,11.3318252293684
1.37331772502512,4.06302279486896
0.0946290353313088,3.51021914618385
1.21300414763391,11.0144045375058
0.634344420395792,13.7332526916084
1.62475691886959,12.5055465558398
1.81580659552457,10.9758041108011
1.40004761508646,4.70233967527442
4.23941228886075,10.2142427293759
2.08534521042349,7.23984008768764
0.489396443590522,11.4210089343737
1.02579918596894,9.51424185446936
1.07221660763025,8.99361234240945
0.276633119210601,10.0076104530769
0.720229870639741,11.4132255167697
2.96154075471644,9.89714849245221
1.43090122588964,4.89420882292221
0.305311161093414,11.3708049156242
12.7814348754195,14.4328483754224
1.29978071898222,11.4168039654907
6.9585745563726,9.53426412013136
0.095309317111969,11.326280785566
0.980087345466018,10.3285824569341
3.55068281276112,8.02402242955398
3.15169864876156,5.65142626768068
1.45569497338476,6.03866397070039
0.547416113180686,3.5686335204509
5.2404046540422,14.1558693451183
0.611564672552049,9.01031723820371
3.87361061556225,14.6948994605776
1.02911679819226,10.2338007021939
0.917364690452814,14.1298164925459
2.41419124791451,12.2268415099469
4.61389579971261,7.14746185870891
1.76009345874717,17.2846283327721
0.610434414818883,14.7867759932128
2.12798229782822,10.5129719591591
4.14016255347018,7.06562608655276
1.86957578911426,11.5960775319462
5.17238299150891,11.9556165188425
0.187876996584237,8.17951201246383
0.400167525745928,11.764535626549
1.46437215695937,12.834958892051
0.762489404529333,4.21301289097045
1.66678572483552,17.7037963767881
1.6288765798414,7.42119894888022
0.48807364422828,12.2847260665729
4.14185100031977,8.33584141607784
2.49140885091367,21.2962178783664
7.44885469558549,8.35645536628359
1.36987609602511,13.6508029182902
2.31450018278303,11.8702840077033
0.774376933462918,7.21273698366321
5.64110497578589,9.78774099282168
1.63759667045417,13.6650642110847
0.45235554035753,11.9406801374377
6.64554432000885,4.9049728358019
0.13495856828006,16.7610310721052
0.247174084186554,8.98740496316723
0.554985282942653,6.6843205901446
0.162123953923583,14.9825509286899
2.46415411300006,5.26012022279229
2.72202059618177,15.6502670122087
2.37416357538643,9.14778799356955
0.0845359532964573,10.8209968412243
0.4377027656883,9.2958652805196
0.745524659450592,7.38141564631585
1.53697105861249,12.730867654394
0.146175503824793,10.2479137707291
2.54515514886918,10.3582441747943
0.809021202695458,8.88116157169515
1.0248139873147,10.3219029782728
2.63882843210342,8.56556018081484
1.56844731225612,14.7635914951997
0.935294404765496,8.8160979800891
0.679277254268527,14.5059923241371
1.83857901013436,7.10539345860043
1.28766225650907,11.9280639960536
2.54159944309833,4.14122629030596
0.289603731206413,8.24164867697329
0.490735501221641,5.61782810451997
0.453797577775925,4.22374427473561
1.00674318149686,6.80571268340328
0.116859223693609,5.25277878607221
0.0198845005667506,13.2657738759721
1.92087420292183,9.40439302219408
0.0909059168770909,12.0933506746601
2.88110110146885,6.61727121761081
0.733203169889748,7.49949981765274
0.243322214111686,8.30056290193565
0.603736091405153,12.1235955609474
0.926996839232743,8.41755507010247
3.94752067683225,14.0394341820583
0.926580238156021,8.58901251345266
5.09002940704055,10.8855559711854
4.92245558996625,13.0924726172295
3.43787543649154,10.2352475991423
1.88854811053375,9.67321381229682
1.56279896686315,5.83934795912693
7.26878097962732,11.8285624746619
2.84754676103257,10.3923452797528
0.51692280638963,15.4630352929222
3.51577575115447,4.30722278784612
2.17797419943383,14.7633014200505
1.37364775128663,11.8088302894446
0.772618849992605,1.69482270915877
2.13143492481651,10.2994301093763
0.213331540115178,9.74308661680047
0.966610740870237,6.19590834791527
1.1972896354273,8.00121517998953
2.60265280484202,8.6804983033782
0.964419101364911,6.54538690438402
0.0682289511986437,4.2770198318293
2.03954863912406,13.081402019971
7.49465308668924,11.7935833965278
0.0644502025097609,10.5644587654271
0.273594287274408,10.319766940276
2.96802403015976,8.65129859671853
0.101816755719483,10.2266845662306
4.90306878437228,9.78535630997692
0.458063156343997,10.8962858285923
0.219800865277648,11.1871829570987
2.17753321669045,6.43945192277426
1.46199939950349,14.7330995575416
0.121769902296364,11.9408473017326
3.43115759251599,12.3203634232145
6.52400441420693,6.95969674796157
1.19902997091413,12.7303523780696
1.09163750521839,14.7160617930264
3.75635114667897,7.77480923948324
1.66434701151195,12.2008826850571
0.328838671557605,6.04784495107589
0.625583120621741,8.6172502625856
5.22340581913419,6.81414948810088
0.196831509293152,8.15723712719643
2.23304906106534,9.86838435249663
2.43642874721792,8.17293944937576
2.07098735860529,9.69843854887779
4.26200735503631,11.5917032866244
0.717128604650497,10.6190383780469
4.76685396718298,10.7786347088
0.158032896102612,12.3594124052522
4.0648031940866,11.5647549785251
0.0523064319740418,11.7553392143612
1.48621564903905,9.74884172963538
6.21715791378669,4.30373066026711
0.484920091927052,10.5834554509463
4.85129034121461,10.586776028414
1.17191913857082,12.6215498083162
3.67283270491247,11.3440049634832
1.87023575527153,10.4477441674299
0.230715575627983,8.12407102254668
3.03498679755216,13.2475498254921
1.60537394985356,2.8082709084003
1.90490703531852,6.28810691281121
3.87842309085612,8.0092462757507
1.63350600055736,8.33335227445075
0.365581884980202,11.3549144204043
0.329874903894961,9.56034990415824
2.71494913651588,12.8359580426358
1.4444487978946,9.28509893436445
3.32704768685584,13.7587967996544
1.54490402146223,8.85537619031808
1.10644066985697,8.76685959280407
2.38524583904984,1.98068936732663
2.20944592162015,17.0415994020228
2.97725443750998,6.81726996982514
0.411791347898543,12.5205067258649
2.56771416208687,10.0015441761026
0.0556205002315586,8.42592467275951
2.18636677592042,8.20117668241129
0.290845667071775,13.1445985431641
1.51567793070319,11.6943572658068
4.612470049159,9.38512571734251
1.14585368242115,5.17477980782443
2.73096348523142,10.8568865621154
0.114871048441863,15.3138238266008
4.13443816063886,6.39206218451271
4.95093845923371,5.2636289287291
1.92174969046357,11.6078102978063
1.06199659574509,12.3410869250784
1.00769344717264,12.3450100532688
1.01757650263608,9.62851005561462
0.284224996591442,10.7124871334047
0.897442544810474,10.6959764794707
2.64698936570978,12.500825102647
0.806174539960921,7.86251945664702
1.9289909707637,11.0924963263873
2.27263135827127,8.01745046860283
0.228379090316594,5.68961086291298
4.68236146413628,9.05933013252627
1.51457685968819,6.61630352136794
3.44595799950843,12.5757339479453
0.41351382403566,16.7935376675563
1.4776040400605,12.8482533805787
2.67528878702762,5.0921404458614
0.813749812916138,7.77201244529956
2.87414555607324,14.4893743466848
2.34102894943217,11.3836484535491
1.33014039043337,10.8655012248613
2.7615241165364,9.96495997596912
2.57894370137694,9.43974670096433
0.672698314454535,9.47334589279128
7.38686699750734,11.6316280988974
0.020927120644397,6.38462785985802
0.144961951221173,15.2809154752272
0.0472799353301525,12.1136634800462
0.0698915429737849,9.63614858562105
1.46248635718171,10.2909767109354
1.07967601064593,2.67061311831949
0.730082096740722,4.28754871825565
0.235599814856427,7.64245387578086
1.34025391470641,11.8279599474676
1.17301263101399,9.4587803524052
3.52670208347921,8.54415109990943
2.06556509070109,7.12221290767081
2.4343900605196,6.27627712744704
1.86865672647002,8.49352034344226
2.57633002839031,14.837311865955
0.0778653080570302,12.6000045291042
2.13925946868005,9.3366317943037
0.545520002022386,7.49202886770634
5.84071572658272,8.7154031556869
4.4580273737473,4.82145450626571
5.78760952061591,11.3453698229601
2.06250455550303,10.8563085979873
2.17381487405839,8.35165065499522
1.92194607659223,6.17218330899516
5.12875300993152,9.20766943379079
0.103154510259628,14.1347505512856
11.5027274780705,7.85702771839862
0.492920114101899,8.46505106740483
0.35583411436528,9.84720281692134
0.517379816290377,11.1685023315117
4.4656284486217,3.13387933019815
0.752161979675293,5.75977994348325
1.93490060109466,12.8360641418023
4.38812956865042,9.81060172274468
4.0422518288899,16.5717392742761
1.07763010449708,7.10709120184334
1.01828552037477,10.9987530869222
0.240725736133754,12.5211726703907
0.0464786626398563,12.4568811454922
0.529951010998706,11.4078052152094
0.0437111854553223,10.7065049009411
1.90895861565115,12.185090463971
6.25204703178177,5.81094958435915
6.80677173998127,5.13876556596287
7.72976074698281,12.4212746223923
6.68590144176412,11.5523979936393
1.4790071655848,12.3787755053759
2.26146396427395,11.265574962706
2.24873867250028,14.2598637476186
0.772357258014381,9.34354873024606
0.590571618638933,11.2135961642988
4.2701185007853,14.3369544487362
7.99904179511835,11.4153404196807
1.27591802552342,8.73557634879918
2.43380418038907,9.52214187417632
2.15036056867008,6.78194183079447
0.0590694658020444,6.82312988753644
0.256234136410058,17.2454950555078
0.428018496113782,7.23911585537309
0.339801695074742,11.620888728578
2.34560399680378,7.21842871577041
0.733961399115835,4.63542364916644
0.959349849261343,11.7817700635525
1.89593510135057,7.69110948409937
2.02110858691888,12.4843218352758
2.70434962949696,8.20137759776095
1.23962500877678,9.553709843092
3.84582531062846,14.1953297687471
0.0748735805973411,8.41338477885504
1.64870401090922,13.3144668724551
5.4295477827353,9.5358787700527
1.8783371335918,11.3819927905402
4.46797129114099,9.93324835311022
0.307166607119143,8.75539929196501
2.00290222085061,10.3009526749104
3.61699888093357,11.672106468058
1.52901273744348,12.5517152878433
0.912793460302055,9.52573086377646
4.60771284924652,6.14365046151443
6.95639569642854,11.2620981424788
0.588023879565299,11.2548756303912
2.15829950003865,10.2793305798668
3.13460002450233,11.1325560374593
7.73960546734643,8.77273936700645
0.356597908772528,7.19785141513042
1.41075096829774,14.159677356879
1.2435662811622,12.5423468274978
0.111924282559741,9.91158878040677
0.0163560779765248,6.87843495836818
2.03943906129933,9.82142747534379
0.613254425285459,12.273990027444
0.17791026737541,10.7219231622676
1.60103010750356,11.0314749635447
0.89637887717052,10.9043132760975
1.268081555143,11.9426856406182
4.33473637529453,11.1931206807675
1.04460806120187,14.2345406111795
0.455174390619633,12.1099763968923
1.6028274706656,8.68296738477571
0.121745495125651,7.28866032195236
1.62291501379847,7.4713431940279
11.4118759327366,12.9099824773536
1.32385106384754,3.61777955767947
1.42071975586264,13.6430561522463
0.724276688781148,10.4031565061487
0.158455666154623,16.0115985540632
2.94049753740528,9.55063933449717
0.229274129495025,14.3304551154628
0.609972001576037,13.1566937722999
0.487786803873017,8.8229431000907
3.06607670692687,10.8116178443991
1.63584967507961,6.77592123674185
1.77312692991438,4.3432412845786
0.188115430054474,7.96724400437702
1.24599691480398,7.67571348377985
3.62779082713609,7.55001510567456
2.04608162603697,11.2058469347433
1.61330942225778,11.7185390990998
6.67424833111829,16.1512107890613
1.65396902182043,7.15015127867911
4.96733953406043,14.9107276637024
0.992188746109605,13.2924649067275
1.9776283520365,5.07505465337819
1.21717203781009,11.3666339640136
0.127247983260083,11.1227622045799
2.75753798327389,10.4153313669147
7.84616307499719,5.15353719912028
4.53981174130864,11.4704624069982
1.71749985182342,10.0021498598028
2.32739401568677,8.84465300707568
3.70908141119366,9.57092985156744
1.1639330945909,8.1356013778211
0.638963934965432,11.5051663130194
2.29080870739164,5.21241985110148
0.168725018389523,4.12992202963342
1.18103813845664,8.14409278468862
4.88463676323123,10.6768780571323
3.63440342975741,13.4724500346653
8.28159619453264,7.72177234353068
2.67167017786744,7.79973664508
0.492587030056999,8.41974779468632
0.725843457505107,8.24768825024455
0.761356458999217,13.2180642865914
1.05022474005818,11.1064908850408
0.300615172833204,11.2133666493948
0.398266726123061,4.64396392247689
0.516390020027757,9.63651026938179
0.669866730459034,10.0068352903934
2.92626412598266,7.69201396902417
0.284961356781423,8.35998896203956
1.46403946992379,4.12910625475728
1.02981514669955,10.22762953855
1.26702928636223,11.3674598504401
2.11646155818346,10.8326950642983
2.62683525859358,5.8830198591382
1.1091344403103,8.51563650520145
1.36017198301852,7.50202437740628
4.23021992231729,5.25636867564769
2.01239776416662,11.199956042986
1.62971238990135,7.63744529239769
0.105307643822066,7.75958574586395
3.46476816481331,9.42726624896639
3.48524304090028,7.96979252855093
2.40360928682369,11.4678313474995
0.863904788158834,8.60478275146367
0.940859835594893,12.9558391290065
1.80461229003015,9.41226922743089
1.98034261145133,5.61650082572976
1.61571517707821,11.4729080562643
0.16156680136919,8.69682231604548
3.72895795462613,5.7792867068114
3.38912202028518,7.39005891612617
1.41354890904369,10.9348314104246
0.202082895673811,11.3733739144847
3.64523580653553,7.98961541320513
0.471943307667971,8.67150365969975
0.560650527477264,9.83384823462929
0.251287893942351,11.4855715781501
1.36705118324608,11.6334582987329
5.20428765167422,13.601652509435
1.82639736240735,8.38237360097292
3.01863962842068,12.2968680542086
1.1608258523047,11.5358885854876
0.569280336610973,10.584088257838
1.25449062511325,11.9365582605314
0.955969993025064,9.55907029765181
0.205000349320471,13.723662010619
1.50669724194643,2.23289805705057
1.72545471220257,8.48339094172245
1.48524046664364,8.53356273492205
0.749075568281114,6.61720046919008
2.17667029789629,11.2456072096384
0.400246820412576,8.51729232004459
0.95393283944577,11.7204863203045
0.200231805443764,14.3895780764275
1.27580033801496,9.35283889452921
2.63582529119196,15.2848193637484
3.1597137651286,10.2002463241154
1.71763205333593,14.7406215247525
2.0268546668379,7.53316730122896
5.86952806975613,10.2163144522655
6.32874771760454,4.12683475577754
2.42539432822707,11.9362160801386
7.3457176792891,5.95426787860988
4.86866068442292,14.4813471751475
0.493848283775151,11.2621570171844
2.77456484345679,15.1244799411758
0.949612892232835,7.04151665955568
8.00077114584756,12.8094953877913
3.1353558696873,1.77605556379233
0.554000689648092,11.7276667654735
3.18632439134603,6.59574801670199
3.54865212349181,8.46759657285758
0.895083364099264,17.1886922616014
2.9887431043115,13.2678769368302
8.60104540685072,8.37056794668643
0.207786640152335,8.72996356265155
1.7639974336231,3.73706195303206
1.56242247775655,9.89172396558735
2.44991007438841,7.63703103931057
1.45355973550627,9.94742479742294
2.89164355726003,9.30244260164186
0.217293198154195,10.8445160332149
2.01518938495758,11.1718238335234
0.861643645912409,12.1612181538669
1.46399327545407,8.74201574636548
2.3812379836196,7.84268521251805
4.71726380264171,12.1852343119398
1.78062547548654,11.5785714685158
2.96344226954465,10.528794596
1.48950158423724,9.05301546732946
2.1131823658103,8.51945979104441
0.662173196384126,8.07832506487482
0.0102642893997635,9.16335738209252
0.238544783554971,9.55007525219996
4.10244761018043,9.2951652433098
1.70895058467033,9.84739322199653
1.25085406005383,10.5291997176672
0.0115258544683456,12.297065044643
4.89768357361294,7.42301632372568
1.05173485632986,7.25707931746203
0.530305087799252,15.8547605100339
2.07004228039625,11.6662305151232
0.379894732497633,3.93585761445688
0.0176317319273949,12.6009851233404
7.86075974752316,12.9659950167553
0.155250174924731,12.4010363267873
0.0152590405195951,10.3598200134096
2.49909779048505,13.4215759865638
1.26147779263556,16.3893590362666
0.908515308052301,9.69287656756306
2.49874323784354,11.9334638196291
2.87235362205342,9.18112360148987
3.82515822334175,8.0409622332829
0.162753136527528,7.62724104358196
1.23259594663978,7.38230751039991
0.0854213256388903,13.9301172422164
2.96071084571962,11.9416711062651
4.5374532395737,16.5193992125995
0.643027996644378,6.62410901060157
0.640238611958921,10.5195479671575
0.73718902650089,12.1628357021071
1.53450260116699,11.0725089111965
1.99610462590101,8.46750415490581
1.21173290442675,6.01833235426665
3.62881581156944,11.9222448208467
6.18501368131409,9.13288725705191
0.515446653589606,9.6543043612411
4.62100124706454,10.8783269400279
1.73368678419831,10.8019544779663
1.9977340492511,13.3613150121009
2.49616632043364,11.1524151286565
0.978647728409507,3.71116818027805
2.4029742387778,9.59428092377706
0.379096427578319,11.5919957158858
0.109253860078752,5.3259194226848
0.748434040695429,11.0674161500071
0.190683091059327,11.3066733280645
0.387338032581431,7.04197283309354
1.67961088187041,13.4891137657056
1.15111942123622,12.9156252768629
0.284737793201047,10.6712425030524
3.46496242631728,8.68371143928018
4.63575234997584,3.10523454178896
1.55118304598508,9.64545946165983
7.06612146976304,11.1895120397509
4.29502147038407,14.4771725367862
0.780886106193066,11.821633033109
0.315636229084621,11.3041320765002
0.569346423775844,12.2650028925084
1.12252466101199,13.2540585692438
4.88221155454345,12.1350210804204
0.330170021392405,10.6923208528598
0.334390254637971,7.964198201441
4.61832525183387,8.82622556951988
0.645089952275157,15.0596703953689
6.76404812898407,7.50352195329112
3.427648095749,7.04751575711472
0.0895259744681237,10.0812318606084
4.48797533635847,13.7079753615667
1.08916854485869,12.9448187663295
0.639460089593327,11.8450867554635
3.31771319715266,12.8203970807905
2.81376237851318,4.63138059651429
2.51536360291348,8.6600975526072
6.58906353976498,5.52486280653268
0.0507090920704572,14.4326290559144
5.06729317803807,8.16439846868851
0.430806954689216,17.1900229479607
0.14615139644593,4.11825570293579
5.26453949113317,9.40055361634427
0.318857599981129,9.26754723213291
3.72008893660275,10.3669009148407
0.705513175576925,8.37794322594247
2.56116750641706,4.20155462790569
0.48890589736402,10.785566098283
0.588003577762972,1.61443067464174
1.08604553336586,8.27395666396281
0.769896638071441,10.4574518478837
3.71337308717852,10.8489141548525
1.47246539398077,8.83728666387568
2.38716335213723,13.3754240483266
1.69895025669986,10.6374940843895
1.18335753172656,12.7555310121234
3.10902186093812,11.5453283118046
2.36747022896054,8.28859069181442
2.47386936834993,4.97179647100423
2.97705059481745,6.55227294104373
0.691119346767664,8.69076803819336
0.467610094696283,12.9952192311779
2.64818120553138,8.4578997493621
0.593641003593802,5.50201492732773
5.0117041354341,9.04253828162156
0.158504764549434,11.0044453084856
1.56438617772403,8.25875682150389
3.97026769427543,7.11656787949345
1.67472604281249,9.93274374499611
1.63042221933367,6.1133799064315
1.03990720491856,12.2926549684354
4.38239223112292,13.0141767447148
0.189529595020164,17.1210460984424
0.527442908142781,9.73161229611058
0.41109611245636,12.6500215580747
3.61348495663197,10.7462168823038
2.29540693006458,8.06118737324758
1.69591940931025,14.2387277456137
4.61781629790367,13.3940899664133
1.27938841097057,9.18363314046149
0.924738776044356,11.9146005769568
0.994730424135923,13.4042233680973
7.51195363921667,10.6878708145101
0.0696549028224614,9.07350889035064
2.65020715064349,7.50590943832072
3.18667088804727,6.64807644819855
1.44410637757721,8.55632252609147
0.351213659159839,10.6011142735615
0.74586670473218,12.6940596425116
0.4314045002684,9.67994414389042
0.74306614138186,9.74898379090802
1.75637950397743,12.5994472207848
4.32193367315217,14.2036323969717
0.712631916627288,11.5996314452195
2.87415851068524,9.76953977641916
1.29031346924603,14.0308995208085
0.240133636631072,6.29460196939915
2.90460091357775,8.98823037037634
1.10471575800329,7.5705732928234
0.174065815284848,9.43529499671685
3.25617936220388,7.91795880244268
0.153691617861897,9.87737069711195
0.207244570367038,4.75523843288815
1.28770809341222,12.6217413684354
2.12409461281242,14.1572540140963
4.78905780215688,10.876516030819
2.45965836375001,6.20670341792621
0.0744253988179443,6.90441834523703
0.274760900996625,5.27968710177972
1.67744847937467,7.60660362778728
0.17861398216337,12.9637140798253
1.84936657912078,12.1297550106766
1.33785082492977,10.2870204202199
2.99098192219817,9.5146872006896
0.227979716976302,11.4855678602959
0.351347672753036,10.8153946135199
0.0589503814027404,11.5335220827333
0.190920362249017,16.7908177994156
0.743059111152657,7.53466214656109
0.862241541035473,11.0233207702494
2.58392567924204,12.456670118488
6.39098778333435,8.02850366729503
1.88119264683666,8.62137319136099
4.63031859212792,11.084338632015
0.0726033129041755,8.69575095838097
2.83783895505552,8.02424970268756
4.84382964272924,10.8110917669172
0.933572045527399,10.7297856996519
0.547798592597246,11.3747915895265
0.147382842102786,11.0058292719984
4.09452259896283,9.40205279950456
1.17436988778134,7.12892722325672
0.8833794509992,8.07659840720026
1.1222956078127,9.31075225487147
3.24838164804463,9.11079383095893
1.6077117053688,4.7758682762848
0.895208111032844,5.69766204575262
0.905377919479375,13.9919883228978
2.51451330251041,7.07295458118199
2.18317305288258,6.63275642076793
0.381358195186112,9.81727845370731
0.0773386415094137,12.8023119022058
2.19459424015616,11.7882061711112
2.28938213168624,11.9422794417366
4.65057867367692,12.8854926372266
0.496229049749672,7.9462245272305
2.79519513939149,7.6599921521897
4.07104369981175,9.1615092789918
1.92512286760202,9.36938719307906
0.026934583671391,12.6993459750337
2.57871318413856,1.73015636119043
0.262332355402954,16.8046172867065
5.86617595714562,12.5264478338756
0.224665539299143,10.2816164025651
3.95577354684096,11.8087899637798
1.31776937656105,12.7313045275417
0.0738314186430922,12.087250094986
4.95455822695918,16.5391789125706
4.63291872640081,13.1291829722808
0.569866819307208,8.09304557148998
1.83988583079519,10.7011318377964
1.47291704445126,15.5424108887213
8.05287457588029,15.3428297420389
1.17659360449761,8.17244950127364
3.87423088012223,11.3237855205689
10.2798851357717,12.2025706736031
2.71150757550242,9.54838224214426
0.953031400558483,13.4835444162573
0.328435779549181,10.5999862739192
1.22513156756759,10.0165737070987
0.81512304302305,14.6584298369193
0.629808829069459,14.4970815855473
3.45119684545283,5.52040212687528
1.6417503709996,8.85124090709905
2.32071916564348,15.0466086461477
5.16003506977983,10.9085661482548
2.60319693564417,8.74965150704474
0.36224255990237,14.4316957692532
0.294524984434247,9.85852750909011
4.84220876146979,12.2775583061559
0.620736743323505,9.18135188494739
0.00534598360511677,4.99998708176292
2.03051909795942,12.9025404677782
0.146301102824509,11.5768450429955
1.41751154578404,6.55839486086306
0.439208357594907,12.9436823418838
0.543491735123098,9.33278587720226
4.23321403165288,8.99286244394581
0.626136439852417,12.149031500703
1.30034021567553,6.8923386223804
1.08984604850411,6.08837351879607
0.730290580540895,9.8993583806959
3.88602422533517,14.2738475569192
0.297139443457127,8.62059646482787
6.10924002494583,13.8575294270921
0.523971049115062,9.21745101515051
0.126990881748497,13.8478651822232
2.88530914468651,13.0375833432389
8.93256995776549,8.23728683406959
2.80447154564796,12.684617477302
2.65020919023993,7.95699744775367
1.71673911159376,12.4209326440433
4.08233982307797,7.83879835303659
0.0592291013147241,16.5558814592083
1.09846252932985,15.0653202257103
0.734910415046276,8.46227149436099
3.55984830094462,8.77627780703086
0.289475691504776,5.99126816385648
0.240143056259231,11.2314657489898
3.07350003329997,11.0638387144036
0.0457863993942738,8.7851977881384
0.0977943301531715,11.9931939453516
4.16123741191619,9.1281487316235
0.192080300527079,14.8129449087643
0.343472588807344,12.1013197946307
0.308929126123893,6.63217795736158
3.47386581061368,6.4803908354806
1.53654411426725,11.8382291308788
0.801540084183216,13.7413082920135
0.467781244777143,12.561206449809
3.16209615750198,10.0377385847698
1.97247113837841,11.063452319782
0.656326569173534,11.7500417112845
0.0256080031394958,8.67568547115021
2.11896252810004,12.4226957713758
0.075159558143638,10.6343346497969
1.82286825581434,6.29760917163687
0.973726297728717,12.4179213258578
0.968580394051969,5.44926968069311
5.02491759215073,11.0170630927395
0.886551457457244,6.20321514799419
1.47156197548824,11.4322031146274
0.809779091738164,11.0280631677843
0.664027043043841,9.18534915996036
0.0783049035817385,12.9526920720962
0.633075738325715,7.90336217914659
1.52877220143643,12.3491737120311
2.12176791383865,10.719709825251
2.6737632229084,12.8546645181444
0.809163391590118,15.9312172911427
1.08875752985477,11.1934106779794
4.74198843886085,8.370087745966
0.708225760608912,13.5471053823849
2.2323874811733,10.6944640181262
1.92026178157868,10.7128217670922
0.61297447886318,3.38481939315722
4.90129283417888,14.2505889740413
3.6255331559289,10.2211324923583
1.10026587359607,9.18497171691807
3.02400532720571,6.12222414223303
1.80198956579892,10.408196056103
2.49919799706879,10.0441210586457
3.03429605327535,9.95482211596236
3.96163953823929,9.40693044647789
0.801760086789727,12.1668917378064
1.05712064076215,5.20521421062059
6.94762278678727,9.14250148216029
4.8976039921207,13.9892529932577
2.37986215009334,6.20816494065719
0.384606960896898,11.98831555092
2.08914960353615,16.1324592667226
1.03235074039549,13.0805500401989
1.14971969649196,9.13290742502076
2.18327282733264,12.6259814601757
1.43131927896755,9.60325376902223
1.19216118101031,2.20487938132552
0.0760801611173293,7.00930921152798
1.15546818992962,13.7270683462068
1.71439322707052,6.97833584015993
0.72914132311118,12.7992807715433
1.49957299410346,9.98372242189678
2.83941384760623,10.8660530338795
2.58144346616211,11.9204718807242
2.13652026272359,9.51030127767887
0.575802348297456,11.5936872928981
1.02390116918832,9.22292437969845
1.26534482464194,9.1720499836247
1.44683094131171,9.84014735960355
0.059431460686028,8.92856851169431
0.858513757586479,12.0017079308672
0.107898999005556,14.7209477558081
3.87061966566329,6.36316618782041
2.67067727065625,14.5321258539081
1.82584856814685,12.69234910084
1.75830522352681,10.4572785294456
3.61977162567859,7.53066856244708
4.58886682589479,8.55189298237412
0.134382035583258,10.5282619173525
0.247501430101693,2.73174399122681
1.34039467107505,7.98855206966693
1.14585028029978,5.0948210751125
2.01859278595986,7.66787172577196
1.05306119378656,16.088839823675
0.535098117776215,10.9732893236821
1.17565315309912,12.4533959612538
0.574225392192602,8.51027145786719
0.672767454758286,5.06133338209601
0.329064460471272,9.16924752033517
1.66649567886236,7.77731212500853
0.0809611164038524,5.27588310492056
0.0254015419333025,11.383112565745
2.19557913198116,12.1765270861294
0.612848081625998,5.11259945953174
5.62156328525314,9.12237680781575
1.94769542469623,6.48460301994204
2.48848328544738,11.4346886521403
5.21827561755605,8.28847303495769
1.17972080409527,11.8808626950163
1.83067572853508,9.18010132183988
0.472290138714015,10.3846001651464
0.422730665653944,9.08610617947997
5.50048366536326,13.1161558504378
0.748009600524318,10.5938916205213
0.0987802676280024,6.48790081019626
2.05884145936909,6.3965381198496
0.49170458316803,9.782917506456
2.45587736732307,13.7698386351712
1.72366791955175,8.57829162049675
4.44833848800925,9.64900560413123
0.710881076753139,8.66379459217149
2.22663352630081,7.91792722372774
1.01589283184864,9.59704497768209
1.09242096915841,8.13718465200744
2.49005548647585,14.7345763084273
1.54258165370259,6.54193050421354
1.20801165979356,10.8952708390246
3.66428437962072,12.5012638241099
5.25945756186671,11.8820321214686
0.066770720295608,11.3109466385774
2.83417649550324,13.5065043707816
0.784878988750279,13.650573434662
4.00820655358915,13.7400771020845
0.228680636615624,6.17414006870967
0.0924085909500718,12.2244562336954
9.73581867450376,11.2222069115051
2.94245309559449,7.88505788744754
0.428453583270311,11.0106333832895
9.00901452401533,12.902189150481
1.62257648975752,10.0746362655291
0.947075531229341,6.32384170093286
3.49371243996506,13.7037298423492
2.54746536902132,5.97024945483427
0.00448066853725694,14.8768369046193
3.2803033365119,11.4514723056589
0.419718614779413,7.74244449187831
5.62303812768231,9.65117591691146
0.357928699813783,10.0625447050097
1.74741271874847,5.76939736896625
0.501577112823725,6.76078781439306
0.932559444971759,12.9023283362235
0.294600604102015,13.3338852003578
5.60682351853619,10.6692480039685
6.3845059335925,9.77695419274574
4.87248343576617,10.7278981354734
0.402460495010018,13.7614125512715
0.96624100394547,4.5686000273265
7.47385935070825,7.21618097573966
1.42395079720512,8.99443143542322
0.216791050508618,7.68185677265192
0.801939932629466,10.8424006885494
2.65319130002501,6.67237953049051
1.7206955641776,9.91285900080879
0.242208241485059,12.1708583088256
1.52642212240937,12.9213970282259
0.0290400749072433,15.8052596620161
0.0683867353945971,11.8138643557105
2.74299553773346,6.93476094089251
2.463824134236,8.26639987686782
0.209886858809125,9.77579391932244
0.767485236358223,6.34998555866906
1.95731968051734,6.75817948132341
1.91910691333243,7.75552576573288
3.20666547475343,15.9647854596285
0.548267443664372,9.7382294492984
0.18346326252672,9.41182813985419
0.343446834012866,9.05377049865107
2.80639669518233,13.1178517815466
0.21088454592973,10.5920907187518
2.17785314089599,14.1407955188627
1.79684124054828,9.51604279397627
1.39593524323903,6.54741956590413
3.00123549235945,4.78613400406796
0.0156903901320724,10.2354632328324
1.40035929275952,5.6433313578007
0.377520659938455,13.3282234824519
1.56603877051714,12.0770076752958
2.83439780091395,8.79181617086125
4.22259166928466,12.6667565459924
2.47911879784408,5.71243413322204
4.83478239168349,11.533034932916
0.430576385230064,7.63878877494851
0.581583647785117,7.69528061388846
2.33381976551356,14.1282063811302
4.32772912715194,8.79977100054014
1.82491950682344,12.2638390173774
0.649924997240305,12.2070174888974
1.18579015787691,7.80645355339304
2.71342998362126,9.80374064186045
0.590913959778845,5.30538922337682
0.370145448483527,11.1470598249482
5.10864004840083,7.569964475474
0.906065420247614,8.99845846277556
2.45007294515976,9.12857475527201
9.05068562129393,5.54893698220779
3.13409497130097,9.6576364039044
0.441141840093367,13.805017158775
3.82716720906978,12.9479277290676
1.26880284957588,14.3390182800594
5.40421691139169,10.4029925042566
1.83792520821929,7.44028824656735
0.497234232708797,8.29857367478684
0.455262663774192,9.44895567036959
0.291038054885396,17.7395783399798
0.0236281745507489,7.56548933806291
0.797259025275707,8.43740570182841
4.88414959211774,7.03404313324172
0.425936442039009,4.91847085154484
0.922448288649321,8.98461299429778
2.15001040688696,6.66926452669173
1.54447993248391,10.3151208216731
8.64311359027281,10.1193637218192
0.485436693765223,7.5420678628948
0.0771081745624542,8.3677765048013
0.0805854825302958,14.23327851554
0.219606432132423,13.1323105491602
1.17532000597566,11.4789886662554
1.5597714948559,9.36393781970713
0.262076811864972,7.05601450082954
5.27635255058236,10.8654183114657
7.20595721485925,12.0307335853912
1.58656158289852,10.1297560012686
0.223449293524027,8.6135883140252
2.33528776644709,13.2939334604721
1.98783135591986,8.28539082525294
2.94132597355132,10.9549551690314
1.85032480201664,7.42252369372373
2.38727450020584,8.63501599756435
0.654234794899821,11.2468249863727
0.15397316031158,9.37204366341677
0.512834145687521,8.64137183456176
2.47921537413242,8.62327181248701
0.249860617985804,5.3128797919261
4.29362919258398,9.65375657951871
4.269806800749,12.6202999407234
0.362535879015923,7.04400957439368
0.671840550377965,11.3185187194348
0.428669787012041,10.4970305948406
2.515742322346,14.0073386856292
0.664396790787578,10.3587823032052
0.0950659532904673,9.29209358262713
1.80594813415197,15.7438680203689
4.73967331250138,11.615411303719
1.24492767360061,15.0135760694298
2.08702304950895,6.25341575268107
2.46104012980106,15.2337505979364
0.343331181444228,12.1807853244515
5.0608357480856,8.60951538640822
0.650881947472088,4.81510534507251
0.0374696812852042,5.03913431757616
1.58531438923421,11.5444135223525
1.45909882993386,12.8225731694312
3.64744194952731,7.12185200573873
4.77014447350926,8.04686515529591
0.319514918141067,10.4105069793879
4.68705156792827,7.87235196969923
0.026480720114283,12.8556563947419
3.27622170729523,14.3623264838788
3.64209385944491,6.92990700221879
0.156404732782413,4.68304570687571
0.27412207437511,12.398856604609
0.833345652557909,10.5830960964757
0.651842083781958,6.03147702026921
2.31383513092043,8.264547954672
2.58247165187242,12.6045382739491
1.36107846070081,10.3384663068335
4.38525237490363,14.2570886585976
0.489171738736331,12.6349501802242
0.239008227054134,11.5764341739333
2.20865383177044,9.93438222753661
1.81153098288036,9.29805251669792
0.029937082901597,13.1221521634314
1.98620890817585,9.79837367025502
7.56564803006959,10.9521694701418
0.387476838015456,7.96669789175352
3.87048104761128,8.64436279843357
4.35015587110944,12.5735837042909
3.53128970397596,9.43157802691837
0.581616553477943,14.191015789799
0.989036493003368,8.66251978008181
0.976905822753906,15.5444311263722
3.99716158939486,8.1502454550642
0.313185282983298,12.0506284577347
4.87394383072721,9.30444403157273
1.72835978851442,7.44620009986499
0.0506107757776206,10.2472047351223
0.805651103146374,11.7558903649928
1.5741482413465,14.1852596726487
0.506849539358155,1.73163986510298
0.4996946795983,12.5572791829137
0.844484620727599,12.5967118746924
7.12329307529486,9.86276802132771
0.604423736222088,14.3219742448968
7.2980540800364,8.74236333387751
2.53632835476639,10.0174831607696
1.40327580136678,8.89855439538936
2.5049177276993,12.2810911623828
0.859997350722551,8.85613298192364
0.168108677491546,8.39335766869474
0.301769411191344,10.2058135644867
2.10915037981215,15.2703325887895
2.42475306793096,7.20582798899387
0.733802216127515,10.1937619415192
0.12583435151342,3.89284556454336
0.211094250021694,12.0234892669951
5.14862846473272,7.11091514038361
0.34788245191149,8.44316953410173
0.43286165449877,7.82794783757023
1.41986159413102,1.69388488098837
0.767224439419806,8.00315625472006
0.133011254328386,7.23559896278298
10.0074508748836,8.2379513041631
1.62122039115968,13.8164953196234
0.988663555122912,8.67325056765512
0.0318946500900128,9.82430860902359
1.66059419367641,13.3021926525799
0.4637212427333,8.38282681887013
0.679411659017205,8.2900705078811
2.84610452113633,17.5405901298249
0.264092340020788,9.53531453562809
3.51555973647122,10.0082375489313
1.95758515029194,8.32937773080837
3.90069463832264,9.90104699119824
0.169903764501214,9.80519405187353
0.527040740924959,6.16633753419627
0.723497642871149,12.9957684267276
1.88537435225191,10.1365595417367
0.176639969460666,9.67523223828894
1.49368276050574,10.979716560302
3.6681601124624,7.35852035397685
3.57573066262488,9.6443857887988
0.272040515206754,13.3208451064912
3.10511990247254,7.80114615621459
1.61990570054978,6.66668746255019
3.27398024482613,10.9384660213033
3.52814236882796,6.60586257767044
0.543904349127159,11.6030386259252
0.772502617910504,17.8209340278347
0.265274898149073,9.61135238185652
0.391944346949458,7.11274260779436
0.0578842419117318,11.1716133680374
5.18717424918838,9.92332443073597
1.29989316500723,15.67299412925
2.93228304071527,8.7121015717321
1.57628755635562,9.45664521334313
0.479832992888987,8.86591706241039
0.6079370258376,14.0451670375882
0.642968764528632,12.9356906275532
0.156623140522596,7.78267957617575
0.415038486942649,9.68594996891071
1.60264086794621,6.89436765859334
0.530361087992787,10.7191256389754
0.444564168341458,9.49874338093526
0.577892533503473,14.7530302606499
0.888619204983115,11.9878198405492
0.294065065681934,14.0869548963634
2.70852532415631,10.9491588706094
0.811856267042458,10.1470772191231
1.38270389474928,9.17138545069476
1.8395820562701,5.24426451326071
2.69742684616687,9.48328203719064
2.25574271558764,15.2198372198985
1.31585032120347,12.8293193813852
7.2216584045929,4.86422073953231
0.0659384110663069,8.06246179753775
0.589495531283319,13.0491889990002
6.0078673571728,15.5695898266516
1.90380182108822,7.54258722793343
0.0606374610215425,10.5638851009704
0.905390086583793,13.60499606424
3.89053184894805,8.61813950976233
1.38574036117643,14.5510724813381
3.1095858326364,16.3549813444401
3.85328296555166,9.65577720190693
2.758023686623,9.0777530181627
4.02996164170985,6.45901593887733
0.253102755174041,15.2596115355987
1.07415250316262,8.36270922025024
1.15524554438889,8.48844953160362
6.6321503806528,10.2265492934274
3.27193137241488,3.92542689756293
2.03196844077649,6.67614504014405
1.24375541508198,5.36135176542529
0.779295681044459,10.4710978719981
1.69954191905036,10.6422565191754
1.94889825574102,10.171508328876
3.33817078901415,9.50773018380156
1.0097779398784,13.2718596310419
4.32059073843747,8.49162367172407
2.15522753811421,7.46815938339037
0.837208793067101,10.4890944417191
0.399119114825538,9.73813739053284
5.97320546526664,13.7724910120338
1.59082690977956,7.82642638947293
1.19370936229825,7.0882835888246
1.92863172800036,8.68133159560928
4.3138271232409,10.4127773610352
1.94663121473881,7.64175850889855
1.82806080198827,10.2263009053335
3.41698644293432,13.1049175918649
1.47542247540298,13.3884524047162
0.0241041257977486,7.07930139732179
0.9386290833354,11.9271426590621
2.65283355667236,9.70566271547556
1.98009352191331,5.52882832737384
1.10949410498142,11.6476057177641
2.27503368436339,11.3880525338963
0.0935782786592742,12.6061675281966
7.13670102977193,13.9448858207638
1.84374042004977,9.85409271969133
0.170808776876006,2.25041157005777
0.00247899045266722,9.8804883492232
1.23119329940528,12.6632934804684
0.89785395655781,9.25788286343135
6.76167449321518,14.7693974974272
3.29319163395052,8.94481056765521
1.90610689288917,12.368158564884
1.197380294092,13.3808523820279
0.632169597246323,13.1908901189472
0.848635081311705,10.1956708101806
3.53899706883316,9.70607981649287
1.86953465681663,8.71962626637136
2.23547901436996,10.9341901599241
1.43252980328145,12.4206120579961
0.732511295937002,10.4092978279237
1.77345988891068,12.2021804773363
0.372103377199273,14.8241396046715
1.71118846709978,11.8461702062792
1.5906017589474,6.64007442153773
0.338085538707674,17.3618290960967
0.372955521563492,11.0322616797638
1.62465199819746,10.4345200364971
1.08059090934694,4.74604109688391
0.493826895952225,8.7769152817259
4.54733593364186,9.56730142992424
0.428963342800773,13.0095537395751
1.30352133326232,5.27265359802742
10.2079177828212,8.8958640880421
6.16162990000019,15.8356835509678
3.9982633141983,6.25834696001458
0.476039312779903,11.001142109157
2.81010131148582,5.16579937045007
1.40069806939902,11.3055012010485
4.25109570820756,12.0722456295237
1.47070688454019,15.2794812871579
0.907467092609153,12.2881631844962
0.292656956240535,8.27589160166979
4.81607716212659,10.2370535788815
2.6006687953228,12.9632451848206
0.155021287500858,8.26162250057594
4.98687276022966,9.43497251980176
2.66571960962358,10.6577126884989
0.696607265621424,12.8610368305235
1.46856100476327,12.373712666943
1.60247782236877,10.2427412650694
1.52640068150106,18.9614195263422
1.57705327115002,5.30074535899639
2.40125393859091,14.2903696326942
1.57899589086343,8.42234441814164
1.95277261166813,6.56079089844162
3.92760636268144,12.0038104486003
2.31360248467865,7.4362361166629
3.19863942356233,11.5922128706599
0.427886658348143,6.95129193255579
1.33749652374536,8.79795244680297
3.03274446336513,9.79048895703492
1.07672083377838,12.2183459419062
1.87437489434125,14.3448134844945
0.245334386825562,11.8705651277067
1.6015620690221,13.3492493642385
9.62684301236525,11.6267459737065
0.771584725591727,9.2642496175982
4.84251288671918,7.76870542314481
0.0407856490548134,12.3299375192928
1.33596031274647,14.0512339815202
0.608042975887656,12.7279375902205
0.685999969951808,5.93052072831182
3.91718848405366,13.531639490908
1.55773178107085,5.02845374215249
2.49853274962845,7.5955038771666
1.20017657708377,8.71471593547636
1.61529672696235,6.94826552620973
4.2155200501246,7.42520235217972
1.42076524711194,8.086400234191
3.56844533963089,12.8262000926758
1.86079226984623,10.864420075222
3.67724380625372,9.71366356435868
0.801609675761884,14.7641291185786
3.20163357613568,9.0199553626259
0.12306272983551,5.66854164123082
0.969323069381539,13.1839303281806
1.08877539075911,11.4846970667261
2.74791439986768,8.33712685178007
2.3465586862618,13.0929589328683
0.426420151744329,10.3176228954433
2.87600139891929,8.75474420783596
0.355352604534167,12.1185719917257
2.10160228681553,11.4618553933714
2.43862598008456,11.1865241806079
0.0536439856514335,4.06131967590174
0.303587099537253,12.3692848859363
0.410476088147061,11.2053240091141
1.91060244656148,10.2370511556476
5.29148853172488,11.043245235197
1.39125982516683,12.8229615872136
1.73873363426867,14.3768784023338
0.585736522451043,6.95950258814925
2.25793508731827,13.7013057394744
2.44366731672528,11.744966956085
1.12426017224789,11.689050969272
2.29579048995211,10.5508811159808
1.39255416594023,16.5095040149726
4.98067060460277,9.25323302216621
3.21891819763956,14.2823817889062
1.59458443293354,14.1349964790315
4.06326177326923,12.8341853486028
0.0161520997062325,4.39371280248741
1.59985566936604,14.2049096464217
2.04317103319142,7.14450305157676
3.29175011796837,8.02601551500165
4.39302201916404,4.74477697839156
2.38028151906076,11.0188707778101
10.8450367184063,7.82122005762353
3.54303038475995,5.42523107691633
2.35449361420217,8.18015720978756
3.39103033749347,12.5245036237535
4.27053751706781,10.7153252404473
1.79590371012987,5.85317028573622
1.40516812855872,11.3361363149171
4.29318204743743,12.4444937726541
0.972320726141334,10.7811264275338
1.18085478618741,17.4071773894018
0.157179641537368,3.53888973468576
2.26523800744655,14.4670726333898
4.64373758152758,14.6972785190388
6.06468678977261,7.9473129735896
7.96267704251123,10.8782675174548
3.61428424326663,14.6804996061281
2.58020422412994,10.9352578025331
1.67300843066516,9.21460593494125
1.26414009276778,10.0042964806579
0.680803004820875,11.4488429540174
3.2260916007865,11.320181086639
0.558806594461203,3.89849487362243
0.352677649818361,8.9781350025509
2.15282354309204,7.18617015382795
1.07023489940912,5.58615312267775
1.01601405255497,7.05502039101641
1.47133171298508,7.80738132962702
2.99104856715286,7.46892328907013
1.22366695757955,15.7724073036374
1.58857312417569,7.66259959435111
3.34440726397519,8.85341427333673
0.405088912695646,10.5954237463711
0.927185755223036,9.36071293820139
0.0176937915384769,5.31645742756515
1.5755006617641,7.07424920668953
0.695914716459811,9.22256114793563
0.734258488751948,13.7461805563458
1.00768804177642,12.2136134899096
2.37467453878286,9.83066685692247
0.292616826482117,4.48061761312006
3.6099829932857,8.37714149631947
2.61598266652765,9.50750993298275
4.79873516757913,10.6806564167485
2.76428879043999,9.4470977941596
1.87206595825074,13.6867112935949
2.80110687613127,9.32035579604807
4.16631068636603,1.25315792118645
4.03635871021037,10.9161717943392
1.68198078862371,11.7865653982113
2.063541474785,8.58567891899469
0.000903862528502941,9.92944587492877
0.850995592772961,8.87113751417928
1.27613677829504,13.5188605465638
6.92942975427876,10.617733830347
4.34128906180091,11.7630980743641
1.30045855604112,11.1241470179882
3.88531660271769,10.6655199129866
3.09389641119127,7.25868957979105
1.78551108195427,6.10792910011226
0.450135978530137,12.9929371807875
1.15256039239466,14.9383009883938
0.925402762842274,7.98890397288418
0.400694924558416,8.40406678927561
1.16469118035675,7.85315985803602
3.45264328250027,8.22223641327493
0.59947803337127,7.36854401199075
1.84650768865598,6.00175519986105
0.880231239832938,18.6805277447908
0.447710923892196,11.2892146336053
0.547900386154652,15.0833507324769
2.49429264097455,10.9285615539221
1.37409511487931,10.3503078303383
2.31286527208033,12.4980761613592
0.0347540029109858,7.61407216687479
0.439887140539613,10.1823378407395
2.28204357801917,7.19916920020943
0.856035609729588,12.7603525281855
0.706077550537884,12.7639969635895
2.07180793574991,10.7824096260972
0.137735749594867,11.5095027429954
2.99895105121617,8.12654448801133
4.32424936045833,6.17057835529362
0.0281884027882849,9.45079620295605
0.0615923618897796,11.7741639992065
0.969645213335752,7.2856995297973
1.89698640621247,14.6211782892572
6.33738251289594,10.6565413055845
0.179491561837494,10.1261783738799
2.29321510522606,12.6728293932099
3.8685233479548,7.68774811586871
1.26809043530375,13.7395927106404
0.131623287685215,11.6538421519701
1.99814267075601,14.3448497300249
1.79426840498092,14.7601640291016
3.69265136478429,12.1174650690672
2.99966513721232,11.1287793933318
4.36654521127172,5.73118937300464
3.19587308896666,14.2379013796597
2.55265245578232,3.36933245066605
1.65596560817975,11.9227341554169
0.465531881347386,9.56240758939155
1.87916628076675,12.0103428685156
3.74031370116358,15.3663378424956
0.551117696799338,4.25062349814353
2.60071413583102,11.6584170023211
6.35022622313271,4.91868581067012
5.99147403206597,11.5322762848485
2.22061162992361,10.6254956293701
0.798424813704811,2.19707161521606
0.721936645136558,11.1925374121218
3.96194880438929,6.60684165449548
0.291159483253573,9.40600834589551
3.294577345084,13.1095747351541
1.98322349033299,9.52662305777332
1.06763248890638,10.6144583093562
2.72612204021754,8.96662168153978
6.41530867634973,8.379902992232
2.95375510288363,16.7542132735607
4.06464325247293,12.906910477838
1.10529180271114,7.61687235428129
1.57541032872143,12.468001369326
1.03108092118055,13.9626291137214
2.68849747060778,14.5898762735336
1.11919609550387,14.4845181864769
2.24274018322094,10.0057584082789
0.561016355641186,8.20051574715486
4.63523388256259,12.3270715591037
0.296421825885773,12.396658742721
1.20913530606776,13.2441894903167
3.3468005916286,12.7046834683623
3.74316027743702,13.9727580977543
1.66854263088646,12.9991896893689
3.59380033967977,7.54726820216846
2.83256845231172,5.09897914945895
1.27141571696848,13.2050777849774
0.613086590723302,13.4019741384244
2.09728588714244,12.7596129544584
1.13004998490214,11.5758611695431
1.33869100920856,8.34356609549762
2.63199218167903,10.0994171752788
0.0879733768698468,11.0712249940723
1.09760353434831,16.9858090738082
0.371002148836851,9.09287470717628
1.33635746873915,14.2674483259227
4.82889510293431,11.9982261447584
1.87459512046518,11.0733337920971
2.93312804698095,10.0759505000361
6.47636985745201,12.3982988185694
0.306782366630235,11.3420150156674
0.24955284036696,7.5383696274152
5.80637468082834,12.902272375758
4.58617632994076,14.2767704691473
0.0242488421499729,3.9751657171859
0.0198796819064231,10.6512887839641
3.20123404798367,10.1357736757448
4.37186889697738,8.17142519934584
0.937568298541009,8.59593563538519
1.54377857452047,10.1089778162425
2.70884490749779,15.7826581450565
4.08755839226728,14.2169562677754
3.85784254578834,9.39006792057689
0.804242946207523,11.3004649686339
0.0693775798668643,12.9432830408652
4.61792356950033,11.4431442293563
0.522598252631724,7.17201690012882
6.10176247324715,6.0491230409202
3.68038610853155,8.37794247760322
3.96696886403446,8.24311556991495
1.41913270941916,11.8604062052862
0.656054383143783,14.4101431965261
4.34935501565166,10.5672108153451
2.77537083236461,8.09958017066026
0.189233781769872,5.15475985081277
0.71624483820051,8.79755362697434
2.70477677873316,7.39570017527209
0.0374929616227746,11.3212673420524
10.6748155604695,6.93175560277967
0.80016522295773,9.98048874835098
2.98827599798801,9.08416272575539
1.36305639334023,10.5450962074146
1.01640204340219,10.6819376943175
0.819902741212513,6.16730575979822
0.870990535244346,12.381255002625
4.67415555168815,10.3329536144973
0.669997417367995,5.0471257578045
1.84330205797198,12.7571574489343
0.393319700844586,4.92776322606591
0.598964056931436,8.71363182172801
0.136664926621332,8.19620740772487
5.1271842713978,7.73587900344396
9.79073283390002,6.43838219543217
2.99104547177121,9.38307838487479
1.33974752854556,7.30776895151513
1.80884740306976,5.74176319802004
4.26929180606338,15.5430950073763
3.14673683044131,13.7556978164346
0.377505090087652,9.01156121941043
0.822192877531052,8.30960172783041
1.80225170022788,12.4347809756006
1.05114138685167,15.1556035103001
1.68809504798594,11.6553554035298
0.716425227932632,7.94562708183806
0.786181514151394,6.29606763505828
0.0103169615628598,11.8509427185014
0.470704371555001,6.77297876477331
0.197430113330483,5.9899401746707
0.770980214700103,11.6199350592839
1.63919384566394,13.7216640980181
1.06967945490032,12.5812840213776
1.05870884284377,13.4279071558984
6.22379825975666,12.6398679112723
3.7609423099268,9.05897114268839
0.637330901809037,6.37621428871003
1.04765441268682,7.56239330352788
3.00547758055077,15.9170878189723
1.41081542885842,9.22725340741374
3.84777254966979,9.49606956345728
2.05609655558112,11.3733805574728
1.00258169761707,8.57288127950415
1.12038434576243,15.6213391857364
0.13357253449133,12.1319611166394
0.17965324036777,9.7814472068238
4.2424017535199,11.7209859487071
3.84204181266909,11.2414461712781
0.888700391165912,12.498253542785
7.53427849295449,9.20378605114425
0.867782060884377,9.78739533552138
0.53671642113477,4.18807434744973
0.299997917861061,9.44724699752777
2.17251678920331,7.0534352613844
2.12616277663949,10.4360296896666
1.3437888789922,9.10153164437832
0.402326602540836,10.1864240479365
0.597525141201913,7.31637275372132
0.921755679883063,6.27755677395941
0.221728180535138,7.73979028444737
1.97978440891758,10.0966739720846
0.573964354897882,4.88028130512347
0.455154533497989,12.8094018897668
1.89996412301506,8.57753355776688
2.34703915093982,12.6613894044332
0.345622440505107,11.6977017736392
4.38422705704565,9.62067484907578
1.53678033678772,8.14509301778201
2.13053523604907,8.06390853269121
3.19578059427723,6.10395372049352
0.510811928038326,7.11980159723255
0.88504277728498,12.9262994470067
4.84656436343618,11.3546734794651
0.374986254610121,11.4582996050872
1.98528989085736,11.7300790954242
5.9975256257786,13.7843151662553
1.22958074230701,13.6996050362615
2.97547073368303,7.22278874439658
0.481966271149274,3.58066884460487
3.00938421459708,10.9847456340521
1.17611379735172,4.65105396233888
3.32229754684453,12.3803014341133
0.288315582089126,5.50074205433852
5.2905753960175,6.73221503784211
0.31891892105341,9.05015878803543
2.14980445382439,9.36356873703874
7.1646638322146,8.89585682783931
0.483036499470472,10.508507642116
2.81098588993026,7.55962899797144
1.19041698798537,10.4492160054897
0.53090941067785,8.27426003076929
2.53505267753246,6.33958857763068
2.60599530293586,7.67562841138581
1.01665427815169,10.4791201361259
4.45227155436702,12.9266964344472
9.28387842276945,9.86201511221302
0.0151814509683495,10.9272678471428
0.748787710443139,8.43621303620943
1.46593504032686,10.6746851598637
1.08238811790943,10.0802907339538
3.00805716025535,10.7503877961238
1.19150168288311,14.6872975185431
0.734115508385003,12.8338309415737
3.2130423276259,4.68201167327208
0.775389859452844,8.63646896438702
0.775546093471348,7.69045158737423
1.01658110238356,12.024110633155
0.189302869773251,7.44148983756784
6.73767209019432,2.60684945534002
0.0656106453388929,10.0458421504255
5.13444827099271,15.6443711491683
0.111657021567225,10.0881159030497
0.674124700948596,7.46959699804313
1.97939124136212,11.9041703360202
0.0443605036998678,11.8160058279955
2.55942951506915,2.55907689930794
0.175384033471346,8.50319480414807
2.58463902018013,12.6514356751579
0.452890234068036,10.6460435706024
0.451082183048129,15.4270676682147
1.31786028109491,8.4095076872464
0.130967719480395,7.69195683739132
3.46219160390978,13.9453654614118
1.54191850303652,5.31847517629179
2.95500501973515,6.31700244919495
0.938578708097339,11.5696065885244
1.61074078074636,6.04873747618418
0.95878869574517,10.4065342989993
0.346593244500929,11.6981650621911
0.0876539135351777,10.6787983953443
0.185464028269053,11.0088593973079
1.48462579518201,10.4107133142187
3.75141942484264,11.0756085125589
1.68212686098161,11.360312815817
1.28787479549646,7.13161360792912
1.75477253264728,8.12492090949352
1.79299029206268,14.0420017925973
3.24348349479919,6.23668417190906
5.63136411574465,7.45015820139257
0.805787230841815,10.1079748301524
0.0261267609894276,7.70013104134824
5.9610207171752,12.3699038310693
3.75545231981163,9.29347624536137
2.42902965090218,19.1398835902523
0.0733592482283711,16.0870672501654
0.833890848793089,17.2554095837719
0.577605261467397,9.94777645279471
1.29269888624549,5.78585352835864
1.39601048073711,10.3442010695893
3.36731309799438,12.4274738612234
1.04688791092485,12.7043629039969
1.03767524287105,8.17506182912473
3.35136917216663,7.21538452725407
2.24803824714365,11.5213554068094
5.81429941918621,7.42024420629857
0.276982231866201,7.29851435227252
3.65554005635862,15.4358939082449
5.64299283888111,9.11639130672913
2.24677654161098,5.69622255115848
0.266610404476523,8.36397559236749
0.296044289853314,13.5417088651638
2.00284820041599,15.2529078422308
0.620065981522202,9.04949762814167
1.08531205635518,8.47792681664674
1.28547121305019,7.99725460111843
0.087722288806836,7.19712498843043
0.408020221628249,10.802613512627
3.23612416518812,7.16980149510741
0.615930247120559,10.7118705662064
3.19984406588559,12.5245321572103
0.625203826572207,13.104833882361
0.628523193128958,8.12365343818446
0.412379760295153,15.6324820236773
5.02707704503961,13.1568704614964
0.898827073164284,9.34784032836638
0.0378197813406587,6.93585786804835
4.7594571446342,9.38715696175743
1.33266919758171,16.1693556145145
1.66349992333891,6.64548590092663
3.54727167761244,15.2679622892605
0.27063967771457,11.0139359690734
5.95150802968966,9.42835678536415
0.579240204707841,11.6972981143465
3.11063889835568,6.69338807018224
2.96873829496985,7.0547267509807
4.09902034683113,5.90305149210058
2.60643941900673,12.6864073547616
1.63743710509481,5.56159481314457
2.98355117795949,7.90044066639328
0.654379504732788,7.33606342055755
4.23180957734689,11.5717758196118
1.88795563197675,10.704166492198
0.944433134643728,13.0290574592677
0.850282812350016,14.6466402689362
0.781122175045311,13.0206795386877
6.85600240494976,12.0347596121652
0.172153996169565,10.2726593923912
3.85611469281797,9.93297987676334
0.22363546397537,8.08579747066433
1.90175162037907,10.7851363461721
4.08416639624124,7.38888155377003
2.19213507563905,4.65919642392795
4.09045480919962,6.69902044653431
1.48243523878168,13.4694501601042
1.48349134429338,14.4917895198315
0.604564025066793,7.61875858473994
1.81812610841336,7.62826824990891
0.335775843821466,8.28633797740333
4.84290721614785,8.22193252479811
5.86039632525215,5.98024870299338
1.2049235701561,11.4366557991791
1.10273700673133,12.1871292425808
0.686236845329404,13.3494763647951
0.642067613080144,10.7294943274383
5.06324084450431,9.54807749545245
0.937245883047581,12.799272685745
0.0845930471105568,5.30992500084964
3.48991919292097,10.1401204704657
0.0351404435932636,7.40778429692805
0.0904019819572568,13.0716600414824
6.99587817075563,11.4721033437676
4.22478326920625,9.06699557674785
0.967270595021546,11.7286685481755
1.57009948676193,8.54915069246307
0.268839603547046,3.03575006568283
1.95008902802112,13.4133115167131
0.945749985200275,10.5921967318137
0.0553733436390758,5.1192313736249
2.15971025316467,12.379161854559
0.680905105613165,12.9702245345895
3.70967735706644,8.46544023597613
1.08491219580173,11.146233982656
2.10651837839725,9.40782229594966
0.942078877240419,18.1563875771126
2.54329473516884,10.1556215502373
0.453049997799098,6.86918388724621
1.3087166165933,6.01509679238796
0.805709530373075,11.8158499764018
1.83762156209888,12.11442207011
0.28997549880296,14.7513285667989
1.27349351439625,10.0877685902532
1.4330477449183,6.65103621761794
1.86330889529529,12.2214529910219
1.96264354317429,12.2856158698554
0.627752173585518,5.87063051925994
1.07719678245485,9.22861170819587
0.284698904491961,10.5794943820306
8.37637529214054,5.64166942257006
6.1076604571558,8.45112236329733
4.10729861242657,5.34149221024667
2.70069934791865,5.66685329468298
0.546313102497689,11.9126058826192
2.97368811426644,9.7824087247786
0.676480518653989,6.24229675505322
0.579603870399296,10.0756496456328
0.563574421219528,8.46078058574546
0.0785746952919733,10.7390821138982
1.7078502874654,5.23968433672557
2.52817144609037,11.992123414415
0.462342735379934,12.2784192608128
2.4815685468817,8.0265698328448
1.76196014686468,5.15123756752994
0.424885122615583,10.5572988512749
0.75074756338696,12.775908692873
1.07382371267282,9.9612836225643
2.80639926699882,13.6031243159466
3.95492453483825,8.28240662660969
0.359466349706054,7.87809302129693
2.59158197409453,10.2174789015623
0.938595579005778,6.83400298642152
1.36542272847146,10.4604668222264
1.13710203580558,8.85327189434131
0.0762416422367096,13.0719579064131
0.321456511337441,6.40178819382277
2.13188208444955,14.4084352362693
0.740943373180926,5.65300034017058
1.23681113310158,12.0150486528198
0.715589827857912,13.5731207609448
0.335500945030605,9.30495179231868
0.339102077297866,8.89539297339494
1.4722640364522,10.6260102969427
0.387197139672935,7.47682335417465
2.76837510420921,12.3488377060633
3.11299705488567,16.2012303764792
0.634811400435865,9.93250900210159
3.12412603844051,10.3265561827604
1.09067090321332,8.85628383818476
0.257703240560527,11.28373064322
5.68449015881786,8.07673955800056
4.35752772649049,7.11907949388916
1.2435382882768,15.2393474886026
2.57375194496455,4.97271847818084
4.79808018703885,8.07589611413152
3.8313205091465,6.11637854877454
1.20837862137705,5.61900692906329
1.61357390147757,2.76820011995984
4.99051534757039,8.87221360340681
0.653969747014344,14.8912016158348
0.380542630228167,9.33200579019306
1.67281999244335,11.9269491714023
0.012795198988898,8.11997339973299
0.217428772965189,7.81031334075338
0.716866645030677,10.1032969794385
1.53807107454739,8.43721567392544
1.69251560897309,9.22949062565271
0.222452170032931,10.9436678976849
1.46358662276509,8.68146016575713
4.08068981377368,8.20754382455435
2.7304641342813,13.0405861768742
0.718552922829986,11.5464557120053
0.907644576393068,11.9644300517152
2.92816265655642,9.73123690850514
0.403931328754484,9.02307239813262
0.981816744431853,6.44683301521789
10.8856816025157,8.92555393415778
1.39025211608798,4.48179636788428
0.142305565066636,8.990032543018
1.19300585519522,10.5546769619434
2.01291506170275,12.123315930503
2.56794292657616,3.33619060566556
2.13990663275767,8.60544060316064
1.53083291827681,5.36589824873719
0.519984191283584,10.6647779192079
1.70391269951108,8.09345942532877
0.488332046473117,10.7260747818584
5.55992747809658,8.28454083413621
5.16073465694614,13.7308872883001
4.01766553131824,10.0267174289568
0.983102375641465,9.89371347369321
2.52169447304842,10.7736298817525
0.524179671926281,12.0195816595308
3.75691182149534,6.75870020573862
3.35769074864109,7.32986341134033
1.40240755004378,7.81571707275585
0.380376176908612,14.215295843858
0.547246045432985,11.6035628195789
0.130990439094603,6.3591587113678
0.125651001310434,9.08866366259415
1.58364598817172,7.14074276219444
0.604975208640099,14.2803026438841
3.44097241742497,11.0572995923772
Rho_s: 0.0068778872194718
Rho_p: 0.00339977218664159
IC Time: 0
