Rho:0
N:1000
3.33795978112106,5.85899295594631
1.19554533157498,8.66003605741903
1.95465498072566,6.71671181973754
1.99684371528107,11.5617632717287
2.71673365301433,9.58238135175601
3.83280153555756,7.61895771607727
1.57823709576371,13.8046691047651
0.427542936988175,6.65504534210576
0.186903322115541,8.3514000573417
0.574727284488717,7.23167368386339
3.57020784425349,12.7448952237098
0.510042044334114,10.8100379999808
1.12534413207322,10.0480870484848
3.59591853601818,12.1740597383961
0.516714873723686,14.410779025013
2.76252615443411,11.5433999292792
6.96350031109504,12.4657433207809
1.37402209732682,11.7793381317102
2.68955446398797,6.68429743290918
6.51750136878262,13.8862782319611
0.314694217406213,8.66469960740399
4.71876654376216,9.42310466480566
0.854102823883295,9.76589522699582
1.38807169827292,8.1953066837413
3.94689152000432,9.75810819388485
0.0518480091805069,15.1590683455463
1.7592918331826,11.992017135598
0.323516474105418,8.30810564252022
0.486478197388351,7.36114356580655
0.700908127987957,7.50038961071549
2.96675753204112,16.8819255569766
3.57237106544857,7.98465577426713
2.11827784622553,9.94336448000871
6.80044341053734,10.9421725905855
0.819297468289733,5.81025120387559
1.53295226806972,9.75780193667091
0.420718952082098,11.124999561781
4.16866253663726,10.507917289661
2.91255160886876,6.59145768442111
3.35461729375606,11.1609478469026
0.801953507587314,11.6903816354521
4.57735879609895,9.45867012818806
1.57259440786185,8.9785098400087
0.634142671711743,9.11687510061114
0.222712779417634,11.8055648982124
0.282472956925631,13.3173503428427
7.84921399834466,7.93450089711412
1.96762243649902,11.1642455771653
0.662329017184675,9.6772219384079
3.06380924193149,11.1242771664075
1.95032046229493,11.172742480556
0.712984750047326,10.7777115846461
2.11170695341172,7.87232869236152
2.61000035135987,8.82361240075445
0.240785417146981,7.0652181239859
2.3386890850121,11.2825180339647
9.29281661609068,1.33508853605423
0.167747733183205,7.82282234516733
3.57088712213521,12.142059447254
0.1097403278112,7.48208969689366
8.85573283532515,11.1701768646937
1.99324261057315,6.88978065755563
3.51894725469832,13.7676779239841
0.157657510600984,8.51984641112978
1.06955436710268,6.43639399905105
0.936684637330472,7.5255698969854
0.643148160539567,7.42589139360583
5.07884572135733,9.16487712343521
0.959810672327876,4.90016092787364
7.45192090752435,9.10492744879196
2.22873492079168,10.5325567739512
1.93147528721931,9.93714256971748
1.7231342426908,8.37794662085432
0.438383530825377,12.1356499261411
4.51039588956035,6.40401247907133
2.39115831525361,5.12901061714291
2.25779518542841,9.50026029493437
0.993404518812895,9.05652476884241
0.899592404269125,8.8795967099504
0.0226293094456196,9.81421376822639
0.584618326701919,11.1077071584022
3.40524516610389,13.045871065953
1.22709251474589,13.4615001670633
1.46203099620155,14.8703686456769
2.4501903130764,7.82561367264639
0.35255988035351,11.0928304327521
3.41576616449242,11.1047332536857
1.47288677042731,6.21105030183772
0.00495560078601935,16.3684115002431
0.146178781054914,14.0519066172129
1.24599697440863,13.1577903488389
0.107730742140077,9.47192668563443
0.19538823127866,-0.858991280812941
0.193200485780835,10.9619524198212
0.607055283151567,9.32973202439229
0.115225630703061,11.2173472004013
2.11137236125593,14.9735058742696
0.27778441645205,8.15211422288849
0.586962659661071,11.0392563202482
0.100621526129544,12.2636900037888
0.353029670193791,4.61476336550648
0.800605930387974,11.2405176708855
6.39785040881405,5.36475824913931
0.19370231218636,5.53122915343515
1.00822209473699,10.1632121971042
0.519391142347091,14.3044701740755
1.93987903363051,9.37207892648987
3.74350781721954,10.6005904587301
2.1554938777441,11.2875418246413
3.72446374950891,9.21436738003193
1.24170183669776,9.72281345045276
6.87451396913021,6.66571976516092
2.37216172917726,10.1424991970388
4.40803935128737,12.4047861717066
0.507026729173958,12.6095542276152
5.58940868484838,11.9623480188884
1.87170226801465,9.77137907026995
0.863195114769042,13.2401274191273
0.704027636907995,9.2672245040065
0.127199482172728,2.98439178189813
1.37804181501269,11.1276166521151
0.668584959581494,9.30184123852177
0.482857940858061,6.44715382824004
1.75750920756621,13.0156265936775
1.04332424327731,13.3032621343133
4.05748597888236,6.76685185660707
1.89957234068754,13.3395086885889
0.620833326131105,6.8040552391957
0.789774593897164,7.99521661227383
1.2665807294724,11.8217070317751
0.61397793982178,10.9621979115237
3.8300385212708,8.26954211302658
0.139818523079157,11.4086302111016
0.235378716490449,6.52356247215586
5.69199840348167,6.43461408316228
2.84111680446153,10.359688434545
5.9013259556509,5.57424918026808
1.08766614366323,11.7669498218576
0.270551780172936,8.42627978039859
1.06335229426622,9.8020834316491
1.11359778698534,9.12134184554878
1.23783324006945,7.68353089368944
2.78512192089637,8.33900163286943
0.226471687667072,9.1676376909058
0.538648251444101,8.2110645485285
2.9410501130581,9.87005566448418
1.42913561864736,9.89345138636137
0.516134653029702,5.44633894520358
3.18226846290712,12.844991468661
0.712614432908595,10.7040006633369
0.573753695003688,5.69093716038233
0.239075412973762,8.33208678511127
1.33473679516464,9.70211054977425
3.7587409725595,10.6280183409988
3.28740277539561,7.97404897790221
0.895725172013044,11.8202668259458
3.94118517620449,9.07747375150444
2.68605726762655,11.2977776671779
2.25566163085221,8.66905161349839
0.632963284850121,5.91046279426916
0.406990019604564,8.85458186929961
5.04891810168452,5.2602644177378
0.870924915187061,10.2214460247452
2.40417195661905,8.14856616457365
4.68907243360705,11.5998699919367
0.101590607315302,5.89945818774489
0.262095882447427,4.78004828294567
1.18036268317368,16.5656386375005
1.63536927840653,2.80052555351827
1.12522815354168,9.30781657002354
1.26485805213451,12.1973476041334
0.657484738976411,12.4518349153025
1.26523074574418,8.05829776250429
0.922172330319881,15.2337333636538
0.950228770263493,11.2104381737062
2.19354376155329,8.7835141155323
0.353415592573583,12.3780160086383
3.09288112802391,7.84651740657263
1.68904417372289,7.8357506837734
0.927890842549065,4.34680268070998
2.91222518973893,9.91587209065614
2.12385265341709,5.59203623397298
2.92066299223132,7.86271780318462
0.950441527180374,10.3294109042115
0.803705655038357,5.08512895507022
1.50618547192755,12.2490942777811
3.9097834600318,8.59379881395481
7.88574538710427,12.203899787458
0.375502389855683,8.66268373602467
2.38236743948402,8.87659045096683
0.89012286812067,12.5056520221438
0.401284202933311,5.78024955965208
0.601857122033834,9.90707505598464
5.6014907530949,9.06079882498101
4.05952258763795,7.0171048006145
0.582466489362172,11.9445265992021
5.66401261972778,8.9914764442856
3.32290491106942,5.96870198449247
2.03589403948421,7.66201866608939
1.27091341093183,7.36465758649468
0.468867246992886,11.7170749181726
0.492465253919363,9.47632153349112
0.706002472899854,11.1408563639896
0.972273432649672,6.23292875137909
3.72258355566638,10.1276591438173
0.124940576031804,7.73536170707325
0.170401387533096,12.8558699585747
0.0831060539931059,5.41141837885711
4.29934633125491,15.456896686908
2.56679504356327,12.0283106167529
2.31528572481299,8.18937120064649
0.47996910661459,9.64903551271177
1.85512089470943,9.75015914324727
2.09834142207148,4.56837401145454
0.130457513034344,12.9009856257249
5.95304021205673,12.2753263963222
3.21251255257015,9.38199039145014
1.08075551036745,8.75201894698282
4.93359556944785,10.6200310945184
4.21568100156813,19.5309470891531
1.55845639846268,13.0939145988776
0.129136667003849,10.5867650854057
0.134115596301854,7.45009820678416
5.30594823856778,9.88120751230142
0.878359618596733,11.1216824866232
3.26435246018174,10.0669432745255
2.36538632764461,6.34904265823261
2.20144078499618,8.93876193008946
2.6795521955097,9.18245833584305
0.769392044061803,7.79217599275924
3.37030203251128,6.46710439956574
1.0334524223581,5.54683397451549
1.05368890799582,13.0174240342896
3.28133892792232,12.6420945106489
2.10018604449048,8.27654620874797
2.30341570257189,10.0949494268595
1.06452360283583,6.74233325145581
0.400020083412528,13.8131761510854
0.656630608274484,11.2770744418281
0.689983903430402,15.0257630325769
5.59490693895905,7.87498652299662
1.17412962857634,9.65695093851051
0.0424956008791924,6.97741778013414
3.71975471062546,7.48144797229778
0.488819754682481,12.3438021295854
1.64054246610942,11.8367920885882
2.82870884967928,8.35382442679997
0.0344886489795877,10.9433002764185
0.388423016294837,13.6074729180968
4.27324798203178,8.00481046664008
1.49291511199107,8.57069922138225
0.0186829743906856,-1.13047439584449
1.19008212443441,9.77566109411055
6.09535695784634,4.74521988957074
0.994033890776336,11.1595557923478
1.79990539691391,12.5374841118255
1.57228037969709,7.4842347111461
4.87511006344981,10.9512854113326
0.569909975863993,10.3584752109998
0.300163568928838,12.2704568400492
2.18430309361758,13.281200806013
1.18095153849572,13.0849953079846
0.611053230003544,10.4304963739333
3.00277449285926,8.67758218216867
2.95822425711221,11.2793287479635
0.0841345675289631,7.35285553952636
3.72369067354088,17.5428525141344
1.82329640715363,8.46630032023777
3.02170778049116,9.42381372966432
1.23443680349737,8.32645508482253
3.24991200742816,14.5254363546227
0.0523374574258924,7.40846422814736
2.2400049361603,16.1133127027186
1.28808068856597,8.48881044576415
0.801490101394975,13.2203699359484
1.89376264243367,10.0456218959162
1.5895425415689,9.79510379349218
3.22879658995156,4.12072649966899
0.477365024387836,8.83975453088348
3.0224292835403,11.4814709467872
0.070420821197331,10.9635516947155
1.45806121281925,10.9548957796358
1.5075699152432,10.4270541356539
1.12284792587161,13.5858930646686
0.259046033024788,6.80245687328138
5.72615310516129,7.73997420668722
0.689279859151588,8.62719849057049
3.85868064669852,10.4644447281326
1.26558251213282,12.5655427177524
0.493074617348611,15.0955278187555
1.32843787316233,17.4549833261413
0.906798182986677,8.77713465278035
1.08101592492312,13.3148569055749
0.443178212270141,12.4833224584288
1.17422540485859,9.72029892099742
1.43169944605891,10.9417007542077
1.1901565156877,8.42499974180328
1.45107730721107,7.84695194176963
1.47009452610257,10.9491630763195
0.99302511382848,6.83734716094029
0.945313914677243,6.91786467967111
3.02762100930172,11.5416011337412
1.55385023757824,13.3033799249181
1.30643557570875,9.63213494519528
3.96586447564845,13.023422659272
0.253334769047797,11.2842477209687
1.01191486329605,4.9810461406837
3.60392640886788,7.08910105742173
1.42665963217145,9.22838162720353
0.181686458177865,10.8509145442537
0.270565120977321,12.0082647728169
2.04748229526781,5.96816521433212
0.322899298416012,8.3137394759429
1.1271285591647,-0.108548073627
0.501468082485752,7.99601447830108
2.82378623245244,10.2528520856276
0.116510472947685,10.9542684153556
5.34288628001638,10.0710512679504
1.08586532343179,11.0609065882062
1.68201370529668,11.5849255191784
0.565321265984867,13.0866834141071
0.572182403877378,11.5070856999075
0.415051220916212,12.7214282977068
0.0115773541657701,16.3220738711014
0.0472289556637406,15.0450111933968
0.845182566903532,10.2218383642422
0.514235288836062,11.9450181845272
0.763229766860604,11.1530166681156
6.84157989885578,9.48922810727913
0.161304384469986,8.87003520176499
4.98957019812344,9.81275363205192
3.43176449818497,10.4525801136874
1.31295384746045,14.1226007890648
0.0525156671849737,12.4307555797082
0.038297131023906,9.83073347409701
0.914788243360817,13.8940949645837
0.571019865572453,17.8405025267028
5.01874023278184,9.30164911978743
1.52435799806996,11.7593811430548
2.14140646151247,11.7786950341346
2.65734932563248,8.83244309504774
1.9758799877948,8.1807847398171
0.196092148822538,4.74811644977845
0.392333155497909,12.2697591953729
0.183434375561774,8.81970347285768
0.307418212294579,6.11308502334953
0.0863010594621301,6.51756589086774
4.56380403389163,10.3741198335213
1.07943375315517,9.03192415568992
1.22914790920913,12.7529561180595
1.12704827263951,10.2677084132658
0.906461062912021,9.45827949273043
2.24607712022009,7.73363613270006
2.0700199510062,15.0512451907619
0.277105555873209,9.59374974571399
1.55666127606275,12.1034414207313
0.293050720767887,11.0804452363429
1.00412764027715,13.8601662777746
5.09219161768384,8.38600490024276
0.543913342989981,9.11488487734969
2.1406481861228,10.1496029608278
0.74081567209214,11.5877706166859
0.788495743647218,5.39100338608177
0.979038593359292,8.28769890973855
1.15780796483159,7.68133990314499
2.11479066189075,8.36376530096184
0.109125073746457,17.6106160343872
0.845821021124721,13.8557851628514
0.270259861834347,8.53858762355047
2.45996128200533,11.1545442424901
3.33390906436329,6.15822456320184
2.53229668968407,9.9121113128086
0.178819598630071,6.24444236127629
3.14060117398717,8.20028855760907
0.00193477142602205,10.0495077897378
1.50950238472762,6.9327666637307
0.0318177884392801,7.89765956146409
0.445194379262394,7.159869806897
2.36503408282044,7.87050020023301
0.483811810308185,6.3759945558545
0.0226408736780286,6.64819947639159
5.17046730567641,8.5634313070285
0.0564264943823218,7.93016014557545
1.27466921322048,4.78447791692382
0.380620509386063,14.2965501195915
0.213637495413423,12.4437132684243
0.321285747621123,4.79908006622273
3.37268838642125,9.70649672837359
5.90620791878472,10.4688772143098
1.55814525229012,5.80683179829148
1.50678522566813,10.9972750271723
1.95412031213,12.9180373123509
1.88686622670832,12.5844027595765
1.6604216104954,8.80304237412493
2.51528443760219,10.7762751647623
5.37093560744948,6.38474108200585
1.04292897041887,9.62151819249294
3.65590903379603,9.05527058920754
2.76387190065327,7.30748592078252
1.01412099599838,11.5913530544908
0.763875937089324,11.0487486234924
0.497855867326648,6.86702071224558
1.36857001576573,8.13499895060538
1.55269296831431,8.36071769549446
2.09847791122703,12.2762778928099
0.51790794262425,13.0311425621742
0.290926650195729,12.6038458946181
1.10807689558715,6.85929666576006
1.4432785357687,10.6272004910609
1.70830511813148,9.45054645435514
2.02102812557461,14.3944416419238
0.38201418757188,13.7662675015173
1.35396854765713,11.7927661714666
0.270126549527049,7.16012426414994
1.4492203182632,14.871438861238
0.416746546696482,11.1521888812877
0.00377492513507605,10.2384920255516
1.62405648790679,5.7783369706456
1.55229728660526,6.84665441812974
0.544649240938254,7.30953500525096
0.492039115168154,12.3045793622244
0.296696143336183,14.7637273474555
7.84432895067048,2.59940291768519
1.40518519273939,11.3872199703229
0.306399881839752,8.2284284334713
4.63489561805591,11.2538785765358
1.44926282547834,12.402533259199
4.68209629853196,11.210308098005
6.30382029678593,9.39564773570086
0.192810509771382,8.82820107494416
1.09009929187596,3.52290146757717
3.11273150874262,6.38144393849369
2.21600907900896,8.50166391674799
0.107641843037522,8.33409373610119
0.645803987979889,10.5408771313568
2.21738394713941,9.75162233173138
7.9263646114142,10.6754758198542
7.46016601803613,12.5738125725732
1.99014224662426,7.70369305041563
0.679243495064321,4.40966115105363
0.176231684104043,10.5007107160308
1.03264518545006,6.48315696450382
4.78701965858169,9.72521544742225
3.37722025794869,17.2128793760612
1.64229075043442,14.4442182185009
2.67472303836587,9.99381783441443
0.135946982705748,16.4153351757587
1.82285300447586,6.85658861164616
1.42319072588327,11.4522545747941
2.19324436216595,3.99752236696051
0.454933421686292,6.6407234116322
0.801046831446757,7.74572491160966
4.99562039573617,7.30841315100239
2.71728146999123,11.9397589193604
1.59173848514854,10.6228718821672
2.02501159978827,8.38853729631992
1.05718715582043,9.07671843821773
4.8703549315495,15.0655553760089
2.18987542941215,10.5943460762656
3.84899014217739,4.75369788518796
1.76805172497372,6.31064816453297
2.94885258217432,13.6894209030595
5.74147954549561,11.3953459417621
0.16246359601344,6.2138308067285
7.65641934755159,7.36474127181823
2.88682166695504,9.36017715005674
0.221977853216231,11.3518891405789
1.36007074359804,15.3674533197824
0.370650203898549,8.41504648602084
3.71551059169655,9.3381087348058
1.72159273355248,9.13805645962229
2.45495672888103,7.54095294011386
2.27539485601889,8.51894082006832
0.0700282726623102,16.3476387114096
1.13622724730521,12.8750738708584
0.466544667304011,13.5678763029252
5.82013474771673,9.93949246813312
1.10537338629365,5.55811090412761
0.971565973944962,6.22502041147767
1.3452348317951,7.75027848717308
0.46902887430042,11.0259669369811
1.20058225654066,9.41353799242314
3.57025644911413,11.8465149478729
1.92354930403816,4.07695261141857
1.73866597554627,11.0683401174586
1.53966993830147,9.43841806923959
1.61048866326193,6.5418438683068
2.86291255412583,12.5456741057028
1.33985207788646,12.1542049025173
0.656661476008594,6.49491300960244
2.4008759408349,12.2311560150856
0.88241817895323,9.82721646682713
1.56959098196569,6.89364077862674
0.869628870859742,11.8219497655487
3.60593812895899,5.32462654222096
2.79465015960817,7.54494308000316
3.82460442913656,12.0577819983986
2.49843785145501,8.50932769914569
0.809526844881475,11.0846686398749
1.61081596828046,5.01576636937573
0.159518399275839,11.3907111215184
0.214523213423214,7.76630754599727
3.85674283314308,8.21124367289022
0.786324664019048,10.8105358187164
0.847745151259005,11.9563476012967
2.34949282736787,6.94425054636345
0.786740577205181,15.084458692751
0.526758780384019,13.4449113802095
2.82447061298375,6.38247941353235
0.195548833170134,6.16570991941681
6.67870473828087,7.29416963186897
0.333529999479651,8.655167956127
0.583323810249567,10.9950719623045
2.09258461735191,5.2625710222716
4.33936039970276,20.2749395552232
0.344388782978058,5.54883134700751
0.216989802196622,14.8159441146336
0.836091385222971,14.2776121987876
0.729258086532354,14.3395116102339
0.808833113556781,11.4001043007621
5.335351627068,8.46535998212558
3.82306272519713,10.3558326831208
0.61842207778921,11.606513275957
1.01583737134933,11.5681198016045
1.90179068319164,8.6420663114692
2.84517586959486,13.1534370939873
7.17611078503442,7.99905642718255
0.53868533950299,9.86031778140646
0.509513640776277,5.33836944980062
1.41276255986633,14.7556909019185
2.18292750660338,9.63393670844235
1.76031080682751,12.4370776536769
3.9406807271946,8.40562475596226
0.0903039787934978,12.8934026690889
1.10032319650054,10.7291841201232
1.22192812245339,8.02456455646199
12.7042905563073,12.76999808895
0.559559906048442,12.7313123052284
1.56975444770398,11.1754728528707
0.585568885481604,10.1752449988201
0.890142308548093,11.399028623185
1.35951343551278,6.51553199714379
3.33112845925574,5.70693493346078
0.373070779256523,13.9874367882101
0.736394471405497,13.6176062403856
1.01411884732639,11.372729797564
0.231745869434581,6.33894804157666
0.472629590808075,8.14142631294236
0.983868651092052,8.96899153071981
1.96190099124421,18.315856050351
0.266668317839503,7.23044182476217
1.04929940286532,9.03248647233952
4.3713265021605,8.4157271933624
1.80068444864315,11.3498352751897
0.563327071256936,12.0011970334332
3.53528927622323,9.96586675523149
2.35407849765363,2.58167293672317
4.86828707435568,10.0041724593162
0.380141282454133,9.53589234061599
7.37069670441461,12.4545788458818
1.04145989277914,11.2969228194474
1.56557834885063,7.16710532011472
0.0245644552633166,6.73173619362018
0.0209651226177812,11.4299723300004
0.10027242297744,9.77910057557484
0.7845559110865,7.00518519538089
1.54173653382124,7.9938773970737
3.6545216849256,8.31141824865021
0.520857281982899,14.2599749437203
0.701745938701709,10.4908336130117
3.78245063854342,13.2358479516478
1.43242234542015,11.4711890595243
0.789931250768664,7.43766487665259
1.55933753765168,15.5209570341347
2.37199984109941,4.8957785231196
0.615554705262184,7.43075574540829
0.171306109165499,12.1070232586725
0.295294756069779,8.50306265697379
0.658732074312866,11.556337564498
1.40275844550672,8.92830741228411
0.689167954958975,9.4470768650634
4.36223341959,15.5072120691347
2.27075519718979,12.8843564747233
0.154465143082886,15.1711428111937
0.658937545493245,10.0546940046316
0.425717832520604,10.8744960143932
0.167754133231767,10.0094000112039
0.151427020318806,9.52460951986013
0.469286853312993,8.00668070998545
1.32760522700846,11.3088426988821
1.44510524152758,12.0728831906023
0.0114336153492332,5.81101832554007
0.157629950036417,9.39918230341437
0.28315345197916,2.82613712205877
0.326259100533832,16.6922777562501
2.71889859988334,8.0571757158212
0.578739850781858,6.25292044259147
2.60635056897047,11.0576749373716
0.717631722800434,8.73795475858434
4.71053589482732,11.284997933034
4.40965760846562,9.8618167360925
0.894316645339131,2.26054365189329
0.474197958596051,6.92787054683998
0.197890060022473,11.6458224050007
0.0278006345033646,10.9542056599345
5.7020439651228,7.13390283200677
2.25108849062564,8.99892690021874
0.139139209873974,10.5084862682888
0.304645327851176,12.0612518948
4.06314202753787,10.849979244375
2.48979370101335,10.4035633927504
0.322829462216461,12.1305847691386
4.63455783187131,8.95117675748361
2.99274475237227,9.31111380679857
0.788583267480135,12.4720688202439
0.825451601296663,4.15111483909245
0.137847970239818,11.0752007964212
1.2258258620277,7.0927010873678
3.89562560228591,13.4081063814129
2.4584712461927,8.68210876762765
1.748098606671,12.5881621244127
0.952664001674318,11.9268477309867
0.719395589083433,11.1080122077504
4.58385499169059,8.44413350625123
6.04905281927357,9.8095475036306
1.205874979496,10.2444892475303
2.90142295120244,12.9493786287037
2.93489585849236,10.3522109265555
1.47240945031271,7.36147334276148
7.20296229785839,13.2940836128639
0.698337979614735,5.53891496850408
4.49858300138225,9.4306742862057
2.58222825816813,11.6527575533577
0.630712673085315,3.73187709089581
1.90225445098224,9.07558693449953
1.2860087743029,6.7285941750168
0.817480432800949,13.9191686883723
1.85682162455591,8.89205206340094
0.463542005047202,10.8089985713623
2.11386499204522,9.32046043513737
0.569984703413083,11.4083057273269
3.13572320697789,12.441016358869
2.26797877616229,11.2205359162082
2.41952407724204,3.85237445308569
12.236012905164,10.5641912005269
6.70053784515629,12.4389597340578
0.385062829274342,8.83344117525573
0.595405452884734,9.00261429192416
1.23714608326554,8.97318055491641
1.40037170230391,12.7296318594997
0.972711498849094,15.289230053014
0.0799294098865914,12.9365156027312
0.483200201764703,9.71087120565396
2.83590847432758,12.5473587918014
0.547301728278399,8.22665476411767
1.06938330642879,7.26078348953465
3.60019056482201,6.0211632846231
1.91731238356772,5.86718747435391
0.8799934303388,8.54411293473677
1.07363216020167,9.95326550315874
0.483870794996619,3.80459617587438
6.00635309483776,15.7046123595565
1.16936075408012,12.9657838799174
0.868073301389813,10.9565937349353
0.636719164438546,11.3946836388243
3.16889612359886,10.4825141845586
0.918399839662015,12.0777917241382
0.848057101480663,4.90869597272949
4.56605095018573,10.1621315132457
1.73000303011965,10.4215336152483
0.75380012858659,3.28674621304337
5.40354609091706,8.218480144924
3.60936564562802,9.7092308087994
0.0539564518257976,7.07415440986998
0.694463156727664,9.19769993645432
0.37415902223438,11.6244320744264
4.09684664739256,10.7173082624165
1.26014806423336,14.4382739656725
2.47351383968237,13.5933218110282
0.034403664059937,11.9613829649235
0.365002213977277,12.618036881953
0.966235813684762,5.27871712513975
0.840004656463861,11.733505788542
0.0653481995686889,12.8814622119046
0.707969586364925,11.0244155063896
3.17068198306446,11.9445045082392
2.28979428027958,11.1160560655333
0.915800673887134,8.75433093998376
0.632549684494734,11.6470259860152
1.16849578544497,8.79074602736196
3.17015281674185,10.4895231176852
4.80362940181918,11.375781231363
1.84119556090775,11.8084545812712
0.591359305855026,8.09029570608362
0.133305361418019,7.10782430998238
0.817357379943132,12.671574807096
1.05521553382277,8.65330271815786
5.48491712261863,13.2821101868942
1.09861756674945,10.4859289579367
5.67978643959412,6.77581169311405
0.760368876159191,8.8783657510273
0.766345853917301,10.1188745078243
0.966570172512867,6.22522235142917
0.799021121114492,11.2882138867206
0.522687603719532,5.99384354479397
1.26349859591573,6.87268100094779
2.8253012295527,11.4079647222357
0.715172872878611,12.4435682142832
0.492753022350371,10.4166762024318
2.04472217141631,4.82129077358396
1.47644744151079,12.9511965823452
0.574597689025473,8.11888222380736
0.906791826710105,8.62101431577702
1.26609878055751,7.72752535729395
0.746189557433325,11.0710650144406
0.614457789808512,16.1445212864581
3.08486558852677,11.8284497465018
2.711657397365,8.5104113872123
0.390469646973274,12.7382267884803
2.78344959003811,4.74586225920843
2.46123275106273,7.69555241150024
0.746032782647183,16.6820239687511
4.37419360478349,12.1592897591033
0.00644444740164873,7.32785485858601
1.34086393658072,8.43790989162145
1.23987864237279,8.41119862425514
3.16846311820631,10.0499695984302
4.41852494659539,9.61007660348417
1.36263423040509,13.1487683691867
2.89193556068425,10.8129371802414
0.163267282000521,8.25900948885357
0.258258327841759,10.9795878217281
0.314398143440485,18.2284686953345
0.877823076210916,11.8947655951804
1.32624134328216,15.9170320601233
1.94998052645008,11.8783375920887
1.62036625331448,13.4610652218402
3.42461634410505,13.2455587610006
0.814693310298026,12.0642347776437
4.55756008972354,12.370906233135
4.10117164609914,5.2415786211985
2.76580154514852,7.54833941208578
1.39183293274584,13.9347311343403
5.88552008799827,8.8156491250062
2.60878419681432,12.2678849265894
1.74676469705048,13.8942433482623
3.72195016203408,8.25758488233854
0.231896452605724,8.7779832428844
1.13331575598568,14.842656236242
1.17287466395646,7.57185013730699
0.782121705203322,8.40747909920582
0.551996467854335,4.95903134900912
2.12807828738334,14.5435020117486
0.551744824275374,10.5898691260871
0.321405339740482,10.4171869430214
6.77143506672154,8.41412495101488
1.69632884106579,7.39408068900717
3.95267346857076,8.46753294266124
0.662547572303702,5.07386447572167
1.23209033068269,7.78458620571253
3.03312919961974,12.4509854012773
8.17639286401582,9.23244326565582
1.07712942361832,14.4058368923838
1.43366817562821,10.1878609009986
0.847219854593277,9.5783953714974
2.81870480610018,6.46372215197984
3.01345902566643,2.37533490994498
6.13928479658852,12.9968972279866
1.00423034280539,8.72485564301205
10.9219269027636,14.1007046940657
5.52733453710504,10.699498833442
4.3074367677135,11.4877571736819
0.856505990959704,2.75531403460291
1.28101960755885,10.0472455617144
0.0985580151900649,10.4467935902374
0.423600064590573,9.68057589868942
3.67651547474747,12.7264495394727
1.5311461034322,14.5620675246279
4.55431791550504,6.20621706939839
0.00209632236510515,13.1271751973168
2.54381596661153,5.46151804828928
0.491922967135906,12.6731842841767
0.0717542913572033,10.2050746033162
2.38116489901187,7.58446187743698
7.58399210455728,12.2346405946349
1.37551750987768,9.68039704089025
1.50376233534609,7.61545828623232
1.73810897735941,9.39411222793164
8.28983856323076,11.7212613203208
0.0896745631471276,12.7041532421933
0.17375707719475,12.4152516655148
0.840704597532749,6.54596499912028
5.99495671655903,13.82276998298
1.5724322202706,10.9367074733456
0.946295084431767,13.0320391316583
0.140762252733111,6.67670883928904
2.58448678060415,8.77896684647117
3.65327600745444,6.3667406675039
5.0338847224874,11.971832997714
0.156303429976106,13.8553982545471
0.386979385279119,10.6279645199855
0.133171888819813,5.58805846794848
3.98169451562648,12.9517721210637
1.30975934956223,6.89971938233221
0.796462895348668,11.0462583180475
1.12949858413828,5.30845709407406
0.226429097646439,16.1052372251121
6.08337259258995,13.4286465826349
1.58872294466334,3.82715806237047
1.99762973209382,12.3903624019389
1.07179356366396,12.8425612895652
3.45259902236943,9.12287729435665
4.07780282927637,13.9116535585313
1.90420166497873,10.4266801040865
0.0257385326549411,9.6888441729068
1.98991706772687,11.9579418639085
1.02482756510239,12.2732741413166
0.13873786944896,10.3410215355448
1.77769312223667,9.548547732281
0.633560297079384,9.63194979564051
0.270509065842901,9.57155584691387
2.38095811746063,6.8203911583656
1.72290848930981,4.07816656072502
0.519614395860434,10.2452031447607
2.60715579046848,9.1819026065826
2.95630896664273,11.4051737730244
4.812314601473,9.31184047210321
0.902802252210677,7.04763578046931
1.34346305535328,11.2371040042103
0.549026898108423,10.6560313698609
0.638477576896548,16.8120817586245
0.148481398857598,13.7455120244576
6.68593378331432,9.8806803142332
0.602822525426745,11.7768938780073
4.98778889675565,5.53522259304327
0.216375716030598,10.1380571265971
0.0763453756113063,8.97120112696145
1.24737170524895,8.14730879010889
0.0830703552886429,9.29419542700959
1.69172206698897,7.38456477362245
5.44140036751456,14.2513008222042
1.36326127778739,7.50924279833887
4.14068119211083,7.01356253679805
0.00972911663454162,10.6195038507978
1.43884017841949,9.96429181019862
0.0442125441345849,11.2691383039724
0.0891215642914176,10.3272822951508
2.30366511954767,11.4295957044005
0.606094317510724,4.98847452963754
0.0344098722562194,9.98180946801677
1.87705468936803,8.36411983153743
0.51555080724409,7.16187479878863
1.94481448261979,12.5169152061637
0.70668247948967,11.8551299935129
1.65680099261781,8.58421486001306
6.79841312732468,8.02908404856235
0.624206181615591,9.66784116450527
0.909498894587159,12.440432239051
1.17306064534932,11.8622469458078
2.69207944340053,8.11457567608692
0.579712873324752,6.77771361155402
0.594314082287889,12.6301983140667
1.30132770817727,16.8982530826217
3.97907220927959,14.2326770872636
1.53029541662874,9.64089038613376
5.46921526242919,7.61118131516494
0.379458963259648,4.94951839482021
3.15451229614526,8.80630678110173
0.373576091357147,6.3203146508629
3.20293704046052,2.85045908851113
0.567393748089671,6.72534609207825
2.01142299767656,7.4043286013382
0.066803646273911,11.0306477543171
1.43676823517161,12.4502611472007
0.998743687439406,10.3250928299894
1.21856779791415,6.99934152639
5.56188847090969,15.8337037549625
0.0515282533518913,13.6008084207401
0.679929228499532,5.61827526578924
2.47434915221276,13.3254664662778
0.189563853697135,12.3206595739688
3.37036471808925,9.08851503936058
1.37258893903345,14.9998009081752
0.265323343282229,8.94134111624454
1.66236288603209,10.7601784317545
0.983295822557039,15.0620854632365
0.0467355223372579,9.54845302895751
2.56746066725793,9.01110543461835
5.37677920211978,9.26327349686117
0.999050392769277,5.82141772955605
3.12778120098596,14.3684661955531
3.37937880663161,8.242434720555
5.05140404005475,3.07575440346472
0.75135806761682,4.72321976272971
1.08608859125525,6.35924570686102
1.9858029334897,3.87622525621038
1.46492219401191,15.0003715970808
0.0538664484823347,3.2676761203834
2.37968922956827,11.2895393618529
3.13860370291033,11.7326343199571
4.5036062185926,12.3582600908951
0.316391419253035,11.193625276462
3.83212557045703,10.385882944861
1.98933067350628,7.14590652217495
1.95373809701743,13.548849185756
2.54792072801831,9.796658665496
0.755524739145018,14.9950509175703
0.653680375500368,6.85099388183366
0.411518409848213,11.7100982971445
3.05505420995836,10.1785028515698
2.35294578013851,11.5225797759296
2.94094910517115,4.89801622943407
2.58936998984757,12.8519143169349
0.282539336010814,9.75952351495062
5.04005592663713,14.9716135154619
1.8360297536913,8.70273368748807
0.872334309853613,11.7730163191484
0.375694546990926,14.6549278459568
3.96446036530619,8.86353127952374
8.44974765876188,13.6209736027032
0.474793091416359,4.99797354782779
0.567599051143652,4.25738672201279
1.45615619294871,14.3907647161269
0.335762158036232,14.5938612622916
2.6428189369941,11.979694553467
1.07106202933937,6.5244876463444
0.32185678370297,4.92941391673224
0.110087011940777,6.3014983188471
6.05074493066429,5.22854049342167
4.23624518500307,11.3425971853639
1.42604367317308,7.65934395138705
3.46829642711167,9.88621170846099
2.30682738112272,11.3001244800804
0.741503094322979,11.3598853824978
0.701064773835242,12.7941406362623
0.595754747787364,10.1212707323137
0.487281911622228,12.0676014716463
0.269251151941717,7.53102745954384
0.457478325814009,10.6240768363874
7.72752646687341,11.9104484291039
0.142342995852232,6.14451075413168
1.72653288385811,13.7515354586989
5.46262000103421,7.57004609709167
0.331826201548463,10.7982998886407
2.02131041774453,9.17638492640981
1.13847307488322,11.9439187304489
1.14746489655226,10.6324758695197
3.08444426191931,9.88671745926966
4.25952686724522,12.8956694265718
5.39767330487199,8.50743448385121
1.05998892430216,14.0422316438587
1.93233098245086,9.79797826885422
1.49617245794484,7.62899049654135
1.95785869362466,12.7407280263567
0.0271789059042931,10.7783415914776
0.434000549837947,13.7518645303083
0.716264665126801,10.4903959282809
0.050296626172545,4.12751839923352
2.45909528984668,7.60908275400404
0.519676710478961,7.32500898184194
0.141781912185252,7.97293707224308
3.21012520028238,13.2668197546541
0.178622136823833,9.34335339701873
0.43172141111936,8.31927063099638
0.947536492720246,9.45798727514117
7.70116568687272,10.7649636811016
0.519475244916975,7.35618841045295
2.63064683965387,7.26918013926175
0.424700705328999,4.12065024808113
0.889595608226955,5.98401240912982
0.707894812338054,6.65056558278744
0.800929438322783,11.9886800321332
0.965144352987409,8.5611955445396
0.644063002429903,8.67813764398797
2.04710318698528,8.93534162177555
3.97179823351984,6.53912696972169
0.490292513053211,8.78404400394878
0.293539418838918,11.7625587922835
2.66721402286532,10.6093391464973
5.82034368779431,10.9352534751266
6.14188464023001,7.28525023037306
0.572695196780971,8.85946519471433
2.60525588682833,14.8019984745687
0.140453347936273,10.6853162687029
0.976000657305121,8.53087611400137
4.60145698090024,5.36020440588393
3.02885910479312,6.44250437864435
4.5786811502376,14.1218818016222
10.6708167524715,9.44417517897886
7.54605091898651,4.61664988813909
0.595991751702515,12.4521956935438
5.43443214495607,9.14449887890218
0.60386763419956,11.90866997676
0.24561214535484,9.5136292550003
4.48799765457339,5.54722270549343
1.99718434508531,8.16339863008177
2.84239759076534,10.8991286235726
0.253697119653225,9.96770366756647
0.63618282508105,6.74441922482532
1.34000908304006,10.6706733692856
Rho_s: 0.00191875391875392
Rho_p: 0.00722014366803724
IC Time: 0
