Rho:-0.8
N:500
1.59411339825931,7.23440555910613
0.928899519145489,10.6237209513435
0.250860990025103,10.5989578446361
1.45809073385161,10.2378258804833
4.70682836413608,5.12434406601199
0.981458534486592,8.95032428191136
1.64524098291042,9.56797413525778
0.812992773018777,13.7450852307025
2.18058077237549,6.82348616004109
1.37134567648172,11.5597851828476
0.501242265105247,10.8803165368397
6.00727443363438,7.20025192641413
0.559194633737206,10.6203398995963
1.28867873363197,10.0086682083114
0.623249507509172,10.6456727987532
0.560375466011465,14.4927384656668
1.84695673911812,12.1033223737991
0.322359311186496,15.2485600027294
1.93442126727643,9.02446836403761
0.839781818911433,12.7251593274829
2.07920415504816,9.30792029493184
1.19813278783113,12.0998653508937
6.3143674280859,3.1272455243068
4.20249649426748,4.35066621223115
5.61572362936187,-0.0744426153945703
0.850569979200225,14.6821639560782
0.0941432652108938,15.0543443022372
3.91325969360334,9.73733967523342
1.35952925682068,8.04523913205874
0.0711199372706983,11.4028878654152
0.754282389767468,8.67767664867507
3.61308508722072,3.96882110463233
5.71565042957797,8.98630014488899
1.36671158764511,11.3218650593563
0.156206262297928,12.7700838591037
0.0302240364253521,13.295861163008
0.726466121935593,14.0312620720773
0.713483940269778,14.1823312643031
3.30644890276675,5.92498010576916
0.216333961654441,18.223914841386
3.00846792353198,4.58189460283414
5.91069626774559,5.68016631381306
2.93036712535958,5.52454127299694
0.986827834408878,8.95258023434125
1.51486661090496,9.39250054433739
2.78700033371842,11.1962300187888
1.85559252827408,8.84674033253581
1.25483068078756,8.68278903543744
4.43453482140727,6.20093523616847
1.22127057705075,13.5399367686906
0.414027636730918,9.60125254072915
7.74143756511522,8.60724451723368
1.17109525669366,13.9832076026684
5.29500039973357,8.6669346077034
3.01230284897947,7.7150259602825
1.31377355009317,8.82379259019975
0.302208461798728,10.497535437697
5.18546952920031,8.27257863367735
0.198759601451457,13.8271752464943
4.39657810782424,8.4718679789524
7.66534615638566,6.28979685808571
0.158708778655529,12.9369729231165
6.46256047453652,3.66615097432766
1.85776683145624,10.8809534804312
2.60663989736679,6.51034685197268
1.63069602633596,11.1635718268068
0.0564198037609458,11.9911552116962
1.55933427359076,7.02436915830062
1.5521599261602,12.2878914764129
1.85448779071814,10.2164087661575
5.83397880162964,3.79096340356919
2.29606755255702,11.4140667066473
0.357853810079318,14.302336025813
1.02953567914665,8.97939296536996
1.02914406638592,9.01512769414769
0.382871771609385,11.7372694989053
0.344521165825427,13.1931102080407
6.89790687401874,1.5290005644464
0.783628527075052,14.2948781893704
0.401936425827444,12.44305335592
0.543993834406137,13.3498190663531
0.373092509806156,13.1271208484803
0.105832356028259,13.9046277306322
1.48500934427638,10.4048112581973
3.47390196455603,6.36008525696894
4.98130718220897,3.31690451708082
1.5618386658931,7.79379593444786
2.53197256839814,7.95365562831647
1.08023460395634,12.0919609754747
3.14563436416869,6.22779485105373
0.889331039972603,13.8259938446513
1.54588592906344,11.8798372046893
0.914822103455663,12.7597404973506
5.18284381528325,8.03175066820221
0.574892478063703,11.6021726487016
5.54168013830609,4.71200591754156
4.6415209374186,4.72341237187183
0.90240384129237,9.22836669217356
5.56825378503571,2.72591669977332
0.236255036463116,16.4814500151553
5.6074232306696,8.48297641345754
5.13672205408044,5.77582456745731
0.842828360386193,12.3109283305029
3.01125223287581,5.68558132898489
6.109868083424,8.92057277095872
0.192578829654438,11.2495423092213
1.64188684700968,7.8242575934131
6.14352086152802,7.01580901100493
1.35303429234773,8.98277528341982
1.48950858574904,7.06109136618424
2.18536636969986,6.15825365389261
2.4162043686116,8.60456922641954
0.480748667759459,11.0877818735989
3.7731197325695,4.47870407207679
0.123619813472033,14.823165181645
2.33901798157933,8.81369480128209
2.28250666326823,8.41808749713434
1.41791198021712,7.92572251249777
0.607872891916137,11.5401572572602
2.22840164779666,7.85449453386223
0.995604867115617,9.79378055229246
2.24052586791056,5.3751236309506
0.0868458254262805,11.6302808703693
5.51060489167399,7.57585789203176
0.315395864658058,11.1650711698299
0.574889422394335,15.0853873194884
9.1943108210887,7.81800522070751
1.72274705854033,7.96143910645674
1.77244332398491,11.7055814566448
1.75909282817485,10.3413100493157
4.00761715305929,8.12035488114439
3.87194562686567,8.11966580790967
1.00426769722253,12.3546605967963
1.47709124713185,10.6655388275076
3.09825322015171,6.76122820117641
1.60631168997827,9.40240865482051
1.17762799188495,13.7838782238789
2.11328327833655,7.17736841341797
1.30248314514756,11.3739240796302
1.09822025336325,10.0451775086004
0.998033572031263,14.3165530557434
0.527140798047185,11.615491759684
1.20221520215273,13.0632351569799
0.745026352713009,13.3096340471303
2.23246200374308,9.41596934540598
0.0770349553086837,18.531550796151
2.72199747889283,8.53388877800287
0.230280495248735,16.9979012163282
1.05491053219885,10.6470814849275
2.32852490424159,8.70868897793836
0.379744709591128,13.2803174004187
1.29325016587973,11.1000438970618
2.05464998251739,5.48380782841225
0.35793074965477,15.7182204244476
0.241278061643243,12.0445220886162
1.98074697254914,10.9990822860851
1.80400956828462,7.87313315570193
2.2957944459373,7.36120853595016
0.373988047275602,11.3794308812322
1.00559724197553,8.69108029638517
1.02439500857145,13.3696356224914
0.709432744421065,14.7814001514973
2.32746378882768,6.10472357216263
1.69998572199585,7.31281074044846
0.483827276155353,10.4339235511652
0.709703428984831,9.2049548388881
2.40082419096472,8.90580102812533
0.545898240990937,14.1063359930944
5.83142892982731,1.66221552010005
1.00146076176316,9.84384336223697
3.97730608640199,3.61578549524631
3.24597274867778,10.4160401527654
3.94648003933911,8.27769254254688
1.45225063308699,11.9471637383587
3.90156484005933,9.3313482276749
5.04201656942887,8.68973611458455
0.862115774303675,9.54596031414474
1.60379515093097,7.54571820805274
1.65034456170144,8.37728949289604
2.43245825163069,6.78049637915315
2.37907114989104,6.22987344465979
0.83233605325222,11.7360045732571
0.447831545956433,15.2297828691973
1.84339299044552,9.17981349966962
1.65360109940039,12.5340133029953
0.0328327398719674,15.9774104034034
2.36323175198379,6.92280709157016
0.93888069037348,11.747906676627
4.16720199932284,9.02596262226215
2.51651495127919,6.08240622136103
1.11758387647569,8.22947331133492
3.20268684236293,7.58837378310557
1.05894483067095,10.2200833301518
1.53754957756939,10.0135325918608
3.02418197302108,5.21403556325499
3.43577152473812,4.99787390195806
0.411875735159582,12.8406229045757
7.44801674368692,8.78617963115787
2.73556997432354,7.50330613218716
1.56637889838598,10.2427211203144
0.816036562093585,10.033544237773
0.561649668882314,12.1003181476652
5.11556394000478,7.66081868424071
0.797779562883079,13.1199975749006
1.11560532126712,12.3325917935472
1.89545223114692,6.98831131406922
1.09801363293082,11.8277918149127
4.88780163575835,7.10878479945833
2.3933250158185,6.0407965998245
0.055084528401494,16.6536452360316
1.82314173682573,9.0742019418608
0.159267004579306,15.4333976286072
0.602292539551854,15.0102564877069
0.488354199593415,12.3323803535345
1.00451749410231,11.1273510213871
3.59043988941197,9.70710403964925
2.32952691978755,7.61456209398834
1.27874053549021,8.93788775138011
5.68662640418778,8.3338745352517
1.5507227628583,9.80003363574157
1.6281668000018,11.0670039593998
1.19744607713073,8.74544633631279
0.694814327290847,12.2461351797807
2.05225136495175,6.85598456677773
2.98043196259027,5.12656626660104
4.67500963409371,7.57602043038466
3.48294385878329,7.51150655112484
8.10627393009973,4.15248299232639
0.433256875021732,12.0812638019748
4.15023238940125,5.46232919465001
0.26948588527739,14.6053939478376
3.77483076212888,4.30264284111395
0.62308759894222,15.4678351531504
1.48373569285313,7.55689760197289
1.46997350445929,9.40498920552977
0.0157038435838181,14.3986759799236
2.43401020756903,7.86067916200551
1.72733473400136,6.4985158071724
8.95310179093733,7.99551625228381
2.8445119946446,8.63182473214303
1.55824053651633,12.6880690066541
0.32716669128484,12.4345798531087
2.07604454850317,7.97757001071369
1.89365318222883,11.8697026683704
1.80701831216384,7.1076766535264
1.61805580734255,12.0279096248634
0.109345254488289,12.4269305519235
3.47399719656038,8.50449381404554
6.46348385479221,3.49195671929658
0.329854452982545,11.1585108401801
0.352387946119618,11.8498418477605
2.27831527396085,8.80120114982512
0.790613060057527,12.5218397356209
3.5620533300746,8.48548236718625
0.0145374285057187,13.2824315761341
8.18780658724618,8.40270885956812
0.256935099818846,14.7997238507596
0.894235744141042,10.7267949496647
3.1706322452019,8.40771379717505
0.220028908923268,10.3055106300815
0.081284868147456,12.5037601817002
1.11585857067257,10.0702802443209
0.835028014145792,8.51349598970126
4.80820623085041,3.61033326875144
1.98825095958056,6.01005506680902
1.08996781427413,10.6675189367297
0.815783200785518,12.6772045496258
3.35053235323885,9.28913997994217
1.27956869262685,10.8349906363972
0.354151943436574,15.4417975618934
6.87947826053867,4.92573362195334
0.848934709094465,12.3634602582072
5.46520454038806,5.17423738691245
3.97528785822873,7.70515776478609
2.41481607212665,8.7224896569007
6.411396279595,7.68667850693326
5.29911611576505,7.50865456311138
0.59442107193172,11.4130368756157
4.0528050920177,9.06909731183779
1.16687078401446,12.5560420472858
0.761052534915507,10.2475242170055
0.806806138231709,10.3017505562771
1.51464756011012,10.9465924450704
0.799159405753016,14.4540319514495
0.189466304310115,15.0231656665997
0.262993831187487,11.7471371670092
1.56349022142344,8.47675185953505
6.18680152263413,8.53536550092974
7.52210832717729,5.46751814973015
1.46675639000116,8.42897806085353
1.53461863853442,10.2516785052414
0.491466011934812,12.544521418077
1.22407274506986,10.1653120691902
2.29392868458273,7.07849933869786
1.04953681305051,10.3778824555847
3.14321369288449,10.1856375848414
3.46161462349777,10.2655817093909
5.42342981298394,7.8738688924079
5.22311473240085,5.70475486598567
0.273379587568343,10.6912447658922
0.547048889100552,9.73976252027494
3.87688719836955,7.48781067956671
1.43532521455529,8.20194283537514
1.24696261249483,10.996023798617
0.259091887187046,13.0286082650823
0.108547328025251,15.773427292107
1.06408101896493,10.4957001853713
0.704355453141034,11.3638637261706
3.00260658567344,7.91657968633247
2.84499411211659,9.14051449262324
1.0358863105066,14.3471966461624
5.26389439006276,7.95307304537012
3.58406912891154,8.51685129156288
2.94450036261484,9.41855124142321
2.73840733236613,8.24888640180557
2.38845250747147,9.34601426966725
3.73562002537732,6.26097102935257
1.04441621992737,11.2519910584529
0.786042023450136,9.13336987264525
6.61810857023964,7.87897766171961
1.4327772227647,9.07388032473455
2.23965433231535,6.57758500173576
1.57032850935104,6.80021450019611
1.62251681826057,10.6305283144136
1.04464650060982,8.2374642588223
0.0714612003532227,17.3070807627517
1.06291275285184,10.8781593039018
0.383258402347565,10.6086142670061
2.18984822175446,11.4669309606733
0.3765136199072,14.5940322716255
0.509707318618894,11.2116271161564
4.96476112653442,5.95037882417388
2.83686041586169,8.27904371988856
0.0250550396740437,18.3121916235877
1.47897771923783,12.3069448816495
1.34798095840961,7.92268643541406
1.02247950993478,10.3548343892487
0.319642233662307,13.115067228086
2.53314956082943,8.41621709621305
0.264034444764288,13.999368767462
1.63395611933413,10.7656414982287
1.33307086024433,12.1840618910366
3.58146374029213,9.59564753989773
1.5714494320803,11.6116614190715
0.520996944036405,9.46482653152575
4.20128161062427,5.7854019494192
4.43243032296128,8.11702143554749
1.22348483093083,12.727575477028
0.792103492128279,15.3375304210804
0.90962769191241,14.364657841221
0.165855108202032,13.0059296211853
0.426609854213893,14.1676409683514
0.81512118092221,8.97794944681172
0.409583507105708,9.58827519181548
1.74475260070505,12.2136954760862
0.432070440612733,11.7159469790929
3.34665724205567,8.95343347135522
2.46535564964441,7.0388397878975
0.809693248011172,10.3095778513741
3.09052184554256,10.4166103042458
1.99570055372174,6.06457191511628
0.480928130821557,10.7959735662361
0.748443127609789,14.479049661118
1.26697119046003,11.7775475462564
0.491228665881544,14.7071954273152
4.88590883065887,4.12268887640821
0.209011822938919,14.2886488906771
1.65917602545562,8.12312973767342
2.19145114338937,6.6367692884358
3.13526466599403,5.50958862340815
3.36717399192934,10.3920280776081
1.39826914421334,9.11198621956867
0.865565728396177,12.1170178110329
1.05392128503706,12.3803728078141
2.01401990829947,8.92114220074362
0.942750546149909,10.956237255364
2.26317838720521,11.33631360056
2.31399057797136,6.73837764083555
3.16736824421172,8.30083040832701
0.884249981492758,8.54896119091679
5.3126324151916,5.41709987431327
2.7306529059166,9.02733946778713
2.01314073792639,7.89306934217048
0.954471372999251,8.31676006676256
0.485364283435047,13.2345208205641
1.17428471520543,9.53908483087197
3.5949753090385,9.19378330344044
3.34985568357592,5.97587556359323
1.77116600788178,9.68019907076406
2.89823323293192,8.47171429901095
4.95417850947535,9.09228675724921
0.142645076848567,13.2101270565626
5.94370914962063,6.97837298145338
4.10299356264954,8.77487058214505
4.44446988751121,6.73922202263159
0.935256041586399,13.3415517103018
3.2961156808191,9.5388714349703
1.91858142419698,7.71854290515613
0.213201169791042,15.8620531267987
1.74947900905999,7.81509543129021
0.00187375780703091,15.5851830419671
0.670669860206544,9.37823313922428
0.988774173893034,10.7812171968328
4.30792489995189,6.5389080098911
2.71222224078121,10.7967453219422
0.936272639613891,11.7323116706168
1.63852964892032,11.0143087584453
1.03017254080623,12.5410381399674
2.24081975772026,10.1991081308906
3.1214813004682,8.44145241411719
1.57599870060109,9.00075535621587
1.38649437409471,8.0799014823432
8.3281706552818,7.67359449037008
2.19773020214381,6.02770196110663
0.869672405533493,10.4300609127853
0.604158052106098,14.6489416337452
3.65760181827431,7.82148674895925
1.32262031547725,8.49546517857112
0.884696273896241,12.9226894055749
0.741733255796134,9.08766209047046
0.0920430133119226,15.8416149442333
0.671944973990321,11.9321798136146
0.681967864744365,10.2467368650378
1.99896070725265,5.685886826636
2.54251231989803,10.8111442528526
4.84813720335193,9.00910053013459
0.0546057511767951,15.9475413866926
6.52202269401322,5.54085389141193
0.588591302942949,9.2297903996773
2.90884414670949,9.01727653209577
1.72331359787824,10.0344579224259
0.145604275166988,16.7870219932167
5.28425672252603,2.70434857295165
1.71611641152742,6.59305305947617
0.212665275670588,11.0512717288958
3.59105917049532,4.90975725120163
2.20316242373837,10.4187667521981
2.99702147302359,6.36391861050407
0.28084628097713,16.553354501197
2.46140744901242,9.7090580752044
1.61503166742746,6.46348772043582
0.756238556466997,11.9931133341014
4.2937520195224,4.20570420224784
1.92159291083829,11.3091460601385
1.99537953167203,9.06212351310896
0.893228306435049,8.47627035940939
0.133028408512473,18.2994159133263
1.29988353978842,7.66762518780354
2.99265531585466,10.7056647080438
0.791875658556819,8.67758170086639
0.506120069883764,13.9573241188306
4.16089269743471,5.04014586643848
0.154311903616361,12.5626628902991
0.23352150991559,12.7169783017868
0.0112191403989562,14.143583438096
0.321247489191592,10.3375714887552
1.72852470344844,8.57737643739826
3.14295775799041,10.4724274176711
2.61543324581327,6.95649226420908
0.177927571348846,11.4294379568239
3.65889599902515,10.2195016735604
1.3237700117752,12.3924651234826
3.01120457368167,6.6299308307079
7.94899130943132,7.4989021427613
1.34075002744794,12.5370006210768
3.08945156244521,9.36186010934299
2.27181079416516,5.82222587758571
3.54840791953688,8.76618980125522
0.23918387204851,13.1654364714527
0.682603687047958,11.6690244331036
4.090674880724,5.66309212332475
4.52913669115271,5.90112502426856
0.443165925642439,15.791940359872
0.598475552423443,14.6960223782023
2.1148097719157,7.90026578874168
0.262635690538589,12.3124247191726
0.836990158073604,9.29975082843719
2.74317603736165,6.16842993676564
1.33963863737881,13.2995007351968
0.30077940877527,10.3833591857586
4.73611417760081,8.37248533393059
0.549555967561901,11.4677593263665
3.98089594749694,6.79750434065589
4.53810016413159,8.6964555170748
4.4645078221209,8.22872622832154
3.71615657193546,8.97830709968192
4.03725542856341,3.68009027652322
1.51816401622238,8.89452288647414
7.48626323362176,5.28417744678718
0.462312226103227,13.0875952149399
0.0466280030086637,13.9620009253032
0.583206377923489,11.0838932625549
0.506578896165133,13.5782023965113
0.0967523325234652,14.3829331059755
0.00172862669110496,14.9113450823121
1.1633401280269,12.6910180940327
2.03525477266851,10.2778672668236
1.74656332834604,9.81212742798775
0.722629288906713,10.9566917091153
0.59916047938168,14.9520601131128
Rho_s: -0.794389449557798
Rho_p: -0.695486703637684
IC Time: 0
