Rho:0
N:2000
1.15265594702214,0.488295569084585
2.43803070146728,0.220719019882381
1.84219165794889,0.939973151078448
0.233631771057844,0.0737628540955484
1.6443236789949,0.557993352878839
3.69087916595821,0.441936978138983
1.66339542788279,0.471134087303653
2.13170891310071,0.149596114410087
3.91832413135057,0.488650733372197
0.452311556786299,0.377854486461729
1.6930349430029,0.727751543978229
3.96257955936675,0.685219544218853
1.48135667096218,0.784789552213624
0.10781308170408,0.730898134177551
1.15945648960769,0.431749078445137
1.97954371862561,0.225461871828884
0.315743598158368,0.693738583475351
0.569960399530828,0.0626829729881138
1.13317098561674,0.342197499237955
0.716790554757923,0.127457977505401
1.73039877805175,0.657189826248214
1.88245192261634,0.802482640603557
0.00494883871663351,0.768073687562719
6.75427204336891,0.20981817971915
4.34201222542121,0.0926012117415667
0.142503480663452,0.986514180200174
0.643026828765869,0.875689484877512
3.40539764968638,0.0772005782928318
3.47618702409749,0.0158542857971042
0.55491706263274,0.677717030514032
0.683587102219462,0.748525047907606
0.330865948460996,0.582404833752662
5.56730417873631,0.441254341742024
0.234402890165288,0.677650460740551
2.5189389771873,0.0170208564959466
2.08015298834982,0.672080153366551
3.36299247277861,0.463260689517483
0.286757288500667,0.417596541810781
2.24123126818779,0.0882014376111329
3.36881767474825,0.248430121224374
2.59189504004064,0.0683554150164127
0.599623480354068,0.753173877252266
6.78842391040096,0.317744245287031
7.79099078061891,0.723530515795574
0.477519207634032,0.247052907478064
0.453328270465136,0.541086609708145
3.32798925770407,0.612150012981147
2.56919716103914,0.801045221509412
0.87657584156841,0.552664472023025
2.69244134790244,0.362830770201981
0.99767087213695,0.390053887153044
1.08007296733558,0.799289886141196
0.624361298548476,0.669537140754983
3.42261615620258,0.642237307038158
3.01673076657538,0.855150315677747
1.67411780535224,0.144878985127434
5.19420363356299,0.429982629837468
0.92259988798679,0.525992324575782
4.13716226426845,0.702053286600858
0.398351598647306,0.988241305109113
1.97187334548584,0.631799940019846
0.0518155880272388,0.985619474668056
0.0654464910144969,0.0388940805569291
0.970649877563119,0.765319743892178
0.503230424597859,0.288982804166153
3.6323083096965,0.683148292591795
1.41459525554421,0.772177759557962
0.648390742018819,0.683433501748368
1.31795168574899,0.389775490621105
0.98847236355085,0.0685118420515209
0.378444431349635,0.705671791452914
6.94482240901329,0.676258058054373
4.81587308992572,0.57637863792479
1.18113828729838,0.481811168137938
2.40657342403176,0.870701904641464
1.16671101562679,0.790044673485681
0.02353784686017,0.663728080224246
1.89863983905854,0.139179406454787
2.0358145366514,0.697876354912296
0.581716272461783,0.934392015216872
1.35671350732446,0.0341430585831404
0.724308404140174,0.003819998819381
8.05781526449037,0.63699674513191
2.13785707569661,0.185290043009445
2.83788286205577,0.341661307262257
1.41066036555734,0.830302614020184
3.46408302692657,0.0306734247133136
3.96998748414931,0.632632090011612
0.846698931418359,0.909246844472364
6.43011630043335,0.77894474286586
0.0556572494158032,0.349430207861587
3.57842928526883,0.30229774559848
1.91216048031094,0.061364462133497
0.379245733842254,0.316423596814275
0.129160874523222,0.0275614634156227
0.907422333024442,0.0772083182819188
5.34522804965205,0.8767732642591
0.103174632470816,0.395453059347346
3.75714927894955,0.227859877515584
0.688012055062413,0.361149953911081
1.07052726764232,0.0158144973684102
1.18634508273162,0.924442542716861
2.75767115122619,0.533287911908701
9.87941150550173,0.359998624771833
3.20588266437599,0.926436230074614
3.85378957793375,0.70875543076545
1.73800872637236,0.219508997164667
4.56484899065195,0.667677406687289
1.04614925011992,0.93265817896463
0.805811838062094,0.608626495813951
3.13705728931313,0.688057735795155
1.61172989903524,0.873334833420813
0.439110418781638,0.793322765035555
3.34168961285544,0.897653307765722
0.72209895642753,0.450040051015094
1.47640925823691,0.735933300107718
3.37346282584553,0.499721981119365
0.965893181972206,0.510375823825598
1.3280714917928,0.367265830980614
0.475608482025564,0.312739704735577
0.664598222821951,0.470267019467428
0.774470344185829,0.494595718104392
0.0610823286697268,0.490179474465549
0.482057688194707,0.441422265488654
3.86312478578996,0.140277119819075
2.80242277665024,0.958347375271842
1.12216219678521,0.251223919447511
1.49272749506755,0.181062179384753
0.673652091063559,0.820461058756337
2.87638728676324,0.431173291290179
1.50551767398651,0.911863941932097
1.01693027839065,0.832290342077613
1.89682166026274,0.501051892293617
1.86610476850512,0.516949104145169
4.9839930734303,0.898707391927019
1.98561318006896,0.931776273064315
2.6285683530474,0.247217161115259
1.49964636796622,0.148258754750714
8.66711691716566,0.827449275413528
0.173186229541898,0.304813810857013
0.228380971588194,0.296297562308609
2.00632036096397,0.131236448418349
2.49194121352377,0.250501412898302
0.570656481198967,0.0179500163067132
2.00788315749707,0.732554000103846
1.02933857124299,0.989227815996855
0.477900144644082,0.295624614227563
6.43218167092571,0.167551873717457
1.37417505122721,0.776621307246387
0.646067694760859,0.494503576308489
3.71240353194957,0.47214288637042
5.56816945936451,0.20689592231065
3.68171140534763,0.1121713782195
1.13450903445482,0.168859730707482
0.25663591617421,0.860145854996517
2.22058364740553,0.594367434503511
1.72052188768032,0.535744585096836
0.494970359839499,0.185213363496587
0.701307565905154,0.141328452154994
0.0734297536582042,0.340756637742743
1.36802402790636,0.350561347557232
5.54357031335063,0.848311323439702
4.31821299827338,0.17794740293175
1.38216120190918,0.53681284468621
0.969515250064433,0.844559004530311
2.30535255922916,0.952158019179478
3.30841041712051,0.847917358158156
0.167192107066512,0.77218285901472
0.456701310106694,0.550501159392297
0.218458706513047,0.922923620091751
1.83622978433015,0.442817419301718
1.36665484122932,0.556456787744537
0.447690573520958,0.60336182708852
0.199105565436184,0.0471150493249297
1.45851475550773,0.469554466661066
2.72739234372022,0.399709735298529
1.30914164241403,0.652918370440602
2.11240695884027,0.40108148381114
2.45768999858739,0.288159339455888
1.84337964086773,0.322255258448422
0.279926837421954,0.90690297796391
0.585761627182364,0.245383298723027
1.62177702691678,0.697636592201889
1.6037736776376,0.723209817428142
2.07807338460771,0.8133031912148
3.34326230345254,0.415144274011254
0.632252357900143,0.826529656536877
4.97975999464221,0.562429577112198
1.51722551930729,0.163564211688936
1.15212631877512,0.468979399185628
6.07178953572814,0.976596169872209
0.499097839929163,0.978541715303436
1.24851715285331,0.377553793834522
0.399082855321467,0.375199774745852
0.741832105420063,0.540055627003312
1.69753824623599,0.687854051589966
3.67516797764187,0.364443158730865
2.07070988222005,0.676031956449151
0.0183164672926068,0.856131241424009
0.557386692613363,0.19662057957612
1.56809518809302,0.970976295415312
1.06889664195478,0.954049082007259
4.22917499506676,0.536874695448205
0.489646629430354,0.629179723327979
2.48607938355746,0.48951991670765
1.21855827793479,0.665971047012135
3.18953417480378,0.245597881497815
1.37173371110111,0.825134255224839
0.367530128918588,0.730474252952263
0.622128652408719,0.935578710632399
0.53424327634275,0.0546104526147246
0.011548615855038,0.516418658196926
1.26084207836539,0.528147669509053
0.683979451894131,0.0850613543298095
2.90960032476072,0.469606645172462
1.53995886840929,0.676607732428238
6.10752016272316,0.10156993358396
1.27689107693732,0.984389011515304
0.71020211931318,0.0762363311368972
4.20129817972094,0.782155842985958
0.0128407666217198,0.160738251637667
6.34113533761273,0.256851070560515
2.97727939584006,0.181510407710448
3.17864134890919,0.37851876206696
2.4795800744647,0.723408262478188
0.369172894395888,0.208486407296732
3.83853852732067,0.902503899298608
0.814948676154017,0.0425254695583135
0.387342139207149,0.553048686822876
8.59579384065711,0.284167313948274
0.111348340810173,0.233139686286449
0.727891990914941,0.328214064473286
1.23375052399933,0.106895031174645
7.24501375439477,0.343742435798049
1.98212899848032,0.78549539251253
2.21773991725388,0.46870542736724
0.0490867231497626,0.160040580201894
1.07435807771981,0.682512329425663
1.2159782582894,0.900050633819774
0.787512372247875,0.220387344947085
0.90374867990613,0.1183830301743
0.659796407446265,0.535278490977362
2.58056144472875,0.343888372648507
0.433368311263621,0.737481281394139
0.0368482861640344,0.770106983138248
1.01174135971814,0.708543443353847
0.922575469008398,0.0264469424728304
3.21611662161783,0.848189953248948
1.94942365392091,0.92630442744121
0.271266648545861,0.663149592932314
0.553449552506208,0.0727854506112635
0.367373466530978,0.369684183271602
1.90012959198263,0.296746129402891
0.763112729415298,0.223735419334844
0.448822697184247,0.352740210713819
1.31800715345889,0.106889730319381
1.19750998355448,0.874138923361897
2.79071469960694,0.398181746248156
1.64675047466398,0.0694543966092169
1.8717177262021,0.117187320487574
0.284215799854305,0.778753059450537
1.99858142613413,0.844782442087308
4.23104730595775,0.100129034370184
1.25439766328782,0.695292847463861
0.511968191713095,0.0252587457653135
0.0407113004475832,0.347366925096139
1.34311168827116,0.473865137202665
6.16167394783268,0.800577333196998
3.33907742781525,0.283861234318465
0.0705493251292303,0.374453284079209
4.50125787526722,0.320645200554281
0.6874461164698,0.452600849559531
0.48092845082283,0.00407798518426716
0.313274351541052,0.292211629683152
4.18568170885179,0.57068745419383
0.882966422475874,0.873140714131296
0.550633721984923,0.841785135213286
2.22558769202771,0.876503379549831
0.27599682379514,0.411882511107251
0.991625473834574,0.553989052306861
2.1207533068457,0.324056728277355
0.632968882098794,0.302781497128308
9.07448980906859,0.637853045482188
2.80320134433257,0.996318640187383
2.9288968889225,0.158944866154343
4.47236822892852,0.884092913940549
0.222981178201735,0.12478124932386
2.70334191798213,0.537121998379007
3.56234744437588,0.17830605362542
0.50953556888237,0.720351927680895
2.21487235222841,0.245543207041919
0.619380016811192,0.0611018540803343
1.44472680867692,0.351607752032578
1.71497831485214,0.905473481165245
7.01714069726777,0.35804737219587
0.076373268905444,0.306214145384729
1.68141619852724,0.993323512841016
0.707970990799367,0.8143135686405
2.27663611239734,0.254452004097402
8.3172830152781,0.965529327746481
0.363518178462982,0.400340488180518
0.801313007250428,0.747588245430961
0.481148334220052,0.329701682319865
4.24257140953965,0.916132963029668
0.507068610750139,0.0362211565952748
0.870216388433601,0.996545744128525
8.56804536422388,0.400091320974752
0.47569662598481,0.346740507520735
2.61499797544422,0.964371766895056
0.139873588457704,0.0142599714454263
0.452093811937818,0.747096163453534
1.49837033069673,0.683185863308609
2.97241427360063,0.622959796804935
0.109901284428892,0.136217074468732
0.401153639890254,0.362092629773542
6.48423559930096,0.0802390952594578
0.187202082946897,0.0671744330320507
0.2255305852741,0.750235807849094
3.2792408762682,0.955141432117671
2.04991527824643,0.576826692558825
2.03005461386385,0.178847083356231
0.835691108368337,0.898710577283055
1.25874720420688,0.709250422893092
3.75301667286043,0.901205354370177
2.20657680175247,0.401711672544479
0.451290451921523,0.0256969656329602
0.332115996729508,0.363575377035886
0.820793124675643,0.997128915274516
4.73152545441814,0.69282816676423
3.37883731706028,0.0399051997810602
0.24334142889866,0.17222655727528
0.0902408404317425,0.615044072270393
0.124042710404934,0.470533786574379
1.95630016728284,0.523914127843454
0.471428035758436,0.0834408332593739
1.25700001139194,0.881477437680587
0.756522363983095,0.00463831960223615
2.62713064803722,0.31142366817221
2.19293586156311,0.0459276821929961
1.39467714812585,0.477792254416272
0.312400284223258,0.247763383900747
0.841309764422476,0.727418455993757
0.775904159992933,0.356563485693187
0.0507039522521804,0.682251942111179
1.53967021769824,0.166436174884439
1.51929056879488,0.338523695711046
4.95349771131702,0.573338435264304
3.40966739116197,0.962964003207162
1.33002981357276,0.0549786151386797
1.02667220775038,0.944623620482162
1.40736697051138,0.643827188992873
2.14194536573234,0.519830330973491
0.425747129134834,0.559115445008501
0.246234818652372,0.42874570726417
1.93381094924154,0.195560750551522
0.753355638124049,0.309761684853584
0.287188805793363,0.637470832560211
1.24188914801925,0.905626646243036
4.95192284290027,0.932189096463844
3.14514140199237,0.368236942449585
5.79601624574433,0.494270560331643
0.571251511428457,0.867188730509952
0.00961423085092116,0.593467544065788
1.68106997540015,0.539131685858592
5.16792853523917,0.851040452718735
2.1709304861462,0.947679079603404
2.3879231660718,0.75900325528346
2.81838665140753,0.36545804515481
6.6631187793232,0.00862037111073732
1.15462628286332,0.801659505581483
1.22973872814327,0.07099504978396
0.773310677148402,0.705374476965517
3.05455837381964,0.983159316703677
3.87000226957684,0.286673271097243
4.51313118983932,0.114257050445303
0.598197639919817,0.831531289732084
0.542649010162453,0.492234893143177
0.3372140363918,0.466685547027737
2.36339641726556,0.608233479084447
2.91645438952332,0.172174396226183
1.90614626345118,0.763947164639831
2.34812569412793,0.382568535860628
0.770277149043977,0.585341169731691
0.922865392640233,0.469598775031045
1.06052519474179,0.368367095012218
0.63170937076211,0.826318199746311
3.24101031554823,0.777030006051064
5.01492654879518,0.0709622751455754
1.32178815454245,0.687207380309701
2.15687171557485,0.172030659392476
1.85612406945767,0.773249549791217
2.09914671062472,0.537493964657187
3.554711676966,0.164838754571974
4.83975353974198,0.730919054709375
3.79291646165733,0.560785348527133
0.395148492559307,0.8007631234359
1.06734956058165,0.381564104696736
8.27098260405374,0.816913144197315
4.57140137602515,0.590711625991389
1.61958084234442,0.657087206142023
2.59923600769582,0.0994058439973742
0.425671154275832,0.72443976951763
8.69441250661268,0.0806398736312985
3.5177299894631,0.211523024365306
2.08915742725241,0.317119559040293
1.63923796816709,0.556498296791688
1.4086719303483,0.997491671238095
3.56813202781563,0.787237211596221
3.31676845980768,0.768667807104066
3.99296445382719,0.201401515398175
1.48223793160292,0.173797781346366
3.24315413443332,0.891476126387715
3.92552622390871,0.134726339019835
3.07770964859014,0.442599741974846
1.35593230370432,0.343705113744363
1.65097037321868,0.780177704058588
2.64532480194213,0.938845860771835
1.22954137064517,0.62274118908681
0.173737386521134,0.0351310442201793
1.49920452750268,0.49648777442053
5.25833320964999,0.387743454193696
0.528493464924395,0.550589388934895
1.79020183832882,0.588252804707736
0.952046482823789,0.788070194423199
0.784638875164092,0.991812753956765
1.55767539207755,0.208303306950256
3.30446713152404,0.208929294487461
0.981527023017406,0.620602009817958
2.56708274773302,0.797154640313238
1.78382298687348,0.743286335840821
2.16341721734259,0.133298638742417
1.35892475582659,0.821456661215052
0.0765071623027325,0.556768880458549
1.49960953615239,0.223765862174332
5.29757743676133,0.592860152712092
0.220582346814244,0.223370767896995
2.03421420781853,0.976938248611987
0.224803972057998,0.789095396874472
4.98881379862256,0.205178903415799
0.0670159850713996,0.709665483096614
1.8327492660934,0.498896304052323
0.784055527616176,0.549763387069106
1.9977991170341,0.150497870752588
0.869397269561887,0.762146789813414
0.0280280075967312,0.825910592218861
5.3091247162216,0.886595151387155
1.88647637450538,0.823055413551629
2.99660738913302,0.599258488044143
1.13839047215879,0.0835458093788475
0.0271793951984491,0.230290191015229
3.28932466654857,0.201467430219054
2.73296292490306,0.215796746779233
0.841376162134111,0.445642321370542
0.825716075156613,0.11945679388009
0.287565905600786,0.773945588152856
2.30896094619277,0.955590342404321
0.581706011667848,0.268708688439801
5.86991985108624,0.892771416576579
4.42444710780807,0.829296546289697
2.84821470437532,0.502753056585789
1.51578443489018,0.861092088045552
1.06084731034935,0.700987341813743
0.625220686234846,0.100940914126113
2.29519320829752,0.545802907086909
0.40983232203871,0.221567505737767
2.23875525957885,0.61182596674189
0.255007611587644,0.0107284320984036
0.274646149948239,0.996042326558381
0.080604868941009,0.8343067727983
0.0801323875784874,0.796152210561559
0.0327310878783464,0.202763529494405
0.221498194150627,0.430765477241948
2.18530754974433,0.800391527358443
0.343012482486238,0.244229136267677
2.56843609726968,0.783650215482339
2.29939339115264,0.718557146145031
1.10423117876053,0.23733750032261
1.04869411513209,0.362838586326689
0.495960020460188,0.731936155818403
5.00115739156432,0.919304054230452
4.45460476328559,0.0152891490142792
0.300226742415816,0.131495605921373
1.726145516997,0.0926964210812002
5.32387467821069,0.727212265366688
2.47756627007368,0.216452102409676
9.77393812577981,0.284601014340296
2.41750031515005,0.277142734033987
1.5909404157137,0.14835740881972
1.18902529031038,0.854609571397305
1.28953833412379,0.084558293921873
0.142580435611308,0.719229361973703
2.75855746111813,0.386306921252981
0.148612930439413,0.847917365143076
2.4754040519798,0.998762596165761
1.6271114180887,0.390139246825129
3.01761776676634,0.496076614363119
4.51640536983438,0.406547984108329
1.36881057079881,0.867009703069925
3.08144320158248,0.00412134290672839
4.47481116999812,0.434564381372184
0.206144922412932,0.585369413951412
0.30531312549702,0.433670232538134
0.522411275229577,0.152251353953034
0.246462310664356,0.000572008546441793
4.47836901594825,0.655394844245166
1.23925187345594,0.245435919146985
4.11266423745041,0.686763891717419
2.52620438477936,0.0166517088655382
0.156713234260678,0.163781437091529
1.7999747878963,0.314988130470738
0.724616019055247,0.188295076834038
2.21211337476018,0.473246062872931
0.789530312020345,0.0580767784267664
2.33856425612214,0.292528514750302
0.438161540776491,0.262247291859239
0.70890255458653,0.0932134215254337
1.30363574437797,0.238481667358428
4.18341902245708,0.923901069210842
0.301333496606247,0.553060915553942
0.07752777783047,0.843577955150977
0.765764532610774,0.748718127608299
2.54112854219022,0.00393442693166435
0.00181841384619474,0.952513312455267
1.55917992620709,0.78759509162046
4.82180264194436,0.259444318944588
0.189631422050297,0.649403102695942
2.72787847734037,0.802549320738763
2.94846833460175,0.42612136201933
1.76440678342226,0.737805581651628
0.854165109724739,0.322787152370438
2.82840965671425,0.229221968213096
0.600285919383168,0.0527518664021045
4.27505914760696,0.349285433534533
2.51607135488632,0.687175791244954
9.96679160067492,0.752311776624992
0.0436659781262279,0.518032864900306
1.97728666154959,0.768474044511095
0.313617349602282,0.99490406899713
2.00265801503303,0.63647993421182
1.14156213868409,0.855083804111928
1.40202092557194,0.352076988434419
2.88662692142611,0.244631030596793
1.37721858453006,0.93340825708583
2.59767823844197,0.592938696267083
1.33540653903037,0.779657379258424
3.37809499574003,0.487828871235251
0.0217520595412013,0.215926487697288
1.36854838673025,0.968799732625484
1.86103739233339,0.751512113260105
3.05645781738644,0.152879453962669
0.933284963481128,0.32114406931214
3.59904745204334,0.585692125372589
1.55991254552248,0.204461791086942
1.09547685366124,0.71885261265561
1.27498999144882,0.819204799365252
0.552396729588509,0.637784800492227
0.966001178137958,0.510225269477814
1.67051542150913,0.926634632982314
3.60233689827805,0.532256884034723
3.7402811682034,0.408862307900563
1.45392934783342,0.404196241637692
7.46369556554842,0.189215310150757
1.42233168325367,0.810843029525131
2.36434994070771,0.240937250200659
4.81269058608726,0.407712524291128
1.8668993077332,0.232686210190877
1.21131616737694,0.179502673912793
1.89852322286048,0.138661850476637
4.61442097623773,0.943589977454394
0.835547540336847,0.401585155166686
0.88978005759418,0.535567805636674
1.60531799897444,0.378605481004342
1.2429260937497,0.348660198505968
0.970705880783498,0.630291966488585
4.16494510670133,0.735002107918262
0.182292688637972,0.836030140751973
1.15420968458056,0.882711293408647
0.995021596550941,0.393802619539201
0.680575494654477,0.279078509891406
1.11338481120765,0.00547678722068667
0.517558294348419,0.628969982033595
2.51457541255538,0.10242853523232
8.07934542567128,0.590044859331101
3.55801853893285,0.249300338560715
3.04842876215316,0.68324706912972
0.171327649615705,0.340947807766497
2.63027392505648,0.149966690456495
1.72247331028251,0.974936493206769
0.385719920698117,0.368345736991614
0.420528668935525,0.154494210612029
2.09161127909067,0.413648271001875
0.191635135585574,0.27460833452642
2.28311886443737,0.0692807724699378
1.99439097746255,0.211767547531053
3.83087526990061,0.874740462983027
0.994775617652635,0.36699758307077
0.852494895458221,0.721167261013761
1.08618432842195,0.420162213267758
1.57266419120494,0.0820996905677021
2.641708496874,0.825544724939391
5.02286117126174,0.985299682244658
8.42330757478132,0.301633123541251
0.439700229093432,0.156044964445755
1.53284269935432,0.879613074706867
1.18320415262133,0.659251966979355
0.0748258140303902,0.736558652715757
0.313237140886486,0.399544065818191
2.40554651423338,0.997878148220479
2.73243561937454,0.0674430257640779
0.19447344013415,0.103087048977613
0.994487229734659,0.0831404181662947
0.545312225818634,0.914744091685861
5.74215656732662,0.789793743751943
5.62121662390592,0.655868422938511
1.50803521639648,0.916390788042918
5.35083023060985,0.292442835168913
2.58092092714253,0.225697845453396
1.89813760100844,0.558801698265597
2.74503140888157,0.347437023185194
2.44583878285232,0.119717153022066
5.57903927383497,0.262887984048575
0.258484811522067,0.524146381998435
0.674617412340262,0.312349804444239
0.409939220829845,0.99112123134546
2.21364722392502,0.989335918100551
1.42155745457458,0.27339769853279
1.58098796560409,0.350845099892467
9.01483409194074,0.694511018227786
0.516960532483556,0.451983818085864
3.1468013821352,0.980533518595621
1.28246284183115,0.137725211447105
0.256360644474626,0.241487346356735
0.523359223268926,0.0875530899502337
1.40718260196334,0.698358411202207
0.856630519963801,0.184901459375396
0.614673792364385,0.487039047060534
8.41095862590735,0.651459508342668
5.03465411414332,0.390892517520115
2.53893204583767,0.951944576110691
0.00965629704296589,0.529259303584695
1.18327808007598,0.726231374079362
0.042364832945168,0.438647970091552
0.907875623553991,0.852945185033605
1.36144694499671,0.237965848529711
2.50515347897055,0.488605169113725
1.36020172107965,0.963489806745201
2.16070530741456,0.297102193115279
2.02526734388413,0.586472509661689
2.18214381988032,0.146890703123063
0.176316297119754,0.46432728250511
3.15664853511338,0.102416924200952
6.50849434699783,0.50968117127195
1.11245431937277,0.941527689108625
1.1975775109604,0.258246235316619
0.743689509108663,0.710496730869636
1.40524933019919,0.140734745888039
2.27582705571296,0.271415324183181
1.32225560117513,0.13839305518195
3.2130427043006,0.362125878920779
0.0769897821030119,0.168575763003901
1.28875072393566,0.0466157065238804
0.298931475610096,0.371634923154488
0.972173285500932,0.918648134218529
0.19937933050096,0.343652590876445
0.846521477214992,0.42743687168695
1.3233370538801,0.718185942387208
0.351492395624518,0.609159458661452
0.913515461608768,0.211202105740085
0.815385657237061,0.778126447927207
13.9966048813405,0.242575784912333
1.23946261778474,0.0262312754057348
0.26948222123739,0.0786328066606075
4.02236376685982,0.40980861405842
0.94628927577287,0.540251332102343
3.33216983435636,0.0793105864431709
2.62735330491307,0.210763221606612
0.0320266350329547,0.217058963840827
0.801241768524051,0.351908038137481
3.32925571484451,0.793423343217
0.0546277239918709,0.548023530747741
1.63787193774226,0.974225529003888
5.29738963742681,0.00551013043150306
2.68870842820945,0.822271162644029
0.440718647197175,0.335262551670894
1.58806176081581,0.722979556070641
1.17517487984151,0.724026689305902
0.513242973966575,0.957604770315811
3.65164608864074,0.155559748411179
0.522551684640348,0.0286173219792545
0.0637773908674717,0.260433905292302
5.85555983033612,0.775439747609198
1.07180378586054,0.314277561381459
0.956710470473945,0.524426026269794
1.52471966288033,0.11076309112832
1.51610483034494,0.517837166087702
3.94283130375629,0.828350923024118
1.10026256088167,0.811232586624101
2.46193757979142,0.0919653158634901
3.20525158924942,0.595700045349076
2.73111381932142,0.877918686252087
0.426726604811847,0.160347562981769
2.50342008276823,0.730659391498193
0.825754140503705,0.728835250716656
0.202568676514223,0.73286789143458
0.694661148823798,0.614286510739475
0.799329750239849,0.814044030383229
6.17566375400791,0.0956728765740991
0.996951976289437,0.299020986771211
1.14680645614862,0.807224804535508
1.67645414745921,0.795123633230105
0.840956056490541,0.764873492065817
0.357375585474074,0.672045390121639
0.643982229143613,0.347582438960671
5.62858442928562,0.827668400015682
0.341297095571941,0.490506554953754
3.37966078728152,0.31904331385158
1.41725134096088,0.615992784965783
1.65814426532927,0.48117754701525
2.90708316176628,0.72529740142636
0.00356889795511961,0.498579733539373
3.52551588941131,0.508236033143476
1.45239588051083,0.0610377851407975
4.8226705600781,0.589939526515082
0.0453094989061356,0.705244139069691
4.28752869792233,0.705478928051889
0.0848809452727437,0.0715362019836903
5.66549245979557,0.204109129728749
2.91418953223114,0.329833502648398
0.610060873888532,0.703327722847462
1.25822550524026,0.0316707401070744
0.433697221800685,0.417764369864017
4.90568647135921,0.23364169895649
1.69568723059239,0.7520088898018
1.20817662123591,0.799432007130235
1.59190809904578,0.75179577502422
0.281530138105154,0.466919959522784
5.34284064981466,0.501614143140614
3.61870745925193,0.898325522663072
2.57929765983465,0.336781282443553
1.6655821410392,0.322432093787938
4.21185076922273,0.441288231406361
3.33857555111731,0.548767984379083
0.201867096161009,0.452877768082544
2.24058007999303,0.486694399034604
0.77991112228483,0.500613867072389
1.58634107172902,0.859629649203271
0.507406466640532,0.40037090331316
2.24569741069319,0.67972183926031
4.13616411371117,0.505764722824097
2.35461690827253,0.119930836604908
0.165235599502921,0.0211489119101316
4.59581861385786,0.769402704434469
1.81715954086723,0.616912922821939
5.46563024421163,0.610375151503831
1.02977333404124,0.957305673509836
3.26948316751008,0.188446818618104
2.45810230999234,0.0709561035037041
1.53459074233534,0.00979867717251182
0.528227380476892,0.311755553819239
0.222297723405063,0.687416576081887
0.948439622297883,0.438188384054229
1.18781491462141,0.495242324890569
2.03971257052364,0.44690472073853
2.88989939588456,0.125938383396715
1.2069474151358,0.723376806126907
0.85759602393955,0.827713408507407
0.357396767474711,0.368142689578235
0.603620297275484,0.108309115748852
7.39849142871457,0.695275629172102
2.50208107001128,0.576153975212947
7.59997544768167,0.56477364897728
0.495140203477161,0.388433763990179
2.76884430079701,0.344230797374621
5.91022199358711,0.680552802747115
0.203160011209548,0.452352801803499
0.261674243025482,0.194298025220633
2.59895994878354,0.871103563345969
1.3876410461122,0.371810728451237
1.69566915548387,0.0410017042886466
2.28774503423812,0.802335471380502
0.204284066656237,0.0640259948559105
0.437829938717186,0.433878273237497
0.75036902539432,0.125072895316407
3.35174934176688,0.134792094584554
0.532067155586337,0.407122200587764
6.88069355454216,0.428174414671957
4.42467045017185,0.440021944697946
0.497836034744978,0.115403170930222
1.91407399933792,0.494232146069407
1.55814344054999,0.537147064693272
1.86982343896272,0.569996692705899
1.15650501288474,0.731866969261318
10.9987399311443,0.620458139106631
3.45840389651104,0.819359900895506
0.493721441272604,0.560746590606868
0.918251316063106,0.969558319309726
1.24511628970504,0.297068150481209
1.23708872403949,0.0931735001504421
6.00839019456782,0.97041995357722
1.09965766407549,0.995038642082363
2.05554787619951,0.122685110429302
0.815356030128896,0.459697505459189
0.828991964459419,0.990774578414857
0.214260319247842,0.677590457722545
1.23984712734818,0.588514691917226
0.943156467240695,0.564495330676436
7.89051384809327,0.997590500395745
4.10506593419199,0.374421106651425
0.735986883752048,0.228374543599784
1.25243217591196,0.540040222229436
1.05283128842711,0.855710308998823
6.13467249240647,0.0390885137021542
1.48127318910303,0.914178722305223
0.219455669634044,0.287043515359983
2.37936801268699,0.865372047293931
2.28171746983173,0.798850234365091
0.771298220381141,0.646459524519742
0.147553739137948,0.964197756024078
0.497957974251603,0.664771082578227
2.38906697547975,0.289719156222418
0.723610861215607,0.401378043694422
0.779495726339519,0.608711901586503
1.48116253494265,0.320379111682996
0.00411194004118443,0.717569331172854
4.70719223157389,0.751621557399631
0.873255217447877,0.84084942843765
2.78066330122412,0.143668914213777
1.85268875575604,0.215009000850841
9.09930399754896,0.132203583372757
1.05253146216273,0.399563729995862
0.09496961068362,0.736618932569399
0.929657374508679,0.85801086970605
0.18855040896325,0.989485830068588
1.89673285364153,0.517527966294438
0.868230721913278,0.723363147117198
0.489668496702186,0.719223071355373
1.00256642978638,0.00962109141983092
6.84637321498165,0.554717682534829
0.703942202962935,0.395922868745402
8.23271740558458,0.664820084348321
0.0872162282466888,0.897098628105596
2.70246560863199,0.296872668433934
0.197350165806711,0.88570980518125
0.480669679120183,0.585401208139956
1.87097048937323,0.692245912272483
3.26108669100289,0.80779937794432
2.69019290982726,0.973787263967097
0.860341212712228,0.575122029753402
1.01217896211892,0.62623157678172
0.067492714836363,0.831732356222346
0.046095959842205,0.0650903224013746
2.17796114395973,0.204627865692601
1.66787014520707,0.314150481252
3.93255245296245,0.820691296132281
0.0256587871913302,0.336447854526341
0.0376574238762259,0.590913814492524
1.06336558976451,0.0674966850783676
4.97695034846994,0.745975579367951
1.74194606571438,0.803421054035425
0.887261125259101,0.70124269882217
1.32363235671073,0.00322794751264155
0.419093599653663,0.683065593242645
5.17651795943208,0.324259908171371
0.543241564184427,0.23005200503394
1.12380790283582,0.865447660442442
3.55149101076608,0.87290159240365
1.19165379274637,0.493403368629515
0.375478642992675,0.247812303248793
0.57354448735714,0.568368496373296
1.87307563229444,0.404303790070117
5.44670994182057,0.15466150501743
2.506539625963,0.0351398198399693
0.111930740065873,0.944908158620819
0.894398360651232,0.706654162611812
2.41791619919699,0.632734840968624
0.575925726443529,0.847019448876381
0.213732765056193,0.52044172026217
2.46167657143416,0.0593929912429303
2.78220705519762,0.841113342670724
0.529729578644037,0.761881827376783
0.272881167009473,0.946360350120813
2.95760906843429,0.270947380922735
0.644034405238926,0.246984159341082
2.33744375958088,0.613211872987449
0.867448565550148,0.160085005452856
7.84552166941476,0.345460477983579
3.11831384507899,0.488862512167543
1.77725393130424,0.812981972238049
0.228840993846067,0.718832968501374
3.75829578919296,0.329823449719697
1.35976354405284,0.776298832148314
0.408308936898865,0.605883558047935
1.3500665910542,0.658096633851528
6.54458190810571,0.98171037924476
0.410260523058194,0.443952312693
5.24141686011977,0.230834561167285
0.738829324021935,0.676805861992761
1.77486448726597,0.566324637504295
0.405498835828134,0.191817015176639
1.00201566051692,0.369244651868939
0.990737934596837,0.770434906706214
0.7174221444875,0.693194887368008
0.294443901628256,0.944187604123726
2.46203180107832,0.32743128715083
0.937310731525838,0.857530239271
0.647647868841887,0.554895220091566
2.52246513954344,0.0375468521378934
0.11780990641468,0.0780755961313844
0.524970045190124,0.466546816984192
1.74651320867878,0.0292554360348731
1.70115744714534,0.111634371103719
1.75539609595182,0.385277186986059
1.09974205866456,0.27239512745291
0.337784493342042,0.363329824525863
0.324282795190811,0.73716251575388
0.91422238945961,0.664616287685931
0.0223688334226608,0.17387692630291
1.71861564039677,0.9476061493624
0.784000905265814,0.296519855502993
3.68852904422169,0.915620743762702
3.61705690605526,0.0933764840010554
3.12675597377491,0.139747244305909
1.4153317901397,0.0771427869331092
0.109055122640142,0.367555173812434
1.77934466293993,0.106258052401245
0.0542039200663567,0.361683349590749
2.46357090204003,0.256394305964932
2.0702521110976,0.171699201222509
0.616579259745777,0.420242644846439
1.32379964273423,0.264380458043888
0.158027252182364,0.468795098131523
0.172405206240319,0.95427389186807
0.269250913523138,0.297343768877909
0.864040953107178,0.685434146551415
1.82446867400288,0.327368228929117
2.08357975255611,0.412331008119509
4.29130627562232,0.548376995371655
1.47324293782086,0.287096120882779
0.206383428536355,0.238129852572456
8.41058251956358,0.084378800354898
0.831539323553443,0.0917390557006001
0.206903519108891,0.850578753277659
0.683982685208321,0.212669735075906
0.420091500020029,0.422778532607481
0.294457349926233,0.146407161140814
0.39919373486191,0.547862478299066
0.161922768286135,0.7791746200528
0.0919124320532172,0.842750331852585
3.57420627383475,0.655749472323805
5.07189785291381,0.416238992474973
3.96663828922396,0.383590856567025
0.934871096163988,0.158541659126058
3.15005229769235,0.0460685577709228
0.0437329448759556,0.929555569542572
3.07999178551299,0.624079668195918
4.42901323337979,0.831063449848443
0.190429106792808,0.951249054633081
2.59402481830659,0.424007243011147
2.08405969469788,0.963230716995895
3.90182781202679,0.123412085231394
0.396318046376109,0.788879719795659
0.15893526095897,0.404558018781245
3.00798747299199,0.915579076856375
0.0459864735603333,0.0316659938544035
0.142118581091836,0.542744451435283
0.125656501664821,0.0707158725708723
1.73720186172851,0.598801163956523
0.833415356464684,0.566271146759391
0.00297530213770218,0.257789654890075
4.08019385842567,0.205490416847169
0.138298591587005,0.128275300376117
0.309104974464508,0.564837819896638
2.93971270305996,0.856905251741409
1.00600364338607,0.0470246446784586
0.822311137802899,0.830995771335438
0.516317988745868,0.0267451636027545
1.20374542567879,0.8366449768655
4.9084176381392,0.283841264201328
0.166433180682361,0.283752023475245
1.03910566400737,0.316199244000018
0.625191606581211,0.836595218628645
1.51268056771698,0.609015388414264
3.02734085757399,0.192765231942758
1.29466064833105,0.648747031576931
0.030326621606946,0.976167889079079
1.74639959913489,0.30389400688
0.882953398860991,0.170021146768704
1.24742076253047,0.711959664942697
5.21195547630019,0.591028702678159
2.70834951653125,0.374688608339056
10.5648221398596,0.164997675223276
0.577518161916083,0.0985718849115074
1.16471638530493,0.961005656514317
0.0784526204118645,0.299806991126388
2.54608295476975,0.417345362482592
3.9792598223496,0.283252597553656
1.06782494299114,0.829600154189393
3.02483404783492,0.613146567251533
0.636935434030752,0.331813789904118
2.25407570592108,0.644354729447514
0.700278299860656,0.309387988178059
11.9531073265507,0.36135809100233
3.80237496254926,0.92048355191946
6.95454434635949,0.299818851519376
0.408707722759222,0.839773349929601
4.57347849700449,0.620073338970542
3.56488078815823,0.968323592562228
0.483725686557591,0.438909711316228
2.3383304867379,0.278358332812786
0.126016902737319,0.194005385274068
2.29275546959581,0.259815528290346
1.14265285618603,0.107731712749228
0.559012408368289,0.629135695053264
1.19807083625346,0.43576706526801
1.78803834869506,0.205109146190807
2.09671606860104,0.233308611437678
0.0571096772328019,0.548358048778027
0.21144284773618,0.264250508509576
1.35924552939832,0.562030469067395
1.67595610572937,0.270828873151913
2.00448347992244,0.660438648890704
1.33637007977813,0.148819515248761
0.125013467855752,0.965243038954213
0.293324267491698,0.654829529812559
0.0124305743284258,0.0416319549549371
4.95535362114139,0.399218539008871
0.722942570224404,0.392038729041815
0.330591215752065,0.553433414315805
1.33841731585562,0.39409798453562
1.3761955499649,0.872339374152943
2.09272925494344,0.583395835710689
0.861192608570579,0.349550134269521
0.183970723301172,0.605771096656099
0.260577335661077,0.0715365603100508
1.97263146555963,0.62530097970739
5.39220713426299,0.409342901781201
0.377097835837761,0.0457876205909997
0.836258396964408,0.367312242975459
0.429351845756173,0.0382693510036916
0.540089791640639,0.689323300728574
4.24391536761947,0.116128807421774
2.60871672621908,0.494430651888251
1.88620018576991,0.620513851055875
2.32250445700231,0.664450405864045
5.49240997035928,0.53344991710037
0.21703058810594,0.118278631707653
0.392405424414972,0.636476025218144
0.298273070715368,0.392989264568314
1.03195317648351,0.387052351608872
4.13583896664863,0.366944740526378
3.12906644104009,0.148576559964567
3.87830960617321,0.715525495586917
0.0728478119034897,0.438883898081258
0.500342642712562,0.57080528489314
1.7530787847096,0.509015556424856
5.35222640235849,0.158898982452229
2.45877804598751,0.308798379497603
2.3816420666267,0.673789030406624
0.0337747971649908,0.0610405269544572
1.69224117643903,0.0653382444288582
0.506097734097697,0.0672449949197471
5.00907072027154,0.845019295811653
0.615859594196081,0.650210987310857
0.411554762162268,0.397009255597368
0.231667204760015,0.365245253546163
1.11398866865784,0.546566413715482
0.143644682997906,0.679106904193759
0.420183481270582,0.390306849498302
0.594238820485771,0.678382487269118
2.07700181930306,0.340455397032201
1.91569093697739,0.080358179518953
1.94921307629886,0.86435824027285
0.443443980067968,0.122444426873699
0.817142294719815,0.419886379735544
2.1951407919729,0.707475854316726
0.838932570434557,0.698545835446566
2.16699220417979,0.911901525920257
1.3142747245729,0.913921092171222
8.45672909119978,0.495713906362653
1.84083134113791,0.228596213739365
1.01258691214025,0.313593416241929
3.20720660300145,0.67166091571562
3.40344223735814,0.449386770138517
1.03873094428757,0.34544334304519
0.985147072002292,0.0965662582311779
3.63606494275813,0.395862027071416
1.36501419730484,0.666200596606359
2.71365926220062,0.475795917678624
2.93392936640513,0.244918134296313
0.509178672917187,0.208903538994491
4.627024768441,0.827188889263198
0.56588742043823,0.905626247869805
1.35194741282612,0.945864599896595
1.3821745030582,0.318510352633893
0.0357613153032839,0.166308681946248
0.540924671172051,0.474686817266047
2.99828097579961,0.767613866599277
1.18537874234713,0.88690145406872
0.182874943129718,0.496426601428539
0.471677583428515,0.459135207813233
0.0894823679700494,0.185959165217355
4.57036321131566,0.350548960734159
2.29759135394225,0.287719142623246
0.398962056264281,0.232565053272992
0.240591121305434,0.577937935246155
4.41609230984874,0.0468749939464033
0.322499800521046,0.373815163969994
1.44932517304916,0.63572418061085
1.89867672874572,0.155181276611984
1.20140545256436,0.386517913313583
0.605550899284932,0.953261864837259
0.782252276082971,0.115835902979597
1.16911879833788,0.954739310080186
2.09618367432597,0.570889962604269
0.612971813713781,0.38712066388689
0.268739522434771,0.561984667554498
1.96087918187891,0.740775841288269
2.76673633969369,0.452723418595269
0.171197555959225,0.604556572856382
0.255508940975527,0.607619311660528
1.19212129339576,0.403494551312178
0.668442263267934,0.536690453300253
0.0198095045370704,0.972664020722732
3.28641738725786,0.780998467700556
2.62026003367248,0.70272945612669
0.273746245659625,0.850708519807085
4.19209436674543,0.932586254552007
4.38437194724507,0.437626505736262
0.945637851953506,0.732919671805575
1.52973489641192,0.701193627668545
1.0612359913066,0.351110488874838
0.202500318177044,0.552433715434745
2.73505893341246,0.0444418441038579
1.27127678599209,0.0427124828565866
7.95821253540826,0.836215866031125
2.68010774805191,0.975213401252404
4.37364729661302,0.840680944966152
0.215117086115054,0.0878990537021309
2.05252567297759,0.191864723339677
0.176574439741671,0.0071587695274502
2.73848885475638,0.870963321765885
5.71307517554531,0.102627745596692
0.765272316522896,0.476995383622125
2.3053691498095,0.417194643290713
4.10545305518394,0.0708919819444418
5.37828863014407,0.719123230082914
4.59682021637387,0.0135416956618428
3.20959208516364,0.255545518128201
5.35761236746736,0.912598938914016
1.53501866563203,0.390871442854404
3.47371000407224,0.215076127788052
0.746264068982521,0.840717539191246
1.57019819683375,0.296766877872869
1.24289078358561,0.920460984343663
0.0167982911307382,0.0379997501149774
0.969922031275928,0.277176513103768
1.13692707195878,0.591155179543421
3.38665638474708,0.416022407123819
1.25819465890527,0.726730841211975
1.46747520895111,0.0963395473081619
0.37777964448108,0.45084497355856
0.0531231769857183,0.738075375324115
0.833088963292539,0.592477816157043
0.150129449553788,0.518529965542257
1.58829767993631,0.859436153434217
0.599212529137731,0.956618746975437
0.129354866878988,0.62214060081169
4.07347096858506,0.379025210626423
2.10453220820966,0.54116312856786
4.23224021841712,0.314723409712315
0.926545633934438,0.684955158270895
2.38061288177016,0.922251471551135
0.297433927712056,0.647814646596089
2.19057247593048,0.27952317497693
2.13687586775961,0.15785009576939
3.60058767331724,0.800585957011208
0.781497718224531,0.234343468444422
0.463238758035004,0.57723349169828
0.0286734504625201,0.418578531360254
0.583470018580556,0.853337195003405
3.34680688778088,0.338661913294345
5.1262612303061,0.338716502534226
1.76483682448108,0.205750240245834
0.575029047080102,0.386307314969599
2.47385439080867,0.946069264784455
0.13615452311933,0.228675947990268
3.62333682162647,0.617934695910662
5.44013859678931,0.588456205325201
0.232327004259774,0.00978957675397396
0.295173493213952,0.0111591366585344
0.310825485704034,0.752790386555716
0.400968983769417,0.0561992260627449
0.692655480466783,0.552860083756968
0.941766714677215,0.172181288944557
2.90971932915931,0.543144423048943
1.20619685668498,0.951125337509438
0.558611673302948,0.197483719093725
1.91648640288951,0.0832106000743806
6.61291558068095,0.684025280177593
0.143150066187636,0.278930753469467
0.50816691248226,0.689849757356569
0.663343886182679,0.286725981160998
4.86101686272971,0.681649254867807
6.31853246655235,0.453335295431316
2.31905213921311,0.859033735934645
6.2381533803932,0.0574905273970217
5.00253647908166,0.459196212003008
1.01888724562789,0.111142777139321
1.77735632649603,0.466712362598628
1.26509713102132,0.936997592449188
0.922661204822361,0.133835753658786
3.58601325361018,0.434935383033007
5.20624149938054,0.275706056272611
1.47980950578096,0.948325625387952
1.39381283106842,0.598863806342706
0.337972410954535,0.187665483914316
4.07312183437829,0.296774645335972
4.83806034524865,0.517047963803634
0.821928757242858,0.262619794579223
0.724764160811901,0.79137324495241
0.0814891229893843,0.575316952075809
0.611858226444167,0.26291520614177
4.0744292399097,0.00121594429947436
0.34972458332777,0.377349614631385
0.459762373939157,0.763349926332012
2.61837367891314,0.785696309292689
0.575029096566141,0.798560778843239
0.414130875840783,0.832160000922158
0.245267061516643,0.988443401176482
0.85254484785841,0.249224401079118
0.992241737432778,0.793696796987206
4.42415465761848,0.639800340170041
0.512721559672457,0.661204463569447
2.5783197711313,0.697650007670745
1.21886338852346,0.974171446170658
0.433862661011517,0.591793914791197
0.0135175362229347,0.796934587182477
0.765582801774144,0.888688550330698
0.329567117788257,0.309924705186859
0.433257617074119,0.815716301323846
5.55089560117493,0.246831793803722
5.54347344835229,0.428834980586544
1.68862407774247,0.376644745934755
0.329255023039877,0.700964056653902
0.290075729601085,0.659306255402043
0.984949853132734,0.192624901887029
0.114538047994862,0.31165736168623
0.253264430685242,0.794299246976152
3.78369582800155,0.253851001616567
0.958690380677581,0.425736725097522
4.63284992293427,0.526255384320393
3.0915259402227,0.505558520788327
0.24076022207737,0.991442709462717
1.86988595492187,0.410672298399732
0.346351613290608,0.656801769277081
0.77350119035691,0.709961668588221
0.634393965825438,0.875159436371177
2.65072842120173,0.420644517755136
1.33412316720933,0.436714668059722
8.38703542920889,0.369652511319146
1.03356147650629,0.216227401047945
0.191612320460298,0.526449053315446
3.59004398046022,0.312918446492404
1.66947512893899,0.578339408384636
0.7995396098122,0.730949462158605
3.91149895248895,0.888298103120178
4.04330387694721,0.075905621284619
4.47449159021921,0.675690188771114
3.0756394768685,0.525667475070804
0.238983410743646,0.250819273293018
4.40480022257447,0.464399797376245
0.819371632300317,0.395038987975568
1.07945369350899,0.241640391992405
0.00611628691791433,0.268304170807824
0.287291559390724,0.505751369521022
1.57968129066589,0.885611349018291
0.160624579526484,0.287426637718454
1.18308243718753,0.384341276949272
7.78782837968163,0.598166393814608
1.01423426438123,0.635654466459528
0.614637364633381,0.528872980969027
0.164575918660088,0.0465483111329377
1.76934133391242,0.173980918014422
1.24969449453056,0.526925838086754
0.999751929193735,0.175046861404553
1.58644920951667,0.183184187160805
0.511896366253495,0.691316176205873
1.9555113147104,0.962518320651725
2.44071642114761,0.38090953277424
1.87322478069821,0.337264447240159
1.07478759547276,0.27177205006592
0.362961314702119,0.91772043146193
1.44458059433881,0.523918963735923
0.0841041956503292,0.918029253138229
1.24691862147301,0.194629523670301
1.57900760457513,0.882134631741792
0.984570290893316,0.959381232503802
3.67133037729149,0.832349181640893
2.10934319525006,0.521544973133132
0.0510513382032514,0.159592881798744
0.588064432144165,0.886634858790785
4.63298840785589,0.374217723729089
5.55299508451632,0.561192708555609
2.38496966279092,0.983008690876886
2.92132377235179,0.190626827999949
3.24271653948312,0.54312350274995
3.46789074159452,0.439178038621321
2.57617806634846,0.835458889836445
1.9175839088017,0.427540038945153
1.20547943562269,0.250870080897585
4.03666372207885,0.442647269926965
0.848682002164423,0.123669667402282
0.0787410316988826,0.815468393266201
3.0098828941361,0.475090649211779
5.14908256754837,0.608029479160905
7.10284603717637,0.733748940518126
3.61752235872631,0.966389615787193
2.68299538820031,0.430373588576913
2.7427652440125,0.874104088870808
2.56194925299826,0.72142077377066
5.11078124242758,0.355740781174973
0.196017637596114,0.659439894603565
7.3586221146853,0.927105076843873
0.949088234454393,0.603139507584274
1.08891948312521,0.179286817787215
2.69896965279224,0.165040455758572
5.13188584496207,0.369469205383211
2.27917716457489,0.664616512600332
0.0463426137435737,0.307618607068434
3.06772039449394,0.982847150415182
0.926143738441169,0.331078761257231
1.088657730259,0.329829728696495
0.855967532843351,0.307054153177887
0.0160582726821303,0.0743436852935702
4.0330732835639,0.396363740554079
2.50184558509829,0.95820607803762
2.97637350095396,0.0523573870304972
1.60403260511279,0.387763738632202
0.492758401552632,0.80138002987951
2.66015241659226,0.279649266507477
4.83205130298562,0.564113863743842
1.13172365445644,0.810078165261075
6.06089071895847,0.311395121738315
3.25668112544303,0.424682261422276
1.01491569448262,0.677056129556149
0.678612599149346,0.819838310126215
0.126610601251244,0.72464135591872
8.99084058456817,0.467224070103839
0.547950206919753,0.00164334033615887
3.76550188643818,0.942047315649688
1.80038742272805,0.343123825499788
0.26106433731607,0.487744365585968
6.96645232234182,0.633308790624142
0.102514831349254,0.824832674348727
3.4844541249979,0.302052671089768
2.71683013617041,0.957966916728765
0.877902806736529,0.126272904220968
0.276571577363678,0.0426559820771217
1.60477204984965,0.472138166427612
1.61884359075668,0.706883725710213
2.16299137223044,0.641854973975569
2.50457615583184,0.126475557219237
2.41382311698388,0.123533091740683
0.382902286946774,0.501775342738256
2.38037811397555,0.328134685521945
3.83124806342607,0.731032704003155
1.71901849996012,0.710996537702158
1.95858580610695,0.635975279845297
0.186538564041257,0.248041284736246
2.25476266807857,0.929679432185367
3.3002541696835,0.789103268412873
1.09101961366832,0.782949561951682
3.91723372397904,0.387241134420037
0.241155099123716,0.645100165391341
5.57511684264908,0.378683598944917
2.29603238395395,0.785884334938601
0.911765445023775,0.240420581074432
5.03009266905162,0.953466683626175
0.827793355099857,0.786118879215792
1.09038650430739,0.676849118201062
2.76360045178773,0.932748387102038
2.69454166471007,0.586513267597184
1.34702710434794,0.108641580911353
1.81435457794907,0.925660555949435
3.50257681685566,0.575401635840535
2.21602486251833,0.565007431898266
1.8177176452333,0.66315430123359
0.30253978446126,0.109753811964765
1.03682591114193,0.414578234311193
4.30422725875802,0.793399995425716
4.5179795626419,0.183183702174574
2.13080460756066,0.403858448145911
3.45360629616265,0.345564882969484
1.15467542409897,0.200874515809119
0.0214681917416455,0.129200834780931
1.13635646924376,0.666785170091316
2.71374236970189,0.417448130901903
1.06310745514929,0.0615047893952578
1.14294617250562,0.607680692337453
3.02356031853067,0.581692765001208
0.0309648774564266,0.465911761159077
0.861769362352788,0.814383294433355
3.87364192662721,0.176543841138482
3.93087530491834,0.985699380747974
0.139451451599598,0.697538610780612
1.9963813125247,0.827953009866178
1.04082929901779,0.695367817301303
0.127606387250125,0.0853434735909104
6.07297554578552,0.381138334516436
1.1184501964814,0.173977080732584
0.592776692472398,0.129127034451813
3.04833965486279,0.507936846464872
0.914837075397372,0.576478919014335
1.05228322278708,0.972726389300078
0.506652180105448,0.598744073882699
2.24858142427149,0.919476014329121
0.642413634651741,0.689703698968515
0.182961960466755,0.412946222582832
4.28441670870198,0.63449202501215
1.722379956929,0.413318713428453
4.96036784698196,0.938256890047342
0.387418730184436,0.579980965936556
4.93268601527593,0.656754905357957
2.67072198345306,0.201602968620136
5.55316397518783,0.378684404073283
0.851917462423444,0.364319985033944
2.08568158641007,0.645557558629662
0.930283041670918,0.868034099461511
0.461413823999465,0.571980235166848
4.04946341348772,0.131084009539336
3.58324278501754,0.737894067540765
0.0550714433193207,0.706150015583262
1.49379127509664,0.718302045250311
0.781513356841419,0.940824563615024
2.09377386598828,0.780651296721771
1.60073010273749,0.83866955852136
0.561132606118917,0.219314428512007
0.956282712519169,0.389498911798
0.57500386603747,0.369883615756407
1.17749207559973,0.983639198588207
2.61596574439647,0.32100952649489
3.08598359580577,0.890448958380148
0.150535854510963,0.687522180378437
0.0894375827628516,0.563540108967572
3.76483249265118,0.128510079346597
0.93649584800005,0.77077350136824
1.8604999282111,0.666976063977927
4.00842029584532,0.153002894250676
0.266106941737235,0.569728937232867
0.382977503907292,0.892163917655125
3.38560264168267,0.140217946609482
2.12782271570506,0.680399511940777
0.608339172912119,0.197137329727411
4.77520610739417,0.300276698544621
1.16803425829858,0.077076809713617
3.1001725292732,0.280726373195648
6.02129051055679,0.247173505602404
5.29446807851024,0.176066838437691
0.591105703264475,0.471924758283421
1.66864376978815,0.206399330170825
0.00175755834215029,0.468880055006593
0.715457547456026,0.0379015668295324
0.93863370642066,0.436262272531167
2.63070141143146,0.5606688875705
0.0649063014070572,0.650173413101584
2.49328905521872,0.889355458319187
0.37689492082161,0.0585183100774884
0.567995344288647,0.367566070752218
0.376049561443576,0.176509535871446
0.989149647764862,0.871190952835605
0.476595645770431,0.644307990791276
4.97955409894139,0.16896125418134
2.14019250116291,0.20771611132659
0.59858091827482,0.143792928662151
4.05231815932279,0.172730688937008
1.35295516438782,0.620531690074131
2.29731674872528,0.205698871053755
1.57125533736291,0.156609484227374
0.478550328873098,0.792568088509142
0.672684334218502,0.045040063560009
2.68663565992358,0.463779432233423
0.140039758756757,0.744005598127842
0.81094990670681,0.323933500330895
0.282611281611025,0.860361849889159
1.41523102476242,0.792172245914117
0.902744670398533,0.0443358053453267
1.3555673500523,0.338469831738621
3.68998434377794,0.421393167925999
0.404141012941002,0.166636027162895
2.42740140976403,0.246516414452344
0.135222797674477,0.567223578458652
0.0225891917943954,0.0297033898532391
1.92296358036617,0.702466893242672
2.28261310525696,0.725496494909748
0.0426478078588843,0.737679495010525
8.47824779847517,0.637359738117084
0.61042898427695,0.306629937374964
0.210823863744736,0.324938652804121
0.887520962316079,0.431922606891021
1.23456157371402,0.819626535056159
0.595138083209818,0.541773658012971
0.57685181113744,0.326050131581724
2.32769028088989,0.846900234231725
2.24976031576857,0.960147931938991
2.52156623071971,0.00818524765782058
0.624512161123403,0.508397556841373
0.465970682911575,0.666172279743478
5.85435147549877,0.415538378059864
3.15654893575196,0.921380128944293
6.05479444529781,0.110804303782061
3.13504368795042,0.918976597953588
0.416611542546045,0.894285212969407
0.669315180741251,0.504219686845317
0.621100197546184,0.121927178231999
0.596311656758189,0.574090513633564
0.33581781463371,0.740559589117765
3.17417512444739,0.120544866658747
0.332996177487075,0.198545761173591
1.14491832815111,0.658463414292783
3.98117175712366,0.239413652336225
2.35235488778892,0.466215772787109
0.185808698719912,0.27824126672931
0.189771679230034,0.987396786222234
4.46554322143025,0.472261039307341
1.19682083185762,0.343660555314273
1.42573214127662,0.309504813048989
0.556331175379455,0.0790514380205423
0.304267925827081,0.383854483487085
0.972289618104696,0.807662674691528
0.218547933734953,0.269149977248162
5.75698704983959,0.506878953427076
2.7310948780829,0.849439007462934
0.177801294036025,0.416414556559175
1.03328757300411,0.751708607655019
3.0087206585515,0.462112967390567
2.5745777542794,0.507818001089618
0.547270371578634,0.167353947414085
2.69306618898156,0.841768973972648
0.711059528402984,0.685548592358828
0.716373394243419,0.253213825402781
2.64232632323148,0.0614978596568108
4.57659353663154,0.850163025548682
1.2630521915853,0.384007459739223
0.441825751215219,0.532765239477158
3.65998312441592,0.373889793409035
0.0414673741906881,0.783930467441678
7.36457374983038,0.101770917885005
1.64962545773926,0.168112728046253
0.350454224734339,0.951307773124427
0.719230881892145,0.589418611722067
3.37454456819182,0.884091119747609
3.8905046059001,0.273621299769729
0.625676729716361,0.861156001221389
1.85494480087402,0.124226244399324
4.21946233113237,0.931860436452553
0.92575846798718,0.336447096196935
1.45104882298949,0.439528597518802
3.13043516112452,0.111483730841428
3.32593057238744,0.511059178039432
6.68693701889286,0.949771744199097
6.29037674768789,0.19317304273136
0.155258351005614,0.731067411601543
2.94211351834912,0.5034272253979
1.35435460973531,0.52108292421326
1.822158023631,0.731826490256935
0.0997357990301672,0.798141675535589
6.20515568520794,0.560615435941145
1.80784328087213,0.537699733860791
1.598744276827,0.995597489876673
1.85169431594603,0.632258413825184
3.64816392941361,0.23514729202725
5.68877951767216,0.342358162626624
1.3963832537368,0.435686457669362
1.64942214536152,0.716359505662695
0.487996935844421,0.968521127710119
0.380213152617216,0.305554986465722
0.0306106079369783,0.849906900431961
0.00191442761570215,0.0607064482755959
3.22410492954736,0.818839159794152
7.64551694276643,0.387482337420806
4.37133240302034,0.275734188500792
1.48543256699088,0.0717946242075413
0.407200430519879,0.354599310783669
3.05829381348927,0.305594377219677
3.57783804817085,0.450008911080658
0.154118189856151,0.177573792403564
1.09268981777132,0.0458470303565264
0.539529774338007,0.315416365629062
0.205945092665336,0.226515927119181
1.99800667437204,0.465778071898967
5.93396420346361,0.89347721892409
0.71700376085937,0.539403397589922
0.267916408715734,0.549585279775783
6.77242357995281,0.0652776840142906
0.458091661334038,0.214059646474198
0.520653122104704,0.702252494636923
6.42841030623684,0.0356497713364661
0.818059639073908,0.384349870262668
0.793204443529248,0.669535348890349
1.25086841918528,0.283053093589842
2.47603831618073,0.594137609470636
3.52679205974575,0.215592141728848
0.7487185401842,0.880854482064024
1.64431113741341,0.557478074217215
4.93109459032245,0.580030626151711
1.15239480696619,0.974961626343429
11.9765288525059,0.828706010943279
1.48359352994675,0.41935433074832
0.176839832024652,0.519225355470553
3.91063915921335,0.597059545340016
0.845661790110171,0.436929543269798
3.14164729452508,0.497913248836994
2.49559835522416,0.330900062574074
1.89397009081187,0.135903452057391
2.58531618109884,0.802792811533436
3.27386821109452,0.197102942736819
2.71528273067417,0.77100298483856
1.70824382259491,0.306046443525702
0.794299737550318,0.794789686333388
0.129288135421461,0.896962361875921
3.4225153810341,0.254706955747679
2.93511535955553,0.374958601314574
0.541949686594307,0.946815873263404
2.25311358823421,0.883912225719541
0.557553020305932,0.341892055701464
1.05528050567955,0.698192360810935
2.72295393786373,0.267221602145582
0.56630431022495,0.809807628626004
2.92450357005872,0.138023599749431
0.26045623794198,0.779140851926059
0.836028824560344,0.87847624043934
0.873705195263028,0.324988555163145
2.95683985138448,0.207789494888857
2.60071895635667,0.23173226416111
1.89739765623797,0.868284526048228
0.146234821528196,0.846917194314301
2.62249686374309,0.786731052678078
0.190429791808128,0.609682999551296
0.210354436188936,0.597237996989861
0.00884316395968199,0.769082549726591
0.254992657341063,0.299106115242466
5.28293251593537,0.973590568173677
2.11115359134021,0.425129608716816
0.478762701560959,0.156038735760376
0.330084100748217,0.675192487426102
0.714762907421946,0.854615579824895
0.0860540849982622,0.58310943772085
0.797903848811984,0.940784566337243
4.16784687737319,0.96942690317519
0.343819748658217,0.170410502469167
0.295692511188044,0.734890743624419
1.56501475498129,0.112003904767334
6.78656704690228,0.734213112154976
0.0871804617345333,0.0736810013186187
0.425560207106173,0.967107553035021
0.324481320567429,0.699558876687661
3.15709612062189,0.650930685689673
3.99579272402411,0.918007783126086
1.73934196566748,0.125748336547986
1.35081583168358,0.817745293024927
4.63563302506633,0.244089961983263
3.16837022064214,0.185172322206199
1.30673600826412,0.360172287560999
1.28258636780083,0.527066775364801
2.31795467800441,0.907792764017358
1.24885708652437,0.209561100462452
0.572974343784153,0.762009470490739
1.77432269780877,0.129838103195652
3.50286821631675,0.941183033399284
0.445501715876162,0.146984163904563
1.5819521681852,0.601590991485864
1.02797979209572,0.272291587200016
1.88815434268656,0.223334114532918
2.4726426488811,0.666518717771396
0.627730488777161,0.339378727367148
0.905844331718981,0.702310516964644
0.765737919136882,0.948556225979701
1.32370736356825,0.880433502141386
0.620574365369976,0.208046292653307
2.52486496969106,0.480857657734305
4.47363625170518,0.984577889554203
3.2243837359225,0.817682456457987
0.481052702664375,0.17817229568027
1.67411453268471,0.0932598724029958
0.182943427555061,0.457053429447114
0.181251532618523,0.571900379611179
0.594403156978307,0.716166470898315
0.396852332167327,0.972754146903753
1.00935772365591,0.492360074771568
0.474831619164027,0.30718903336674
0.162533430382609,0.010408470639959
1.65952532256758,0.946199599653482
2.2138942721391,0.556349952239543
2.33112776084783,0.801650338806212
4.5642464419169,0.867060621269047
3.16449634341483,0.553545719012618
2.07910588191591,0.296741923782974
2.83140446228867,0.450087488163263
2.0675000321638,0.981641970807686
6.46898844804535,0.0622784283477813
2.95429407524862,0.405543588567525
4.39670157034822,0.919445752631873
3.00219978248414,0.113606086932123
0.35904535932876,0.860303684603423
2.2111365474211,0.189413806656376
5.56970033015976,0.45976824965328
2.98932993022685,0.980109625030309
3.04842582328205,0.236573141766712
2.73942574105206,0.0618122161831707
0.359154446194071,0.68793445895426
0.111165217192996,0.910921762231737
1.64938843216891,0.466691555222496
2.50883149347248,0.50070165307261
0.0346545791880747,0.650999170262367
2.41303379080238,0.427204376086593
0.663783693686128,0.0389571879059076
0.209877764806151,0.633023357018828
2.63600148438456,0.936595628969371
1.5640035419816,0.220974499825388
1.16960278432816,0.226506339153275
1.39788803817878,0.00588123011402786
1.43710613801124,0.13673739717342
0.139827595211632,0.191408111946657
3.51579034311657,0.698114788159728
3.54124281924872,0.72229110985063
0.655947846808787,0.837156943976879
1.24143129773438,0.982394160469994
0.834423919208348,0.391003288095817
1.32200376410037,0.594707803335041
0.624121967703104,0.293663771823049
0.0027242812112275,0.1846589804627
0.689038597553512,0.806081188842654
2.39273041105809,0.35680040018633
7.23568142535997,0.712297011399642
0.293675938152812,0.344418422784656
1.60964052966021,0.216921125072986
0.522640554234385,0.210864177206531
1.5958477834173,0.235774072119966
0.0281861666589975,0.806641021510586
2.87758780999069,0.598653830355033
1.54097408420386,0.149020040407777
4.87254653473325,0.762434381293133
1.91002451992574,0.612845498835668
0.45462133269757,0.160287311067805
1.92672123565319,0.291806366061792
5.84932140972386,0.211172096431255
0.0381139351058444,0.710461662150919
3.31668707339053,0.170734824147075
6.06803212586706,0.896978730568662
5.33937997718282,0.471150121185929
0.701425730669789,0.648090841947123
6.19928711619148,0.0324724121019244
2.44300386114957,0.892233924008906
0.107146006077528,0.0587855679914355
1.01388521669941,0.288853965234011
1.34147693496197,0.466559330234304
0.172966774638488,0.219401860143989
2.11029788134139,0.927375767379999
0.20232748053968,0.539023638004437
3.25830825028901,0.351367454510182
1.24982634931803,0.544419135665521
2.36842417149785,0.00426721479743719
2.453176619401,0.243626326555386
0.324695386674474,0.852323049912229
0.128173518187007,0.37599661317654
0.566684456567173,0.850753179052845
2.49467041148784,0.173326452728361
2.67644366427305,0.597976870834827
2.29004195324125,0.903665110236034
2.52725839443797,0.0606387718580663
1.91371912496823,0.720223637763411
0.798160424456,0.353450407274067
4.02503125765026,0.10040346137248
8.40080722982083,0.230317356996238
0.271497587751602,0.103332746541128
1.62858967102113,0.919298101216555
0.651533006690443,0.664777781348675
0.0391171732917428,0.0607043388299644
7.53955246093583,0.707505201688036
6.37403692271481,0.303262393921614
1.71945748656037,0.0978727741166949
0.423556686379015,0.836859994102269
0.710286088584047,0.736224342370406
2.65479511759224,0.0851102834567428
2.69829680017176,0.361342987744138
0.403362088393202,0.524117308435962
0.415390432812274,0.501088180812076
0.249398729591362,0.437096553621814
2.31106252028587,0.350776718230918
0.909879153594375,0.193397529190406
2.75277092299404,0.255501142470166
0.559308507156179,0.742615577299148
0.541970348916948,0.699551561148837
3.41273919135903,0.313396585639566
0.360637288540602,0.0295675101224333
4.83148875434823,0.262398173101246
2.75319778352025,0.58895982708782
0.177494297054223,0.422146083321422
0.936198421753943,0.755297836847603
1.99264569572153,0.799566268920898
0.00127822961858575,0.471576938172802
2.14863908096197,0.170593243325129
0.917206691578031,0.77932026842609
1.03657633904368,0.218703715363517
3.1957355288971,0.0288752345368266
0.0380394859239459,0.567061992594972
1.21610764041543,0.0951583671849221
0.210091248569669,0.231122958473861
0.633686226792634,0.814260781276971
2.55492765075507,0.595542727969587
6.54065506126652,0.0557018571998924
1.41872738393483,0.712689223699272
0.271915422958546,0.284947194159031
0.178771398030221,0.315306830918416
3.6857144346643,0.641030878759921
3.0875914364446,0.0846525167580694
0.549247225746512,0.643179658334702
14.415051422173,0.929613687796518
0.365561085753143,0.465322920354083
0.723882369759848,0.996234570629895
2.88789308054333,0.986234812065959
0.997604618780315,0.755959033500403
0.157045231200755,0.474938474595547
0.615184570662677,0.0610674694180489
1.17160195019096,0.543295670766383
0.375095410536435,0.170330418040976
1.43912880322995,0.494760822271928
2.02706296174767,0.322730699786916
0.458714394830167,0.349804992089048
0.422831326723099,0.645246997708455
0.976637084037066,0.215924135874957
2.75325746080818,0.995060702320188
2.48446830167415,0.868973780656233
3.97677643580322,0.253829304827377
3.80400189740543,0.326073608361185
4.16542411990221,0.687886035302654
0.195857040584087,0.926674524787813
2.9918264333319,0.575884145917371
2.72328544399681,0.223724081646651
0.0482493303716183,0.631715326337144
2.63895301139894,0.236520594451576
1.05561421904713,0.687244056258351
4.17356696327157,0.799064221326262
6.87856675650845,0.644272907404229
4.48434242208428,0.920678790658712
0.122260063886642,0.493893608218059
0.408383108892118,0.540573163423687
2.44853762528839,0.960531948832795
2.91246569884901,0.951790232909843
2.50976105771008,0.528182252310216
1.42626564399126,0.0745454940479249
2.47753808825257,0.62768442905508
2.14485645658317,0.776989428326488
1.79659993751886,0.756229411344975
0.187202882819576,0.206150010926649
0.148810629732907,0.0322861825115979
3.78796288722794,0.907470762729645
2.48641343778911,0.763133899308741
4.43505447705216,0.787365143885836
0.789318004990113,0.540327537339181
2.2800815640034,0.187709413003176
0.668530697003007,0.209141375962645
0.0903124595060945,0.493127633119002
0.985717002302408,0.98096168320626
1.23704946506768,0.30618344899267
1.93760401933434,0.313206584425643
7.45795411947084,0.297334820497781
1.85094915694537,0.577220357488841
7.18235332849336,0.0538944727741182
0.797844638116658,0.5044291310478
11.117971151395,0.238898551324382
0.439067190513015,0.836870057275519
0.967916605062783,0.898174537578598
0.46565307538323,0.800555689260364
2.09684113404694,0.913132223300636
0.628293480724096,0.389171863906085
0.240583322942257,0.962793041486293
3.14061775786762,0.789288710802794
0.530614466406405,0.265167930861935
0.116511802767536,0.0751423202455044
4.43070794244237,0.0532915510702878
0.110127646880292,0.509684576652944
0.497940134653753,0.450665838550776
0.285315428857066,0.3261016481556
0.073821697384119,0.980832563247532
0.0294758249074221,0.1930492145475
0.437733586877584,0.762843657983467
1.54700630894842,0.896806639852002
0.411103202961385,0.239175541559234
0.197940789495755,0.522504890104756
0.562753198668361,0.920882218983024
0.315360778011382,0.357073304243386
7.81463081720185,0.780480580637231
7.01217124928438,0.468174989102408
3.40649363754277,0.257820723578334
0.144393582828343,0.365833673160523
1.8334165569801,0.566709842765704
0.561007479205728,0.92232260433957
1.80696550185441,0.68951450730674
1.33738376013935,0.320825347909704
0.164781768640293,0.236357148736715
1.55234270720723,0.49146407097578
0.349047039635479,0.626307249767706
0.966076984070241,0.963374471990392
0.995480196550488,0.475113196996972
0.900331045500934,0.137289433041587
0.609646987169981,0.928373688366264
2.12150341822746,0.311096577206627
1.77148961366129,0.070355050265789
2.49665213159535,0.899114152882248
0.276942644872217,0.288994773756713
2.20548342346194,0.750529506942257
0.321089162160134,0.750624668085948
3.85996611027007,0.411983613623306
0.863754613325,0.322957881493494
1.60224799989703,0.601605339208618
0.299876825883985,0.536785224219784
1.38618551474065,0.452568437904119
0.218505241908133,0.908925936790183
0.232724925503135,0.21331286826171
2.62932245611193,0.448316709371284
0.152086778355344,0.60571905807592
0.93167013861239,0.871299910359085
1.69226235887947,0.0265716875437647
2.86179057119374,0.492243571905419
3.84093102795963,0.289132576435804
0.343018941795667,0.929142975946888
0.18065108731389,0.44283121265471
0.398461607348902,0.445055673131719
6.86495366658936,0.381823984906077
1.81026005177739,0.882500387728214
0.283565716452034,0.874860535142943
0.22400117944926,0.64010685053654
3.92833188904409,0.593301622662693
0.437764764763415,0.304012337466702
4.93496699978538,0.5520149320364
3.81257660297637,0.470445435727015
4.1002221701849,0.801743882708251
1.71978352210465,0.427119948668405
1.79818179077449,0.974483555415645
7.94487611534906,0.0668089687824249
7.41267685177636,0.77227019960992
1.50798138036373,0.418929701438174
2.10794730848613,0.260574697284028
1.62734902455452,0.455890819430351
0.518250095658004,0.0388843256514519
3.66316795454137,0.258713229326531
2.92050240917091,0.457384087145329
0.170322653483103,0.980751909082755
0.674337175078007,0.889679299201816
4.22604886789746,0.351565265096724
1.23674516566098,0.810866254149005
2.32430571495535,0.189902622252703
1.73581877342405,0.398130740737543
2.00076385020258,0.181575985625386
1.9243947918618,0.462319744285196
1.50173409088226,0.239118199096993
3.7770372366715,0.651138916611671
0.621749510090681,0.548331151716411
3.56965574232822,0.197265428025275
1.52244793801549,0.04841906321235
0.775010764598846,0.242615864379331
1.10768339876086,0.537714385893196
2.42396691619399,0.702540994388983
2.38152641235831,0.436186090111732
0.654902482847997,0.634136824635789
1.52074691831114,0.0101376282982528
0.567690119918303,0.950554879149422
0.663726564496756,0.814829034963623
0.778494706377387,0.980495659634471
2.40451255695127,0.723439726280048
1.07308248244226,0.886328124208376
0.856053417548537,0.403669875813648
5.55215905573139,0.290956542128697
1.73962283312323,0.759328675922006
5.2316286077065,0.216076170327142
0.0173731874674559,0.559318359475583
1.09397959895432,0.276332988869399
1.02456033136696,0.351935100508854
0.688438145443797,0.199901980813593
0.279798211529851,0.428127515129745
0.527460310608149,0.27927883551456
2.65263794726672,0.46509570768103
7.015336703089,0.897492170101032
0.547463424426817,0.803369529312477
0.00393224693834782,0.383743098238483
0.868700685912427,0.835102616343647
0.0757946819067001,0.164775361074135
1.24500288255513,0.520878226961941
0.0966051872819662,0.75672486028634
0.577514354139566,0.746839491650462
1.64508167405033,0.266838370123878
0.607728738337755,0.642078583827242
1.2481626784429,0.248655248666182
2.39577371246162,0.187887439969927
1.72101237430217,0.781823587138206
0.106001444160938,0.651351490756497
1.49007636486533,0.307319017592818
1.22124089952558,0.1621963174548
0.100365522309537,0.0203190692700446
Rho_s: 0.0068778872194718
Rho_p: -0.00159354751273783
IC Time: 0
