Rho:-0.5
N:1000
0.0193397346884012,0.300258114002645
7.68428341629815,0.575390827143565
0.788535540923476,0.741893580649048
0.197450805455446,0.963749094400555
0.773409973829985,0.748693506233394
0.0481736481829584,0.50037838681601
0.548265435228212,0.214454723754898
1.74554232872071,0.650289905257523
1.90027857004645,0.406437211902812
0.0458559934049845,0.993404902052134
3.07718402875547,0.719020825345069
1.67522753873594,0.153230592142791
1.26872617658228,0.582553317770362
0.988882540725172,0.26508934632875
3.57883203385358,0.339434992522001
1.00699644722044,0.431696573738009
0.000965405960098965,0.803359432378784
3.23579864187126,0.617255322402343
0.673595295373429,0.555058604804799
0.62512859608978,0.912685002898797
1.40512419673342,0.912417016457766
0.530238966457546,0.37033660733141
7.6504769212971,0.57654747995548
0.477375974135612,0.908864054828882
3.50531447566726,0.308729443466291
1.97447756110671,0.5116597476881
1.72614436641951,0.907664108322933
0.0584251477498143,0.997508955653757
6.64831562306652,0.673400651430711
0.876287896186113,0.782006255816668
0.371520167216659,0.884708142606542
0.184191663749516,0.56096343533136
2.43617546363714,0.605325998738408
0.336939197964966,0.266802759142593
1.93768483019414,0.256089284317568
3.45866820571904,0.495522746583447
0.759655524045229,0.740446304203942
5.98200796510945,0.529990358743817
3.40338028950577,0.108572327299044
0.300182787996493,0.514482568250969
4.03119948489552,0.681387510150671
1.23492719978094,0.163484460441396
1.21003972180188,0.860394056886435
0.288381558842957,0.423134946264327
0.878336984664202,0.893955590669066
3.7921567520309,0.252715174807236
3.83163209311609,0.405478891683742
4.367159563796,0.591203182702884
1.01034250818984,0.82488554273732
1.34975004289299,0.592353600775823
0.837971141561866,0.316436219029129
0.0154151968248672,0.998753616120666
1.96754439539256,0.340086135314777
1.42839502319135,0.813307008938864
1.13833062909544,0.738737700041384
0.219835297204554,0.316164661664516
1.52594357348027,0.282846616813913
1.76894705361667,0.851927459705621
0.134178851731122,0.869182058144361
0.121104913705824,0.280006286455318
1.2184231877327,0.924310941016302
0.0973281282931566,0.814202643698081
3.75557672588115,0.127259753178805
2.32702873825076,0.300087047973648
1.45083294055405,0.0917291918303818
2.20924106674859,0.0600960559677333
3.50670084352481,0.795689703663811
3.13697401789908,0.408449651207775
0.0327197257429361,0.875122805591673
4.63142404307551,0.0138549949042499
6.85562814738522,0.655408252729103
0.014963762040984,0.386088959174231
2.3163493970363,0.855531826149672
0.0343629939145801,0.470912259304896
0.983377645210467,0.770563509548083
1.22406755276449,0.403395808767527
0.0658661234148709,0.871958672069013
1.5085217447755,0.277909203898162
2.40131951115074,0.237146697938442
2.6279843597764,0.773423444945365
2.82808113241581,0.147691409336403
2.21718962295892,0.849327572155744
1.13228953722864,0.121485006995499
5.67322720553646,0.697493591113016
4.27528123904891,0.661031991709024
0.9483741549775,0.916145279537886
4.08257959766274,0.058940831804648
0.412408255971968,0.916832970222458
5.9146695580698,0.65782858687453
5.31068761249013,0.273692254442722
4.05073677731638,0.0468503863085061
4.75692969907947,0.48184759169817
0.775349310599267,0.808424510993063
1.80119879584852,0.0834448549430817
0.986879758536816,0.799507048679516
2.62918953589144,0.760092111071572
1.70458931281211,0.280179026303813
1.34908090438694,0.480060354573652
3.27690383153669,0.592002460965887
1.15914627816528,0.899119308916852
2.97457810534198,0.170846170978621
1.18862135056406,0.249166157329455
1.68710102505031,0.138678857823834
1.22295823227614,0.434598638908938
4.37362133313842,0.618628401774913
1.57660715273562,0.541984256589785
0.254566776566207,0.66116682998836
8.36000479534089,0.534675718052313
0.372816777788103,0.574442808981985
0.0308800563216209,0.947693836642429
3.94398715702777,0.0865015850868076
2.52507525487783,0.123396445997059
0.604345316067338,0.427075697341934
4.8689269532723,0.366795645328239
2.77860086683372,0.0953030351083726
0.549083243450225,0.930825785500929
0.115146750584245,0.858908328926191
5.37117975540583,0.0205486353952438
2.50376381530407,0.274193978402764
1.04392260843169,0.801662790589035
5.43960309375949,0.0877226677257568
0.354610630311072,0.28446401678957
5.16248873968549,0.18492958531715
0.257604683749378,0.622067562770098
3.84483011795168,0.696498095523566
0.779948517680168,0.962994707049802
4.26500929714522,0.48989331535995
0.635206530801952,0.197410492459312
3.26044482348447,0.0567786362953484
0.515107828436043,0.717741940403357
4.29482929755874,0.746742998249829
3.14265201990133,0.0227400420699269
6.44424839284191,0.270896617788821
1.30928405746818,0.271546449977905
0.0110078052346389,0.855849131941795
3.19391896558886,0.288727219682187
4.44516921390719,0.0285192551091313
2.209669791078,0.0514917930122465
3.9988903699625,0.135693877469748
3.80818423239474,0.345734949689358
3.53534187438435,0.235959609039128
4.30030523166309,0.50449029286392
1.44525410040262,0.220497381640598
3.36089474318509,0.719503763131797
0.16767402458936,0.716222518589348
1.50662711428393,0.850328217726201
4.57584453830439,0.226879567606375
0.276918969117105,0.872287342790514
1.6865042875612,0.420981457224116
1.45860949336531,0.930499288020656
0.303608249969435,0.237060464685783
0.442681417076894,0.875754735432565
0.877725073136389,0.846089293016121
2.47733059517088,0.429780978476629
2.23047295204344,0.427605693927035
0.402803001787468,0.679738681996241
0.8783512795344,0.935941812582314
0.306738962859617,0.951027639443055
2.45302326037529,0.632643651682884
0.0758434405958255,0.706710513448343
0.702563517726958,0.815079019870609
1.87376910067143,0.77057370217517
1.92917085058036,0.427551851607859
1.68275939564523,0.881271511781961
1.16479791887105,0.449019404593855
0.260514002293348,0.37966781319119
3.95743543265348,0.381461461773142
0.721311952918768,0.590473650023341
1.09929735772312,0.469904608093202
1.64940413243521,0.191409400897101
1.95015105389743,0.475217529339716
3.34428376687651,0.620547522557899
0.297729248746461,0.928998846095055
2.02841702095213,0.776617174502462
3.99615618197208,0.285064204595983
0.597212892957032,0.782623235601932
0.451552872546017,0.465690771350637
0.769001100212336,0.699478688184172
0.0302563297865473,0.568271349184215
1.42614041446688,0.285083763767034
4.50065844108291,0.610750053077936
1.50315117268803,0.255206598667428
0.562711018137634,0.19411944039166
0.881860099318828,0.132713984930888
0.230631522834301,0.345966673921794
0.0345471948385239,0.912687243660912
1.03721883986145,0.73461063276045
0.468862865120173,0.313823871780187
7.47390649798227,0.19613076467067
1.64748371570351,0.632432465907186
0.0582162421196699,0.876210528891534
1.92310580975356,0.272338325390592
0.810840233229101,0.424652971560135
3.57093330455904,0.726864228257909
0.830018604174256,0.958675489993766
4.53479506422706,0.320076850242913
0.994126833043993,0.432376610580832
4.59192959566541,0.713820310309529
3.45301744635876,0.042780723888427
3.511015035044,0.702218392165378
0.39869553718535,0.883938345359638
2.22783840998056,0.222875328967348
10.5305433006664,0.663995779817924
0.175232904184499,0.908514225156978
6.73394180800686,0.250296020647511
3.17296576110944,0.204875156981871
1.72080233870986,0.736869230866432
1.29584277607501,0.858630940318108
0.70729114394635,0.669228091603145
2.86206488667016,0.610124938888475
1.61031031227651,0.900400016224012
1.065739126876,0.180490373633802
0.993767724372447,0.423934892751276
5.16296912332006,0.0956983605865389
0.483425907790661,0.93467304809019
2.36753189927878,0.743339512497187
0.178311436170277,0.648632750380784
2.50192907257917,0.131395728792995
1.92356641954722,0.304831510642543
0.959912242367864,0.806534006260335
1.55014937921407,0.222933974117041
0.342512641102076,0.523355558514595
0.383084261974005,0.969151668949053
7.02232169642178,0.00896342564374208
0.697200999595225,0.787873904453591
9.29557792046919,0.150637966347858
0.280937512405217,0.276046076323837
2.25105253302625,0.659076374955475
3.60170036910062,0.677203060127795
0.961399278089072,0.647412610938773
3.12787917239552,0.0734937400557101
0.728563884668736,0.548308282857761
3.19772628565502,0.580967523157597
0.302342738851188,0.715477169724181
1.75563553898575,0.612002757843584
0.983252920210361,0.869106788188219
2.03400028951414,0.0966642887797207
1.82200361407342,0.682226875098422
1.86384693081285,0.386510263662785
0.426751805910118,0.383259858004749
4.82860953708119,0.396624459885061
1.63816793516004,0.639779712073505
2.25993534355404,0.49900293443352
0.64984588288987,0.755549307679757
0.668946694582701,0.228858168469742
2.96807243393817,0.584549881052226
0.164031079038978,0.985064144944772
1.06617419607937,0.178207756020129
4.90126754623881,0.0120647598523647
0.751766093390687,0.553973119007424
1.78043341441991,0.575497761601582
0.0249519664794207,0.750437073642388
2.43591510309818,0.188486361643299
2.94948556629901,0.0620108267758042
1.30858793947846,0.647164481226355
0.718977988341015,0.213543732650578
1.27004993800074,0.615377562353387
0.39904991351068,0.940999827114865
1.94549706011059,0.751432925695553
2.45017008475008,0.0956016217824072
1.1508662449196,0.137062783585861
1.53428315339004,0.808530653826892
0.042111836373806,0.992398606846109
0.186693912024216,0.509956046240404
1.02790014291662,0.901606639148667
2.46265241309049,0.0278626724611968
3.50802607775631,0.1304345454555
6.46698760952721,0.129637473262846
3.68660919515374,0.630182512337342
0.472332930192351,0.671493056230247
0.412279164418578,0.96349393716082
1.92866585209014,0.687572790309787
5.32497136642165,0.291624461533502
0.515940109267831,0.374349897028878
1.90515132798793,0.75292468466796
0.311733211390674,0.983259923523292
4.38725671298757,0.01844154112041
0.318663005717099,0.319054280174896
6.44804906507465,0.378773380303755
0.936943280510604,0.111922660609707
0.0527846347540617,0.301590457325801
0.79797563329339,0.736918544862419
1.3857315229252,0.260534648085013
1.25697772204876,0.130977040389553
3.97352954728489,0.148047675844282
2.58619358195903,0.559344908455387
1.77866866258601,0.466688117478043
5.94334401156674,0.359520254656672
1.63351652204039,0.776584245730191
0.331083876080811,0.266037822933868
0.693367417901754,0.345421801088378
2.83560111487304,0.328282283619046
1.46979720137062,0.896098048891872
0.356557968072593,0.82939464179799
2.84235929308419,0.146441435441375
1.15153772290796,0.526665585115552
0.360844470345208,0.932618107181042
2.21656252621653,0.216720171039924
0.0697650432149548,0.679402191890404
1.65015086336973,0.0981020622421056
1.02084108069539,0.118083585519344
4.14030184207444,0.718573116930202
2.51788430466297,0.171560913324356
2.4714846330786,0.0780897417571396
2.72629911257865,0.631431662943214
1.33805960603058,0.935393784660846
2.18439952615633,0.0568212433718145
0.392104745842516,0.964836061466485
0.572151985019445,0.841688073473051
0.297304957173765,0.562641854397953
1.14379560742891,0.756087177433074
0.221174392849207,0.251499225385487
0.504854079335928,0.363557280739769
1.14952042572336,0.190535136731341
1.24454979319125,0.760141704464331
0.253498580652063,0.988929514074698
2.73431693567874,0.726760155288503
3.6201704701591,0.627605735324323
0.651928789082216,0.35279728891328
1.08186687808484,0.450360445538536
1.80587238810005,0.70702456869185
1.49972573659363,0.323382290778682
2.69748171969297,0.661255609011278
0.0357699191086085,0.735577021026984
0.881026278249919,0.189714260865003
0.794836831279099,0.493102898122743
1.68696055925431,0.237938182195649
0.567673423255426,0.979230081662536
1.02446301095188,0.249842787161469
2.81497835029151,0.284653888083994
0.342191172763705,0.927635248051956
1.93627463067706,0.430453187320381
0.431409633718431,0.768256622832268
0.651987893506885,0.836092658573762
2.81569479761605,0.0848864603321999
7.68749315622163,0.147502668900415
0.743857477537563,0.343473447486758
0.744495652596736,0.916718720691279
0.669451839778044,0.628610271029174
0.792165353894234,0.133469134801999
0.121156191817479,0.816215860424563
4.50214413155742,0.342308463994414
0.368505706079304,0.321088981581852
2.63008769593182,0.440009919693694
0.710955302231014,0.627219952642918
0.0763805508613586,0.488223497290164
1.66809886900339,0.640094550559297
2.51820177964442,0.145707446150482
3.01546109450941,0.729513402795419
6.28195103969345,0.0486424376722425
0.56608370270315,0.832925074268132
4.3355495740933,0.74627932254225
0.589387617144698,0.268547225277871
1.98623785584279,0.0864959217142314
1.07305492740124,0.179813059512526
11.5803298161786,0.31231543677859
1.63369165018671,0.241787187522277
2.26065600468757,0.0455801670905203
1.50371729946675,0.735160483745858
1.72040288761262,0.834487832849845
0.150141010480633,0.533462734194472
0.475088430616744,0.198032470420003
1.4295908920959,0.258766187587753
1.75978526073147,0.359203282743692
0.95406991802156,0.717688881326467
5.43996562411018,0.177149042719975
1.38880499630215,0.505781862651929
0.970104655250907,0.730567303020507
0.697383232931721,0.266341318842024
1.49042534289663,0.775135050760582
0.644233487546444,0.598256301367655
2.16873204885962,0.237429378321394
1.5455735411469,0.904677384300157
1.36245674733073,0.209290211554617
1.65213315925541,0.814622237347066
2.50897097579184,0.0504142676945776
0.506196659460936,0.245135595789179
4.22593386073537,0.0582938068546355
4.44360142548509,0.611477757804096
1.18590977694839,0.204323770012707
3.34470599127894,0.693622225662693
2.78008956303768,0.652124258456752
0.579666403255113,0.240158343221992
1.48515685970766,0.490371634019539
2.40598360626938,0.430953527102247
0.0842474169254649,0.804652952821925
3.1491066923911,0.537378538632765
0.696671287730197,0.291761334054172
1.4024294502193,0.299074570415542
0.0299048909999916,0.876002214616165
3.94339226542001,0.374526004539803
5.02916732032724,0.723412849241868
3.19118265418296,0.0156748399604112
1.14375020699188,0.761366608785465
0.211650500074029,0.640462649986148
0.116016613037307,0.520260669989511
3.85497978312855,0.372462876141071
4.68346713085599,0.501610569888726
0.174407161772251,0.616036613471806
3.19905459461077,0.673138580983505
4.68222604845179,0.44091468071565
0.756993062794209,0.845106563065201
1.58071746482494,0.511869502952322
2.77320114506369,0.252745758742094
1.65746031439478,0.213938973844051
6.77194063331852,0.00841455929912627
7.36911533358407,0.0754546953830868
1.37346704956144,0.272039455361664
0.398083333636968,0.596460153814405
0.822229485958815,0.718650879571214
7.66868446352792,0.645495944423601
2.14943207605722,0.138666416052729
4.15437142161613,0.400072326418012
0.910769062116742,0.931499162456021
5.09214036513991,0.00656905863434076
1.87731240681353,0.790668081026524
3.94758865592961,0.0135655486956239
1.45433515830272,0.544635277241468
0.213237837959562,0.573325408156961
1.38835118888857,0.333104166435078
0.245491566136479,0.758638055529445
1.31637800391763,0.263730636565015
0.315121999010444,0.925915393047035
0.0759088109246358,0.348105466924608
0.596396638080478,0.772984545212239
3.07816147795572,0.377977497177199
0.966133270852429,0.799078068695962
7.56865064385247,0.0201423233374953
0.692556442627908,0.970037871506065
2.21071121647003,0.716669104527682
2.2372082210237,0.0670716464519501
2.74090150735321,0.805339328711852
0.478020900860429,0.920112043619156
0.76778083271698,0.890390974236652
3.81804248301272,0.225340914679691
0.464828387925664,0.580522045958787
0.44723843438048,0.79937638528645
0.518744640983641,0.961991822114214
1.98926617744606,0.427827935665846
0.790454388596117,0.14962954679504
0.855311521328986,0.841809707693756
0.726042956797777,0.960200492059812
2.49868414728882,0.0911788605153561
2.93414249230744,0.098332735709846
1.35040317196399,0.199566766386852
1.85353600784185,0.834823257056996
1.80899807988646,0.865258860867471
2.18783747210147,0.308431014418602
1.67819562359693,0.712416906608269
2.16378988612207,0.337521120440215
8.1364908921988,0.0055383718572557
5.40893067021794,0.106400670250878
0.348337722010911,0.981049299240112
2.54209505758228,0.246106598991901
2.69645419335904,0.380880703451112
6.13712386450753,0.149266816442832
1.67325658949583,0.555954112904146
0.257249653534225,0.351008740952238
0.111331891268492,0.385026264470071
0.250338508747518,0.986593367066234
0.603536430746317,0.773634298937395
3.36211061833386,0.274097977206111
0.837374866008759,0.884446016512811
3.03375449759846,0.289366338402033
2.24729216835442,0.830611862940714
0.795061729320471,0.749753409763798
0.509217412065293,0.943316213786602
1.83156184471192,0.165840822970495
1.82685717925232,0.213195863878354
3.37471279112582,0.765281629981473
0.486591406860848,0.646561531117186
9.18210516074553,0.323557567549869
0.45428867766457,0.47208543960005
0.853235838003457,0.758349300129339
0.301387900486588,0.969638421200216
3.20744345320349,0.385671154595912
2.22565496704521,0.344774499069899
3.149450073825,0.812951536150649
0.525489181280136,0.954231767915189
1.98744142792168,0.444503302918747
0.664489644579589,0.157895576907322
0.830976432189345,0.177206490188837
3.19581414156514,0.575940004782751
0.308632626326844,0.842228789348155
2.5181809811944,0.0379344113171101
0.499246114864945,0.931171059608459
1.65566066628605,0.32032556575723
2.56104881866815,0.127365936059505
0.173063966717116,0.700900302967057
0.388230270045829,0.779369203140959
2.48860787591877,0.605565011501312
0.977366223302609,0.18541576876305
3.61769230274444,0.587558507919312
0.518925228156149,0.269806077238172
0.169452339325475,0.990096888272092
1.07426316552164,0.942541961325333
2.11215086426374,0.169387075817212
1.05002603307366,0.407227605348453
0.215094914273992,0.643036667024717
1.66234172672619,0.749475800665095
0.0563041819196813,0.973277582786977
7.12839884641481,0.254279459593818
2.8122987372983,0.392077039461583
5.97882266309033,0.729408172192052
0.374950428493321,0.977642279583961
3.25676516426687,0.110878906445578
0.926415318623185,0.143939337693155
0.69349364656955,0.491413727169856
0.0207088394090533,0.930240731453523
0.72537745490899,0.483954748837277
0.108004037226277,0.722487538820133
1.81999145654179,0.323372157523409
0.294170780903347,0.420492048608139
1.06458951160312,0.138078577583656
0.309476585198001,0.909088776446879
2.00172205447199,0.62592212157324
1.31347670871764,0.859694497426972
2.76500467947664,0.679398144595325
1.17036997247487,0.399840020341799
0.765898833982646,0.719892705790699
0.277360354198157,0.739695369498804
3.98732010630851,0.209122085012496
3.53439232317691,0.712322046514601
1.20002318080515,0.178109438857064
0.62919094118676,0.852742292685434
3.30848822353368,0.413070656824857
0.556123265996575,0.940913178725168
0.274069911800325,0.694105771137401
3.14688794445547,0.744280322920531
0.00360643304884434,0.983945343410596
0.324210609240012,0.988725836621597
3.05879141367936,0.484267933061346
1.41864853271867,0.783191413385794
0.535823912157274,0.743737927405164
3.22563843784814,0.502783482661471
0.601673668250442,0.697041211882606
2.25105091734769,0.445559828542173
1.41558070099893,0.188209928572178
2.03860286638125,0.887998679187149
8.71165832617677,0.490514947101474
1.96127280211988,0.284312022849917
0.681754948571324,0.286392241716385
0.397480678744614,0.969063837546855
1.51968626863398,0.664895585505292
7.21879602554155,0.0925070503726602
0.591879482319258,0.312948371749371
3.81636554358487,0.78764811437577
0.0214626006782055,0.778567637549713
0.652258277870715,0.301460691262037
4.23182883133081,0.379933197516948
2.25209540120306,0.61745297932066
4.66906500955052,0.456986361648887
0.584545214660466,0.344832045957446
1.98626153721454,0.0566680273041129
0.844068685546517,0.771761293057352
1.72283047762312,0.0925565301440656
1.24846460856497,0.0931155160069466
1.87220927119307,0.848061589058489
0.631808613426983,0.862268889322877
1.51576634413569,0.484636859036982
3.13103731704836,0.121357290772721
1.55872549852452,0.503723065601662
0.347042137779593,0.799024088541046
0.209598574522915,0.360357061028481
1.54517419255319,0.695461564464495
1.92234417415204,0.119231504853815
0.0527866660725289,0.47997872158885
4.27980343517714,0.0937814356293529
1.23058103304356,0.689102857140824
2.2819623313004,0.290884533897042
0.628307537175715,0.668423640541732
1.54873508681408,0.705622329609469
1.37827012408525,0.321415939135477
0.0277169123291969,0.863285757601261
0.0794202489778399,0.408714040881023
3.43241377903109,0.0385870800819248
0.408099949899453,0.336831425782293
0.296895377337933,0.691834375960752
0.328927162319789,0.586884489981458
2.51764503858032,0.684043038403615
1.80309689839643,0.087666162988171
2.31224157652798,0.490594204515219
4.78688769389815,0.296102537075058
2.75164064942839,0.527772903908044
0.405629756860435,0.220833881990984
10.4258298629178,0.000519446330145001
10.5043884249111,0.171761762583628
0.365474238991737,0.536489410093054
0.124276603768168,0.345563631504774
1.87924669674578,0.718037116341293
0.359342567622662,0.249371122801676
0.100931364111602,0.747341611189768
2.25731959930601,0.384059516713023
2.17180646947565,0.15785174514167
0.0554088493809104,0.550929803634062
0.771685075946152,0.485227577388287
2.35238360073331,0.599138663848862
0.27380361687392,0.417037995532155
2.70609626724365,0.27661694958806
1.2549340473488,0.656884413678199
1.52598633923742,0.876643759896979
0.143455452538114,0.832990321097896
0.152644345028633,0.366156067699194
0.648758442141116,0.714454705594108
1.34889158234,0.380460557760671
3.51352360455279,0.487123559461907
4.05554775876885,0.724015315063298
0.693629487417638,0.716954912990332
3.38554711962057,0.370913408696651
3.76195191202645,0.21757464716211
1.31239126680071,0.399584253085777
0.773435175723702,0.945658236509189
0.456557008837087,0.238552075345069
2.03436101509117,0.760047679534182
0.253374708255754,0.920468499418348
5.2052091990871,0.116591199068353
0.767074775882065,0.723697858629748
3.4873297101069,0.232647994998842
1.08078796882182,0.940828456310555
2.59759589462521,0.133360040839761
0.688294400347349,0.807172573637217
0.472995375283062,0.307507663266733
1.56372266521848,0.638417863287032
1.47517844094875,0.922983071766794
0.441403701311027,0.960259021027014
1.13021799083799,0.622545707505196
2.97459376558458,0.691920669749379
1.01830651052296,0.944950254401192
0.893995687365532,0.228160984581336
3.81890534220223,0.399044587276876
0.386863590218127,0.602300843689591
0.36246139742434,0.944395417813212
8.47085498402118,0.337693201377988
4.08843482268934,0.410905980970711
1.92105699472959,0.650341551750898
2.05186231645423,0.619161163456738
0.314814355874453,0.933620886644349
1.84124464905801,0.0594553635455668
1.55304217157772,0.411323335953057
0.993562534359225,0.537303599761799
0.111051734536886,0.998117451788858
1.73865367834842,0.143102688714862
2.05868972356893,0.0510878323111683
0.482407009229064,0.552013201639056
1.9353039189333,0.322156136389822
0.402404052927347,0.817988841095939
1.09110024850816,0.222158530959859
2.47375189318302,0.0489408494904637
1.45715393303874,0.337819318985566
6.51063840747685,0.0119061290752143
4.07881319133525,0.0532954658847302
0.497652603394172,0.341042609186843
10.2236948938747,0.38950643944554
2.93066355931118,0.175901743583381
0.181655400432646,0.363494983874261
1.88316692403498,0.0940174697898328
0.00590174630676788,0.815763316815719
2.6806634030396,0.391841296339408
0.134997832502235,0.793871216941625
1.16922862897391,0.87711597327143
0.893987846554445,0.802186779212207
6.18170681834171,0.0198397063650191
4.93615735377432,0.0572981294244528
0.547532347030938,0.736429555807263
0.466883677057922,0.662471790798008
0.112018648125643,0.89886312186718
3.96272155253177,0.702255771495402
1.49990566997769,0.683212368283421
0.331023552949975,0.853166277520359
5.71353064443836,0.0632880060002208
0.021641275845468,0.432103985222057
2.99220633833255,0.422174419043586
0.288556236951688,0.449732485227287
3.29439535347705,0.373642849270254
0.755301205441356,0.762493371963501
0.40097756776173,0.827197204809636
0.104463136884378,0.605044539319351
0.697992790490389,0.907945048762485
1.84730778067353,0.267570979194716
1.32495203707367,0.768104837741703
1.68261397249045,0.437598617048934
0.514197187498212,0.379918545018882
1.04119900334626,0.646482211304829
3.77805371565704,0.669110034359619
6.08250769939194,0.156684513669461
1.26134376786649,0.207026252057403
0.0660082036629319,0.799807127797976
4.37885069093021,0.287292598979548
3.53469958884602,0.393372983671725
0.00887799635529518,0.509598578093573
3.14728480560665,0.573490952141583
0.265886457636952,0.546164221828803
2.46602455331924,0.153348512249067
0.367402653209865,0.971863278653473
0.253312082029879,0.890206846874207
6.95918579773822,0.0487342607229948
1.29511351138353,0.924635000759736
1.02268934622407,0.29292328376323
2.76143977782669,0.289911265252158
0.139775849878788,0.811454320326447
0.238294877111912,0.951105965999886
2.12497139341178,0.106713480316103
0.712191375903785,0.189944207668304
1.64606490909102,0.905689307488501
0.56552760116756,0.717232591938227
1.86409805405799,0.619464787654579
1.48022975160302,0.702025918988511
0.129423047415912,0.444997449405491
3.79797867668753,0.0862249808851629
0.593767763889351,0.871696040965617
4.98507067163415,0.19635279965587
1.34369812346995,0.525294191902503
1.79140019222143,0.113295453367755
3.9157419426549,0.113464994356036
0.043992718135076,0.315505574224517
2.81545569358354,0.576161690987647
1.17802259139717,0.918166660238057
1.37849599774927,0.409107932820916
0.43020159002991,0.32670506159775
0.234423680230975,0.281477760523558
4.33954007676257,0.118971084710211
1.45886296584251,0.48767191846855
1.50833861857614,0.221664265729487
0.812594574526825,0.283978028222919
1.51369539639893,0.730271400883794
7.20839581969094,0.57234631315805
0.802777200005949,0.652886404423043
7.99444515588594,0.583846673136577
1.84062503642383,0.372333840699866
7.66663722279382,0.0747995502315462
5.0503958572907,0.00922685419209301
1.5097380041435,0.909384808735922
3.73359180970078,0.298659430583939
1.11973109189421,0.919584356481209
0.866665995679796,0.802411010721698
0.146742225624621,0.406787597341463
6.95919166090799,0.186611444689333
0.759497871622443,0.266289172926918
2.83917798830156,0.645920289447531
3.15621271871298,0.27968399040401
0.0455139942798383,0.985958357341588
0.436142299324274,0.782264177221805
0.581278248690069,0.429532035952434
7.41669351938081,0.365166720934212
1.26287253107876,0.442768402863294
1.34538997430354,0.347657170146704
0.0898092109260223,0.969488433096558
0.380616058595479,0.257143205963075
3.34608688188677,0.0145471463911235
0.50034252088517,0.771117298630998
0.483687746338546,0.917784448713064
0.103248954750597,0.9549841939006
3.66998213885312,0.0972877668682486
0.425105760708962,0.933107315562665
3.71473706124311,0.0400994424708188
1.50491440846565,0.140825462527573
0.489233845844865,0.730978197883815
0.89281743299216,0.938719535712153
2.25858773096445,0.780196666251868
1.20602660346776,0.189526450121775
6.17316786911259,0.0354761357884854
3.14381219429855,0.358136853436008
4.75393201764155,0.263319219928235
1.63546301416101,0.883457164047286
3.22955191118603,0.35007060947828
9.14000371793165,0.524369029561058
6.62057359424264,0.32041897252202
4.38521521140761,0.255257470300421
6.71215398576031,0.723167835734785
2.67509012474659,0.21790017047897
1.48123607776108,0.929550571134314
0.00861640988642068,0.999517918331549
5.69446280464859,0.063219326082617
0.535194587893784,0.452255980344489
0.872524986043572,0.154385709902272
2.13582692100647,0.210315051721409
0.614196172915399,0.550646494375542
0.741373299621046,0.197655448922887
2.67624009392204,0.49292159662582
0.204974265769124,0.951782043790445
0.344732357189059,0.98857340705581
7.10848752502011,0.0471302848309278
2.93603256327992,0.0649345419369638
0.525547130033374,0.4516791109927
1.80549893147292,0.0577378771267831
8.42102919735087,0.0491400421597064
0.577350871637464,0.538954323390499
0.500603413209319,0.89302059286274
2.06807200229707,0.12415725318715
6.3361244347311,0.073625590885058
2.89758755622392,0.0280893936287612
0.837925856932998,0.378335404908285
2.28335417512707,0.237154014175758
1.11346258968115,0.153777150670066
1.95896706554739,0.807636554352939
1.53648994854631,0.3845505642239
2.15588730565252,0.840012315660715
0.511100104195981,0.966269642813131
0.331449365139392,0.765015625394881
1.33379611093551,0.51463362108916
1.13002154882997,0.417722266400233
4.17742476476403,0.0145818353630602
1.17348960228264,0.464474643347785
2.80340294150596,0.469441673019901
0.507239877311971,0.967497328063473
4.72237883855529,0.219000608660281
0.778943365439773,0.787148697767407
0.717116768471897,0.161821854766458
0.491395720280707,0.977585764368996
8.86990252831831,0.0645223089959472
0.397734179161489,0.284378765150905
0.211411899887025,0.838911830913275
1.59114524831716,0.610008154064417
0.476065301108706,0.385294515872374
1.72542483930821,0.815130095696077
1.24954417813569,0.640458055073395
1.36483088135719,0.880312469322234
1.63939355119112,0.89613572251983
0.984068725258112,0.0977688720449805
1.21769828535616,0.582335125887766
5.0275519049164,0.543015048606321
0.207129315473139,0.802965050796047
0.0733364196494222,0.976574999513105
1.44122928144232,0.742165956413373
1.83587305239382,0.401778337778524
0.0497721216611341,0.96148972841911
1.36737305764109,0.843175560701638
0.241334592923522,0.490707161836326
0.526137500169613,0.675429997267202
2.21999892956557,0.176950509892777
2.86419408006554,0.105214410694316
3.27287744713907,0.664680385030806
0.716907352641737,0.573573898524046
0.317242559151385,0.519721126882359
0.618393875925223,0.684182637836784
1.81677480630317,0.306689427932724
1.03474607132375,0.527912908000872
2.6937389987612,0.0550963520072401
3.55266576616054,0.326121346093714
0.809178077540861,0.353198004653677
4.79054344965656,0.732554422225803
0.529177607037127,0.589184327516705
1.07448770385236,0.400075153447688
6.86299148168335,0.00752333388663828
2.42598966203641,0.611553468042985
0.218037982482277,0.849300012225285
0.793376616202295,0.957631453406066
1.49959877784525,0.628590293461457
2.9387615841169,0.413312755059451
2.10102912030163,0.695771550061181
0.295088900253177,0.586441477760673
4.32470291615354,0.776067298604175
1.77525189324262,0.0629957253113389
0.236658679321408,0.914434233447537
2.18786167531254,0.080857704160735
0.311551700346172,0.568046185653657
4.4273048226995,0.225277366349474
1.26848340313882,0.479879291029647
1.46065686262193,0.180678454460576
0.972451329231262,0.610251446953043
3.27928689477925,0.133376485668123
0.104179528541863,0.372477415483445
0.556231623515487,0.312885059975088
0.843479702249169,0.734680890571326
0.656069326214492,0.634433816187084
1.45660504876616,0.164340875810012
1.50539157962907,0.917099052341655
1.23027701970745,0.895581860328093
4.71978099991508,0.467330885585397
1.85786796231924,0.525182723067701
6.6246766891695,0.55678543029353
0.499950775465918,0.242364767938852
0.857034639455378,0.344150947406888
3.95471802709584,0.106763902120292
0.745083147659898,0.702282283222303
5.39978424061961,0.189858160912991
0.995892522856593,0.858085297280923
4.60086097170539,0.113735562888905
1.35415762849152,0.29151695407927
2.32794527142289,0.259522395674139
4.63179912640117,0.170188253279775
0.0224697422236204,0.439565994543955
2.99340313283687,0.487885441165417
1.68557246105225,0.468431653920561
0.396799083033068,0.92549756844528
0.408579472452402,0.498712901724502
0.987800708340308,0.469876976450905
0.347365487995067,0.580551556311548
1.99328232920709,0.37870253669098
1.27376461029053,0.086788616143167
2.19875074355843,0.85315047763288
2.33129111731326,0.353740625083447
1.87966891369762,0.742164927534759
0.66619741730392,0.838382452493533
0.0328627286006852,0.775815092725679
1.73498477703601,0.16068899910897
0.916461819136158,0.823057653615251
0.7744529414922,0.936179734067991
0.498378225082762,0.432559237349778
1.56982876352015,0.702063664095476
3.03355929144057,0.686526738572866
1.58053450179093,0.785934534156695
0.866473318032885,0.920650176005438
2.05797459549251,0.216468836413696
3.75294979644899,0.0459234686568379
0.141588184051216,0.91404696367681
1.75241707946959,0.190360341453925
2.28893904193285,0.389091768534854
0.395715611018721,0.944404404377565
0.0313564623133287,0.790539768524468
3.19845542620187,0.0586705151945353
1.14899940229952,0.818579281913117
1.30477117188275,0.77593326382339
3.29319418204908,0.210849175229669
2.13432675032857,0.655626045307145
3.33286540565972,0.413786056218669
2.3248731958771,0.148575134342536
3.44390099851375,0.0459094296675175
3.47466490028386,0.0561766112223268
1.04821861986291,0.12844204204157
0.214825060218573,0.944616127759218
2.73356402284446,0.242633987450972
0.0960525134578347,0.972728196997195
0.553762842901051,0.887533518020064
0.455974291078746,0.35289169405587
7.03122938268908,0.672770608216524
1.17866867501289,0.558456044178456
4.2576682155294,0.777076414320618
1.15088284108788,0.732745698653162
0.284080006849568,0.64088338217698
0.407568074893798,0.789508804446086
9.39718673327818,0.46778448857367
0.999989685602486,0.929525916930288
4.7616426979465,0.205084389308468
1.34105298947543,0.862418818287551
3.72336957959418,0.0737334967125207
3.36339152960067,0.0175999149214476
0.111294309454991,0.491779946954921
1.29139485862106,0.112675310811028
0.381207333902272,0.974102574866265
1.10912176035345,0.640315869590268
0.897308331914246,0.650998170720413
1.820478297686,0.582424086751416
1.99923467714675,0.687448713928461
0.876682465419674,0.735229117795825
3.80270467309241,0.118616132065654
9.87475065283016,0.650165346916765
2.00402922174873,0.805457387585193
1.07520161196589,0.369952932698652
0.171617684019859,0.983753274427727
2.13630051157417,0.723981026560068
0.927017814479768,0.608352930983528
0.132954519242048,0.991651284974068
4.4644915347261,0.0209023393690586
3.72920247898292,0.0200617760419846
3.98582638410811,0.128637684974819
5.31627488483615,0.102051237598062
8.84337154725447,0.00502636656165123
1.26718919537961,0.898706077830866
3.41785061443158,0.0429390454664826
3.38917869685178,0.680747414706275
6.43357224728832,0.447970865759999
1.40136927802516,0.862018551211804
0.201926940120757,0.940143812214956
3.27162929980044,0.768433829071
1.65602957076373,0.216662278864533
0.165113039998717,0.982652181992307
2.78465383483057,0.254990721354261
3.88949380798225,0.608573841396719
0.28002599067986,0.386606302112341
0.278166681528091,0.840889089740813
0.967359500937164,0.808457065373659
0.19143780041486,0.756675300654024
2.27891200772467,0.274382738163695
2.83373159153347,0.204617118695751
0.343989379703999,0.521917539881542
0.131794957444072,0.489614686928689
0.208243552595377,0.684410516871139
4.92893120248742,0.271072281058878
0.651438001543283,0.969835098367184
1.60733803793335,0.745883551891893
0.971326568544672,0.423198480391875
6.95506839039636,0.632718598470092
1.80307469694855,0.832823758479208
4.06475504843478,0.673340704990551
6.04252223636875,0.0798279193695635
1.83199288128855,0.168715591076761
1.99428242253607,0.743701115017757
0.1237448528409,0.971841370221227
0.915597609244287,0.572669689776376
2.41473308010938,0.630823198938742
11.9140324287846,0.590931158978492
2.40324525899234,0.573905319906771
0.380973882090872,0.670354989357293
1.33085379283875,0.504630681825802
2.8628734758306,0.0951372704003006
1.10370701830834,0.722723895218223
0.608659564601198,0.922100202180445
0.299597225151956,0.693254473851994
4.01102919114714,0.184143057558686
Rho_s: -0.478853794853795
Rho_p: -0.408766694063573
IC Time: 0.00999999999999979
