Rho:0.5
N:1000
0.109668850962547,3.03621778157348
0.251535307615995,7.8887353617569
4.91977072854467,13.8504600343083
4.19533031036086,9.11350411808007
1.02670540101826,6.1859913097841
0.30752982199192,6.58729279622526
1.7772711868489,10.2341694233377
0.34209932295322,3.21093216572916
7.66091037733828,9.8912266728042
0.333587086699643,10.7885726000693
3.18837324627026,8.41048062751458
0.333619833923876,10.581021669745
2.36115179438539,15.1412980590464
0.165755109299758,4.75471768199955
1.49839575394037,13.8939486016887
0.584585105068982,9.01905051756971
1.68267795621398,14.4826831995923
1.04962869267911,6.96212353608654
1.19524603802711,12.9777010543329
1.06311215925962,12.2519481511641
6.06810238522045,15.2598970366125
0.758506187237799,8.85581504949492
0.00246703065931797,7.94835075924646
5.21739378553445,8.12931735783001
0.0757038191946688,4.82326264609633
1.01816579606384,9.77694925820482
1.34370610304177,9.62425275026817
1.35584088787436,9.50529918415764
0.706367243081331,13.2452376373167
5.46408295978732,10.7174632131414
1.23341201152653,13.7226394823223
0.0854716219670772,10.8730448521009
5.94210280444393,14.0843108501455
1.19830632023513,9.08172368204812
1.3500417964533,13.1864864158939
2.91271331889515,8.2961743914069
0.107626312412322,10.3151128337331
0.540340235456824,9.60078370144267
0.348043718375266,10.7118556490429
0.16218588128686,9.04188971103238
3.6555551959384,10.9145418857784
0.361416064202785,9.37863297853201
0.671043786810254,10.9585228236895
0.0800634445622563,9.07894822837949
0.680977792479098,10.8661577950208
2.85149617848878,8.36375761941271
1.27439373079687,7.33747854519635
0.441860485821962,8.43389171923908
0.0987442405894399,8.65656313199931
2.66909668772461,11.7300731894478
1.53226242821827,11.6579641746025
0.388551267795265,12.084193772524
2.93245683203115,9.66774717941974
1.41139314501526,8.22377968220383
0.500387039652035,8.50663232248425
4.87750133574202,11.9631973946566
1.64121334991398,9.56822311815908
0.744753785431385,9.06190325154291
1.09419351350516,12.8311395194053
1.94738333825227,6.70300869836891
0.575274743139744,6.40291767205463
0.372522430224251,9.61105014850552
1.41085911347511,13.3080707703984
4.62158797556977,12.6143210651058
0.623839310370386,5.94330008049814
6.15146873857746,17.0037530133517
0.670627452169447,9.20860049816646
1.1996982479468,13.4477425805096
5.92547458060293,10.1100688506688
2.32194808675888,7.42278730991474
1.55414574584904,14.2227765795526
5.0590235512545,12.1524251922533
2.45716999462786,12.5343991655964
0.623899368569255,4.51234673294351
1.96296281731668,9.13146711175094
0.0987176999268044,10.8789391353586
1.55231613222241,8.38499205442162
3.23998939601665,12.9108673065839
3.91411342827563,12.717471252107
1.87907095021838,6.87863361745066
0.138124166347293,5.56480618746873
5.25931693215795,10.5231480136104
2.10479618041756,6.85047300452296
1.22621522378176,12.8369303761983
0.636050446666714,10.5852418160574
1.65988123781028,10.3478008314133
0.710108996368945,7.87696066530447
3.80265479518061,8.72907922735231
2.11163580036702,10.6401600656019
0.673462764360011,5.09315446142325
1.48651497438051,7.54324315981656
4.03018712235575,9.9874121446389
4.54204145421214,11.4874351645778
2.06669052046835,11.3068382878644
0.310758995823562,11.6327896570928
0.846961725503206,13.4207693675644
1.64373926809969,11.3213822897258
0.334908447228372,12.6885222393333
1.80873391396346,14.8331431968245
2.26450587428155,13.5497497534969
0.0565161323174834,7.81670115714568
0.898292915895581,12.0641252965328
2.05948910295012,9.8040549514864
0.188826614059508,11.1084985150587
1.96303225575745,14.1617553032885
1.57861564114249,8.53613190484585
4.17929744774094,15.6520186057417
2.22140710375829,9.10036352899196
0.00296487467166023,10.7928974879862
0.322374584153295,9.55049812286911
2.4184445812458,9.51638983200233
2.44244828998091,10.06519836595
1.92248109160903,8.16470582053801
0.0746016055345535,-0.816735053053813
1.24672349728644,6.711443545
0.660304151045498,10.1727927946999
1.35673085507005,7.49699241844685
1.28016895242035,9.34433791831536
2.51365591204705,12.693719668089
0.0262705702334642,7.79527240853737
5.80279644353473,11.3898915225954
0.676282866857946,10.0503099134997
1.03305466570875,5.28381391268128
0.195628806948662,9.21222338474721
0.680399435572326,6.70406921669673
1.30631331261247,10.6596861474492
0.337100942314488,7.41339857998262
2.33329142062905,10.2744309557983
3.00406632860065,10.7999971741071
0.50656424555275,8.71215597462905
0.142105484948482,9.3065837296421
0.636543764732778,7.88973670740486
0.889558698982,6.67829518286178
2.64622291355374,12.572135388886
0.713049952872097,9.6884758776993
2.89806490001009,9.62303589587302
5.46118989934154,11.5195764112592
0.798838317394257,10.4437014220767
0.12487961348436,9.41807699629281
1.85995550577416,10.3542965770412
1.55930753975155,9.90094375127298
0.0869529234689136,7.44493142440282
3.05405765010004,11.9422090118316
0.412658571265638,11.9560510105925
4.41197967131562,17.468342283017
3.51456025226002,8.24138971957692
0.128189725527821,0.650470229003897
2.75685944399777,10.4688885991225
4.746383677916,13.7591563646333
0.558688371442258,12.5632214552359
1.55746999688283,12.3354413471579
1.24253390356898,13.1909466049355
1.42954201831144,8.20687059501777
2.42405787474456,11.7233384190172
1.39150751559975,9.2541162048246
1.1518111648038,5.97862176794694
3.30567521411382,13.6776497561596
0.527835608460009,11.2548551083473
1.65780610023978,13.0896257804764
0.474613284692168,5.60790653984025
2.4579433350915,14.1602742711396
1.15155130811036,9.9448279470233
0.713713704608381,6.27460637959086
1.08243068959564,5.68356171557441
1.02967627128922,11.224316353628
2.53411811768057,7.47093253094876
3.2697359806109,13.7710646037144
4.57716604669519,9.04432796488095
1.29123837593943,5.8158216731607
5.02799461384244,13.0074851980732
0.606305908411741,9.59696381423239
1.50426188733731,14.4932328337234
2.70469271196964,7.72121460620733
1.17195590119809,12.3066461520908
2.01402782454135,10.481097352825
0.128981374204159,8.77393048918055
0.156120989895547,8.83682564689618
4.1040601840425,10.4636520144873
2.46680824220774,12.4456430090601
0.671607977710664,11.1658310149301
2.37360652714016,13.1031776533458
0.749989084899426,5.02883404786255
1.22081407811493,7.43590182626223
0.397736486978829,10.3131444427398
0.205310404510009,7.37347078713992
1.02436895668507,8.17322085380557
3.09403718991165,13.2280769417975
1.76455874360147,12.4621389192385
1.27917749527842,9.22894715481443
1.99996579208875,7.8480325359482
1.15021804720163,8.68056393561926
0.492898563854396,6.89994896830425
0.651002512313426,6.16082673908926
1.97138456991854,10.0020897887451
0.187016969546676,6.05634988987381
0.629977510310709,9.39569320427061
1.24149272125214,8.7490862478803
5.21034497369952,8.59798892483435
1.67843331388178,14.1242342372578
7.68677441361261,13.416324035027
1.98829879224923,13.843446300331
2.18873048379066,13.8118232512657
0.419375338591635,12.0374128230882
1.3557005180046,8.87183391449848
0.571731342934072,9.28801079491466
1.96929620570483,11.2007012537279
0.962337024119051,10.5648097929435
3.34276357276325,13.8745469808512
6.82195228598238,10.390367068768
0.221612671222622,6.16733857274078
0.848112484440207,5.28526484354352
1.7871564030415,8.99248771014932
1.88099854989889,13.9774399637208
7.14935634615731,10.3590042000644
3.16920623538976,10.9693259487676
0.491335107013583,6.81650423838149
2.69518401837888,11.3111931822029
2.91312300397043,11.819407154619
2.23763911790195,8.20890443406531
0.444977241952049,3.83106299993441
1.13558616116643,6.93846838020859
0.984047220088542,6.55243349956259
0.621044268214074,11.761258353361
2.59436046137455,9.34826144467779
0.690541436895728,6.20674406858057
5.25483056830308,11.3927182518765
0.203282583200027,6.61896916928825
2.32223257786574,7.17785605651738
2.78053163227478,10.1563695354213
4.0852400845099,16.0051523493081
1.90229946925285,9.48087300004053
1.12729239184409,8.01420128434072
4.06544566137676,12.4945629364473
5.4007733647985,12.3411729769753
2.30511307894232,7.28456159703018
0.663242301903665,9.35078395480307
0.372480514459312,4.39879210814279
1.18294307310134,13.1364118917979
6.44056139852772,11.886695151922
0.110386612834831,6.38885938715124
2.76171983025017,10.1387071823406
1.87023994690719,7.64899360105098
2.36938853553476,11.275335373954
0.134584467684837,5.1834613112988
0.533764422414083,5.93210606806571
4.00978709740524,9.56383821879092
2.13144507995787,10.163868592959
7.55060742380929,8.7178792411006
1.06273881718516,8.44611039271405
0.998243901878595,9.39545205738445
0.244305443066721,5.5466764979876
0.077748341363561,9.11067736514299
1.45108903351087,10.2677369439816
3.3353830425251,12.2074864713112
3.90471790341621,12.604676957405
3.01438603275557,14.8127150388058
5.45104841490216,9.18338387739569
1.03685206361115,11.5742730371993
1.89144118494334,6.55386848950224
0.0579241011291742,4.73598290940467
1.83764896203044,8.15165228407281
5.18915454645581,14.7957285377126
1.12222075462341,13.8109971890879
1.85829923107269,14.0883707922071
1.53806052410529,7.39894211985431
3.70512878878002,14.2261348655584
2.71345011881533,13.6918039031935
2.13319517205475,12.9981348504295
0.435914438217878,11.3786941399641
1.30282155610621,13.0192176153279
0.655415928922594,11.1388854560106
0.409624013118446,7.64059370084889
12.4359759979679,17.6740011621068
2.02821981153431,10.5439007975967
4.26301478749972,16.2900354362476
0.857046284712851,13.2248420449174
4.22496673302492,13.0110607429888
0.471122540830768,10.9455050898264
4.333348121242,13.7309050896523
0.194343107752502,4.36384862062797
0.322281656162659,11.1834786725474
0.227705937086846,12.0241157551973
1.19715019874275,8.65895288749642
3.74892863241916,9.64674054558396
0.303922095200696,8.03823645709755
1.233876244165,9.07860028693073
0.503373581672421,5.5422482773186
3.77591652173946,9.20971866003424
3.54318223626533,8.71336270027878
4.21803212513156,9.29918791254742
4.39649569288454,18.4711539737421
4.73368898408667,8.53248525358606
3.3600828505368,15.2989354847553
2.95643671423737,12.4831930174874
2.95300396887546,11.9305206374257
3.22235844901676,11.9119664907022
6.55812965299854,9.71875616595266
3.78593831865077,8.14884128445799
3.8337965531457,11.2387101122582
1.30422808788717,12.1117368134804
0.111255483701825,7.69183195312937
1.09743437822908,11.0229935839317
7.00884312011858,13.6471840854523
5.54089849789567,17.0577090939191
0.253803107887506,9.41679979256783
1.40827045270004,7.83175340411703
1.08387321233749,7.45400228126733
2.56522025366966,8.31054251078765
0.575429293482892,12.5103081058467
3.09936196824661,16.7263854070724
0.493397097888276,4.48562178491453
2.89298194863875,7.64468319299174
4.02214075608139,8.0166810451767
4.17485067928117,10.3260510568595
0.664172749966383,7.34785506070102
1.27935176342726,13.3340395951703
0.126745801646941,5.81920983973075
3.26938366897279,11.585588816172
0.591625587083399,8.10247764027036
0.578280925750732,5.46674001001242
2.16158553018215,13.9504504847301
2.58760684906485,8.99559084834683
0.0346594173461199,4.17047689349694
2.04851379795911,14.0957748265465
2.5334402117038,7.92038610050689
0.238827362656593,7.33902600511566
0.332990842871368,12.1689751221322
1.51243804200532,12.6425254342838
0.00916497316211462,4.98021624913764
0.722530799930959,10.5038736128936
0.0723971824352685,10.3228373228695
2.88270505873447,13.1936302023981
1.11340595688671,6.01962622638095
2.22993188342991,6.91825180048899
6.03423415788226,8.95854107485107
1.09117584023625,6.95536284646996
1.17209556233138,6.71346973915929
0.594836345873773,6.42456035833182
2.52191812292555,7.08559343240977
1.93722135378959,10.1229770664458
0.220217459835112,10.7664486259221
5.48713743288941,11.4454923770328
0.864176584407687,10.3915177026846
0.9648541429599,12.3491171712188
0.257590246219704,2.95551034345914
1.22370442189276,6.86000062893952
4.3364304153725,9.91986945431996
1.75963255754652,7.75198358957652
1.85979631534758,6.56906040336757
0.139512692579927,12.1050625420051
2.32488971567693,13.474027885941
0.548914698883891,6.20672897227149
7.38833678844285,15.9457122328172
5.00999877204127,13.2394721756939
0.808622779307842,10.307286942347
2.7705717216337,13.7200699842592
3.32467500103598,11.8279266934164
1.28873056452721,10.2701794455466
0.0628521616065903,11.7252133147337
5.19207520693014,17.4844915220338
3.90068223683124,17.3514147374671
0.823600511066616,9.78587485939449
1.47296213536503,14.7420382490953
0.728375508449972,11.8122858480198
1.79407267450335,7.21992104261814
0.82752173844077,10.4139531847745
1.66111042342129,11.1213925297603
1.72348861574175,9.18082917638725
5.55016903545628,9.83761235293474
2.29980207785013,9.35303580273655
1.09423393011093,9.26672744006859
4.78807659794517,14.0005251870336
2.75028076945784,14.6424132212929
7.59088697853027,15.4347484546545
5.03904314686484,8.73293069965651
2.28093430743209,8.4742782570222
0.411358711853146,9.35655205885439
1.24562470428646,11.0246445031245
1.8161220922226,7.88899161127427
3.65154681337957,12.3807295199366
4.30075133006067,8.28279237256316
1.10467367898673,11.8010445987397
0.48783048056066,12.0082103357744
0.1320436373353,10.9845405529038
1.14337799604982,6.37812718403045
1.89981830439518,9.29983285133001
1.39098295188489,8.44244464731268
0.810591048561037,9.99086956000616
0.0771645978093147,5.83376276401587
0.278874262430849,7.03828735879251
0.188110436312854,8.33934473388186
1.43019152610543,12.9292532762571
1.01913929451257,11.636459632439
0.900138327851892,7.58333479220252
0.0146915856748819,11.8095585917053
0.630196009992218,10.5163667538234
0.644632452167571,7.247698280025
1.75018480597975,11.4782074778844
6.65518110956917,10.8458425707564
3.69744258729701,15.1195627686288
1.99811455226483,10.2610092343666
2.8144609751638,10.5015127528189
2.91393509117847,8.2192944645217
1.01885123817326,11.4342344065566
4.19368109233347,16.6744607539107
7.0190085280211,12.0267198924169
8.97162303642672,17.1998677700607
0.480287377722561,9.43776688137254
0.0978706600144506,10.6999873082966
1.05207860935479,9.25303208898185
1.8064311350504,13.8028651788874
0.0362648796290159,7.69260337873208
1.60840195643154,11.9329454975676
2.72960810354891,13.1936155326802
2.61747276774588,8.99208536332142
4.19474196036286,15.5415992775991
0.863012070672318,10.554291857288
2.68646865329685,12.124400910402
3.91803418083077,15.7070996966389
0.458769937045872,5.5984753366648
2.03891838147285,10.9060958133014
2.0053353178406,12.8149628152078
3.75808677805548,14.2718102405649
2.42350142627003,10.849875831137
1.26217328291386,11.8564091253256
7.90758414151979,15.1130477370113
1.1214762814343,6.53097648679673
2.35535359001699,11.0662803384791
2.50876607923749,9.32341565612782
1.76676779604497,10.1383895398127
0.520765365915352,11.2747873263763
4.82457969069526,11.5864117870727
1.93645230113509,8.18349847569395
0.508778053335845,6.24133527818477
1.9065761937851,12.4839542567943
1.10555326286703,5.87312726610867
0.670398616963222,11.7131730791515
1.77382211574258,14.5008340566556
2.15133188656511,14.3315362373373
1.16069859080017,11.5843830405855
4.17140297193952,11.7976791252179
0.0110710675407686,8.53789568457516
0.241228781543573,4.85065309088441
3.06262996403461,7.73637831276969
1.56784828371348,11.5231733829788
2.91868136061316,13.1533186892462
0.333977174945176,4.72578586844574
0.169063832610846,11.4103669772325
0.488978801295161,9.69040759988213
1.69529833822491,7.94328611440312
4.53657833834119,8.54385858628624
1.34891026839614,14.1764758639988
2.43566595009508,8.99655379484713
0.319041214091267,8.25680432288321
0.24362748218613,6.63388083050928
0.871050295419991,7.41995220262332
1.5467078219259,13.4497539381229
0.461290503886315,12.0927913874236
1.33454688824713,12.1015886544106
3.81820197759156,10.8887444604735
2.94556296599989,14.2951512703212
0.621350067066922,12.0325250782513
3.78686286670297,11.5667213699526
2.71228681496325,11.2138250429038
1.14299788605422,10.1007766729681
1.26410848647356,5.82829002249986
0.655549926683307,9.95730699306625
2.59024066097083,7.62066859298098
3.49032515270596,8.19551798638661
1.38630522034111,7.98453312500004
0.612057554535568,4.80239026097708
1.22112592495978,6.76369377354601
0.415588322667942,10.9950887382742
4.28121503044791,12.8923108268441
2.46282147980275,9.59660058813136
0.795899078793308,8.71305284664798
0.406619884073734,11.969803726081
5.81872101094494,11.3393200229784
0.680363830201362,13.1734498563266
3.34438655723112,14.9243724736016
1.12261546496302,8.3357402234508
0.5574024883069,4.86745089447944
0.17229660321027,12.0115008743244
0.94232639297843,10.7622207315468
6.37464023864941,8.56286805736431
5.41256871421762,10.6411100007638
2.8833496494401,8.96172697899824
2.19132016031983,15.6654832143174
1.66475737459006,14.3590900706811
0.0485626885941047,8.98659536180824
1.08225593928222,13.7541689343627
8.31220750096155,15.4403625923897
2.32633977561238,15.1730790791566
1.26628761329222,10.4060630096286
3.34824381379371,7.66709828932462
4.45876371530595,15.0098836405888
0.488451183773577,10.4830655881324
2.32585702641847,9.26962357209262
1.7374905217211,8.15410569448168
0.171294305473566,7.75528365044928
0.57845837069496,12.1665112150879
0.89580993892365,13.3125179802919
0.945002820430106,7.42448824100199
5.26223201651998,10.7744497467478
0.621056300587952,11.1826513314393
2.41312402292135,9.7682310857426
3.68049210665708,11.7727680301962
0.787201838453999,12.1329315136239
3.41765516607051,14.7998274173937
3.30165825022345,14.4046237468755
5.85670037534008,9.59013654116302
2.49374429873171,12.7436685715046
1.17843329254538,9.48688020080343
0.380589407868683,11.2783288232192
0.026062123477459,9.48583551588658
0.455199152058914,9.52826300384647
1.67889453089776,11.3741030559556
2.51597164190354,12.9695264283864
1.40945987230109,8.68434190650818
4.32415221233792,12.7203739148048
0.633050152100623,13.1765529323986
2.19836935020032,12.2805472773286
0.705056292004883,10.6463220835146
0.794921886175871,9.76071774724682
0.568357293494046,11.9383790555084
2.76284023738446,8.86525605591465
1.43804330370369,12.1654317440944
3.53387266008143,13.1212140086434
4.33403261719992,15.6185779410478
1.72522488973084,8.17232642608528
0.420246975496411,4.7669666035581
0.568558249622583,12.5319069578323
1.79103309093955,12.8765612585167
1.28277922794223,10.0525382454003
2.68252856462243,9.6754262086382
0.0615877585639606,7.63738626493
0.227776202895674,9.71366710057999
0.483238869690891,9.51774488493949
0.413863679949268,11.387090567586
0.493010954676881,5.9132839001216
5.8440759774662,9.41241030666585
17.0451226150269,13.2515992467427
0.902914839796722,7.12904789529619
0.666043758392334,9.32514818294315
4.14491543529515,11.0906623207157
0.543831334593611,10.9245362981449
0.0126479088523457,2.55108119620008
1.78199598371031,7.72026560623384
0.569007496349514,6.42396150164739
0.114587716758251,5.5583235535981
5.62198631104734,13.1791100745719
0.707199924013316,6.74582376195049
1.99597348601243,13.29602244445
1.89960432603004,14.7766527077899
0.181466164896863,7.31979090979525
0.118481948040426,3.9955628308221
0.812824870459735,11.8951921312948
0.965928092598915,13.1159901500639
8.00634257080865,8.38041258303138
0.691892103363176,8.96527888163617
3.06820795454417,11.4385327144355
2.25040308750215,8.0591426893605
2.01713963403347,9.61979785267378
0.199749336100477,7.26943127973044
2.03025683938506,13.6701255116858
1.41892783149126,7.47027864978969
2.66097176252844,14.9081856369339
2.99619331194048,14.3459237400856
3.29077800719028,8.4042745380623
0.856212061397033,5.07357559162814
3.85380594043021,9.94289092434766
0.21929930369968,9.95616627631677
2.85955935716614,9.79902238480696
6.4220166650034,9.69107567935708
3.29682996224297,16.2354854116055
0.366832274012268,7.41577280786219
1.98253860688748,13.5699097643933
3.31284802017694,10.3290778492391
1.85062823436203,11.4472476105397
3.4798435604382,8.28522395690165
2.61396673499587,7.41298377069516
3.1967411186365,14.3839077561415
1.46462539388778,7.41737221914965
2.13443041025641,12.191649864349
3.68226028589492,15.9895834784995
2.63908062308075,9.06079606490836
2.10711399084868,10.8059949069008
2.45318396008554,9.67257894302951
1.53540019682589,12.2959294220319
1.57904712088209,13.9276266968865
1.75718190178223,10.9322703372163
1.78192543368319,8.54332818611611
2.56131625539603,12.7859250812093
4.51407102842755,11.7287745390748
6.05911119248638,13.0260095500268
1.99827413997593,13.4520568804208
1.06828464567661,8.45703216149449
0.898103658109903,5.79728244806507
3.01491195552631,11.46503697362
0.29223330632748,6.92102262181018
5.69188815321694,14.8918410107422
0.607394467921952,9.52462703275525
2.02830295815113,9.21816758237518
5.96338769257671,12.4853252936547
2.72710230379345,10.2772147300562
0.955102014309279,5.72621519418374
3.95292187092786,10.0437522176107
0.523607770912349,11.5475250805582
0.373573570512235,3.17056510415111
4.17903766383357,10.8180925550085
1.59617139540071,9.34049413930065
2.59387068255785,13.7635302000755
6.4906976666666,8.94351640447054
1.32077316287905,8.98903278744247
4.42557020337781,10.3639526485195
0.0562850562855601,8.97245983425852
1.11857281439006,6.46851286327509
3.17309177348284,13.3758937065571
0.438514696412332,9.79062821202917
3.01122589765077,12.4596802720113
2.96209395287519,15.0284099926524
0.0554134698748499,7.99672225004687
4.49187822987266,12.0395067259986
0.732237345455711,10.9138307297695
0.0694650729754219,11.2197905655729
0.126215229671076,9.14346578272866
2.29496052480283,10.12313221347
0.340660843066871,9.70083775326154
2.87218844128733,9.44160879253343
4.19249152232076,9.02498427512282
0.234369020909071,12.3678952236141
0.979799835011363,13.1610703606506
5.42792047907538,12.5136522151331
3.39691731980803,7.73861038245155
2.33450577399674,9.36949138585678
2.32131355321187,15.1834010936126
9.10538933375731,13.9792664907623
2.25170471138301,12.7558818541494
0.325343053787947,10.2610662767996
2.00480838297846,9.48807892309285
1.43901325940135,7.74571735286368
0.172330705448985,11.536848261673
0.226039223372936,8.67088905913419
0.32641269569489,7.03071140795666
1.27422375883907,6.46557704760365
1.2090717330575,9.65015214545155
4.71639390582803,10.4870238185501
0.0875028735026717,2.8975906488167
0.356905838474631,12.6133536347684
1.14726189989597,13.2498515973286
1.62085382724389,12.017061880121
1.32542064972222,13.1320939797689
1.98166362746599,14.4323757271143
0.401974342300028,4.08254150541542
11.3419393437024,8.39069220922363
3.30607378093486,9.66695251580482
1.89574246845188,12.7313806005819
1.53315153866939,8.09396978250231
0.532525350180204,12.7876898367631
0.989557793363929,9.23353542141619
0.84535470418632,10.8610284573045
5.47989411254354,10.3449036013765
0.0633065755742649,0.532461373315734
2.302646452477,8.7437755202905
1.69208924774882,11.3638568408469
1.64421644612196,12.072301373053
0.167096100605399,6.14876090687896
0.190788239240646,10.3543615049081
0.774165404960513,13.1418515587419
0.664378549903631,11.8248569454493
1.45052719592102,6.3525547756265
2.4154868274087,9.93326543343988
0.994644677266479,5.7252246500183
4.59495830883212,15.092925530364
0.19134817143606,10.6012451219884
2.52571988469901,9.16982088112243
3.03164125030974,8.46960149009758
0.992322972803284,11.6672394986693
1.74626382291429,12.9277671010076
1.6740035227591,13.0141183826004
1.36178441438824,8.10889490127268
2.74209258696976,9.99522403073665
4.33837394763656,17.2128055305931
1.53954235083404,14.5965042662458
0.942050587116322,10.863584319991
1.9716630167419,11.8647212172752
0.838412549223565,12.770192559384
2.86787930859213,10.9600673400895
1.52571750937642,10.9838481391015
0.228990862606597,10.2254610133856
4.98577079524226,17.520834174208
1.93879254579596,9.76992897192171
2.35734403870049,7.62171970552767
3.8246028794158,15.1410037650551
1.29823550395668,13.857346291197
1.69787675897994,7.30610704512284
0.112145380925719,12.1320413245722
0.255537134124675,5.34200703009614
0.694958079606295,4.68475635814493
0.847096906043589,10.3975108565928
0.972673097000686,6.00359834373589
11.8452584438755,12.0953725125177
0.214325572821183,3.76541692804336
0.495209189818541,7.72449837204888
3.27656459094232,9.4853149891741
0.748951272107661,5.41033469295589
1.99989602851285,12.3720518669744
1.16737435758114,11.541188492087
2.81019062861015,11.4015061819608
8.40852565335417,13.382745921001
2.28228601059856,15.0065278523484
0.238188932790715,4.69030195991063
1.99603817561549,7.60273873146487
7.48812917950463,11.7065003512268
2.37558706282618,10.5918855971102
0.973577342927456,5.48263763308249
0.699341223529273,6.19624891348546
0.438018611635878,9.8106591186809
5.56044286130615,9.88254307870531
3.77288449538832,8.44487960595112
1.01410218980163,11.5161837850005
2.75901764436605,13.8180873811025
1.82770393780413,7.79370161086415
0.471133792656009,11.3290218315123
0.510167331756797,11.02122837283
3.90156042186503,11.1629367372938
4.31215153608375,9.31303151756369
1.05209280364215,8.28900564626088
3.36809010414367,11.0445179034325
7.26514033558679,16.8522774416658
0.177508856322184,6.78845984387735
1.31158053874969,7.8083689920329
0.538009520143017,4.81646394153348
3.84031392432927,9.42181054136313
1.13551211170852,8.91364466588067
6.22156645324001,8.7371873819877
1.11534315161407,6.47053020117202
0.474334802478552,6.0797517241373
1.41007795548978,9.80034869721261
0.434105696127411,10.3806718602065
2.54808729319813,11.3652810408573
4.93785196145005,11.4555021006007
0.955601403489709,11.0958156681682
2.45505557759645,10.5632930416002
2.47938700075063,11.3269670117316
0.0817643850469848,8.24484862654503
1.64355177237632,10.3121157545487
2.31224891348722,7.67063577981525
6.57073830034504,12.4855066773151
0.805697676901184,6.23237963031022
3.63729908673053,15.4886475402814
1.15731877088547,11.3382813793465
5.72283815654553,10.2118512729013
1.90372735626044,11.4007903550973
1.52853315501454,8.85347053000098
0.698776781816466,8.33875068013659
0.73494144435972,9.3795272153731
7.06784819068544,15.8418060980345
0.0848159473389387,7.06373712138493
4.58453462731151,8.87040861341212
0.664598982781172,8.13678935871199
0.824455303139985,8.06960718794283
0.778356222435832,5.5948164343295
3.4069833306778,16.2453636464255
1.34452822711319,9.7088930463097
1.35569563694298,8.60007077933626
0.522700071431875,7.71522325794281
4.9459112002165,12.4014855409942
0.675345614552498,9.5530203801435
4.36253763912039,13.8724073720694
1.21980737429112,7.01948630495326
4.68580165852733,16.7659384690651
0.428586773574352,7.68481068544885
1.10195935331285,9.98066733131193
3.34126985056286,12.285834200485
0.98369134683162,11.3533848822178
0.533871182240546,6.86888236391771
1.06449765898287,13.1844818059792
18.7575673561797,16.2682301842256
0.212934793318554,9.31545049510113
0.507886085659266,5.50215985913441
0.535947755910456,11.520134032446
1.86895578718724,11.2923929393891
0.903993871062994,10.4567276706168
0.531002053059638,9.32833656483061
0.0909142140793924,5.29368960672963
2.37836399852278,14.6687049534882
0.185487280939255,6.48982420986297
0.86808324046433,9.53124270401764
3.11539867876058,10.2189422262272
3.94598687050824,14.2391485774486
5.17465080668159,9.56941985229316
0.811731660235676,10.0891623012449
1.66380962534788,12.7437018330004
2.25311361803653,9.11918430508526
0.600374379195273,7.38045679104658
1.37927799392492,13.0664663662237
5.58621638979683,16.5020226848636
1.02406014688313,10.7235600008274
1.43489143057706,7.98905042064439
0.302130859345198,10.4956119590663
1.37916139606386,13.4326666647939
8.86594120001946,14.7980876437864
0.14954889845103,8.5749991686963
3.81730403734331,9.99152643838106
1.06995469611138,11.9471798226657
3.70180525613909,13.914148504278
2.78056297180351,12.0274083202552
3.16965575126891,13.2933599103246
0.770167597903607,7.86086134526776
0.875051928684115,7.81106164850781
0.642486916854978,5.43829579706849
1.13127597777637,13.7644952649264
4.42830122609563,14.794799127519
2.24065178251805,13.1340557481665
4.00679263083224,12.4585666346603
3.09666145691966,13.1067318466382
6.01216489434636,13.3816166541135
0.831431635655463,13.0204938933924
1.35276525747031,9.8218599431295
1.17616845015436,11.3258481231773
2.89067254701302,9.16868809950069
0.031588071025908,4.13312032303164
7.05236373427224,9.46768931225536
6.54636005347934,17.077694665316
0.238158940337598,7.67841636542306
3.89456543682103,12.1042661306634
2.330244442364,9.05744853505548
1.00269289411892,5.23147612452366
6.20422837104569,12.4402928056869
3.1363967618156,7.50493983087268
0.181997444480658,4.13374095802024
4.62610683937497,12.4818721916816
0.986768784932792,13.0837596190828
4.14104419929867,10.2447189848392
0.754926488734782,5.6474426985383
1.51157297898112,9.87757740810691
1.5066137499172,11.7391770528759
0.696233808994293,10.9228954655808
2.85745601564506,9.463014389543
1.85445219642463,9.56065048608705
0.0226110883053209,-0.847477197967727
0.583303882740438,7.25626589403538
0.838508804618405,11.1304495560001
1.35610505193472,10.3222517396858
0.895789917558432,10.2267912672743
2.65911685294452,15.0088083515811
0.0698158275336027,11.7899248206412
3.07275002060418,15.3750775039871
2.16865506759825,7.82847336646957
1.61932488895001,14.1645957866179
1.6839740856967,14.7012286855522
0.963313320722737,11.7259567279367
0.0412890249863267,8.76113420269395
0.179178231395781,9.62499158471205
2.24359648746823,8.73652133558907
0.749682486057281,8.69842980105393
1.77848145558269,9.87191313074408
0.985298224941567,9.71581997560198
1.4724566211531,8.7698637897018
2.37496632515433,12.5522513472234
2.75271993308308,15.790402842235
0.507905721664429,3.9181503386169
0.950463272631168,12.6703917753606
0.64857913274318,5.74660455476681
0.349037393673511,6.84648523646158
0.0772001277655363,10.7717676102032
0.353128067686156,6.83234739624724
1.36811237875372,7.52448682128976
0.384349778294563,7.13010501216799
1.17368306219578,6.21563802898306
1.65369416951182,10.5738866685482
2.75332421987298,12.4919196032599
6.61265619415475,15.6675595692396
0.261449975892901,7.50335310556193
0.696689129807055,5.72140945443121
0.0723917512223125,5.38012989581847
1.88462462267818,7.32475516891088
0.645118323154747,6.46322041356146
0.00327981990924358,11.8017653953118
5.85341501328321,9.26470975123003
0.376040523510169,10.9970141833002
2.61604077947925,9.20247647228105
1.19376349728554,9.06800166325977
0.168151434510946,11.6434780500711
0.263713865540922,5.78934371197776
3.93606168014889,12.4006677036332
1.02577531157131,9.50938103240094
1.50904424666407,14.7916323031523
2.65199326901677,9.08924523616978
3.58816988376861,11.4073699393584
1.62601067334749,8.08006990669399
1.14130140282214,11.0292049933126
4.32922361614156,17.7643517962541
2.84418094513898,12.9512153262344
0.00312091037631035,8.12404668485284
0.177304062451336,7.70224457145856
0.319136654026806,1.82135094383735
1.47517687818947,9.77593319905845
4.57157819320388,14.9871761594498
1.26677919272333,10.6935338493667
0.0502630885677939,5.80881699517515
3.03972653655295,9.39043272922774
3.69394082931762,11.8984961548123
0.0944543452560716,4.19713027972277
1.91582408034836,8.64617423530352
2.62670128784123,9.85881698531807
8.56097856858626,11.8388899194175
3.60273226333742,9.83211012466677
8.10445440891099,10.3578754610687
0.333652554182767,6.71011355021931
2.08713326035979,7.49967867679571
0.402506405481648,12.1814902692268
1.01253050100058,10.4820993987691
3.58849821595435,16.8921649462301
0.803317819721997,11.3114701936762
2.49188322565498,12.871142634141
1.29451913759112,6.25598670405909
7.48816199186158,16.0226012967841
4.7915406708879,13.7979059787834
0.392348246648908,5.12274620336846
1.42286544843557,12.5468347873686
1.72199837771097,13.5981852697679
2.40742451502922,11.7258952064726
2.13154157528437,13.6894666670414
1.99563182136955,13.0151595498449
0.402493448775715,8.17917031345448
2.00140243946555,9.27080367851044
3.63033933920746,13.0369035154521
3.42210530203372,9.58102982585672
5.18463363100715,11.4576952637395
0.204670729115605,10.5753597711756
2.58946572794559,10.044561467231
0.168053016375849,3.98525045782887
4.75240744997687,13.717532246236
0.265952463946632,5.78219787675251
0.952595840208232,11.2950258553345
0.400381858460605,12.3733992075885
1.0045369816944,12.8098284832453
0.264293714426458,5.94503470194167
0.251547848805785,9.66979568659073
0.217102681286633,2.94977827545701
0.69714460127834,8.95114493391515
0.774360226467252,8.59248890239062
1.11117271706462,8.32867819045484
2.05225957176628,9.46554941334287
1.83215365321252,11.9305623934946
0.193147166632116,7.70472855063661
0.724690346978605,6.09610187728636
0.942742993649197,11.5966992701437
1.03702628891915,8.71867382463304
0.157826680099176,9.62585116394154
0.459838356102528,7.05331649766072
2.42665857813301,15.7909278656778
0.13232296539547,2.97850185610942
0.675259714946151,8.53100597691277
6.02330610310604,11.2455695213502
2.41112281746211,7.15140224906895
0.252445488888637,8.47317856861041
6.28834219243298,16.7790747740091
0.216825772932152,4.27186075963636
1.67626264496686,8.31209268565256
0.34334899391979,9.06968644257364
1.59242226361277,13.1922812350332
1.02704244816838,12.3489020551585
3.60419904423838,15.2190021716107
0.663754564709961,10.0855860225962
0.216675316081387,0.728146165135813
6.19320036437283,19.1263433316348
6.39148560132752,16.2550051399768
0.0995435919612646,7.8601475807653
5.69122301586734,19.0628746143393
3.11105509936896,10.8400531460949
0.192014991305768,8.95034215958462
2.51550873546841,8.36222882351083
1.3259920720011,7.75222856466369
0.282886633649468,8.0115398202255
1.55014740667286,7.87843697921237
0.06004274263978,9.33543736091306
1.13811053521931,9.00116133311862
0.0955507058715001,8.36446738561011
0.528787310235202,8.3461661163306
3.50673380477314,8.34222501012107
1.22714212350547,9.86056600264734
4.68164919680849,11.6428898388085
3.56026709937783,10.8058768882798
0.784106938168406,6.92439079910973
4.73411110634878,11.1724521382093
0.368220046954763,12.3052931394045
2.86965298258607,13.661564409573
0.39990315772593,7.44239830580053
2.90757513023386,9.18255310121437
0.861208425034734,8.33660884938412
0.347217647855353,3.9071708972975
1.41558384700658,13.9045708799087
1.79098343413611,13.8343526489874
0.0525782993063331,9.8892307599501
3.40990544466262,11.9220890441395
2.30977471536937,9.8267177063288
0.0777782890945673,11.9480005031265
Rho_s: 0.475348111348111
Rho_p: 0.454300519830481
IC Time: 0
