Rho:-0.5
N:500
0.315211181541618,0.526963375974447
0.479387940838933,0.704929400933906
1.4192448350692,0.2791556508746
4.29850502064032,0.340072232764214
3.1196413449388,0.794766217703
0.597440026700497,0.758805303601548
2.86415596533697,0.716902547515929
2.23236220552097,0.109191071242094
1.46066831416431,0.349025561008602
3.00473167730455,0.768384093651548
0.597127622924745,0.839091754984111
2.64704129091444,0.469908844213933
1.57560960567536,0.456028239103034
4.47565304090209,0.406584908254445
0.657593490555882,0.916809717426077
0.374651535414159,0.503070034785196
2.96573796165776,0.309871791861951
5.48082963724561,0.126428977586329
6.25670901780501,0.756111385300756
0.0301433438435197,0.338023898890242
0.838178403130005,0.199026467977092
1.10624208580703,0.0911397149320692
1.16015571169555,0.920666759833694
2.65449160142782,0.100147033110261
1.64479752249064,0.481333039700985
0.841091665439308,0.882826771587133
1.37423010822386,0.205075645586476
1.4791960286999,0.655304688960314
2.69011367476525,0.763134694425389
4.091521885078,0.0104521871544421
6.50281957544381,0.0472201309166849
3.74557947350626,0.591500956797972
8.46962139705076,0.434849174460396
0.656399323605001,0.465424518100917
0.35371020808816,0.849827842786908
0.576330063864589,0.384998720372096
1.40239241269151,0.297022007871419
0.0483702952042222,0.823240837780759
0.46430773634133,0.623268753290176
1.46151122094267,0.899892207002267
6.37643034722576,0.0284280239138752
1.79840100920739,0.0939029247965664
0.366834090091288,0.845116705168039
0.566610883921385,0.851826830999926
5.40118594069905,0.178970835637301
0.904734988696873,0.611362881259993
0.671680861152709,0.53150449693203
3.1473001090992,0.65237676538527
3.67831186188345,0.0346745408605784
0.660254848189652,0.708245124900714
2.12578291810098,0.0971066143829376
0.717463427223265,0.285027354024351
8.94624511102095,0.666440558154136
0.4431371698156,0.55470325355418
5.12888335038848,0.686462962068617
0.318159623071551,0.598112611332908
0.129201356929688,0.988513855263591
0.746325117535889,0.965269635664299
1.23352076206356,0.118446252308786
5.54718413915405,0.0243899039924145
2.60809068932178,0.0625701209064573
2.98893800393534,0.756571779260412
3.906289152633,0.385341916233301
2.35630491553786,0.138361684978008
1.98796633622589,0.385606130119413
0.999040571972728,0.339448362356052
3.3789103050627,0.49746705731377
0.177853396162391,0.882657956564799
3.43202828509953,0.139083270914853
0.221569342335063,0.63994170515798
1.45173408455195,0.0858868665527552
0.378339915536344,0.362130151130259
0.199855981519829,0.303057191660628
5.47638699759669,0.486820311052725
0.369147297926247,0.895266494713724
1.82491422078343,0.746479810681194
0.43256029085334,0.960545206908137
0.054909048601985,0.587155085522681
0.885837607085705,0.28124245069921
0.81925877433601,0.830772797111422
1.21062614489347,0.0904258997179568
1.05687062814832,0.434132077265531
0.620260407216847,0.743764578131959
0.419966339441432,0.934415842173621
0.242410075850785,0.532543969806284
0.0248061147724334,0.763856079662219
2.03609254761579,0.488580158445984
1.69190224086402,0.0519235518295318
0.0572423208504915,0.886417014990002
3.06412878863758,0.374630582053214
0.525770211027863,0.362011161167175
2.50049960604849,0.824086586246267
3.05208888260608,0.0206498152110726
2.17596672653201,0.296121896011755
0.700458009727299,0.288804092444479
1.66547040074112,0.667143984697759
1.89544476374033,0.0363604165613651
0.958805689442466,0.87179366289638
0.7597446590662,0.173590546008199
5.52613893498607,0.0876403786242008
0.0389239843934774,0.580147227505222
0.122237138142426,0.993847111938521
2.30426993212643,0.59168971539475
1.67861950861496,0.127785430755466
0.511969830263374,0.934169292217121
0.665396749041975,0.257474732585251
0.953745607286692,0.306850879220292
6.05140587653885,0.00231441552750766
1.66436412998859,0.445037967758253
0.0507723987102509,0.775761367985979
1.13003055565059,0.447829584125429
0.0210532288810235,0.734856962691993
2.58037632136586,0.31275341543369
0.921442645601928,0.453723809216172
2.23345461185897,0.336624871008098
0.672133791726004,0.379958295030519
0.577197243459523,0.395100235007703
0.0765266809612513,0.928017466561869
5.71320033656253,0.618542593671009
8.56480099821562,0.0668272532057017
0.562225283018497,0.980473777744919
1.43801439224669,0.252828328870237
1.83570402479711,0.611035474576056
0.783669100143015,0.543896627845243
3.54475020972972,0.0789025875274092
1.28874387964606,0.842285838676617
0.636486575611443,0.304592967499048
3.8571056833673,0.546421320876107
4.86951888454664,0.22296229377389
0.013346541672945,0.726942555513233
0.786808778531849,0.423123369691893
2.64401822715046,0.223304378334433
0.957134782336652,0.263948572566733
1.69948242410066,0.574236051412299
0.27386538202519,0.417554792715237
1.55987757245903,0.236758953891695
0.00493200487573857,0.779703747946769
0.626726490445435,0.865336881019175
0.614173920825124,0.324204001808539
4.26955980409808,0.0346603924408555
3.26912658284126,0.786331086652353
0.489952673394362,0.956312033580616
1.52069013511445,0.896602797554806
3.64232971874957,0.048136921832338
4.42507760711906,0.00639050104655325
0.667610020376742,0.273171681445092
0.624287143349648,0.207482981262729
0.0777107961475849,0.722547726007178
0.133134918287396,0.754390491405502
0.870800246484578,0.945668955799192
0.483939887775614,0.511935426155105
0.328121416725799,0.960701488191262
0.0242451896584788,0.975757673382759
2.6930024883801,0.439541444182396
2.92620572430973,0.794954530661926
2.17440291299465,0.165986550739035
0.33213334530592,0.332009471021593
2.29246713026407,0.463987363269553
1.52400239681816,0.612767794402316
1.66084794267021,0.25698374886997
2.92342508939986,0.0573576246388257
0.38112581755929,0.629647923400626
5.02605433364339,0.00103909079916775
1.77132346074026,0.186131875496358
0.659640343859792,0.689713262021542
2.6112262829298,0.700936061795801
2.15731809838655,0.489760746248066
5.64337830211888,0.63613624824211
3.19152218459134,0.0359737507533282
11.5456113510563,0.533604103140533
0.330802982673049,0.366764834849164
0.861664239317179,0.922739765606821
2.46535175099018,0.496842087712139
1.83209834658592,0.267401597462595
0.167542604729533,0.61111688031815
0.0733375755168478,0.695367082953453
0.218098966404796,0.769064388005063
0.359199663624167,0.442835149588063
5.86970965773956,0.762130920542404
1.05031439196318,0.273604599526152
0.674085798673332,0.393956592073664
2.01551020323279,0.100206652656198
0.313393712043762,0.880358316004276
0.409461080096662,0.252752482658252
0.100859808735549,0.826345278415829
2.70611187248471,0.470547746634111
0.00119435880333185,0.850290016271174
3.80210134370213,0.52971689007245
0.96526400372386,0.953577864449471
1.58219364090803,0.773511356674135
1.0121035957709,0.750856283353642
0.546752342317108,0.274034997681156
0.514779917895794,0.192330622114241
0.169713663773617,0.477456105640158
2.08001314118027,0.120727438479662
1.938130332073,0.472019633976743
0.465750816496704,0.33661717385985
4.7630737173432,0.578975356649607
2.01940055565133,0.471040124306455
2.21423713481965,0.209627754753456
0.620975339648848,0.432822719449177
1.52416639749677,0.415289954748005
3.03503915757617,0.733326215064153
1.03384180834956,0.8004800172057
0.474070858210325,0.578668904257938
3.82159287465696,0.249385208124295
6.73004661466847,0.0306022816803306
7.82085738661599,0.234467772301286
7.43946437123132,0.00630394811742008
0.631418329663575,0.486105230404064
1.35992791131139,0.70109281106852
2.47432939513567,0.681679498637095
0.278560302615597,0.326399227837101
1.78195999479734,0.274860101984814
3.8412896504808,0.280607871012762
7.03359849336457,0.540348842740059
0.139501902274787,0.513256667880341
1.78386532097832,0.140816787490621
0.500132224522531,0.451265230774879
8.31710947635484,0.742361614946276
1.2764487657696,0.481585877016187
0.0672119633986172,0.748059938894585
2.00116638644579,0.848344228463247
0.787686567753553,0.5747306344565
1.81721808752956,0.126023087417707
3.88120696676855,0.201499491930008
1.35488386824727,0.755939364200458
0.363025741568934,0.251666689291596
0.350776884863687,0.394327662652358
0.29736067787786,0.238654038868845
3.23540330586679,0.32596055790782
0.109513521225791,0.3364760838449
0.462746636010706,0.270913586951792
0.0869930656626821,0.377646915381774
0.547536617775947,0.775317456573248
0.0933796878170395,0.350980596151203
0.189979057345526,0.990954118547961
0.32857211958617,0.790304900612682
1.64756385833004,0.0764366041403264
1.99673124766889,0.199527116958052
0.0178692573681474,0.997073448961601
3.03120500205045,0.0624222576152533
2.7839786557663,0.128064382821321
0.68757407553494,0.455886863637716
2.4722422621304,0.601837815484032
2.97763133266352,0.611168278614059
1.64843473761323,0.0558720326516777
2.62141732118255,0.800574121531099
1.51928425758126,0.510044018737972
0.346910084597766,0.929120776243508
10.8611108990093,0.611739684594795
3.35876199586277,0.011525928741321
0.664498029276729,0.152952688047662
1.05823808908463,0.624262359458953
4.3519665112061,0.76444729254581
0.494386568100549,0.914515908109024
4.63935536872058,0.566493725404143
6.19150234725247,0.235319707542658
0.446809161454439,0.403297556797042
0.235840039327741,0.774975924286991
6.27953040566216,0.714552976656705
0.898535937070847,0.304607477737591
5.3485255797667,0.405687692109495
0.0960237195646334,0.791194781661034
2.94853572903161,0.567303616553545
6.1940755244709,0.346843931125477
0.255325301569001,0.961304586846381
0.174963694997132,0.834638581611216
0.218152082525194,0.288216536166146
1.55001743855143,0.882620925549418
0.571097348816693,0.939127420308068
0.366577457636595,0.512703239452094
3.72628502158408,0.255007981788367
1.81094008065747,0.842011867556721
1.86417909463533,0.124181426363066
0.853622044436634,0.290969325695187
1.14948650822043,0.869348880602047
7.77292312267137,0.162211186951026
0.638717853548672,0.949430500157177
0.510368191637099,0.884474267717451
0.765249372479141,0.480209802510217
0.258382469415665,0.98117551067844
1.35047362465411,0.743286790093407
1.92772938488963,0.07805280899629
4.18310917267362,0.738708666525781
0.329414724372327,0.414975998690352
1.02870764303952,0.36579745518975
0.318909347605579,0.989812919637188
0.0764564163982868,0.715586143778637
3.24130655808334,0.751740076113492
1.46349973595681,0.221224739449099
1.54521638155281,0.755965348798782
3.56839948503261,0.721590033033863
1.0772734247148,0.123166611185297
2.0452945343941,0.17050992953591
2.3554372563118,0.401021523866802
1.50852314883286,0.130638233618811
0.0411754082888365,0.907924826722592
2.36283194559246,0.871777388034388
1.197304057756,0.295134377898648
0.0301263425499201,0.427634887862951
6.91322728957901,0.236242390936241
0.389569990336895,0.540226810844615
6.43730039860974,0.46080761612393
2.26289116548379,0.205878372071311
0.220739778118245,0.940100092208013
0.0296730166301131,0.97744810115546
0.0257607443501655,0.975712945917621
5.51343103845544,0.41528868698515
3.22986461205368,0.485345666762441
1.03939245510294,0.536319174803793
2.52894463195446,0.0287071065977216
1.16216410323977,0.0920396784786135
4.04867917654996,0.580406056018546
0.109904740346644,0.982022895943373
0.808659345157699,0.751770350849256
0.380024595186114,0.917438567616045
0.217158248229421,0.388046951731667
0.752000195587281,0.615400745533407
0.396133842912218,0.435588412219658
0.439362679602397,0.925863350974396
3.40274489654188,0.718677560565993
1.13028763979673,0.348591261543334
0.256767434068024,0.85069813253358
2.16507516047897,0.453116458375007
1.56021905438084,0.791640940587968
3.90132351947908,0.0698867163155228
0.347874535247684,0.739611762808636
6.05902412500153,0.0373823819682002
4.47326411654182,0.691347074927762
1.55169953994575,0.12567619793117
0.36999316322085,0.279849747428671
0.660938249900937,0.559814563021064
0.875789351761341,0.448918058304116
0.0547070766712014,0.973201273242012
1.3672492261976,0.747648591408506
2.02422933842551,0.249868052313104
1.43677761879363,0.0910793906077743
1.48010819606276,0.570084599778056
0.29872939334521,0.767701130127534
2.00607662803636,0.143264457350597
2.47284786022248,0.0913023396860808
1.50336074621257,0.243665523827076
0.18189965095371,0.313088529044762
0.583248385228217,0.245331291342154
2.0841011797611,0.617018522694707
1.02364652324468,0.196610697777942
1.92051729737761,0.836921009933576
2.93604343367701,0.215170122683048
3.40484501777177,0.144283695379272
0.06735405077639,0.986233668169007
0.681779234670103,0.25378698320128
1.09050049958401,0.606550848810002
0.674072619684063,0.957405095221475
7.53966311695886,0.756603884743527
1.01736124232411,0.230365889845416
6.26659150388012,0.3514423975721
1.90261361553314,0.671759162563831
0.59261874789496,0.347016571788117
2.19223355679753,0.68390171485953
4.90602690328784,0.508313489845023
2.84882938472514,0.143645081901923
3.3925763441432,0.0260989367961884
0.595160153694451,0.29943577805534
0.891131239943206,0.767461188137531
5.66603155545265,0.00115616922266781
7.14839936378312,0.119718070374802
1.06122308690101,0.875785778509453
1.69741200647297,0.299004827160388
0.947329487651587,0.708161898422986
0.845367847941816,0.958036453230307
2.76070078640225,0.730368407443166
2.48213454700055,0.0519797124434263
0.629973270331594,0.179923825664446
2.26127744329707,0.806285222060978
0.275923603275174,0.530829801922664
2.26156496993246,0.146313474746421
1.42931086189094,0.141090589575469
2.27106483644786,0.811846766388044
2.82844156007446,0.611925557954237
0.340033776074272,0.811101294588298
0.418394839391112,0.50187373906374
2.5402658972049,0.102971011539921
2.47079655333402,0.442176290089265
1.19109463412315,0.175485490355641
0.275234337634766,0.896124621620402
2.46842181115391,0.629874327918515
1.21549151465297,0.78722249250859
1.82145198984983,0.0827755825594068
0.306981698556542,0.247974459547549
0.594075444154441,0.185993680730462
0.980048198167367,0.889531760942191
2.30787270880284,0.255494771525264
1.4119959565902,0.925375593593344
0.846585565246642,0.400446480605751
1.29933108109981,0.662368172546849
0.59012795239687,0.802590550389141
0.607461041770875,0.778364530997351
0.00244026332278077,0.942320292582735
7.91800963696224,0.320381433237344
6.25302645530472,0.400060682790354
0.608306667767465,0.96765834861435
1.14514379110187,0.814155284315348
1.58316331720891,0.0633562000002712
0.922672225667856,0.106272370787337
9.46724829772368,0.487383438041434
0.0405682880636052,0.97386101866141
0.229418633505702,0.389657988911495
2.50975588141921,0.178062996827066
0.77741838619113,0.824231871170923
3.37485384179239,0.26691299281083
3.35772399865616,0.373577627586201
0.790783329610206,0.519375832518563
0.0334638683125377,0.989068106515333
3.88148125989323,0.663820670219138
1.14039240218699,0.572018795413896
0.843662011437118,0.881497964030132
0.127949694171548,0.665953962132335
0.493648630566895,0.261484907008708
0.265156297013164,0.780868956353515
0.593126363120973,0.635746753076091
3.18495942635422,0.22404528525658
1.14821078348905,0.531779668293893
0.526350104250014,0.924389846390113
1.27046963013709,0.142044326290488
0.119666608313812,0.99757067556493
3.96755488572602,0.0937197420280427
0.805295026816736,0.567252297652885
0.120619108900428,0.25399746466428
0.147909883923382,0.292291462188587
0.81670599617064,0.422507447656244
0.674162864685059,0.798292633378878
0.960360087454319,0.8174009679351
1.12697488162667,0.666253262897953
0.198945453390479,0.28718628291972
0.275352093505307,0.796768431086093
0.0346636345511591,0.998849186813459
0.0878517162054777,0.91218731040135
1.03224993497133,0.237835147185251
1.99999690606239,0.224088068585843
0.678058515302837,0.610317941987887
3.197335237926,0.0315994410775602
3.59725289214214,0.187486830865964
1.39011860443438,0.527989053865895
2.98313076424575,0.562949964310974
0.922551551833749,0.660127453971654
0.819918980821967,0.427962986752391
4.51737025727458,0.217899444513023
1.43870839230398,0.601262446027249
2.74291775739732,0.304063881281763
0.882028217427433,0.61411773134023
0.0728470124304295,0.627667573047802
0.560868139378726,0.187675230205059
0.282578918151557,0.679215942742303
1.28396744932979,0.0629221857525408
2.98900480349771,0.568990671774372
0.871278120204806,0.903301622485742
4.36173892704688,0.219295961782336
0.582902135327458,0.910285412101075
0.381130697205663,0.973077319795266
0.507336813025177,0.246467537246644
2.92097511870747,0.814989530947059
1.0179404374212,0.404345789691433
0.163868480321324,0.904666359070688
0.861168499104679,0.7875319076702
0.628232529386878,0.923877349123359
0.514899330213666,0.653129790211096
0.424447764233036,0.95112168113701
0.165691029735409,0.748905380954966
2.69090222558918,0.182171832304448
3.41657174734359,0.64213286107406
2.74954493335428,0.81187322922051
0.017810670658946,0.805561590241268
1.46197761586847,0.588500166079029
1.00013575609773,0.219287823652849
0.654745831037914,0.856494089821354
0.353047844953835,0.853335834573954
0.790866398252547,0.772615927271545
2.66881716429236,0.813707991037518
0.742760003682168,0.841987229883671
0.690328262746334,0.925861726049334
0.0395008195191622,0.381611092714593
2.39030137649717,0.408213024493307
0.0641608489413314,0.991496626520529
1.22243043966591,0.400976964505389
0.343093656691102,0.669630268588662
1.14099215436727,0.53707714099437
0.982042222283781,0.169949304079637
1.20674257166684,0.573562019504607
1.01006521750242,0.711196950171143
2.53284522510114,0.209117446327582
2.26023787624183,0.413768762722611
1.4843012075031,0.839224935276434
0.500305243767798,0.911713206209242
3.33821238829035,0.502157238544896
1.51702526070313,0.453234529588372
0.446236268617213,0.985725025646389
2.52143015704098,0.344298508716747
0.848864859901369,0.954158684471622
2.14241500935497,0.512389689916745
Rho_s: -0.431284029136117
Rho_p: -0.329177384694268
IC Time: 0.00999999999999979
