Rho:0
N:500
0.109668850962547,14.8789532065527
0.251535307615995,5.68979647169964
4.91977072854467,12.412292783722
4.19533031036086,9.34498612319142
1.02670540101826,9.79902238480696
0.30752982199192,9.16670109629295
1.7772711868489,15.0869776242569
0.34209932295322,8.27140231829832
7.66091037733828,11.799836403484
0.333587086699643,14.6594041846565
3.18837324627026,15.9905058378724
0.333619833923876,10.1361411333527
2.36115179438539,7.21808345558309
0.165755109299758,13.9227733220971
1.49839575394037,15.624219517835
0.584585105068982,17.6600263130976
1.68267795621398,8.40089121683501
1.04962869267911,7.38663822477338
1.19524603802711,13.3267767393614
1.06311215925962,16.3280153807627
6.06810238522045,6.47109464368143
0.758506187237799,14.9873844674094
0.00246703065931797,10.3858361521772
5.21739378553445,8.56596951099286
0.0757038191946688,17.8328252708682
1.01816579606384,8.1538972824549
1.34370610304177,11.9988918440104
1.35584088787436,10.6505489939788
0.706367243081331,11.242481629927
5.46408295978732,17.0577090939191
1.23341201152653,10.6766667910422
0.0854716219670772,11.0934534883793
5.94210280444393,10.9781518423237
1.19830632023513,10.3167071298243
1.3500417964533,7.69106762371237
2.91271331889515,8.56385914328559
0.107626312412322,10.8977586467609
0.540340235456824,8.06803386273985
0.348043718375266,6.51779314390739
0.16218588128686,6.19193797228122
3.6555551959384,12.7505468294589
0.361416064202785,9.31222968921633
0.671043786810254,4.06908567356844
0.0800634445622563,12.7804738690692
0.680977792479098,12.4675476191505
2.85149617848878,7.33876640866335
1.27439373079687,6.33372858529197
0.441860485821962,6.89994896830425
0.0987442405894399,8.14918978405377
2.66909668772461,10.2610092343666
1.53226242821827,8.24370558095571
0.388551267795265,4.08254150541542
2.93245683203115,13.7084053958159
1.41139314501526,8.76344939268954
0.500387039652035,6.19624891348546
4.87750133574202,12.109244545227
1.64121334991398,11.1251655227313
0.744753785431385,10.799412921368
1.09419351350516,9.35655205885439
1.94738333825227,4.79516772695843
0.575274743139744,13.5358722121313
0.372522430224251,10.0988635350961
1.41085911347511,9.3902880510985
4.62158797556977,9.20437663581208
0.623839310370386,8.70709463270587
6.15146873857746,11.8689035172782
0.670627452169447,10.8091585531621
1.1996982479468,7.63738626493
5.92547458060293,16.7191392934445
2.32194808675888,14.8642369411516
1.55414574584904,9.18718287082593
5.0590235512545,13.8541412593342
2.45716999462786,11.9522743275101
0.623899368569255,13.6953250402666
1.96296281731668,10.1846077959191
0.0987176999268044,12.7011642871786
1.55231613222241,12.0115008743244
3.23998939601665,15.1993277443963
3.91411342827563,4.72269835304678
1.87907095021838,11.0921472820187
0.138124166347293,11.3718314573992
5.25931693215795,7.90676935960009
2.10479618041756,14.1672837492113
1.22621522378176,9.26678855687664
0.636050446666714,8.34288615030273
1.65988123781028,11.3569017935251
0.710108996368945,7.66855825386855
3.80265479518061,11.4787177290374
2.11163580036702,7.0734214983772
0.673462764360011,11.6757261596644
1.48651497438051,13.4274365918517
4.03018712235575,8.28190937287888
4.54204145421214,10.6040240518375
2.06669052046835,6.27460637959086
0.310758995823562,7.21149479858495
0.846961725503206,4.74697962413508
1.64373926809969,11.5874639413312
0.334908447228372,11.4641079038678
1.80873391396346,10.6159355979587
2.26450587428155,10.4422031224915
0.0565161323174834,12.8112854252534
0.898292915895581,10.3486850304448
2.05948910295012,7.20754556758635
0.188826614059508,9.67630275599391
1.96303225575745,5.21379836389648
1.57861564114249,1.65005874785306
4.17929744774094,9.49898906744489
2.22140710375829,11.7173358282125
0.00296487467166023,11.6622752803989
0.322374584153295,12.9701347307683
2.4184445812458,10.8789391353586
2.44244828998091,9.17149710266639
1.92248109160903,12.8647880795383
0.0746016055345535,13.9276266968865
1.24672349728644,12.9497019554277
0.660304151045498,9.81407385054039
1.35673085507005,13.1533186892462
1.28016895242035,11.0027293492165
2.51365591204705,14.2024823848065
0.0262705702334642,14.7292968432322
5.80279644353473,10.9039443696286
0.676282866857946,13.4547645852726
1.03305466570875,8.98859796271582
0.195628806948662,5.1834613112988
0.680399435572326,8.01096169861713
1.30631331261247,8.80259549121388
0.337100942314488,10.4494071028167
2.33329142062905,10.7118556490429
3.00406632860065,9.6312752353671
0.50656424555275,7.37460228514473
0.142105484948482,10.0437714819703
0.636543764732778,12.3048017416204
0.889558698982,13.0486985546633
2.64622291355374,17.7079919039015
0.713049952872097,9.91348861277619
2.89806490001009,14.7841948164736
5.46118989934154,13.1563688157593
0.798838317394257,10.5714340678374
0.12487961348436,8.63479907598078
1.85995550577416,10.3578754610687
1.55930753975155,6.49234481564728
0.0869529234689136,10.1129053117807
3.05405765010004,13.0896257804764
0.412658571265638,13.0513085126982
4.41197967131562,4.93476279546994
3.51456025226002,3.11736302710388
0.128189725527821,9.17994448721231
2.75685944399777,15.1195627686288
4.746383677916,13.7644952649264
0.558688371442258,12.878602766711
1.55746999688283,6.10998532130422
1.24253390356898,8.02094554253251
1.42954201831144,10.1872605833875
2.42405787474456,10.4991581882695
1.39150751559975,3.60881192128219
1.1518111648038,16.0961319738053
3.30567521411382,9.81953193576489
0.527835608460009,13.931989612924
1.65780610023978,11.7779297280935
0.474613284692168,7.47093253094876
2.4579433350915,8.08835424844819
1.15155130811036,8.65443611416213
0.713713704608381,4.50668182309293
1.08243068959564,5.41294213005347
1.02967627128922,6.90858450395655
2.53411811768057,14.4893134133792
3.2697359806109,11.5496200684793
4.57716604669519,15.8468081940109
1.29123837593943,7.14796767310346
5.02799461384244,11.9080371188792
0.606305908411741,9.33301602002323
1.50426188733731,4.36384862062797
2.70469271196964,10.6482654919839
1.17195590119809,11.587329149219
2.01402782454135,8.93555234651877
0.128981374204159,11.600933274189
0.156120989895547,10.3595352420707
4.1040601840425,8.83255460045689
2.46680824220774,9.54585399767595
0.671607977710664,18.1337969460404
2.37360652714016,6.86144750637131
0.749989084899426,10.9715288021178
1.22081407811493,11.4171671014403
0.397736486978829,11.2478735874163
0.205310404510009,9.66219645354748
1.02436895668507,11.46503697362
3.09403718991165,11.9615366028827
1.76455874360147,10.7296982159778
1.27917749527842,8.35665979646771
1.99996579208875,6.99423867180994
1.15021804720163,16.56155703524
0.492898563854396,11.2231776897821
0.651002512313426,11.8099355182898
1.97138456991854,8.31209268565256
0.187016969546676,9.08391638810798
0.629977510310709,6.26393207008549
1.24149272125214,10.948895598191
5.21034497369952,11.7259567279367
1.67843331388178,10.133390869768
7.68677441361261,7.93278159456662
1.98829879224923,10.0676489166478
2.18873048379066,7.07985698112195
0.419375338591635,7.61435477856794
1.3557005180046,9.29983285133001
0.571731342934072,13.2521643102429
1.96929620570483,3.61902477751875
0.962337024119051,4.599618661787
3.34276357276325,13.9266625509271
6.82195228598238,8.68436234102132
0.221612671222622,7.70712182009673
0.848112484440207,8.96809495907442
1.7871564030415,10.745196325121
1.88099854989889,9.7630819000335
7.14935634615731,9.18101235902467
3.16920623538976,12.9713914009621
0.491335107013583,8.43190713370168
2.69518401837888,11.8917872790682
2.91312300397043,10.9605518749704
2.23763911790195,5.91766913372757
0.444977241952049,10.7607826224082
1.13558616116643,6.21911688905097
0.984047220088542,7.02330883109917
0.621044268214074,9.14794850224266
2.59436046137455,10.1058362732822
0.690541436895728,6.16511208923435
5.25483056830308,11.3099295309617
0.203282583200027,11.3534431373399
2.32223257786574,7.39245728531044
2.78053163227478,3.13010490138329
4.0852400845099,13.699722444426
1.90229946925285,6.71617434356332
1.12729239184409,8.98848513546988
4.06544566137676,7.42724392982199
5.4007733647985,5.63654833198265
2.30511307894232,8.1191292300934
0.663242301903665,7.5985833021771
0.372480514459312,3.4823416154638
1.18294307310134,15.9725791277574
6.44056139852772,6.63356181384155
0.110386612834831,9.31043952748472
2.76171983025017,8.03718704385606
1.87023994690719,15.2443435885005
2.36938853553476,11.5390204900793
0.134584467684837,6.59296452307158
0.533764422414083,8.67077432972615
4.00978709740524,8.3457408801407
2.13144507995787,5.99695827116516
7.55060742380929,10.7978118978057
1.06273881718516,11.9294857420909
0.998243901878595,9.21568878906331
0.244305443066721,5.20134988429199
0.077748341363561,6.38105280563815
1.45108903351087,12.4585666346603
3.3353830425251,11.541024160659
3.90471790341621,11.5104620642343
3.01438603275557,15.6833944993228
5.45104841490216,3.83714981578239
1.03685206361115,13.7086180807486
1.89144118494334,12.072301373053
0.0579241011291742,13.0433944322697
1.83764896203044,7.84448799045026
5.18915454645581,11.1304495560001
1.12222075462341,8.96098320928975
1.85829923107269,6.78180964873843
1.53806052410529,10.3640022928881
3.70512878878002,5.72545958135465
2.71345011881533,6.97063305055051
2.13319517205475,12.1481833963784
0.435914438217878,7.27378309005419
1.30282155610621,8.99272395171558
0.655415928922594,13.0611497141842
0.409624013118446,8.91140129411565
12.4359759979679,12.5712724112225
2.02821981153431,10.9145418857784
4.26301478749972,9.03623602553592
0.857046284712851,7.39467261872933
4.22496673302492,11.8888229759569
0.471122540830768,9.98126833700409
4.333348121242,10.8922204408133
0.194343107752502,7.98091460791779
0.322281656162659,8.17294281536598
0.227705937086846,10.5346352441453
1.19715019874275,9.20281413951902
3.74892863241916,5.21633501351063
0.303922095200696,12.2069123544862
1.233876244165,4.2100487777837
0.503373581672421,8.41418323271324
3.77591652173946,10.0732849411486
3.54318223626533,10.4263783611126
4.21803212513156,9.83101389570731
4.39649569288454,12.218526192562
4.73368898408667,5.16204881925731
3.3600828505368,6.59453396973871
2.95643671423737,10.9950887382742
2.95300396887546,10.8156699520421
3.22235844901676,6.46557704760365
6.55812965299854,9.7233020217015
3.78593831865077,14.1361869344151
3.8337965531457,3.83713423736844
1.30422808788717,6.63434489364447
0.111255483701825,13.7889236305512
1.09743437822908,9.7915377334306
7.00884312011858,5.53050858223601
5.54089849789567,7.08148284187453
0.253803107887506,7.12904789529619
1.40827045270004,10.9807003575493
1.08387321233749,9.17104509018778
2.56522025366966,10.7150108563434
0.575429293482892,12.5783280983165
3.09936196824661,8.01420128434072
0.493397097888276,11.5890654202894
2.89298194863875,12.5629535971097
4.02214075608139,12.9611546240437
4.17485067928117,6.2546813421211
0.664172749966383,12.7945720506802
1.27935176342726,6.98423241417894
0.126745801646941,9.07290769990775
3.26938366897279,8.69435558528589
0.591625587083399,7.79527240853737
0.578280925750732,8.90228447284194
2.16158553018215,11.1987157266366
2.58760684906485,11.403476596552
0.0346594173461199,9.16982088112243
2.04851379795911,8.54923085621107
2.5334402117038,8.14884128445799
0.238827362656593,11.0231561350839
0.332990842871368,11.0174411179997
1.51243804200532,6.81361469287686
0.00916497316211462,9.40652054984896
0.722530799930959,7.20778353994046
0.0723971824352685,5.46876310257126
2.88270505873447,9.56701075816713
1.11340595688671,9.62572842952346
2.22993188342991,14.0153331587217
6.03423415788226,14.7470881535312
1.09117584023625,11.7220417739656
1.17209556233138,14.1077438984067
0.594836345873773,6.23237963031022
2.52191812292555,7.68907702106408
1.93722135378959,12.4402928056869
0.220217459835112,8.62345118912456
5.48713743288941,4.60709907315408
0.864176584407687,11.9480005031265
0.9648541429599,6.94933436734667
0.257590246219704,9.99522403073665
1.22370442189276,10.2830333440234
4.3364304153725,7.82847336646957
1.75963255754652,7.94328611440312
1.85979631534758,9.99940719445659
0.139512692579927,6.34474627471488
2.32488971567693,6.8092676381668
0.548914698883891,5.40338796930069
7.38833678844285,9.76810171628106
5.00999877204127,9.27911556867184
0.808622779307842,8.51527729187968
2.7705717216337,9.86402346728761
3.32467500103598,11.9796001265498
1.28873056452721,11.399287717011
0.0628521616065903,6.99612385799216
5.19207520693014,9.06495532055187
3.90068223683124,9.40048257423666
0.823600511066616,11.9379462248882
1.47296213536503,10.0087891000397
0.728375508449972,11.5181571202324
1.79407267450335,7.58874723894607
0.82752173844077,13.1232701456663
1.66111042342129,11.6024347879563
1.72348861574175,8.22831476083852
5.55016903545628,9.56150451156407
2.29980207785013,7.8205285152808
1.09423393011093,8.95297671156208
4.78807659794517,11.122226878188
2.75028076945784,5.59306460545604
7.59088697853027,16.4009384885685
5.03904314686484,3.39791553528204
2.28093430743209,9.80533236897102
0.411358711853146,17.3877760883175
1.24562470428646,7.49797070099399
1.8161220922226,13.4477425805096
3.65154681337957,15.7337206192177
4.30075133006067,7.45058831613679
1.10467367898673,9.31545049510113
0.48783048056066,11.224316353628
0.1320436373353,9.24731026301304
1.14337799604982,12.7296268197438
1.89981830439518,14.5940927690244
1.39098295188489,10.4094141386133
0.810591048561037,5.38093267393836
0.0771645978093147,8.03831626677183
0.278874262430849,5.36613265036017
0.188110436312854,14.5395794683501
1.43019152610543,10.0216839937132
1.01913929451257,8.33934473388186
0.900138327851892,10.4191531499662
0.0146915856748819,9.98149753274964
0.630196009992218,12.3709168800388
0.644632452167571,5.70516212144121
1.75018480597975,5.06859128831442
6.65518110956917,12.4014855409942
3.69744258729701,8.97056201691127
1.99811455226483,11.5864117870727
2.8144609751638,8.33952325245232
2.91393509117847,7.33747854519635
1.01885123817326,15.1972060802805
4.19368109233347,12.1665112150879
7.0190085280211,19.0829951737012
8.97162303642672,13.7072309669671
0.480287377722561,11.2874637515156
0.0978706600144506,9.72865434267552
1.05207860935479,7.36956765572878
1.8064311350504,11.2707465296391
0.0362648796290159,12.8098284832453
1.60840195643154,13.1293360209507
2.72960810354891,12.1877062325303
2.61747276774588,7.58907283134881
4.19474196036286,11.7094828450534
0.863012070672318,14.4626190112162
2.68646865329685,10.9525509285051
3.91803418083077,13.46318304287
0.458769937045872,9.39043272922774
2.03891838147285,7.58623323181476
2.0053353178406,2.91830207994052
3.75808677805548,11.2977030017368
2.42350142627003,10.759853307781
1.26217328291386,12.0806238322246
7.90758414151979,14.7023019860418
1.1214762814343,11.1077440772754
2.35535359001699,7.68933676102429
2.50876607923749,10.1602429318783
1.76676779604497,4.84480372294272
0.520765365915352,9.31058102398196
4.82457969069526,9.24150541786136
1.93645230113509,10.0776308277883
0.508778053335845,12.1320413245722
1.9065761937851,7.88764399836926
1.10555326286703,11.2861776997092
0.670398616963222,6.50012481597978
1.77382211574258,9.09910614669675
2.15133188656511,8.55210905760747
1.16069859080017,7.63277634584521
4.17140297193952,6.613364089621
0.0110710675407686,9.06860401576684
0.241228781543573,6.12739667253063
3.06262996403461,7.8491447056187
1.56784828371348,9.87032425094385
2.91868136061316,15.361086900767
0.333977174945176,7.50739412449395
0.169063832610846,16.455619666291
0.488978801295161,5.17833904942418
1.69529833822491,17.4844915220338
4.53657833834119,6.3525547756265
1.34891026839614,9.92598083450022
2.43566595009508,7.76849616809302
0.319041214091267,10.0762366511229
0.24362748218613,15.4790706366236
0.871050295419991,8.95854107485107
1.5467078219259,4.08076760202492
0.461290503886315,12.3560726745873
1.33454688824713,7.28888624161376
3.81820197759156,10.5153025001747
2.94556296599989,8.27728436007543
0.621350067066922,9.99152643838106
3.78686286670297,15.2241311450606
2.71228681496325,11.5475250805582
1.14299788605422,12.759967077651
1.26410848647356,17.7773771062503
0.655549926683307,3.72484009216327
2.59024066097083,8.95330861919413
3.49032515270596,13.4376802426107
1.38630522034111,5.57300823168256
0.612057554535568,7.27783713739703
1.22112592495978,7.98905042064439
0.415588322667942,10.4937383447614
4.28121503044791,13.314836388626
2.46282147980275,7.27078002648449
0.795899078793308,7.45727535782472
0.406619884073734,8.30435392593119
5.81872101094494,11.2502438036
0.680363830201362,7.89018965535079
3.34438655723112,11.6262010302372
1.12261546496302,11.9198768045595
0.5574024883069,8.49577365448425
0.17229660321027,15.9304127249359
0.94232639297843,9.26962357209262
6.37464023864941,7.27503869591634
5.41256871421762,13.6333480576259
2.8833496494401,6.31325465078598
2.19132016031983,-1.2930617874626
1.66475737459006,7.30305349498702
0.0485626885941047,9.35542829151047
1.08225593928222,10.0489982335583
8.31220750096155,12.1733450440214
2.32633977561238,8.44244464731268
1.26628761329222,13.3062298228529
3.34824381379371,14.2497509067479
4.45876371530595,14.5018329479093
0.488451183773577,8.0045094148347
2.32585702641847,10.5117231819345
1.7374905217211,6.63814224370101
0.171294305473566,2.95551034345914
Rho_s: 0.0559875199500798
Rho_p: 0.0847346558921078
IC Time: 0
