Rho:-0.8
N:1000
0.109668850962547,11.3393200229784
0.251535307615995,13.0151595498449
4.91977072854467,8.15165228407281
4.19533031036086,4.81646394153348
1.02670540101826,8.91364466588067
0.30752982199192,11.7233384190172
1.7772711868489,9.5530203801435
0.34209932295322,10.3121157545487
7.66091037733828,3.9181503386169
0.333587086699643,15.0098836405888
3.18837324627026,5.48263763308249
0.333619833923876,14.7916323031523
2.36115179438539,11.4015061819608
0.165755109299758,11.4385327144355
1.49839575394037,12.717471252107
0.584585105068982,12.1654317440944
1.68267795621398,12.4014855409942
1.04962869267911,9.31303151756369
1.19524603802711,12.9981348504295
1.06311215925962,13.0074851980732
6.06810238522045,8.36446738561011
0.758506187237799,11.3786941399641
0.00246703065931797,14.2718102405649
5.21739378553445,2.55108119620008
0.0757038191946688,11.9305206374257
1.01816579606384,11.4007903550973
1.34370610304177,10.2744309557983
1.35584088787436,9.94289092434766
0.706367243081331,15.0088083515811
5.46408295978732,5.5422482773186
1.23341201152653,13.1922812350332
0.0854716219670772,16.8522774416658
5.94210280444393,7.82847336646957
1.19830632023513,10.1383895398127
1.3500417964533,12.6133536347684
2.91271331889515,5.79728244806507
0.107626312412322,16.0051523493081
0.540340235456824,13.1067318466382
0.348043718375266,14.7012286855522
0.16218588128686,14.0957748265465
3.6555551959384,7.247698280025
0.361416064202785,13.4497539381229
0.671043786810254,13.3758937065571
0.0800634445622563,14.794799127519
0.680977792479098,13.1909466049355
2.85149617848878,5.94503470194167
1.27439373079687,8.68056393561926
0.441860485821962,12.4831930174874
0.0987442405894399,14.0883707922071
2.66909668772461,8.95854107485107
1.53226242821827,11.0292049933126
0.388551267795265,15.7909278656778
2.93245683203115,7.01948630495326
1.41139314501526,9.08172368204812
0.500387039652035,12.2074864713112
4.87750133574202,6.78845984387735
1.64121334991398,9.463014389543
0.744753785431385,11.5195764112592
1.09419351350516,13.1765529323986
1.94738333825227,6.55386848950224
0.575274743139744,10.5038736128936
0.372522430224251,13.717532246236
1.41085911347511,12.4596802720113
4.62158797556977,7.45400228126733
0.623839310370386,10.0891623012449
6.15146873857746,9.16868809950069
0.670627452169447,12.0082103357744
1.1996982479468,13.1791100745719
5.92547458060293,4.73598290940467
2.32194808675888,6.19624891348546
1.55414574584904,12.770192559384
5.0590235512545,6.84648523646158
2.45716999462786,9.62425275026817
0.623899368569255,9.42181054136313
1.96296281731668,8.2961743914069
0.0987176999268044,16.7263854070724
1.55231613222241,8.77393048918055
3.23998939601665,8.99208536332142
3.91411342827563,8.01420128434072
1.87907095021838,6.86000062893952
0.138124166347293,11.8095585917053
5.25931693215795,5.46674001001242
2.10479618041756,6.23237963031022
1.22621522378176,12.7859250812093
0.636050446666714,13.3340395951703
1.65988123781028,9.87757740810691
0.710108996368945,10.9138307297695
3.80265479518061,4.85065309088441
2.11163580036702,9.21816758237518
0.673462764360011,9.39569320427061
1.48651497438051,8.20687059501777
4.03018712235575,5.83376276401587
4.54204145421214,6.71011355021931
2.06669052046835,9.51638983200233
0.310758995823562,15.9457122328172
0.846961725503206,14.4826831995923
1.64373926809969,10.6012451219884
0.334908447228372,16.7659384690651
1.80873391396346,12.3411729769753
2.26450587428155,10.8058768882798
0.0565161323174834,13.8504600343083
0.898292915895581,13.2515992467427
2.05948910295012,8.69842980105393
0.188826614059508,16.0226012967841
1.96303225575745,11.7131730791515
1.57861564114249,8.85347053000098
4.17929744774094,9.46768931225536
2.22140710375829,7.8083689920329
0.00296487467166023,17.468342283017
0.322374584153295,13.8028651788874
2.4184445812458,7.74571735286368
2.44244828998091,8.13678935871199
1.92248109160903,7.72121460620733
0.0746016055345535,10.9838481391015
1.24672349728644,8.38499205442162
0.660304151045498,13.0260095500268
1.35673085507005,8.50663232248425
1.28016895242035,10.06519836595
2.51365591204705,9.61979785267378
0.0262705702334642,13.8724073720694
5.80279644353473,5.82829002249986
0.676282866857946,12.7876898367631
1.03305466570875,8.20890443406531
0.195628806948662,13.9045708799087
0.680399435572326,10.2772147300562
1.30631331261247,10.9950887382742
0.337100942314488,12.0267198924169
2.33329142062905,8.53248525358606
3.00406632860065,7.70224457145856
0.50656424555275,12.3052931394045
0.142105484948482,14.5965042662458
0.636543764732778,11.3533848822178
0.889558698982,9.52826300384647
2.64622291355374,9.43776688137254
0.713049952872097,12.1814902692268
2.89806490001009,7.08559343240977
5.46118989934154,6.16082673908926
0.798838317394257,12.572135388886
0.12487961348436,14.9081856369339
1.85995550577416,9.4853149891741
1.55930753975155,9.76071774724682
0.0869529234689136,13.3080707703984
3.05405765010004,8.4042745380623
0.412658571265638,15.4886475402814
4.41197967131562,9.83761235293474
3.51456025226002,4.98021624913764
0.128189725527821,10.8059949069008
2.75685944399777,7.8601475807653
4.746383677916,8.0591426893605
0.558688371442258,15.2190021716107
1.55746999688283,11.3638568408469
1.24253390356898,13.0141183826004
1.42954201831144,9.06079606490836
2.42405787474456,9.31545049510113
1.39150751559975,9.58102982585672
1.1518111648038,8.19551798638661
3.30567521411382,9.32341565612782
0.527835608460009,14.1602742711396
1.65780610023978,11.5864117870727
0.474613284692168,10.4830655881324
2.4579433350915,10.7999971741071
1.15155130811036,10.9970141833002
0.713713704608381,9.71875616595266
1.08243068959564,8.28279237256316
1.02967627128922,12.1689751221322
2.53411811768057,5.72140945443121
3.2697359806109,9.39545205738445
4.57716604669519,4.17047689349694
1.29123837593943,7.62171970552767
5.02799461384244,7.49699241844685
0.606305908411741,12.871142634141
1.50426188733731,13.0192176153279
2.70469271196964,5.68356171557441
1.17195590119809,12.4853252936547
2.01402782454135,9.25303208898185
0.128981374204159,14.0843108501455
0.156120989895547,13.8939486016887
4.1040601840425,6.25598670405909
2.46680824220774,9.55049812286911
0.671607977710664,13.4207693675644
2.37360652714016,10.2447189848392
0.749989084899426,9.11350411808007
1.22081407811493,9.02498427512282
0.397736486978829,14.0005251870336
0.205310404510009,12.6143210651058
1.02436895668507,10.2341694233377
3.09403718991165,9.28801079491466
1.76455874360147,11.0229935839317
1.27917749527842,9.93326543343988
1.99996579208875,7.41577280786219
1.15021804720163,9.8892307599501
0.492898563854396,11.2923929393891
0.651002512313426,10.0503099134997
1.97138456991854,9.10036352899196
0.187016969546676,11.8647212172752
0.629977510310709,12.4621389192385
1.24149272125214,9.6884758776993
5.21034497369952,2.94977827545701
1.67843331388178,12.3354413471579
7.68677441361261,6.96212353608654
1.98829879224923,11.4454923770328
2.18873048379066,11.0906623207157
0.419375338591635,15.6520186057417
1.3557005180046,9.48087300004053
0.571731342934072,12.5632214552359
1.96929620570483,9.67257894302951
0.962337024119051,12.1015886544106
3.34276357276325,9.36949138585678
6.82195228598238,4.69030195991063
0.221612671222622,11.7252133147337
0.848112484440207,8.96172697899824
1.7871564030415,8.59248890239062
1.88099854989889,11.7300731894478
7.14935634615731,4.51234673294351
3.16920623538976,7.63738626493
0.491335107013583,11.224316353628
2.69518401837888,8.5749991686963
2.91312300397043,8.53100597691277
2.23763911790195,7.32475516891088
0.444977241952049,9.77694925820482
1.13558616116643,9.04188971103238
0.984047220088542,9.26470975123003
0.621044268214074,14.1764758639988
2.59436046137455,7.34785506070102
0.690541436895728,9.8218599431295
5.25483056830308,6.16733857274078
0.203282583200027,12.1050625420051
2.32223257786574,5.87312726610867
2.78053163227478,7.54324315981656
4.0852400845099,9.60078370144267
1.90229946925285,8.7371873819877
1.12729239184409,9.62585116394154
4.06544566137676,7.81106164850781
5.4007733647985,6.76369377354601
2.30511307894232,6.09610187728636
0.663242301903665,12.1665112150879
0.372480514459312,10.390367068768
1.18294307310134,13.1159901500639
6.44056139852772,5.9132839001216
0.110386612834831,12.5136522151331
2.76171983025017,7.62066859298098
1.87023994690719,7.42448824100199
2.36938853553476,9.18255310121437
0.134584467684837,11.6434780500711
0.533764422414083,10.4567276706168
4.00978709740524,5.5466764979876
2.13144507995787,8.86525605591465
7.55060742380929,0.532461373315734
1.06273881718516,10.307286942347
0.998243901878595,11.2138250429038
0.244305443066721,11.3269670117316
0.077748341363561,14.8331431968245
1.45108903351087,10.3542965770412
3.3353830425251,8.22377968220383
3.90471790341621,7.98453312500004
3.01438603275557,10.2267912672743
5.45104841490216,3.21093216572916
1.03685206361115,12.5103081058467
1.89144118494334,6.58729279622526
0.0579241011291742,11.9480005031265
1.83764896203044,7.88899161127427
5.18915454645581,8.47317856861041
1.12222075462341,13.6894666670414
1.85829923107269,11.8951921312948
1.53806052410529,7.8887353617569
3.70512878878002,9.32833656483061
2.71345011881533,9.8912266728042
2.13319517205475,10.5852418160574
0.435914438217878,14.9871761594498
1.30282155610621,12.5343991655964
0.655415928922594,13.5497497534969
0.409624013118446,11.9329454975676
12.4359759979679,8.95034215958462
2.02821981153431,9.26672744006859
4.26301478749972,9.65015214545155
0.857046284712851,14.2227765795526
4.22496673302492,7.88973670740486
0.471122540830768,14.2391485774486
4.333348121242,8.33875068013659
0.194343107752502,11.0662803384791
0.322281656162659,15.2989354847553
0.227705937086846,16.8921649462301
1.19715019874275,9.70083775326154
3.74892863241916,5.93210606806571
0.303922095200696,12.9695264283864
1.233876244165,9.95616627631677
0.503373581672421,10.3478008314133
3.77591652173946,5.38012989581847
3.54318223626533,5.28526484354352
4.21803212513156,5.12274620336846
4.39649569288454,10.1007766729681
4.73368898408667,3.17056510415111
3.3600828505368,9.99152643838106
2.95643671423737,8.95114493391515
2.95300396887546,8.53613190484585
3.22235844901676,8.17917031345448
6.55812965299854,3.9955628308221
3.78593831865077,4.36384862062797
3.8337965531457,7.21992104261814
1.30422808788717,11.9119664907022
0.111255483701825,13.3816166541135
1.09743437822908,11.8984961548123
7.00884312011858,7.31979090979525
5.54089849789567,9.35303580273655
0.253803107887506,13.8343526489874
1.40827045270004,8.85581504949492
1.08387321233749,9.41679979256783
2.56522025366966,6.46851286327509
0.575429293482892,15.1412980590464
3.09936196824661,10.8730448521009
0.493397097888276,9.8106591186809
2.89298194863875,5.28381391268128
4.02214075608139,3.98525045782887
4.17485067928117,6.14876090687896
0.664172749966383,10.7235600008274
1.27935176342726,13.0110607429888
0.126745801646941,12.0641252965328
3.26938366897279,7.94835075924646
0.591625587083399,11.585588816172
0.578280925750732,9.8267177063288
2.16158553018215,11.2548551083473
2.58760684906485,6.92439079910973
0.0346594173461199,11.8388899194175
2.04851379795911,11.4555021006007
2.5334402117038,6.20672897227149
0.238827362656593,12.3489020551585
0.332990842871368,16.2550051399768
1.51243804200532,11.6428898388085
0.00916497316211462,12.2519481511641
0.722530799930959,12.8923108268441
0.0723971824352685,16.2682301842256
2.88270505873447,9.46554941334287
1.11340595688671,8.44244464731268
2.22993188342991,6.00359834373589
6.03423415788226,2.8975906488167
1.09117584023625,9.20860049816646
1.17209556233138,8.71215597462905
0.594836345873773,10.4820993987691
2.52191812292555,5.43829579706849
1.93722135378959,9.21222338474721
0.220217459835112,15.6185779410478
5.48713743288941,6.01962622638095
0.864176584407687,12.2805472773286
0.9648541429599,13.2452376373167
0.257590246219704,10.481097352825
1.22370442189276,8.59798892483435
4.3364304153725,5.56480618746873
1.75963255754652,7.79527240853737
1.85979631534758,6.67829518286178
0.139512692579927,17.4844915220338
2.32488971567693,10.6463220835146
0.548914698883891,10.5015127528189
7.38833678844285,8.33660884938412
5.00999877204127,7.67063577981525
0.808622779307842,12.3678952236141
2.7705717216337,9.79062821202917
3.32467500103598,8.0166810451767
1.28873056452721,10.8610284573045
0.0628521616065903,17.6740011621068
5.19207520693014,9.51774488493949
3.90068223683124,10.3590042000644
0.823600511066616,11.969803726081
1.47296213536503,13.1320939797689
0.728375508449972,13.661564409573
1.79407267450335,7.33747854519635
0.82752173844077,12.4585666346603
1.66111042342129,10.4060630096286
1.72348861574175,8.98659536180824
5.55016903545628,4.72578586844574
2.29980207785013,7.87843697921237
1.09423393011093,10.7174632131414
4.78807659794517,8.32867819045484
2.75028076945784,10.4636520144873
7.59088697853027,8.14884128445799
5.03904314686484,2.97850185610942
2.28093430743209,7.41298377069516
0.411358711853146,13.2394721756939
1.24562470428646,11.3927182518765
1.8161220922226,7.79370161086415
3.65154681337957,8.08006990669399
4.30075133006067,3.83106299993441
1.10467367898673,12.4006677036332
0.48783048056066,15.1834010936126
0.1320436373353,16.2900354362476
1.14337799604982,8.4742782570222
1.89981830439518,8.64617423530352
1.39098295188489,9.22894715481443
0.810591048561037,12.1117368134804
0.0771645978093147,12.3733992075885
0.278874262430849,12.0927913874236
0.188110436312854,13.4520568804208
1.43019152610543,12.084193772524
1.01913929451257,12.693719668089
0.900138327851892,9.99086956000616
0.0146915856748819,19.0628746143393
0.630196009992218,13.29602244445
0.644632452167571,10.8400531460949
1.75018480597975,10.4956119590663
6.65518110956917,5.23147612452366
3.69744258729701,9.56065048608705
1.99811455226483,9.18338387739569
2.8144609751638,7.81670115714568
2.91393509117847,5.7252246500183
1.01885123817326,12.5468347873686
4.19368109233347,9.71366710057999
7.0190085280211,5.94330008049814
8.97162303642672,8.7698637897018
0.480287377722561,13.1418515587419
0.0978706600144506,16.5020226848636
1.05207860935479,10.8180925550085
1.8064311350504,11.7259567279367
0.0362648796290159,13.7644952649264
1.60840195643154,11.0445179034325
2.72960810354891,9.62499158471205
2.61747276774588,6.81650423838149
4.19474196036286,9.44160879253343
0.863012070672318,12.3720518669744
2.68646865329685,9.20247647228105
3.91803418083077,9.59660058813136
0.458769937045872,10.5231480136104
2.03891838147285,9.39043272922774
2.0053353178406,10.7118556490429
3.75808677805548,9.33543736091306
2.42350142627003,8.73293069965651
1.26217328291386,11.886695151922
7.90758414151979,7.87696066530447
1.1214762814343,8.7178792411006
2.35535359001699,9.07894822837949
2.50876607923749,7.42278730991474
1.76676779604497,9.48688020080343
0.520765365915352,14.1645957866179
4.82457969069526,6.61896916928825
1.93645230113509,7.72026560623384
0.508778053335845,10.7664486259221
1.9065761937851,10.7622207315468
1.10555326286703,8.3357402234508
0.670398616963222,13.7710646037144
1.77382211574258,12.191649864349
2.15133188656511,11.3898915225954
1.16069859080017,12.0274083202552
4.17140297193952,7.37347078713992
0.0110710675407686,14.7420382490953
0.241228781543573,11.0246445031245
3.06262996403461,5.07357559162814
1.56784828371348,10.8887444604735
2.91868136061316,9.37863297853201
0.333977174945176,10.6401600656019
0.169063832610846,16.7790747740091
0.488978801295161,13.3125179802919
1.69529833822491,8.09396978250231
4.53657833834119,3.76541692804336
1.34891026839614,13.1936302023981
2.43566595009508,7.33902600511566
0.319041214091267,13.0664663662237
0.24362748218613,11.9631973946566
0.871050295419991,9.90094375127298
1.5467078219259,12.1329315136239
0.461290503886315,15.3750775039871
1.33454688824713,11.7727680301962
3.81820197759156,6.87863361745066
2.94556296599989,10.0020897887451
0.621350067066922,14.3459237400856
3.78686286670297,7.44493142440282
2.71228681496325,8.39069220922363
1.14299788605422,11.1834786725474
1.26410848647356,7.73861038245155
0.655549926683307,12.9292532762571
2.59024066097083,5.72621519418374
3.49032515270596,4.86745089447944
1.38630522034111,8.98903278744247
0.612057554535568,9.53124270401764
1.22112592495978,8.56286805736431
0.415588322667942,14.5008340566556
4.28121503044791,7.86086134526776
2.46282147980275,7.70472855063661
0.795899078793308,11.2747873263763
0.406619884073734,15.6675595692396
5.81872101094494,5.8158216731607
0.680363830201362,15.1195627686288
3.34438655723112,9.78587485939449
1.12261546496302,9.83211012466677
0.5574024883069,9.69107567935708
0.17229660321027,17.2128055305931
0.94232639297843,12.3491171712188
6.37464023864941,0.650470229003897
5.41256871421762,5.50215985913441
2.8833496494401,6.27460637959086
2.19132016031983,11.9305623934946
1.66475737459006,12.4945629364473
0.0485626885941047,15.0284099926524
1.08225593928222,13.7309050896523
8.31220750096155,8.06960718794283
2.32633977561238,11.5161837850005
1.26628761329222,10.9585228236895
3.34824381379371,4.19713027972277
4.45876371530595,9.07860028693073
0.488451183773577,13.8109971890879
2.32585702641847,7.69260337873208
1.7374905217211,8.17322085380557
0.171294305473566,13.1936155326802
0.57845837069496,14.7766527077899
0.89580993892365,14.1617553032885
0.945002820430106,9.79902238480696
5.26223201651998,5.6474426985383
0.621056300587952,13.7226394823223
2.41312402292135,7.98905042064439
3.68049210665708,7.64899360105098
0.787201838453999,13.7200699842592
3.41765516607051,9.64674054558396
3.30165825022345,9.62303589587302
5.85670037534008,4.13374095802024
2.49374429873171,9.66979568659073
1.17843329254538,10.5163667538234
0.380589407868683,15.1410037650551
0.026062123477459,15.790402842235
0.455199152058914,13.2933599103246
1.67889453089776,10.554291857288
2.51597164190354,9.77593319905845
1.40945987230109,9.29983285133001
4.32415221233792,7.69183195312937
0.633050152100623,15.4403625923897
2.19836935020032,9.95730699306625
0.705056292004883,13.1031776533458
0.794921886175871,12.0374128230882
0.568357293494046,14.6424132212929
2.76284023738446,6.40291767205463
1.43804330370369,11.536848261673
3.53387266008143,8.73652133558907
4.33403261719992,9.35078395480307
1.72522488973084,8.18349847569395
0.420246975496411,10.3228373228695
0.568558249622583,15.1730790791566
1.79103309093955,11.3068382878644
1.28277922794223,10.6999873082966
2.68252856462243,7.47093253094876
0.0615877585639606,13.6701255116858
0.227776202895674,14.3590900706811
0.483238869690891,13.1864864158939
0.413863679949268,15.092925530364
0.493010954676881,10.581021669745
5.8440759774662,3.9071708972975
17.0451226150269,6.711443545
0.902914839796722,9.66774717941974
0.666043758392334,12.1042661306634
4.14491543529515,6.71346973915929
0.543831334593611,13.7979059787834
0.0126479088523457,11.5667213699526
1.78199598371031,7.66709828932462
0.569007496349514,10.5632930416002
0.114587716758251,11.9422090118316
5.62198631104734,7.41737221914965
0.707199924013316,10.1563695354213
1.99597348601243,11.1213925297603
1.89960432603004,12.0241157551973
0.181466164896863,12.8149628152078
0.118481948040426,11.3741030559556
0.812824870459735,13.382745921001
0.965928092598915,13.7541689343627
8.00634257080865,-0.816735053053813
0.691892103363176,11.636459632439
3.06820795454417,8.10889490127268
2.25040308750215,7.12904789529619
2.01713963403347,8.65895288749642
0.199749336100477,12.6425254342838
2.03025683938506,11.1826513314393
1.41892783149126,8.31054251078765
2.66097176252844,10.7744497467478
2.99619331194048,9.9448279470233
3.29077800719028,5.34200703009614
0.856212061397033,8.7490862478803
3.85380594043021,6.0797517241373
0.21929930369968,14.7957285377126
2.85955935716614,7.38045679104658
6.4220166650034,4.08254150541542
3.29682996224297,10.4688885991225
0.366832274012268,11.9220890441395
1.98253860688748,11.3111931822029
3.31284802017694,7.15140224906895
1.85062823436203,10.3131444427398
3.4798435604382,5.09315446142325
2.61396673499587,5.41033469295589
3.1967411186365,9.6754262086382
1.46462539388778,8.16470582053801
2.13443041025641,10.0525382454003
3.68226028589492,9.98066733131193
2.63908062308075,6.85047300452296
2.10711399084868,9.32514818294315
2.45318396008554,7.83175340411703
1.53540019682589,11.4103669772325
1.57904712088209,12.3807295199366
1.75718190178223,10.0855860225962
1.78192543368319,8.28522395690165
2.56131625539603,9.56941985229316
4.51407102842755,6.86888236391771
6.05911119248638,7.03828735879251
1.99827413997593,11.2455695213502
1.06828464567661,10.2610662767996
0.898103658109903,9.06190325154291
3.01491195552631,8.17232642608528
0.29223330632748,11.9560510105925
5.69188815321694,8.25680432288321
0.607394467921952,12.7558818541494
2.02830295815113,8.15410569448168
5.96338769257671,6.70300869836891
2.72710230379345,7.75528365044928
0.955102014309279,8.87183391449848
3.95292187092786,5.97862176794694
0.523607770912349,14.4323757271143
0.373573570512235,10.1100688506688
4.17903766383357,6.53097648679673
1.59617139540071,9.34049413930065
2.59387068255785,10.2610092343666
6.4906976666666,1.82135094383735
1.32077316287905,9.59013654116302
4.42557020337781,5.81920983973075
0.0562850562855601,15.0065278523484
1.11857281439006,8.71336270027878
3.17309177348284,9.29918791254742
0.438514696412332,13.474027885941
3.01122589765077,8.87040861341212
2.96209395287519,10.3543615049081
0.0554134698748499,13.9774399637208
4.49187822987266,7.28456159703018
0.732237345455711,13.1340557481665
0.0694650729754219,17.3514147374671
0.126215229671076,14.4046237468755
2.29496052480283,8.53789568457516
0.340660843066871,13.8180873811025
2.87218844128733,6.83234739624724
4.19249152232076,4.7669666035581
0.234369020909071,17.1998677700607
0.979799835011363,13.7591563646333
5.42792047907538,6.95536284646996
3.39691731980803,4.39879210814279
2.33450577399674,7.73637831276969
2.32131355321187,11.5475250805582
9.10538933375731,7.39894211985431
2.25170471138301,10.3151128337331
0.325343053787947,14.3839077561415
2.00480838297846,8.45703216149449
1.43901325940135,8.54332818611611
0.172330705448985,17.0577090939191
0.226039223372936,13.4326666647939
0.32641269569489,11.9383790555084
1.27422375883907,8.12404668485284
1.2090717330575,10.6935338493667
4.71639390582803,5.80881699517515
0.0875028735026717,11.2950258553345
0.356905838474631,16.6744607539107
1.14726189989597,13.2280769417975
1.62085382724389,11.1388854560106
1.32542064972222,12.604676957405
1.98166362746599,11.7287745390748
0.401974342300028,10.1387071823406
11.3419393437024,-0.847477197967727
3.30607378093486,6.55243349956259
1.89574246845188,10.9060958133014
1.53315153866939,8.67088905913419
0.532525350180204,15.6654832143174
0.989557793363929,10.9693259487676
0.84535470418632,12.7436685715046
5.47989411254354,5.29368960672963
0.0633065755742649,11.1304495560001
2.302646452477,7.43590182626223
1.69208924774882,10.4870238185501
1.64421644612196,11.0958156681682
0.167096100605399,12.072301373053
0.190788239240646,15.4347484546545
0.774165404960513,14.4932328337234
0.664378549903631,13.857346291197
1.45052719592102,7.50493983087268
2.4154868274087,8.12931735783001
0.994644677266479,8.68434190650818
4.59495830883212,8.99559084834683
0.19134817143606,15.7070996966389
2.52571988469901,7.30610704512284
3.03164125030974,5.74660455476681
0.992322972803284,12.8369303761983
1.74626382291429,11.387090567586
1.6740035227591,11.5231733829788
1.36178441438824,9.11067736514299
2.74209258696976,7.60273873146487
4.33837394763656,9.88254307870531
1.53954235083404,12.8765612585167
0.942050587116322,12.4402928056869
1.9716630167419,10.2254610133856
0.838412549223565,13.843446300331
2.86787930859213,8.03823645709755
1.52571750937642,10.6596861474492
0.228990862606597,14.8918410107422
4.98577079524226,9.61105014850552
1.93879254579596,9.01905051756971
2.35734403870049,6.24133527818477
3.8246028794158,9.48583551588658
1.29823550395668,13.1610703606506
1.69787675897994,7.49967867679571
0.112145380925719,17.520834174208
0.255537134124675,11.1629367372938
0.694958079606295,9.20971866003424
0.847096906043589,12.3066461520908
0.972673097000686,9.05744853505548
11.8452584438755,5.78219787675251
0.214325572821183,10.8661577950208
0.495209189818541,11.7065003512268
3.27656459094232,6.3525547756265
0.748951272107661,9.2541162048246
1.99989602851285,10.3975108565928
1.16737435758114,12.0115008743244
2.81019062861015,8.44611039271405
8.40852565335417,6.89994896830425
2.28228601059856,11.4874351645778
0.238188932790715,10.9145418857784
1.99603817561549,7.05331649766072
7.48812917950463,5.5984753366648
2.37558706282618,8.71305284664798
0.973577342927456,8.65656313199931
0.699341223529273,9.71581997560198
0.438018611635878,13.5981852697679
5.56044286130615,4.75471768199955
3.77288449538832,4.80239026097708
1.01410218980163,12.6703917753606
2.75901764436605,9.99522403073665
1.82770393780413,7.64468319299174
0.471133792656009,14.6687049534882
0.510167331756797,13.914148504278
3.90156042186503,6.93846838020859
4.31215153608375,5.02883404786255
1.05209280364215,10.1727927946999
3.36809010414367,7.44239830580053
7.26514033558679,8.83682564689618
0.177508856322184,12.4839542567943
1.31158053874969,9.06800166325977
0.538009520143017,9.7088930463097
3.84031392432927,5.5583235535981
1.13551211170852,10.2677369439816
6.22156645324001,0.728146165135813
1.11534315161407,8.71867382463304
0.474334802478552,10.7885726000693
1.41007795548978,10.2118512729013
0.434105696127411,13.8745469808512
2.54808729319813,8.94351640447054
4.93785196145005,6.42396150164739
0.955601403489709,12.4919196032599
2.45505557759645,8.46960149009758
2.47938700075063,8.99655379484713
0.0817643850469848,13.9504504847301
1.64355177237632,9.86056600264734
2.31224891348722,6.46322041356146
6.57073830034504,6.42456035833182
0.805697676901184,9.50938103240094
3.63729908673053,9.8040549514864
1.15731877088547,11.8122858480198
5.72283815654553,4.82326264609633
1.90372735626044,10.044561467231
1.52853315501454,9.14346578272866
0.698776781816466,11.3382813793465
0.73494144435972,11.819407154619
7.06784819068544,8.3461661163306
0.0848159473389387,13.1734498563266
4.58453462731151,4.13312032303164
0.664598982781172,11.3652810408573
0.824455303139985,10.7928974879862
0.778356222435832,9.3065837296421
3.4069833306778,10.3639526485195
1.34452822711319,10.3449036013765
1.35569563694298,9.35655205885439
0.522700071431875,11.541188492087
4.9459112002165,7.17785605651738
0.675345614552498,12.285834200485
4.36253763912039,8.44487960595112
1.21980737429112,8.72907922735231
4.68580165852733,9.52462703275525
0.428586773574352,11.8279266934164
1.10195935331285,11.3213822897258
3.34126985056286,8.24484862654503
0.98369134683162,12.6885222393333
0.533871182240546,10.9455050898264
1.06449765898287,13.4477425805096
18.7575673561797,8.33934473388186
0.212934793318554,13.9792664907623
0.507886085659266,10.2701794455466
0.535947755910456,14.2951512703212
1.86895578718724,10.0437522176107
0.903993871062994,12.124400910402
0.531002053059638,12.8311395194053
0.0909142140793924,11.9471798226657
2.37836399852278,11.02122837283
0.185487280939255,12.1320413245722
0.86808324046433,11.5843830405855
3.11539867876058,7.25626589403538
3.94598687050824,9.13146711175094
5.17465080668159,4.68475635814493
0.811731660235676,12.1524251922533
1.66380962534788,11.4342344065566
2.25311361803653,7.72449837204888
0.600374379195273,10.9245362981449
1.37927799392492,12.2959294220319
5.58621638979683,9.11918430508526
1.02406014688313,12.017061880121
1.43489143057706,8.7437755202905
0.302130859345198,14.9243724736016
1.37916139606386,12.7203739148048
8.86594120001946,7.68481068544885
0.14954889845103,13.8118232512657
3.81730403734331,6.1859913097841
1.06995469611138,12.7313806005819
3.70180525613909,9.16982088112243
2.78056297180351,8.97245983425852
3.16965575126891,9.27080367851044
0.770167597903607,10.849875831137
0.875051928684115,10.3806718602065
0.642486916854978,9.59696381423239
1.13127597777637,13.6471840854523
4.42830122609563,8.96527888163617
2.24065178251805,10.5738866685482
4.00679263083224,7.75222856466369
3.09666145691966,9.18082917638725
6.01216489434636,7.41995220262332
0.831431635655463,14.1242342372578
1.35276525747031,10.3578754610687
1.17616845015436,11.7391770528759
2.89067254701302,6.48982420986297
0.031588071025908,11.8010445987397
7.05236373427224,2.95551034345914
6.54636005347934,9.08924523616978
0.238158940337598,12.8098284832453
3.89456543682103,7.67841636542306
2.330244442364,7.47027864978969
1.00269289411892,8.36222882351083
6.20422837104569,6.47053020117202
3.1363967618156,4.48562178491453
0.181997444480658,11.1724521382093
4.62610683937497,7.41339857998262
0.986768784932792,13.6918039031935
4.14104419929867,6.05634988987381
0.754926488734782,9.34433791831536
1.51157297898112,9.87191313074408
1.5066137499172,11.275335373954
0.696233808994293,13.1844818059792
2.85745601564506,6.92102262181018
1.85445219642463,9.06968644257364
0.0226110883053209,11.1084985150587
0.583303882740438,10.9322703372163
0.838508804618405,12.9277671010076
1.35610505193472,10.6411100007638
0.895789917558432,12.0325250782513
2.65911685294452,10.863584319991
0.0698158275336027,17.7643517962541
3.07275002060418,10.4437014220767
2.16865506759825,7.03071140795666
1.61932488895001,12.5522513472234
1.6839740856967,12.4818721916816
0.963313320722737,13.0204938933924
0.0412890249863267,14.8127150388058
0.179178231395781,14.7980876437864
2.24359648746823,7.50335310556193
0.749682486057281,11.3258481231773
1.77848145558269,9.3795272153731
0.985298224941567,11.4576952637395
1.4724566211531,9.23353542141619
2.37496632515433,9.80034869721261
2.75271993308308,10.9600673400895
0.507905721664429,9.56822311815908
0.950463272631168,13.5699097643933
0.64857913274318,9.69040759988213
0.349037393673511,11.6327896570928
0.0772001277655363,17.0037530133517
0.353128067686156,11.5966992701437
1.36811237875372,8.54385858628624
0.384349778294563,11.6672394986693
1.17368306219578,8.28900564626088
1.65369416951182,10.1229770664458
2.75332421987298,9.26962357209262
6.61265619415475,8.34222501012107
0.261449975892901,12.4456430090601
0.696689129807055,9.48807892309285
0.0723917512223125,12.0953725125177
1.88462462267818,7.13010501216799
0.645118323154747,10.3290778492391
0.00327981990924358,19.1263433316348
5.85341501328321,3.03621778157348
0.376040523510169,14.7998274173937
2.61604077947925,7.06373712138493
1.19376349728554,10.12313221347
0.168151434510946,17.077694665316
0.263713865540922,11.3290218315123
3.93606168014889,7.75198358957652
1.02577531157131,11.1658310149301
1.50904424666407,13.0896257804764
2.65199326901677,6.91825180048899
3.58816988376861,7.52448682128976
1.62601067334749,8.38041258303138
1.14130140282214,11.7258952064726
4.32922361614156,10.163868592959
2.84418094513898,9.41241030666585
0.00312091037631035,14.3315362373373
0.177304062451336,13.1533186892462
0.319136654026806,10.2189422262272
1.47517687818947,9.85881698531807
4.57157819320388,9.00116133311862
1.26677919272333,11.2197905655729
0.0502630885677939,12.5319069578323
3.03972653655295,6.56906040336757
3.69394082931762,7.71522325794281
0.0944543452560716,11.520134032446
1.91582408034836,7.99672225004687
2.62670128784123,7.64059370084889
8.56097856858626,5.60790653984025
3.60273226333742,6.38885938715124
8.10445440891099,4.27186075963636
0.333652554182767,11.6579641746025
2.08713326035979,6.74582376195049
0.402506405481648,15.8418060980345
1.01253050100058,11.8248569454493
3.58849821595435,10.5753597711756
0.803317819721997,13.1364118917979
2.49188322565498,9.76992897192171
1.29451913759112,7.94328611440312
7.48816199186158,8.36375761941271
4.7915406708879,8.10247764027036
0.392348246648908,10.5439007975967
1.42286544843557,11.7899248206412
1.72199837771097,11.761258353361
2.40742451502922,9.34826144467779
2.13154157528437,10.9845405529038
1.99563182136955,10.8789391353586
0.402493448775715,12.4855066773151
2.00140243946555,8.2192944645217
3.63033933920746,8.60007077933626
3.42210530203372,6.20674406858057
5.18463363100715,6.37812718403045
0.204670729115605,15.5415992775991
2.58946572794559,7.8480325359482
0.168053016375849,11.2387101122582
4.75240744997687,8.0115398202255
0.265952463946632,11.3114701936762
0.952595840208232,12.7437018330004
0.400381858460605,15.9895834784995
1.0045369816944,13.416324035027
0.264293714426458,11.4472476105397
0.251547848805785,14.2261348655584
0.217102681286633,10.5918855971102
0.69714460127834,11.5742730371993
0.774360226467252,11.2783288232192
1.11117271706462,9.91986945431996
2.05225957176628,8.31209268565256
1.83215365321252,10.5648097929435
0.193147166632116,13.0837596190828
0.724690346978605,9.56383821879092
0.942742993649197,13.0369035154521
1.03702628891915,10.4139531847745
0.157826680099176,15.1130477370113
0.459838356102528,11.4073699393584
2.42665857813301,11.4782074778844
0.13232296539547,11.2007012537279
0.675259714946151,11.46503697362
6.02330610310604,5.5948164343295
2.41112281746211,5.78934371197776
0.252445488888637,13.2248420449174
6.28834219243298,9.04432796488095
0.216825772932152,10.9228954655808
1.67626264496686,8.41048062751458
0.34334899391979,13.2498515973286
1.59242226361277,11.8564091253256
1.02704244816838,13.1212140086434
3.60419904423838,9.7682310857426
0.663754564709961,12.9512153262344
0.216675316081387,10.3915177026846
6.19320036437283,9.41807699629281
6.39148560132752,8.76113420269395
0.0995435919612646,13.6776497561596
5.69122301586734,9.50529918415764
3.11105509936896,7.58333479220252
0.192014991305768,13.7635302000755
2.51550873546841,6.63388083050928
1.3259920720011,8.99248771014932
0.282886633649468,12.9777010543329
1.55014740667286,8.43389171923908
0.06004274263978,15.2598970366125
1.13811053521931,10.3222517396858
0.0955507058715001,13.9276266968865
0.528787310235202,12.0395067259986
3.50673380477314,5.1834613112988
1.22714212350547,10.7717676102032
4.68164919680849,6.70406921669673
3.56026709937783,7.26943127973044
0.784106938168406,9.9874121446389
4.73411110634878,6.21563802898306
0.368220046954763,16.2354854116055
2.86965298258607,9.66695251580482
0.39990315772593,11.7976791252179
2.90757513023386,6.46557704760365
0.861208425034734,10.8458425707564
0.347217647855353,10.3260510568595
1.41558384700658,12.9108673065839
1.79098343413611,11.8017653953118
0.0525782993063331,16.2453636464255
3.40990544466262,7.92038610050689
2.30977471536937,8.24138971957692
0.0777782890945673,18.4711539737421
Rho_s: -0.802008214008214
Rho_p: -0.688494334931438
IC Time: 0
