Rho:0
N:500
1.59411339825931,5.82222587758571
0.928899519145489,8.74544633631279
0.250860990025103,5.17423738691245
1.45809073385161,9.70710403964925
4.70682836413608,7.91657968633247
0.981458534486592,6.80021450019611
1.64524098291042,10.2164087661575
0.812992773018777,12.544521418077
2.18058077237549,7.07849933869786
1.37134567648172,11.4028878654152
0.501242265105247,7.66762518780354
6.00727443363438,11.2116271161564
0.559194633737206,7.54571820805274
1.28867873363197,9.02596262226215
0.623249507509172,7.89306934217048
0.560375466011465,12.3323803535345
1.84695673911812,15.0853873194884
0.322359311186496,12.3924651234826
1.93442126727643,10.0702802443209
0.839781818911433,11.5597851828476
2.07920415504816,10.7967453219422
1.19813278783113,11.7055814566448
6.3143674280859,6.26097102935257
4.20249649426748,6.51034685197268
5.61572362936187,3.79096340356919
0.850569979200225,14.823165181645
0.0941432652108938,11.0512717288958
3.91325969360334,15.0543443022372
1.35952925682068,6.85598456677773
0.0711199372706983,5.50958862340815
0.754282389767468,3.66615097432766
3.61308508722072,2.72591669977332
5.71565042957797,16.553354501197
1.36671158764511,10.9566917091153
0.156206262297928,8.92057277095872
0.0302240364253521,8.95343347135522
0.726466121935593,12.4345798531087
0.713483940269778,12.5037601817002
3.30644890276675,7.92572251249777
0.216333961654441,15.9475413866926
3.00846792353198,3.1272455243068
5.91069626774559,9.30792029493184
2.93036712535958,6.82348616004109
0.986827834408878,6.97837298145338
1.51486661090496,9.19378330344044
2.78700033371842,17.3070807627517
1.85559252827408,9.41596934540598
1.25483068078756,7.82148674895925
4.43453482140727,9.13336987264525
1.22127057705075,15.7182204244476
0.414027636730918,4.15248299232639
7.74143756511522,15.8620531267987
1.17109525669366,15.9774104034034
5.29500039973357,14.1063359930944
3.01230284897947,9.3313482276749
1.31377355009317,8.12035488114439
0.302208461798728,5.68558132898489
5.18546952920031,12.5340133029953
0.198759601451457,10.0086682083114
4.39657810782424,12.3546605967963
7.66534615638566,10.6655388275076
0.158708778655529,8.97939296536996
6.46256047453652,7.31281074044846
1.85776683145624,12.3069448816495
2.60663989736679,7.85449453386223
1.63069602633596,11.9321798136146
0.0564198037609458,6.95649226420908
1.55933427359076,4.30264284111395
1.5521599261602,13.3498190663531
1.85448779071814,11.0143087584453
5.83397880162964,7.02436915830062
2.29606755255702,14.7814001514973
0.357853810079318,10.996023798617
1.02953567914665,7.51150655112484
1.02914406638592,7.55689760197289
0.382871771609385,8.3338745352517
0.344521165825427,10.0451775086004
6.89790687401874,5.52454127299694
0.783628527075052,12.7597404973506
0.401936425827444,9.08766209047046
0.543993834406137,11.1585108401801
0.373092509806156,10.2195016735604
0.105832356028259,9.40498920552977
1.48500934427638,10.3375714887552
3.47390196455603,8.63182473214303
4.98130718220897,5.12434406601199
1.5618386658931,6.73922202263159
2.53197256839814,9.29975082843719
1.08023460395634,11.2519910584529
3.14563436416869,8.37248533393059
0.889331039972603,13.2101270565626
1.54588592906344,12.5410381399674
0.914822103455663,12.1033223737991
5.18284381528325,12.3124247191726
0.574892478063703,8.60456922641954
5.54168013830609,7.96143910645674
4.6415209374186,7.61456209398834
0.90240384129237,7.57602043038466
5.56825378503571,5.68016631381306
0.236255036463116,14.4927384656668
5.6074232306696,13.8259938446513
5.13672205408044,9.01727653209577
0.842828360386193,10.6675189367297
3.01125223287581,7.50865456311138
6.109868083424,16.4814500151553
0.192578829654438,6.16842993676564
1.64188684700968,7.4989021427613
6.14352086152802,10.8809534804312
1.35303429234773,8.47171429901095
1.48950858574904,3.61033326875144
2.18536636969986,6.08240622136103
2.4162043686116,10.4048112581973
0.480748667759459,7.81509543129021
3.7731197325695,5.70475486598567
0.123619813472033,10.7812171968328
2.33901798157933,10.6086142670061
2.28250666326823,9.53908483087197
1.41791198021712,6.57758500173576
0.607872891916137,8.68973611458455
2.22840164779666,8.51349598970126
0.995604867115617,8.27769254254688
2.24052586791056,-0.0744426153945703
0.0868458254262805,6.22779485105373
5.51060489167399,11.33631360056
0.315395864658058,7.0388397878975
0.574889422394335,14.2886488906771
9.1943108210887,12.5626628902991
1.72274705854033,7.99551625228381
1.77244332398491,13.5399367686906
1.75909282817485,11.2495423092213
4.00761715305929,11.5401572572602
3.87194562686567,11.3218650593563
1.00426769722253,11.4669309606733
1.47709124713185,10.497535437697
3.09825322015171,8.51685129156288
1.60631168997827,9.60125254072915
1.17762799188495,15.791940359872
2.11328327833655,7.70515776478609
1.30248314514756,10.8111442528526
1.09822025336325,8.76618980125522
0.998033572031263,15.0102564877069
0.527140798047185,8.47675185953505
1.20221520215273,14.302336025813
0.745026352713009,11.9911552116962
2.23246200374308,11.1273510213871
0.0770349553086837,18.2994159133263
2.72199747889283,10.6203398995963
0.230280495248735,15.5851830419671
1.05491053219885,9.17981349966962
2.32852490424159,10.4160401527654
0.379744709591128,10.3833591857586
1.29325016587973,10.5989578446361
2.05464998251739,1.66221552010005
0.35793074965477,14.6053939478376
0.241278061643243,8.03175066820221
1.98074697254914,12.5370006210768
1.80400956828462,7.92268643541406
2.2957944459373,8.2374642588223
0.373988047275602,7.68667850693326
1.00559724197553,6.79750434065589
1.02439500857145,13.9832076026684
0.709432744421065,13.8271752464943
2.32746378882768,6.73837764083555
1.69998572199585,6.59305305947617
0.483827276155353,6.78049637915315
0.709703428984831,6.06457191511628
2.40082419096472,10.7267949496647
0.545898240990937,11.7323116706168
5.83142892982731,4.58189460283414
1.00146076176316,8.41621709621305
3.97730608640199,3.68009027652322
3.24597274867778,15.4333976286072
3.94648003933911,11.4677593263665
1.45225063308699,12.2461351797807
3.90156484005933,14.3165530557434
5.04201656942887,13.999368767462
0.862115774303675,7.66081868424071
1.60379515093097,6.28979685808571
1.65034456170144,8.4718679789524
2.43245825163069,7.87897766171961
2.37907114989104,7.17736841341797
0.83233605325222,9.68019907076406
0.447831545956433,13.1271208484803
1.84339299044552,10.2778672668236
1.65360109940039,16.7870219932167
0.0328327398719674,12.7700838591037
2.36323175198379,7.86067916200551
0.93888069037348,10.3413100493157
4.16720199932284,13.9046277306322
2.51651495127919,7.20025192641413
1.11758387647569,6.01005506680902
3.20268684236293,9.36186010934299
1.05894483067095,8.70868897793836
1.53754957756939,9.84384336223697
3.02418197302108,6.10472357216263
3.43577152473812,6.22987344465979
0.411875735159582,10.1653120691902
7.44801674368692,18.531550796151
2.73556997432354,8.7224896569007
1.56637889838598,10.3055106300815
0.816036562093585,7.8242575934131
0.561649668882314,9.0742019418608
5.11556394000478,11.0838932625549
0.797779562883079,11.7775475462564
1.11560532126712,12.0919609754747
1.89545223114692,6.6299308307079
1.09801363293082,11.0670039593998
4.88780163575835,10.4339235511652
2.3933250158185,6.76122820117641
0.055084528401494,13.115067228086
1.82314173682573,9.80003363574157
0.159267004579306,11.7360045732571
0.602292539551854,13.7838782238789
0.488354199593415,9.2049548388881
1.00451749410231,9.5388714349703
3.59043988941197,14.3829331059755
2.32952691978755,8.48297641345754
1.27874053549021,8.04523913205874
5.68662640418778,13.2824315761341
1.5507227628583,9.81212742798775
1.6281668000018,11.7159469790929
1.19744607713073,7.81800522070751
0.694814327290847,9.73976252027494
2.05225136495175,6.92280709157016
2.98043196259027,5.66309212332475
4.67500963409371,10.7656414982287
3.48294385878329,9.56797413525778
8.10627393009973,7.97757001071369
0.433256875021732,8.69108029638517
4.15023238940125,8.37728949289604
0.26948588527739,10.9990822860851
3.77483076212888,5.3751236309506
0.62308759894222,16.9979012163282
1.48373569285313,5.54085389141193
1.46997350445929,9.06909731183779
0.0157038435838181,9.73733967523342
2.43401020756903,8.97830709968192
1.72733473400136,4.92573362195334
8.95310179093733,13.9573241188306
2.8445119946446,10.8349906363972
1.55824053651633,15.3375304210804
0.32716669128484,8.95258023434125
2.07604454850317,8.6964555170748
1.89365318222883,14.5940322716255
1.80701831216384,6.6367692884358
1.61805580734255,13.2345208205641
0.109345254488289,8.27257863367735
3.47399719656038,11.6302808703693
6.46348385479221,6.5389080098911
0.329854452982545,7.10878479945833
0.352387946119618,8.27904371988856
2.27831527396085,10.3778824555847
0.790613060057527,10.6912447658922
3.5620533300746,11.6116614190715
0.0145374285057187,8.90580102812533
8.18780658724618,14.6489416337452
0.256935099818846,11.3638637261706
0.894235744141042,8.77487058214505
3.1706322452019,10.956237255364
0.220028908923268,2.70434857295165
0.081284868147456,8.20194283537514
1.11585857067257,8.80120114982512
0.835028014145792,4.35066621223115
4.80820623085041,4.99787390195806
1.98825095958056,4.90975725120163
1.08996781427413,9.34601426966725
0.815783200785518,11.1650711698299
3.35053235323885,13.0875952149399
1.27956869262685,10.2475242170055
0.354151943436574,13.0632351569799
6.87947826053867,8.60724451723368
0.848934709094465,10.8803165368397
5.46520454038806,8.53388877800287
3.97528785822873,10.4166103042458
2.41481607212665,10.6456727987532
6.411396279595,11.9931133341014
5.29911611576505,11.1000438970618
0.59442107193172,8.48548236718625
4.0528050920177,13.7450852307025
1.16687078401446,12.6910180940327
0.761052534915507,7.79379593444786
0.806806138231709,7.95365562831647
1.51464756011012,10.9465924450704
0.799159405753016,13.5782023965113
0.189466304310115,11.3794308812322
0.262993831187487,7.8738688924079
1.56349022142344,8.31676006676256
6.18680152263413,14.6960223782023
7.52210832717729,9.41855124142321
1.46675639000116,7.87313315570193
1.53461863853442,10.2427211203144
0.491466011934812,9.7090580752044
1.22407274506986,9.00075535621587
2.29392868458273,7.90026578874168
1.04953681305051,8.97794944681172
3.14321369288449,13.9620009253032
3.46161462349777,15.0231656665997
5.42342981298394,11.8798372046893
5.22311473240085,9.06212351310896
0.273379587568343,5.90112502426856
0.547048889100552,5.97587556359323
3.87688719836955,10.0344579224259
1.43532521455529,7.48781067956671
1.24696261249483,10.2516785052414
0.259091887187046,9.37823313922428
0.108547328025251,12.6880690066541
1.06408101896493,9.09228675724921
0.704355453141034,8.6669346077034
3.00260658567344,9.59564753989773
2.84499411211659,12.0445220886162
1.0358863105066,15.8416149442333
5.26389439006276,12.0812638019748
3.58406912891154,11.7471371670092
2.94450036261484,12.3803728078141
2.73840733236613,10.1856375848414
2.38845250747147,11.6021726487016
3.73562002537732,8.78617963115787
1.04441621992737,10.0135325918608
0.786042023450136,6.36008525696894
6.61810857023964,12.5218397356209
1.4327772227647,8.67767664867507
2.23965433231535,7.01580901100493
1.57032850935104,4.12268887640821
1.62251681826057,11.0877818735989
1.04464650060982,5.48380782841225
0.0714612003532227,14.1823312643031
1.06291275285184,9.46482653152575
0.383258402347565,6.36391861050407
2.18984822175446,14.3471966461624
0.3765136199072,11.4294379568239
0.509707318618894,8.0799014823432
4.96476112653442,9.00910053013459
2.83686041586169,10.2467368650378
0.0250550396740437,14.6821639560782
1.47897771923783,13.2803174004187
1.34798095840961,6.15825365389261
1.02247950993478,8.81369480128209
0.319642233662307,9.79378055229246
2.53314956082943,10.2200833301518
0.264034444764288,10.4187667521981
1.63395611933413,11.3739240796302
1.33307086024433,12.3109283305029
3.58146374029213,14.1676409683514
1.5714494320803,12.2878914764129
0.520996944036405,5.12656626660104
4.20128161062427,8.68278903543744
4.43243032296128,11.8277918149127
1.22348483093083,13.3415517103018
0.792103492128279,18.3121916235877
0.90962769191241,14.3986759799236
0.165855108202032,9.02446836403761
0.426609854213893,11.1962300187888
0.81512118092221,5.92498010576916
0.409583507105708,3.49195671929658
1.74475260070505,14.9113450823121
0.432070440612733,8.40270885956812
3.34665724205567,12.1840618910366
2.46535564964441,8.22947331133492
0.809693248011172,8.11702143554749
3.09052184554256,14.7071954273152
1.99570055372174,5.28417744678718
0.480928130821557,7.23440555910613
0.748443127609789,13.1654364714527
1.26697119046003,11.4140667066473
0.491228665881544,12.44305335592
4.88590883065887,6.20093523616847
0.209011822938919,10.3017505562771
1.65917602545562,8.30083040832701
2.19145114338937,6.98831131406922
3.13526466599403,7.50330613218716
3.36717399192934,15.773427292107
1.39826914421334,8.82379259019975
0.865565728396177,10.4300609127853
1.05392128503706,11.8697026683704
2.01401990829947,10.033544237773
0.942750546149909,9.02733946778713
2.26317838720521,14.2948781893704
2.31399057797136,7.57585789203176
3.16736824421172,10.7056647080438
0.884249981492758,5.46232919465001
5.3126324151916,8.89452288647414
2.7306529059166,11.4130368756157
2.01314073792639,8.40771379717505
0.954471372999251,4.47870407207679
0.485364283435047,10.6470814849275
1.17428471520543,8.57737643739826
3.5949753090385,13.3696356224914
3.34985568357592,8.11966580790967
1.77116600788178,10.4724274176711
2.89823323293192,10.4957001853713
4.95417850947535,15.4678351531504
0.142645076848567,9.07388032473455
5.94370914962063,10.7959735662361
4.10299356264954,13.0286082650823
4.44446988751121,9.58827519181548
0.935256041586399,13.1199975749006
3.2961156808191,13.1931102080407
1.91858142419698,7.95307304537012
0.213201169791042,14.143583438096
1.74947900905999,7.7150259602825
0.00187375780703091,11.747906676627
0.670669860206544,6.02770196110663
0.988774173893034,9.01512769414769
4.30792489995189,9.28913997994217
2.71222224078121,14.4540319514495
0.936272639613891,10.2655817093909
1.63852964892032,11.7372694989053
1.03017254080623,12.0998653508937
2.24081975772026,11.8498418477605
3.1214813004682,10.8781593039018
1.57599870060109,8.98630014488899
1.38649437409471,7.06109136618424
8.3281706552818,12.3634602582072
2.19773020214381,5.7854019494192
0.869672405533493,8.49546517857112
0.604158052106098,12.6772045496258
3.65760181827431,10.3548343892487
1.32262031547725,7.67359449037008
0.884696273896241,12.1003181476652
0.741733255796134,5.685886826636
0.0920430133119226,12.727575477028
0.671944973990321,9.11198621956867
0.681967864744365,7.36120853595016
1.99896070725265,3.61578549524631
2.54251231989803,14.364657841221
4.84813720335193,14.479049661118
0.0546057511767951,12.8406229045757
6.52202269401322,9.40240865482051
0.588591302942949,5.46751814973015
2.90884414670949,11.615491759684
1.72331359787824,10.6237209513435
0.145604275166988,14.0312620720773
5.28425672252603,3.31690451708082
1.71611641152742,5.04014586643848
0.212665275670588,5.95037882417388
3.59105917049532,6.4985158071724
2.20316242373837,12.3325917935472
2.99702147302359,8.12312973767342
0.28084628097713,15.2485600027294
2.46140744901242,12.1170178110329
1.61503166742746,1.5290005644464
0.756238556466997,9.54596031414474
4.2937520195224,6.0407965998245
1.92159291083829,12.9226894055749
1.99537953167203,10.2378258804833
0.893228306435049,4.72341237187183
0.133028408512473,14.7997238507596
1.29988353978842,4.20570420224784
2.99265531585466,14.9520601131128
0.791875658556819,3.96882110463233
0.506120069883764,11.3091460601385
4.16089269743471,7.58837378310557
0.154311903616361,8.54896119091679
0.23352150991559,8.92114220074362
0.0112191403989562,9.2297903996773
0.321247489191592,5.41709987431327
1.72852470344844,8.93788775138011
3.14295775799041,15.2297828691973
2.61543324581327,8.24888640180557
0.177927571348846,6.46348772043582
3.65889599902515,15.4417975618934
1.3237700117752,13.0059296211853
3.01120457368167,8.41808749713434
7.94899130943132,11.9471637383587
1.34075002744794,13.2995007351968
3.08945156244521,12.5560420472858
2.27181079416516,5.77582456745731
3.54840791953688,12.2136954760862
0.23918387204851,9.39250054433739
0.682603687047958,8.95032428191136
4.090674880724,8.44145241411719
4.52913669115271,8.84674033253581
0.443165925642439,16.6536452360316
0.598475552423443,12.9369729231165
2.1148097719157,8.50449381404554
0.262635690538589,8.53536550092974
0.836990158073604,7.1076766535264
2.74317603736165,7.71854290515613
1.33963863737881,18.223914841386
0.30077940877527,5.21403556325499
4.73611417760081,12.4269305519235
0.549555967561901,8.47627035940939
3.98089594749694,9.22836669217356
4.53810016413159,13.3096340471303
4.4645078221209,12.0279096248634
3.71615657193546,12.7169783017868
4.03725542856341,4.71200591754156
1.51816401622238,8.67758170086639
7.48626323362176,8.98277528341982
0.462312226103227,10.3920280776081
0.0466280030086637,9.14051449262324
0.583206377923489,8.22872622832154
0.506578896165133,11.1635718268068
0.0967523325234652,10.1991081308906
0.00172862669110496,10.3095778513741
1.1633401280269,12.7251593274829
2.03525477266851,11.6690244331036
1.74656332834604,10.6305283144136
0.722629288906713,8.42897806085353
0.59916047938168,13.295861163008
Rho_s: 0.0559875199500798
Rho_p: 0.0847020117516777
IC Time: 0
