Rho:0.5
N:500
2.46494741463936,0.317126699257642
0.154529815539718,0.740878293989226
2.01697736631167,0.426853438839316
1.28368343878537,0.509756614919752
2.15615637405756,0.68803677498363
0.412338007975247,0.164898488903418
4.75520055343337,0.874561145436019
0.213683220772038,0.437466758303344
0.363001838326454,0.355026544537395
2.2595112248415,0.655997056514025
0.997052829712629,0.819226435851306
1.41527818134966,0.741994618438184
1.89827165371718,0.24696029513143
0.729708439633963,0.225569204660133
1.05810181144625,0.546258149668574
4.99177459229655,0.972397370031103
1.94640623794678,0.263190728379413
4.25613109898757,0.982671413104981
1.15692751202732,0.324280976317823
0.773479680468959,0.476245012832806
0.486938189715147,0.0400303972419351
4.20744411249585,0.294798212824389
4.87954293538756,0.512586414348334
0.519666736014187,0.210693025728688
6.79893653061161,0.755906996550038
0.133136346004903,0.0311982273124158
2.26272541462424,0.93024926004
1.2045987509191,0.409630628302693
0.359300414580068,0.579182899324223
7.41203806879831,0.593122228980064
1.82479446372929,0.229672166984528
4.53948388481423,0.931435821810737
0.805148262530565,0.364930900745094
1.87916883072796,0.261815568665043
0.0667916183180903,0.718099881429225
1.69223089135232,0.827232251176611
3.91200918879201,0.945778305176646
0.0264621342680121,0.620154980104417
2.55445358148756,0.603473617928103
1.21430333275916,0.367578990058973
0.0772931519895792,0.417964247055352
0.113573508677069,0.153850672300905
13.4604973450192,0.953446452273056
0.197948487280613,0.139941878151149
0.143389456905425,0.0206925428938121
0.44865417573601,0.043075054185465
0.742254756391048,0.0445793699473143
2.07183348577034,0.466664154781029
1.26806440786583,0.546535272151232
0.629129869863391,0.0586511397268623
8.34219864705458,0.997284046141431
2.33754363088849,0.392183955060318
3.91591189039831,0.470708080101758
3.17236305060271,0.943425551988184
2.24614153048935,0.327099207788706
4.66616024146106,0.605189352063462
3.40127381609397,0.980123457033187
1.32297002524137,0.0851893399376422
1.03176200948656,0.505821046186611
2.02359946808758,0.930836899206042
0.050929818302393,0.0319372194353491
5.9654567983366,0.996279118349776
0.343036308884621,0.423051554942504
0.11436365172267,0.167736061383039
0.633177539333701,0.49371906160377
4.60084043547641,0.976638869615272
1.5085813836453,0.602399685420096
0.654130300506949,0.158290659543127
0.172220166772604,0.686373577918857
4.36057199560326,0.646140455501154
0.204594790935516,0.0750479896087199
0.219393763691187,0.0208879064302891
1.92397559005659,0.821711693657562
0.270490919239819,0.117346220416948
3.39085819965065,0.957606700714678
6.0122790780283,0.860086343483999
3.18749790249353,0.953365804161876
7.74540550592256,0.692458185600117
1.42425695239546,0.757583439582959
1.30674203112721,0.166001106845215
0.702349308878183,0.512331840815023
3.37045898133649,0.250718235736713
1.14651860389858,0.809945906512439
3.30274798704271,0.904668976319954
1.72434137753191,0.126389865996316
1.69047889477553,0.570604112464935
0.597511967644095,0.573652205057442
0.554263338446617,0.052781775360927
3.65457804856782,0.372488297522068
1.56027696351653,0.88811369612813
0.97233116813004,0.323425862938166
1.66722422357087,0.515518997330219
1.23111960478127,0.230289096944034
3.88327604515438,0.585782637353987
1.04660349711776,0.50650688749738
0.532493650760901,0.809949833201244
4.58797810574002,0.253680758178234
0.642561912792798,0.038838894572109
0.794427908025682,0.0463477056473494
0.185153705999255,0.472372556570917
0.139056389220059,0.0271658624988049
0.570946150899724,0.182524820091203
0.760520520179605,0.300078839994967
4.67626384247966,0.891028202371672
1.4923490234965,0.328223011689261
3.85213844088798,0.886452323989943
5.78896179761658,0.46799003216438
0.358347991481423,0.273047891212627
0.609252705246576,0.0307058384642005
1.35431408602744,0.465159800602123
0.69968912564218,0.568136274581775
4.41413805236049,0.972385522443801
2.63657941847088,0.502457672730088
11.1826271706059,0.98291430179961
0.382171079516411,0.5013761036098
3.64388172311668,0.564727241406217
2.55473906352165,0.156537204282358
0.0153981870733366,0.132516760611907
0.793842055026733,0.366628943243995
0.85384620539844,0.0603244281373918
0.401741256006062,0.0298769981600344
4.55115747799106,0.678043766878545
1.28030800260603,0.39138976437971
0.220962808467448,0.0514651089906693
0.281756912358105,0.710442639654502
0.541251203976572,0.248857626691461
4.27952716101832,0.378249757224694
7.53598145726037,0.998317571589723
2.13328487417641,0.72710324707441
6.10712227191696,0.986900034127757
2.53353520101848,0.460009351139888
3.44759973866825,0.859441586770117
3.05490510148888,0.514184552710503
0.689833538606763,0.102066539227962
8.69166094714428,0.927988826530054
4.71599617202706,0.572414972120896
0.218845451250672,0.732344438089058
1.58366825609448,0.611755927791819
4.98804555288654,0.364681557985023
0.98395137488842,0.199954857118428
1.24345407821238,0.454041164834052
1.47773009213484,0.927632778184488
2.38762589908185,0.83704079198651
0.666599281132221,0.519767021993175
1.77553822836819,0.422956553986296
1.20424349233508,0.167673504445702
0.900230387225747,0.581249774666503
1.03380386717618,0.210066867992282
2.12061911812964,0.782639474375173
1.07557985533782,0.0584472648333758
6.28654685582886,0.430581915890798
4.33037372280784,0.9831633400172
0.59106103791401,0.0461013370659202
11.0341491432567,0.937736668158323
2.37952203295174,0.759909374173731
1.1220934722944,0.778750875964761
1.67255513920429,0.210662348894402
0.623561135493219,0.688870151527226
1.67252273034792,0.887841985095292
2.22204135722461,0.513758255168796
5.22596665074058,0.2952922929544
3.37318404002075,0.831014117691666
1.53649063213708,0.470072151627392
0.653779755346477,0.149196512531489
1.05198036320508,0.430425428785384
0.739087232388556,0.747642495902255
0.879552531056106,0.424490991048515
3.03409932514922,0.969098929082975
0.397805634974986,0.497935417108238
2.3718512970114,0.686150141758844
0.175035848282278,0.0876658731140196
1.99672929299777,0.191468227887526
2.48242491847816,0.867050999309868
0.336382027715445,0.776832236908376
0.748812386623597,0.134201856795698
1.38035688921809,0.0717558686155826
0.305227996781468,0.234517400152981
2.26465687445965,0.405725175049156
5.39749794800706,0.965706957271323
3.48975224530942,0.236525356536731
1.44128211273192,0.380758775863796
4.31474890162177,0.799027258530259
7.41893149497819,0.378255553077906
0.532946793362498,0.123572056181729
0.969563154503703,0.757573653478175
1.86946958853843,0.324382710736245
0.139407402835786,0.336886962410063
0.0136075373739004,0.176315481076017
3.48984390480404,0.943792470498011
4.61702785481524,0.861925556790084
3.18325323222165,0.860203179530799
0.219012756571343,0.0155913957860321
0.484163098968565,0.200792019255459
2.08150625779274,0.368964690482244
0.850066958926618,0.858135329093784
1.32129255868495,0.556964185554534
1.03774402429535,0.635946855414659
1.34947260003537,0.772123236209154
0.0727144022457856,0.532422294374555
0.665676463395357,0.0564045794308186
0.243186364881694,0.556415574625134
1.62943296684864,0.546549414517358
1.25698888022453,0.818287067580968
0.681356368682446,0.141625970834866
2.61997536561432,0.881610373500735
3.2004899716187,0.342222467763349
2.02597878119888,0.336655522929505
0.826993054034441,0.780491851503029
0.0895621068354425,0.679892575135455
0.0834016979796362,0.221492390846834
1.22818534635007,0.500108116772026
0.789667841047049,0.490499015199021
0.278427574783564,0.588335956679657
1.58451261526807,0.703171649947762
1.73680569036844,0.144493960309774
5.86478728022347,0.84646109608002
1.98849901176038,0.896733510773629
1.62435451514068,0.208796681137756
2.60403846195879,0.587143497541547
0.0356868980452418,0.519013562705368
3.37790430692916,0.7174974209629
4.51699398805328,0.917189450468868
0.65336625946356,0.751776099670678
2.03989204010906,0.237363182008266
3.20885870856608,0.936257367953658
0.0126498567802094,0.468104341067374
0.816755103782558,0.583059220109135
0.147224790416658,0.642342300154269
9.19594349780333,0.537886676611379
1.81438542335274,0.571087661664933
1.72686250754867,0.580911153927445
0.907171810045838,0.570596696808934
0.298472737893462,0.0418462872039527
2.22787077716532,0.836781147168949
3.44138661755209,0.654187985230237
2.38835058725419,0.730051238788292
0.646287790499628,0.829181342385709
3.02363248288328,0.315029482590035
1.00639415439218,0.413780212402344
0.685528084563514,0.0402449420653284
3.7417530415762,0.679663844872266
6.94466143206098,0.940256643109024
1.22322778124362,0.755668843630701
0.972906637005508,0.863723910879344
1.94785988210067,0.115640049800277
0.477725909128313,0.735000194283202
1.43783677769873,0.549908603075892
2.12272338188233,0.267128381179646
2.92137075943832,0.91332486178726
0.914708949625492,0.34390938677825
0.801832134611034,0.11233854945749
4.56061607946582,0.896402380429208
0.3981614690274,0.123024658299983
6.76394961740742,0.434820879483595
0.125307246111333,0.181930221850052
4.11575029773598,0.815732799004763
0.730046359822154,0.0524848506320268
5.40729178835578,0.993190609849989
1.48935665447665,0.115120561094955
1.93031506076914,0.45442124363035
0.0707505459161598,0.0183135708793998
1.11537520587444,0.243679487379268
0.0506175914271267,0.547268939670175
2.71693694396856,0.37988927680999
0.211837240061294,0.379042827757075
0.32962914387836,0.140594005119056
2.27820906220915,0.932950830785558
1.00596803054214,0.79701564903371
1.1819697227329,0.587325299857184
2.05076891361716,0.682691173860803
2.58632362811806,0.374704475980252
0.615412779152393,0.118643538560718
3.33166911687581,0.558516676072031
3.61411029634741,0.512248226907104
0.826907424256206,0.336023825686425
10.3429531784435,0.993147809058428
1.39883431597593,0.83457807591185
0.28203038778156,0.358503262279555
0.169233300566407,0.170059951255098
1.36090336926281,0.154452824033797
2.51749235755744,0.95239860098809
0.063436453230679,0.58837467385456
0.31798510812223,0.36433033249341
0.466287240386009,0.578270464669913
1.88718511684224,0.203564151190221
0.156203562025114,0.000768382800742984
1.59485654897037,0.862922066124156
1.29441037494689,0.829681484494358
0.325401459820569,0.486517691751942
3.56348579360132,0.932685548206791
0.728701231069863,0.129958203062415
0.497080330736935,0.670234000310302
2.14355523503366,0.706590152345598
0.892983523197472,0.330874216044322
0.659077943204815,0.685225348221138
2.51087971768322,0.22151022288017
2.0037479130367,0.567196873249486
0.542668536305428,0.394297780934721
0.607675355246629,0.699695407878608
1.58910906678977,0.592700800392777
0.0917340759187937,0.1842509675771
1.04655931610614,0.230973809259012
0.761635843638776,0.754649183247238
2.35893095835092,0.970576886786148
1.3669052189216,0.507656075060368
1.35541383456439,0.127437360351905
3.14017093917843,0.875435867113993
1.67892821497264,0.346431505633518
3.6298362573791,0.44435987691395
0.842746112495661,0.679726508678868
0.260275979526341,0.0557669762056321
2.61584357722642,0.272303509060293
1.93772699489238,0.745108031667769
0.484575476141515,0.144458628958091
8.26007659318757,0.849743555532768
1.29831045123762,0.0976565044838935
0.230163474567235,0.306831807130948
0.488481597043574,0.174395276466385
0.824733335382088,0.10871994541958
2.95738086832647,0.905088638188317
3.4021529702652,0.857636155560613
1.00403108634055,0.867032100213692
0.31613855343312,0.0107991222757846
1.95306477128508,0.799823902314529
1.29734047222883,0.884590858593583
0.900697073899209,0.434612518176436
3.73342677561526,0.34509862610139
0.119478499163283,0.483682815218344
0.81244626455009,0.22794053866528
2.00088892496171,0.656477415235713
2.72068565889242,0.96411467762664
1.43552419721129,0.755281463963911
0.356256428215399,0.443534131161869
3.29625448270263,0.98233224125579
3.75421944988852,0.877090668072924
1.28712092712522,0.780091844499111
0.822537729516625,0.431451072916389
0.71851322799921,0.804792554117739
0.350691449102636,0.0636343001388013
2.94932731224184,0.457691526273265
2.3012347909713,0.505424758186564
3.41843549437807,0.222353792516515
1.27619387302548,0.599908486474305
0.535145908993576,0.0466888861265033
1.84271320878508,0.698217161232606
0.546309324912727,0.220105749554932
0.805345226079226,0.220247729681432
1.8144578692468,0.77240718039684
1.40146798035308,0.678005782421678
0.19373472314328,0.235547836869955
1.58390754639151,0.273693422786891
5.92584133114586,0.874795607756823
1.43593925549454,0.225067477440462
0.0469373967498541,0.525690489681438
0.451746831648052,0.165666092885658
0.280918428905209,0.463049705373123
1.89111466381368,0.894503543153405
3.41005047766452,0.7703369082883
0.853179346770048,0.472983530722558
0.041526117362082,0.172765927156433
3.82545498741751,0.715741395717487
0.519617740064859,0.641220615012571
0.80779754991641,0.819657929008827
0.470799488015473,0.276077008806169
0.0342443361878395,0.145950882229954
0.921477956697345,0.691071862122044
0.942926885560155,0.101532618980855
4.4574916695518,0.849834838183597
1.21497157774866,0.196134954458103
0.80035150796175,0.103177911136299
5.79717425968418,0.730972612975165
0.609714479185641,0.383283509407192
0.0861818577691046,0.0799474741797894
2.63379810555818,0.953112999908626
3.1654744146574,0.839572304626927
2.95650681091433,0.473764383466914
1.61389227575603,0.325612197164446
0.753057610233537,0.794488432817161
2.56192686027827,0.4774635147769
2.27015020689907,0.438639946980402
2.23040956436637,0.432133432710543
2.88961476957125,0.972050674958155
0.0837964756596767,0.524612785317004
3.36487955528035,0.287603201344609
0.970753449946642,0.867078042356297
0.861526454798877,0.36603537783958
0.1041687738367,0.118008422665298
0.35257287338566,0.0527841558214277
3.63512850319613,0.953326357761398
0.235295888036489,0.0157274440862238
1.28283657506108,0.520125570707023
2.00674863337519,0.376846660627052
2.99165462685709,0.973858621437103
1.68924488677623,0.846221564104781
0.294325864365213,0.406697932397947
2.95328615216498,0.867385315010324
1.51407285696583,0.112472044769675
0.0168098389377271,0.22465603123419
0.0680232094600797,0.0682681687176228
0.729148615151644,0.493073596386239
0.298228898085654,0.123752104118466
4.194007791952,0.498986263759434
0.733205457217991,0.629884117748588
0.536831599287641,0.311207279097289
1.65357960007134,0.902995090000331
1.27055150549859,0.0653187001589686
2.29529499999228,0.717892729444429
0.894692968577147,0.414703599177301
0.244182146818089,0.20124413818121
1.13640303350985,0.743532300926745
2.24729841801979,0.56510256184265
1.2899305924175,0.510939753847197
0.746482098475099,0.296918801032007
2.07325785452121,0.699023880064487
6.29728478416864,0.918656727066264
1.12090310535809,0.206006284570321
2.29801119669321,0.785762971034274
1.20500915776938,0.142829219577834
0.539435846731067,0.0993115566670895
2.74784808224979,0.934024793095887
0.0792008368298411,0.27509347256273
2.11903683646562,0.310993509367108
3.74640591053252,0.902099980739877
1.27800725679845,0.47473100409843
0.430598383769393,0.516534274211153
7.79596457960916,0.764332933351398
2.74853134146872,0.484145138179883
1.31616059411317,0.339341702405363
0.684060078114271,0.425495076924562
3.55076833052521,0.514072705293074
1.2676165997982,0.107086796313524
0.700286034494638,0.503754334989935
0.551121577620506,0.733002534136176
0.262431686744094,0.338000295916572
0.172998812968189,0.233454871922731
0.331425557844341,0.176523493602872
0.0864959308772617,0.388231484219432
4.41325219322867,0.301277342252433
0.139386649243534,0.283801341429353
1.83537873989883,0.470763490069658
2.7897771857424,0.777389471651986
0.16817360650748,0.72830958571285
0.935550522059202,0.355209459550679
0.184583420139265,0.0131698248442262
5.46005476613469,0.319382053799927
1.15604774747044,0.117947744671255
0.287165772169828,0.49997106846422
0.992459335364401,0.660005020909011
1.18438308965415,0.668872906360775
2.8169005409767,0.602354814298451
1.4266901964023,0.699645435670391
0.458533029790628,0.0830443133600056
2.1873640398586,0.403026850195602
0.831797052129776,0.148308136733249
1.48197714005104,0.180901407264173
3.21343208975481,0.204496043967083
2.68492984577062,0.776675561210141
0.0558971418158681,0.00552530912682414
0.217636711601767,0.0238036292139441
0.944772022776306,0.759336648974568
0.429857960061714,0.499366699252278
4.20541729089822,0.921695997705683
1.87295625876152,0.436290673911572
0.498044962063432,0.69820873066783
1.66346173295876,0.698416359722614
0.370427298081346,0.0969327948987484
0.519103625789285,0.716136232251301
1.25481589511037,0.56540378392674
4.49912631859012,0.660227812593803
0.647417256608605,0.572569916723296
0.837550077587366,0.147204625420272
1.14523435011506,0.885146460030228
0.0991808067848227,0.601701254025102
1.17535598576069,0.149175243917853
0.561721070847908,0.622160885483027
1.08978214953095,0.571372916223481
2.40355529814007,0.814871034352109
0.283370497284109,0.0688049071468413
2.76248004092815,0.765795930754393
6.73514121737251,0.476501783588901
0.137857970781624,0.467845284380019
3.13439902686328,0.671453357441351
0.893074984662235,0.444222058169544
0.585418667644262,0.617916770046577
1.47822351920822,0.364386092405766
1.67155512243854,0.804395914776251
0.325185804223516,0.0138277346268296
1.82819370358231,0.107314261607826
3.06081606430893,0.841600306797773
1.76201550654116,0.112448936561123
0.75981336273253,0.647107335273176
0.350518909282982,0.100852571660653
2.32780753440204,0.656192688737065
0.866789262741804,0.65765474550426
0.0040535032749176,0.285039499867707
1.90374343358888,0.173128868220374
1.63596145800295,0.578661955427378
3.80033411441331,0.669555462198332
0.337349001486849,0.638924596132711
3.26105856064345,0.756183228222653
Rho_s: 0.514985707942832
Rho_p: 0.475359029227544
IC Time: 0
