Rho:0.5
N:500
1.29869765322655,1.6997397781689
4.57446717061594,2.08118095240536
0.739022941355892,2.03812599918785
2.04353843807223,3.5963798508855
0.615375028923154,0.188623417041362
0.458198164589703,0.463070129814233
8.81586896416257,14.1908034897389
5.40210593094058,1.6178904092414
0.227188906632364,2.56633406869116
1.96754374900241,0.85431766603142
0.68826294131577,0.370215075294556
1.0347708389163,2.14700241564753
2.37733636601808,2.53957773177865
0.913400692865252,0.983614786303637
0.735383082181215,1.48596934058097
1.74886640152874,1.70061814404073
0.311046660877764,0.213691169396043
4.22048275520034,5.92935997852365
1.05056850519031,3.22866170091515
4.16776220722687,4.54474658231854
6.18837650139838,4.08714026940947
0.0820707839326255,0.512521616183221
4.95428035755582,2.28645379646661
0.593885714068521,0.332450107188759
1.68110605507138,2.02494222848656
0.148847517951544,0.90571160055697
0.308954720385373,2.48852412207964
1.01206421945244,0.844162563408153
0.22748754825443,0.0329551852941123
1.78970770156922,1.63315190471328
0.0738293612375855,1.06289949920028
0.565938516519964,0.146397702519865
0.747737298719585,3.14122885821347
5.65016628768215,10.9898420305629
1.8833129248073,0.389664389193058
1.2541760681197,0.280212285849712
8.86411702738595,5.14667714734502
1.31111531797796,1.95764641532112
0.144422250290251,0.729905104174046
1.1123178107664,3.02443516279063
0.504745833750476,2.37712583309951
0.5555505969988,0.167922070249915
0.185979880425722,1.38713400550029
0.0582566166460953,1.14850028604269
0.0646216114982963,0.594189520925283
0.252287874929607,1.72741172185587
0.34892029625746,1.47237252457229
1.33878700435162,1.65724427450859
1.35389172658324,3.07512960553979
4.59946228166051,0.791586519218981
1.06385614901038,2.05334576955977
2.16961280806902,2.11585352561417
0.428887353278697,1.50998302215988
4.11248276365881,0.933232511017876
0.717623624950647,1.52220080078156
1.90822545430603,2.96888306720142
1.66393060042503,0.306883574463427
0.351668590077373,0.500224172137678
4.15759219584947,5.00524860967822
1.06743808183819,0.619856662590587
0.830686000175774,3.54045363249404
1.30866546370089,0.202762816333219
2.35592808007243,0.794466712725342
0.564387632533908,0.510100786574185
3.66565868614202,6.40316452052364
0.348976611868729,0.36006059318678
2.23535070373657,0.892368160835794
17.1869811554602,6.38416194882164
1.94935277272429,2.39241394019666
5.17706523437924,7.59529567840409
0.0509016351373181,0.0686389245092869
3.56487580148555,7.88042194726777
1.55508220205413,2.87984372132831
2.05202586195412,2.69295550315621
0.321346245063942,0.33932456023116
0.564969403669238,2.03198966375532
2.04321466005387,0.491968635469675
3.03169196454768,4.54773991902299
1.70612267768922,2.44775874345543
2.64431279330494,2.11096153586152
0.580414301715791,1.82395798767535
0.36976716679268,2.98390176410011
2.63856168641689,1.52788738707808
0.677029347978532,2.33461161508205
4.77011822511382,3.93401671929245
0.848140423186123,0.61299214977771
4.04367449490314,6.09018638696442
0.0508563751354814,0.212239917367697
0.864961881190538,0.41561296209693
2.98823510838633,1.43963852330091
0.156955383746935,2.63499514191392
2.09216430454227,0.311010092496872
4.11013521237259,0.998642539605498
2.34132640614154,0.99748136755079
0.0397267760708928,0.104386722669005
2.35716027385535,3.09605438770244
4.49143474896379,3.23030409200077
0.696097025685119,1.16696978453547
7.06516722920251,1.43050448607977
1.8094790011322,0.938562575727701
1.65976657710018,1.99623444481733
0.941243053413928,1.79713364211168
1.56474556765499,2.7791127958327
0.632429269142449,1.81634066431763
1.87371937363389,1.87517600870671
0.79024777952474,0.279895633472034
1.14351399242878,0.422027428634465
0.263414801098406,0.53789871186018
1.94900835809782,1.3823265414685
0.0916679613292217,1.96235858193202
0.686499760688763,1.65712717725875
4.1713191529078,2.21421017585756
2.70179821542444,2.89298233080058
0.852492880628943,0.291910953819752
3.27201773581986,1.39020325166391
0.861164124682546,0.88472409973107
1.73950947812738,0.559066213011088
1.21238938812166,0.616198552830819
1.53623052156738,1.57356436724197
3.70541939122562,0.601363354028836
0.00420174689289293,1.36703186109662
0.183771327137947,0.0257431147620082
0.409232538422656,0.708212157711387
0.0195749785410918,0.603029295802116
3.32773931307678,1.63090279131177
2.72675720221343,2.550085587343
3.61832416040783,0.738293323665857
0.221227967180312,0.0904942415654659
2.81598989680439,0.598499636165798
0.412470723996335,1.8661324663683
0.526892093010247,0.797949842177331
0.338034655633492,0.96560465823859
5.21242127169795,2.00130545525792
3.47212833521848,6.19810618426571
3.62477215735202,2.51064707702937
0.652431624941528,0.43269546316789
1.18693722598255,0.98989748210063
0.508618363179266,2.06626187815311
0.424793253652751,0.263772936537862
1.63102176218274,0.874917122535408
0.737233862280846,0.167640146367633
1.13571343105286,4.65554541897243
1.55034050311385,2.28086920260432
1.62450928995205,0.309000303440308
1.78193423329833,5.00672243137784
1.90218504901485,1.80417145407739
5.94133264132908,4.42784834255405
5.86478061940441,2.55025431132855
0.435804884738503,0.0950575759634376
3.42195711426876,5.80290805479835
2.49122506371679,3.74744337407832
1.50998586416566,0.341342856176198
0.191465076059103,0.358375612667921
0.518529581837356,3.36180909333711
0.302637790329754,1.3277174923569
0.439412905155185,1.49658879256787
0.3123103086463,1.50400728235267
2.73246555953267,3.37401679513936
0.758636731654406,0.777287791483104
0.625736560672522,3.67985185591464
1.13930477093414,0.323538664180386
1.79662659632739,0.573845653794706
0.177098884159264,0.488933762535453
0.28934642393142,0.321678435676476
0.264574263244867,0.177436424419284
1.20551842264831,2.80935572816019
1.36451697070152,1.59896704888253
0.323747080750763,0.137189432047307
0.501963525079191,2.21522708601298
9.82164177612262,1.69081959678772
0.399803901684333,0.197188447229564
2.77417172494241,0.798856500536203
3.36384495330935,2.23806220843437
2.56697422257605,0.868976537351349
1.58776163115146,1.04697338268749
0.84920721501112,1.88468636005166
0.450280965689837,0.141857072710991
1.72047875254395,0.857004383578897
0.702401094138622,0.275401724502444
0.0994277378697132,0.325213426724076
0.874489978887141,4.0443272514451
1.06323714368045,1.53302259921076
5.34975433696933,4.38159740318484
0.938925999216735,1.23669383116066
0.544024207629263,0.6696866620332
3.27479173598771,5.08161260534949
0.991613268929197,2.88851827366238
0.659776935573669,0.445959486067295
0.438862866811556,0.452479545229016
2.5779171026403,1.77335441849175
0.0338342478498816,1.68174409112873
0.526865657230758,0.15158299729228
1.33403726760298,1.40962346634808
0.618485577404499,1.48710024068485
0.698458834478293,0.107182723702424
3.37569945438793,4.48497795340136
5.21042464275785,4.19688909848161
0.0663201784602947,1.66392022176626
8.61830834248915,3.92767251266127
1.09177263360471,0.653272821567953
0.0342872394248843,1.7163834068084
0.757622267119586,2.08412401928546
1.60364045753124,0.970693389885128
2.63848429164829,3.11499747361484
1.78313777944302,2.42143984130564
1.71547843688829,4.24235484351344
0.421566558146775,0.939305659383535
0.5074916286394,2.5028193014765
1.84818453984407,0.340953907929361
0.744354285299778,0.358222732320428
4.21977692444749,1.89121610034159
3.08916106058245,2.98008083162789
0.40861682407558,1.25226502027363
1.69231748386266,0.715233024238099
0.637762644595543,2.73217821299079
2.20175777367296,1.7857722707015
0.601987846195698,2.36110701962354
1.66764910138192,1.37367971334606
3.92524674145465,0.635494871065021
0.381832173094153,0.269836308434606
0.128428547643125,0.0989982839673758
0.1826879857108,0.259452756494284
3.55337098224049,2.84440059198027
0.720675450768476,3.29982988147025
1.13793047703803,3.30526210350876
0.378207613714039,1.15941324830055
2.02266651569846,4.82367115070052
0.313178029977992,1.09912607446313
3.17408849654679,1.46633159744788
0.0489847892895341,1.92903550333324
0.139676393726305,1.35270992107689
0.433662195689976,0.336985907410292
4.81198818583913,2.19140851861777
3.17188679037576,6.41185954003295
0.159289025701582,0.00571544790608402
1.79618889457526,4.6932198887033
3.62135137973313,0.670788842253387
0.589332942850888,0.0971538559904076
0.169187188740316,2.54412298268619
0.677850901149213,0.177816400304437
1.17794633563608,0.480992637090236
0.0297536477446556,0.489108555018902
4.14005148766523,2.29017864904347
1.82574288911166,3.87915595604067
2.85474976507907,5.99393747358058
1.10269662551582,0.555384274299794
0.815559939481318,0.592584780417383
0.128404491581023,0.509042439050972
3.04244639707689,1.52116930103841
0.2514906120677,0.0379510167986155
5.4431599860353,7.05456636431527
1.41327005083403,0.467826511710882
0.920745354145765,0.881484006531537
0.850609070621431,1.2328565325588
2.37643352701309,0.691916024304667
0.00795835111553549,0.348997920295204
2.20257744929733,1.01450737100095
5.43243387688823,0.974639335647225
1.21898329257965,1.27301562577486
0.862571073696017,0.418978137895465
0.876852058805525,1.38987929365578
4.29851521377403,1.49620580608254
5.60260525312195,6.72296802665959
2.71254139571431,3.79782121984248
1.48307255088332,2.96560354886537
0.78533707652241,0.984082337468863
4.17895835917209,2.49413998789134
2.59611560768428,1.09899832960218
3.94732429070358,5.81795486634841
3.02603392286186,0.69398591760546
4.88167273433841,5.10547718365266
0.00487158263875097,0.497835268266499
0.375487655748867,2.0648865084255
3.23614808212557,5.08305685569472
0.491422443873344,2.62118552989307
0.181290423497558,0.631052900070335
0.717941192357879,1.61252494706752
1.9907976220453,0.551477423673606
0.778600668534636,1.47621678738835
5.25673987318702,4.78972966571279
1.88952464788201,1.1538470806554
0.592312184718469,1.04866362176836
0.190183326601982,0.633475506678224
0.21656371320983,1.04353089351207
3.69636382145767,2.93978769635318
0.346403514966369,0.0261610604716662
0.294336675606935,1.92181680901887
1.38907896346393,4.58517951865621
3.30219164101367,0.798778507858515
1.01236887089908,4.27683900644012
2.2068124822432,1.19048319105059
1.03570970397501,3.48041441647296
1.54840609422865,3.73613722644467
7.42751447441888,1.24136885814369
3.31345090059369,6.76313662495384
0.150606283918023,0.0749185374006629
0.739349981769919,2.69758984251859
2.53230216904523,1.23369024507701
5.98059263791809,13.0617766037472
1.59724620907548,5.1452572752995
8.39515117505446,2.90005438385491
1.02740851044655,0.534510872326791
2.95508075488691,1.29231745004654
5.27297698308654,1.81204309306088
0.156687706826832,2.06995579964461
4.93423039510397,5.1730485667748
4.39798267533012,8.5012550728207
0.58385899104178,2.44509870364311
0.460514233813867,0.258301173336804
1.97516999697657,1.24902806710452
3.24047926793738,1.28887338284403
0.0796806253492832,2.30907004870875
0.114865117706358,1.46064561783316
0.934933436103165,1.87979271026506
0.519837504252791,0.339201672933996
0.026351454201055,1.63930890574434
5.13322201718516,0.675612181820086
15.3766197751568,8.8923128614749
2.67667766093257,6.77225644852886
0.335453748691238,0.0211499175056815
0.927117272280157,1.12764663342386
1.79342361321545,3.2671225252829
0.195958935655653,0.243949136696756
0.622690455056727,0.106667823266172
2.60962449564579,5.3029877876205
1.71364952056649,1.95062690406086
1.25199697725475,3.47199292091613
2.29124734473531,1.34335150197148
3.75523753074889,2.08900995668641
2.12378686283938,3.26370706392412
2.13917069873753,0.522333848405407
0.274067020975053,0.908986448310316
3.44013074768667,4.16810919854068
0.430162330649311,1.48783918316597
0.950928991202387,0.920617636293173
3.1732174119163,5.3334449638886
2.33936458983584,2.4239788725132
1.14269761741161,0.844984739087522
3.21320161579137,6.81731785800228
2.23817314757946,0.637002750299871
1.84693303444013,1.80112661412897
1.5677380542362,0.606549513526261
6.23324401376378,9.89643104185962
0.330021082423627,0.632219017483294
1.56217060788515,2.43033258422258
3.2975367185649,7.56030463081926
0.797609437257051,0.978898618370295
1.38715743265095,3.70719584433322
2.69339838801863,2.33683745248083
5.4496200342936,0.743008026853204
4.60724846620984,6.98827208164048
0.0550938481464982,1.68381961799207
1.42795248507502,1.73300259551945
0.74054278342551,0.744793727993965
0.739801010116935,0.146153844892979
0.988708453053468,0.272012298926711
3.25857308490162,4.34209099691274
0.0239425776526332,0.404863950796425
0.790142120793462,0.147516962140799
1.67119764528217,4.76660714454941
1.08213092572987,1.69614045127275
4.52394117730923,9.59060547450438
1.40431742175462,0.266256625764072
1.00991332158446,4.31474572022386
3.40833916870837,3.81727007387166
5.81439466740856,1.36459368374199
3.00702098141192,1.0102974708711
0.971393842250109,2.36295682955561
10.9058569403072,10.4643735528707
0.139707817696035,0.0923535287788493
13.8570098534115,5.35711941470332
2.60715848757865,1.25155939906836
0.491861176677048,0.537320865509643
1.00466500408947,2.85133454953071
3.17530002800708,2.91916089454187
3.95770147426014,5.19128585209079
0.511141572147608,0.574504926800728
3.61679825169926,1.74760056363798
6.90542687442074,5.11128399868436
4.041343383323,1.26328476704657
2.21524207099321,5.15969299127288
0.548825123480597,2.60531823142412
5.04940079499908,4.86742839564509
7.75911731603456,1.95761294840815
1.07526850886643,1.20078122895211
1.35013354662806,1.57615837936519
0.496043596416712,0.375803823323289
3.34477912263319,3.86005506647711
0.404058187268674,0.176502274039717
0.235256160357574,0.166879684044502
1.06375418137759,0.563494879782295
2.5871544330472,5.15368109543748
0.00269961692626094,0.733245316302499
3.53798931492501,0.55445553176105
4.20625235385556,4.66389691357434
0.218913847992238,1.24972427543253
0.500537686049938,0.494967347942293
0.790287117473781,0.306598723866045
0.86637326516211,2.30221480867806
0.17835156380704,2.3430067244077
3.59788011742716,5.05697433997817
1.90865647039356,0.613884996486369
3.69068814424758,3.94592106698041
5.72132417762581,0.821150592528284
1.05948957335204,1.12661622744054
2.97517652943909,0.442366121336818
3.49433635188257,0.918529221788049
0.0583833946342242,0.716256804764271
3.12916991097813,1.0451109725982
3.21186196241962,1.96560550041975
1.15110232215375,1.9177146180624
1.42357698000354,0.91682673804462
7.56308577540231,5.6502182629324
1.52967960659365,0.442241705042319
1.9482900058759,0.288847492076457
0.498440864495933,0.107029797324554
1.76747861309888,1.84842500161361
8.38019410470381,2.37434035531225
3.95915159938817,1.61170230365949
1.06769958976656,1.5347132514322
1.13067682180554,2.64313346697929
1.84695732026341,3.67980616522913
6.2492968901931,1.22363440133631
0.905582102946937,0.191064582511347
2.39432712263408,2.48383926033022
0.23353273674802,0.0766221876191306
1.0907636564225,1.81059784992578
0.548645359272402,0.577893885783851
0.774784194686989,1.42464904590772
3.62321293337231,3.72246707586532
1.15250473125789,2.20592485546115
2.6497349756861,1.08246130496264
1.3372147185728,1.07005362585187
0.763614940284879,2.76313099629226
3.9090631341744,4.05247648043518
7.53915147068811,2.81991508571087
7.81083127519804,1.03245180100203
4.29349832184932,3.38081283850555
1.21229273546487,1.50437968588414
0.308959106460543,0.962163127958775
1.47885763264241,0.258541171438992
2.96721189169704,1.9986974689825
3.03485350826959,6.01442801404526
0.861793199554086,3.08018901927357
3.20985431207304,3.01955213380938
0.705309560522437,1.7946979831064
3.95471924899106,1.6215513832027
1.17921297065914,1.10963424196205
4.04470182938461,1.76945674224737
5.89098827507267,3.92664357257967
0.477393719367683,1.84841195485535
0.980393542908132,0.946299402974546
3.0226853264678,1.9166595554853
1.49931757614083,1.33412800822407
0.563727411441505,2.03318179669312
0.919000814668834,2.13993188730421
0.923151207411727,1.26032299268991
0.107978510670364,0.433160608329878
2.05010955958607,1.27555468119681
1.58056512094083,1.72615567586365
0.737089839763939,0.612649205550695
4.29306812286825,1.37857714481652
0.534890418323099,0.267441160796143
0.721656573936343,0.345494621433318
1.18175701424479,0.371105800573032
0.245623561553657,0.7928258003667
1.22531828377396,1.77931565254327
0.0490704830735922,2.53065581052544
0.919471876373872,1.16396971233189
0.442406414527827,1.63335342374136
2.06340038767996,0.677111019191501
4.39676766428355,0.73973601963371
1.18693999107927,0.53084181342274
1.62448387957158,0.504952573289785
4.35934196759887,5.13699878344691
0.112901562326355,0.484692162834108
1.04992787726223,4.29852245350309
0.546793795190752,1.0827400078997
2.78135547397618,4.30342079301305
7.95533367973424,15.3498888784871
0.484588610008359,0.723205938817629
2.42728985837641,2.35882682531121
1.54555274165216,0.225127754661426
3.67211870087271,7.75137318729711
0.044615994207561,0.00927185904723501
0.0690785679368305,0.244183547794819
2.44044168285074,1.61993556833806
0.0206616111369872,2.03274342900313
2.63496797709706,2.5285425762737
3.53727855516558,5.35048770506806
1.08761932142079,0.179985720354178
2.58133910029175,2.08980320068272
2.03248465380673,0.65592364128679
1.55068046591225,2.63980254149976
1.99072371601107,0.676471777260303
2.26799225239995,2.33406032029092
4.44810417891593,1.01565860491246
2.13371499246898,4.91681281079478
1.88695034295752,0.306748068891466
2.43325639321449,1.08488049823791
Rho_s: 0.514985707942832
Rho_p: 0.552164285914294
IC Time: 0
Rho:0.8
N:500
1.29869765322655,1.7163834068084
4.57446717061594,3.26370706392412
0.739022941355892,1.52220080078156
2.04353843807223,3.29982988147025
0.615375028923154,0.269836308434606
0.458198164589703,0.358222732320428
8.81586896416257,14.1908034897389
5.40210593094058,2.69758984251859
0.227188906632364,1.35270992107689
1.96754374900241,1.25155939906836
0.68826294131577,0.41561296209693
1.0347708389163,1.82395798767535
2.37733636601808,2.85133454953071
0.913400692865252,0.868976537351349
0.735383082181215,1.03245180100203
1.74886640152874,1.9177146180624
0.311046660877764,0.176502274039717
4.22048275520034,6.41185954003295
1.05056850519031,2.33461161508205
4.16776220722687,4.86742839564509
6.18837650139838,5.05697433997817
0.0820707839326255,0.280212285849712
4.95428035755582,3.67980616522913
0.593885714068521,0.340953907929361
1.68110605507138,2.11096153586152
0.148847517951544,0.445959486067295
0.308954720385373,1.36703186109662
1.01206421945244,0.85431766603142
0.22748754825443,0.0379510167986155
1.78970770156922,1.8661324663683
0.0738293612375855,0.488933762535453
0.565938516519964,0.191064582511347
0.747737298719585,2.06995579964461
5.65016628768215,10.4643735528707
1.8833129248073,0.791586519218981
1.2541760681197,0.551477423673606
8.86411702738595,6.76313662495384
1.31111531797796,1.92181680901887
0.144422250290251,0.36006059318678
1.1123178107664,2.3430067244077
0.504745833750476,1.48783918316597
0.5555505969988,0.202762816333219
0.185979880425722,0.632219017483294
0.0582566166460953,0.500224172137678
0.0646216114982963,0.311010092496872
0.252287874929607,0.939305659383535
0.34892029625746,0.7928258003667
1.33878700435162,1.6997397781689
1.35389172658324,2.5285425762737
4.59946228166051,1.81634066431763
1.06385614901038,1.81204309306088
2.16961280806902,2.4239788725132
0.428887353278697,0.90571160055697
4.11248276365881,1.84841195485535
0.717623624950647,1.08488049823791
1.90822545430603,2.87984372132831
1.66393060042503,0.613884996486369
0.351668590077373,0.33932456023116
4.15759219584947,5.13699878344691
1.06743808183819,0.716256804764271
0.830686000175774,2.30907004870875
1.30866546370089,0.480992637090236
2.35592808007243,1.29231745004654
0.564387632533908,0.452479545229016
3.66565868614202,6.09018638696442
0.348976611868729,0.306883574463427
2.23535070373657,1.36459368374199
17.1869811554602,8.5012550728207
1.94935277272429,2.48383926033022
5.17706523437924,7.75137318729711
0.0509016351373181,0.0211499175056815
3.56487580148555,6.72296802665959
1.55508220205413,2.43033258422258
2.05202586195412,2.7791127958327
0.321346245063942,0.279895633472034
0.564969403669238,1.43963852330091
2.04321466005387,0.938562575727701
3.03169196454768,4.42784834255405
1.70612267768922,2.36295682955561
2.64431279330494,2.60531823142412
0.580414301715791,1.28887338284403
0.36976716679268,1.66392022176626
2.63856168641689,2.03198966375532
0.677029347978532,1.61252494706752
4.77011822511382,4.66389691357434
0.848140423186123,0.603029295802116
4.04367449490314,6.38416194882164
0.0508563751354814,0.106667823266172
0.864961881190538,0.494967347942293
2.98823510838633,1.99623444481733
0.156955383746935,1.27555468119681
2.09216430454227,0.738293323665857
4.11013521237259,1.92903550333324
2.34132640614154,1.48710024068485
0.0397267760708928,0.0261610604716662
2.35716027385535,3.11499747361484
4.49143474896379,4.29852245350309
0.696097025685119,0.844984739087522
7.06516722920251,2.550085587343
1.8094790011322,1.24902806710452
1.65976657710018,2.06626187815311
0.941243053413928,1.50437968588414
1.56474556765499,2.37712583309951
0.632429269142449,1.3277174923569
1.87371937363389,2.08980320068272
0.79024777952474,0.370215075294556
1.14351399242878,0.598499636165798
0.263414801098406,0.332450107188759
1.94900835809782,1.68381961799207
0.0916679613292217,0.970693389885128
0.686499760688763,1.23669383116066
4.1713191529078,3.14122885821347
2.70179821542444,3.07512960553979
0.852492880628943,0.418978137895465
3.27201773581986,2.00130545525792
0.861164124682546,0.743008026853204
1.73950947812738,0.892368160835794
1.21238938812166,0.821150592528284
1.53623052156738,1.68174409112873
3.70541939122562,1.48596934058097
0.00420174689289293,0.55445553176105
0.183771327137947,0.0257431147620082
0.409232538422656,0.491968635469675
0.0195749785410918,0.306748068891466
3.32773931307678,2.33683745248083
2.72675720221343,2.96560354886537
3.61832416040783,1.63335342374136
0.221227967180312,0.0971538559904076
2.81598989680439,1.26032299268991
0.412470723996335,1.1538470806554
0.526892093010247,0.573845653794706
0.338034655633492,0.555384274299794
5.21242127169795,3.2671225252829
3.47212833521848,5.80290805479835
3.62477215735202,3.37401679513936
0.652431624941528,0.442241705042319
1.18693722598255,1.0102974708711
0.508618363179266,1.37367971334606
0.424793253652751,0.213691169396043
1.63102176218274,1.09912607446313
0.737233862280846,0.267441160796143
1.13571343105286,3.01955213380938
1.55034050311385,2.19140851861777
1.62450928995205,0.61299214977771
1.78193423329833,3.93401671929245
1.90218504901485,2.05334576955977
5.94133264132908,5.1452572752995
5.86478061940441,3.94592106698041
0.435804884738503,0.0989982839673758
3.42195711426876,5.1730485667748
2.49122506371679,3.74744337407832
1.50998586416566,0.612649205550695
0.191465076059103,0.263772936537862
0.518529581837356,1.95062690406086
0.302637790329754,0.65592364128679
0.439412905155185,0.88472409973107
0.3123103086463,0.794466712725342
2.73246555953267,3.73613722644467
0.758636731654406,0.653272821567953
0.625736560672522,2.14700241564753
1.13930477093414,0.534510872326791
1.79662659632739,0.920617636293173
0.177098884159264,0.306598723866045
0.28934642393142,0.258541171438992
0.264574263244867,0.107182723702424
1.20551842264831,2.28086920260432
1.36451697070152,1.61993556833806
0.323747080750763,0.104386722669005
0.501963525079191,1.38987929365578
9.82164177612262,3.02443516279063
0.399803901684333,0.177816400304437
2.77417172494241,1.47621678738835
3.36384495330935,2.93978769635318
2.56697422257605,1.40962346634808
1.58776163115146,1.24136885814369
0.84920721501112,1.49658879256787
0.450280965689837,0.146153844892979
1.72047875254395,1.15941324830055
0.702401094138622,0.339201672933996
0.0994277378697132,0.179985720354178
0.874489978887141,2.51064707702937
1.06323714368045,1.38713400550029
5.34975433696933,5.10547718365266
0.938925999216735,0.99748136755079
0.544024207629263,0.53789871186018
3.27479173598771,4.78972966571279
0.991613268929197,2.08412401928546
0.659776935573669,0.463070129814233
0.438862866811556,0.345494621433318
2.5779171026403,2.29017864904347
0.0338342478498816,0.723205938817629
0.526865657230758,0.177436424419284
1.33403726760298,1.37857714481652
0.618485577404499,0.983614786303637
0.698458834478293,0.197188447229564
3.37569945438793,4.58517951865621
5.21042464275785,4.82367115070052
0.0663201784602947,0.744793727993965
8.61830834248915,5.08305685569472
1.09177263360471,0.777287791483104
0.0342872394248843,0.73973601963371
0.757622267119586,1.63930890574434
1.60364045753124,1.22363440133631
2.63848429164829,3.47199292091613
1.78313777944302,2.36110701962354
1.71547843688829,3.36180909333711
0.421566558146775,0.559066213011088
0.5074916286394,1.50998302215988
1.84818453984407,0.729905104174046
0.744354285299778,0.442366121336818
4.21977692444749,2.96888306720142
3.08916106058245,3.54045363249404
0.40861682407558,0.69398591760546
1.69231748386266,0.998642539605498
0.637762644595543,1.80112661412897
2.20175777367296,2.21522708601298
0.601987846195698,1.5347132514322
1.66764910138192,1.49620580608254
3.92524674145465,1.53302259921076
0.381832173094153,0.212239917367697
0.128428547643125,0.0766221876191306
0.1826879857108,0.167640146367633
3.55337098224049,3.67985185591464
0.720675450768476,2.0648865084255
1.13793047703803,2.49413998789134
0.378207613714039,0.616198552830819
2.02266651569846,4.0443272514451
0.313178029977992,0.574504926800728
3.17408849654679,2.03812599918785
0.0489847892895341,0.918529221788049
0.139676393726305,0.594189520925283
0.433662195689976,0.309000303440308
4.81198818583913,3.38081283850555
3.17188679037576,5.35711941470332
0.159289025701582,0.00927185904723501
1.79618889457526,3.86005506647711
3.62135137973313,1.50400728235267
0.589332942850888,0.146397702519865
0.169187188740316,1.27301562577486
0.677850901149213,0.266256625764072
1.17794633563608,0.619856662590587
0.0297536477446556,0.244183547794819
4.14005148766523,3.22866170091515
1.82574288911166,3.23030409200077
2.85474976507907,5.11128399868436
1.10269662551582,0.637002750299871
0.815559939481318,0.577893885783851
0.128404491581023,0.288847492076457
3.04244639707689,2.11585352561417
0.2514906120677,0.0904942415654659
5.4431599860353,7.88042194726777
1.41327005083403,0.691916024304667
0.920745354145765,0.798856500536203
0.850609070621431,0.974639335647225
2.37643352701309,1.25226502027363
0.00795835111553549,0.167922070249915
2.20257744929733,1.47237252457229
5.43243387688823,2.02494222848656
1.21898329257965,1.26328476704657
0.862571073696017,0.497835268266499
0.876852058805525,1.10963424196205
4.29851521377403,2.42143984130564
5.60260525312195,7.59529567840409
2.71254139571431,3.92664357257967
1.48307255088332,2.48852412207964
0.78533707652241,0.797949842177331
4.17895835917209,3.70719584433322
2.59611560768428,1.6215513832027
3.94732429070358,5.99393747358058
3.02603392286186,1.39020325166391
4.88167273433841,5.6502182629324
0.00487158263875097,0.225127754661426
0.375487655748867,1.24972427543253
3.23614808212557,4.76660714454941
0.491422443873344,1.59896704888253
0.181290423497558,0.348997920295204
0.717941192357879,1.16696978453547
1.9907976220453,0.946299402974546
0.778600668534636,1.09899832960218
5.25673987318702,5.3029877876205
1.88952464788201,1.46064561783316
0.592312184718469,0.715233024238099
0.190183326601982,0.358375612667921
0.21656371320983,0.53084181342274
3.69636382145767,3.81727007387166
0.346403514966369,0.0950575759634376
0.294336675606935,1.08246130496264
1.38907896346393,3.30526210350876
3.30219164101367,1.61170230365949
1.01236887089908,2.73217821299079
2.2068124822432,1.57356436724197
1.03570970397501,2.44775874345543
1.54840609422865,2.91916089454187
7.42751447441888,2.37434035531225
3.31345090059369,5.92935997852365
0.150606283918023,0.0329551852941123
0.739349981769919,1.87517600870671
2.53230216904523,1.72741172185587
5.98059263791809,13.0617766037472
1.59724620907548,3.87915595604067
8.39515117505446,4.30342079301305
1.02740851044655,0.606549513526261
2.95508075488691,1.88468636005166
5.27297698308654,2.98390176410011
0.156687706826832,1.04353089351207
4.93423039510397,6.01442801404526
4.39798267533012,7.56030463081926
0.58385899104178,1.63315190471328
0.460514233813867,0.259452756494284
1.97516999697657,1.57615837936519
3.24047926793738,1.96235858193202
0.0796806253492832,1.04866362176836
0.114865117706358,0.631052900070335
0.934933436103165,1.63090279131177
0.519837504252791,0.321678435676476
0.026351454201055,0.708212157711387
5.13322201718516,1.77931565254327
15.3766197751568,9.59060547450438
2.67667766093257,5.15969299127288
0.335453748691238,0.0749185374006629
0.927117272280157,0.96560465823859
1.79342361321545,2.90005438385491
0.195958935655653,0.147516962140799
0.622690455056727,0.166879684044502
2.60962449564579,4.6932198887033
1.71364952056649,2.08900995668641
1.25199697725475,2.63980254149976
2.29124734473531,1.74760056363798
3.75523753074889,2.98008083162789
2.12378686283938,3.08018901927357
2.13917069873753,0.978898618370295
0.274067020975053,0.504952573289785
3.44013074768667,4.31474572022386
0.430162330649311,0.874917122535408
0.950928991202387,0.857004383578897
3.1732174119163,5.00524860967822
2.33936458983584,2.63499514191392
1.14269761741161,0.91682673804462
3.21320161579137,5.81795486634841
2.23817314757946,1.2328565325588
1.84693303444013,1.9986974689825
1.5677380542362,0.908986448310316
6.23324401376378,9.89643104185962
0.330021082423627,0.433160608329878
1.56217060788515,2.30221480867806
3.2975367185649,6.19810618426571
0.797609437257051,0.844162563408153
1.38715743265095,2.88851827366238
2.69339838801863,2.69295550315621
5.4496200342936,1.89121610034159
4.60724846620984,6.98827208164048
0.0550938481464982,0.733245316302499
1.42795248507502,1.80417145407739
0.74054278342551,0.635494871065021
0.739801010116935,0.243949136696756
0.988708453053468,0.43269546316789
3.25857308490162,4.38159740318484
0.0239425776526332,0.188623417041362
0.790142120793462,0.272012298926711
1.67119764528217,3.79782121984248
1.08213092572987,1.52788738707808
4.52394117730923,8.8923128614749
1.40431742175462,0.510100786574185
1.00991332158446,2.80935572816019
3.40833916870837,4.24235484351344
5.81439466740856,2.39241394019666
3.00702098141192,1.69614045127275
0.971393842250109,1.87979271026506
10.9058569403072,10.9898420305629
0.139707817696035,0.0686389245092869
13.8570098534115,7.05456636431527
2.60715848757865,1.79713364211168
0.491861176677048,0.422027428634465
1.00466500408947,2.08118095240536
3.17530002800708,3.48041441647296
3.95770147426014,5.19128585209079
0.511141572147608,0.484692162834108
3.61679825169926,2.55025431132855
6.90542687442074,6.40316452052364
4.041343383323,2.13993188730421
2.21524207099321,4.54474658231854
0.548825123480597,1.69081959678772
5.04940079499908,5.3334449638886
7.75911731603456,3.5963798508855
1.07526850886643,1.07005362585187
1.35013354662806,1.6178904092414
0.496043596416712,0.336985907410292
3.34477912263319,4.19688909848161
0.404058187268674,0.15158299729228
0.235256160357574,0.107029797324554
1.06375418137759,0.633475506678224
2.5871544330472,4.65554541897243
0.00269961692626094,0.323538664180386
3.53798931492501,1.33412800822407
4.20625235385556,5.08161260534949
0.218913847992238,0.601363354028836
0.500537686049938,0.375803823323289
0.790287117473781,0.389664389193058
0.86637326516211,1.7946979831064
0.17835156380704,1.19048319105059
3.59788011742716,5.00672243137784
1.90865647039356,1.01565860491246
3.69068814424758,4.48497795340136
5.72132417762581,1.95764641532112
1.05948957335204,0.98989748210063
2.97517652943909,1.06289949920028
3.49433635188257,1.72615567586365
0.0583833946342242,0.341342856176198
3.12916991097813,1.73300259551945
3.21186196241962,2.64313346697929
1.15110232215375,1.81059784992578
1.42357698000354,1.01450737100095
7.56308577540231,6.81731785800228
1.52967960659365,0.670788842253387
1.9482900058759,0.676471777260303
0.498440864495933,0.137189432047307
1.76747861309888,2.03274342900313
8.38019410470381,3.92767251266127
3.95915159938817,2.44509870364311
1.06769958976656,1.43050448607977
1.13067682180554,2.20592485546115
1.84695732026341,3.09605438770244
6.2492968901931,2.33406032029092
0.905582102946937,0.325213426724076
2.39432712263408,2.81991508571087
0.23353273674802,0.0923535287788493
1.0907636564225,1.70061814404073
0.548645359272402,0.489108555018902
0.774784194686989,1.04697338268749
3.62321293337231,4.27683900644012
1.15250473125789,1.95761294840815
2.6497349756861,1.65712717725875
1.3372147185728,1.12764663342386
0.763614940284879,1.9166595554853
3.9090631341744,4.54773991902299
7.53915147068811,4.16810919854068
7.81083127519804,2.23806220843437
4.29349832184932,4.34209099691274
1.21229273546487,1.46633159744788
0.308959106460543,0.537320865509643
1.47885763264241,0.522333848405407
2.96721189169704,2.56633406869116
3.03485350826959,5.14667714734502
0.861793199554086,2.21421017585756
3.20985431207304,3.72246707586532
0.705309560522437,1.34335150197148
3.95471924899106,2.5028193014765
1.17921297065914,1.0827400078997
4.04470182938461,2.76313099629226
5.89098827507267,4.91681281079478
0.477393719367683,1.23369024507701
0.980393542908132,0.881484006531537
3.0226853264678,2.53065581052544
1.49931757614083,1.3823265414685
0.563727411441505,1.42464904590772
0.919000814668834,1.77335441849175
0.923151207411727,1.0451109725982
0.107978510670364,0.258301173336804
2.05010955958607,1.65724427450859
1.58056512094083,1.84842500161361
0.737089839763939,0.563494879782295
4.29306812286825,2.28645379646661
0.534890418323099,0.291910953819752
0.721656573936343,0.404863950796425
1.18175701424479,0.592584780417383
0.245623561553657,0.467826511710882
1.22531828377396,1.76945674224737
0.0490704830735922,1.16396971233189
0.919471876373872,0.962163127958775
0.442406414527827,0.984082337468863
2.06340038767996,1.20078122895211
4.39676766428355,1.7857722707015
1.18693999107927,0.6696866620332
1.62448387957158,0.798778507858515
4.35934196759887,5.35048770506806
0.112901562326355,0.275401724502444
1.04992787726223,2.84440059198027
0.546793795190752,0.675612181820086
2.78135547397618,4.05247648043518
7.95533367973424,15.3498888784871
0.484588610008359,0.512521616183221
2.42728985837641,2.62118552989307
1.54555274165216,0.509042439050972
3.67211870087271,6.77225644852886
0.044615994207561,0.00571544790608402
0.0690785679368305,0.141857072710991
2.44044168285074,2.03318179669312
0.0206616111369872,0.933232511017876
2.63496797709706,2.89298233080058
3.53727855516558,5.15368109543748
1.08761932142079,0.371105800573032
2.58133910029175,2.54412298268619
2.03248465380673,1.12661622744054
1.55068046591225,2.35882682531121
1.99072371601107,1.14850028604269
2.26799225239995,2.53957773177865
4.44810417891593,1.96560550041975
2.13371499246898,4.08714026940947
1.88695034295752,0.677111019191501
2.43325639321449,1.52116930103841
Rho_s: 0.813801591206365
Rho_p: 0.748025541148457
IC Time: 0
