Rho:-0.5
N:500
0.0479246526956558,10.6558637891241
5.76978395845661,9.13120491738108
1.24774025110403,7.72599516063399
0.233179721981287,10.8847422255609
3.71780539287214,4.44259546851629
0.154445172545557,9.12785936310208
0.655689554288983,9.23694532435263
0.99774020053858,9.60759032582378
5.33316956062741,2.84867684695317
4.88780564417071,10.0155020921079
0.56137049031159,14.0874176700494
3.46572868239437,12.3552627192767
0.0300087910145521,15.6917418859207
6.74442310597668,3.10489551953272
0.226173568243345,14.001976884464
2.08115283950212,9.26279939166309
1.62308588988128,8.67336130599127
4.53974402727201,11.4524462508355
0.0202474765088255,11.601601090813
0.358469330705702,10.7844881841392
1.76082802741768,6.67525792368044
1.95230333924445,11.2047916722914
2.54287743560019,8.8748821399359
0.816307902336121,8.30301711875602
3.57667540728097,11.5499086445194
3.58042353454761,11.0891060532326
2.22413359789304,7.45482528241785
0.128208163194358,11.4989912595377
9.46652571061506,10.0200949801247
3.75042687956382,10.7568906548275
0.909168763980995,9.94573074642388
2.18122685505989,10.0247962150847
0.418979558162391,7.88454481614795
1.65353194457213,6.77312755452605
0.105221980251372,17.2169746110953
1.9932539667094,8.40602966169812
1.37147117778659,10.563335990248
1.3136278912425,8.30361861089476
4.86382985462375,6.98728639938583
10.6759171219249,10.952014260533
3.47453765858722,9.18863981479916
0.902019980363548,10.9913430069816
2.31891354760289,13.5044184961291
2.19992553620579,6.87823671793351
3.70207206989351,4.7982119209233
1.92999166428092,8.11226408636859
0.422754866071045,13.1425446895293
4.44823168540003,3.11626784462794
0.280316207075001,8.58963990151895
1.99619693706212,6.74797819316158
4.57567723211968,9.45032868449563
2.02675012490692,8.26898191617905
0.699562000110745,13.0718319029855
1.01250093337148,7.26352301083361
0.821348521858454,10.1981748290156
3.03563019989019,12.4937544707141
0.99187648948282,13.0324112108857
1.34061978664249,6.30524882956134
0.255580609227863,13.7022886279306
0.526022432665465,11.0279498883808
3.78982465324884,8.49201448660354
2.66652140944245,12.7997225407499
0.511338747106493,7.92216439607783
0.319742671214044,13.8356688414464
3.96314959211235,10.6840974691185
6.49782003428707,6.28775167267944
0.633764056488872,12.2786569897252
6.18148621883164,4.78478085091112
1.44897252548219,10.5801026900725
0.263825889956328,8.71127348062949
2.59224924623015,7.64459946099772
0.735985088162124,7.45358418411115
0.266346975229681,9.26346821177999
3.86973578093534,11.1610251359995
2.1319353635514,6.29935318217349
0.61336377456425,9.14019655891317
3.63338726742153,11.5564383077472
1.73005822106245,10.7312931043061
1.58343463568928,11.7737201004938
2.1814896049989,9.7893339925714
0.391764285974205,11.2296870102508
2.42938622823896,6.98110136483903
0.751104881462006,13.4194086408051
2.57305032937768,11.4687006055316
1.90226145007021,4.90943921633471
2.90446786565666,6.80071051350394
1.58254589690807,11.47782219579
0.0856328164675915,12.2905188460815
0.788570948876441,9.8832964636771
1.1869120446467,8.25310106252883
1.8204607143158,7.76366136071205
0.283349060453475,11.0806170073217
14.8547458267751,10.2383083760544
2.06867307229879,5.34536509236397
3.91581895930653,9.24137378149445
1.37640255037695,13.4902446967826
0.831286354921758,15.0741709701794
0.700859976244038,12.0081502028212
0.637926214374602,7.1831755241854
0.154309123260004,14.0769676969385
2.34657591386678,9.74333091433135
0.0274840953360623,17.3721052799475
0.186851832084358,11.1726519054473
0.232131662778556,11.8282287455363
0.683677174150944,11.0664806864963
0.560760293155909,8.22232888523586
0.30407895706594,12.3475075808217
2.23027844591996,6.14717533033031
0.369477827101946,12.3995634046805
1.40083868442359,14.1444769313443
5.7563123798877,11.9092546982333
4.57716831167169,7.488796634693
2.27528472981396,12.790828223311
0.712535064667463,8.92803968728381
0.489139921069955,9.14104661430185
4.27554141332336,7.56387630293425
0.325005047023296,12.5248016892986
0.755304642662733,14.2629993388869
1.57359635076466,11.8956853045335
1.14621436689049,10.9408279865979
0.607452674768865,11.0917358128913
7.06452211079785,8.92191452748293
0.0364420209079981,15.5848155805051
3.33930481722239,4.49504678478312
0.291924946941435,10.2203886262734
6.28987124528656,7.75498395841283
4.25462738026805,12.0964877075859
1.67834674931111,10.8065637495648
0.0130313886329532,12.331014382688
0.408425304107368,13.1632348256159
0.790760982781649,14.1208358013304
3.46817184222822,10.0458421934956
0.262299661200938,8.5557661478746
0.651758380234241,13.3307653943069
0.799569569528103,11.4892748010126
0.165665315464139,8.95637973780939
1.09117707144469,9.78042672748842
0.0578847360753704,15.5646028022171
2.60036934158745,9.88584529169382
0.558024116791785,15.0451513012178
1.23905093595386,11.489614194652
2.34354265212061,11.0634760889597
0.573161527806584,7.82958193847887
1.02039217762649,13.7400943543929
1.47020973493954,6.78794232378272
0.375197544574221,8.94033590385287
1.22334194835275,7.52555852367692
1.24429088551551,11.8449192720692
6.36711485650311,10.263398598417
0.350828541442752,10.1484962853326
0.210287737199116,11.8741368405465
1.12750019412488,12.1554402747061
1.22156200930476,9.01598550255129
0.619965554215014,14.3000034585661
0.370604341323196,9.16622714004933
0.210486851577224,10.123093110453
2.07405436589363,9.90303168187164
2.03442259683254,4.69330256815591
0.0384613915338282,9.59981592596099
0.804845518432558,10.380339745212
2.44803986131194,4.01580515847654
0.301561888324007,13.2335337586712
1.80156243025305,11.8968521147198
0.52451483171668,8.26958341860783
0.150734200142324,9.21532780359593
0.878010202199221,8.59021071103333
1.20410595461726,14.8068827713588
3.60413616878872,6.71954360232424
4.60803060580916,10.3870097167526
1.85122436462882,12.247792808465
0.581459230743349,14.4978591147045
0.347608675248921,13.5592173922748
1.89127651593628,5.34016751400629
1.99995382866802,5.8162896793671
0.858439484147782,7.93680611639975
0.541971877191551,10.6102523067653
1.97986855349484,10.5833825399181
1.34765560831875,11.2009414451063
0.296227958984673,15.145026131524
0.176347485591284,17.5458613124145
1.07672913279384,8.59372458786657
3.50045690668707,3.52270441516069
2.00989273491911,6.44406203463113
0.308904070407152,9.53758299757027
3.45530570417164,11.8569676745979
2.90551093948965,11.52963686375
3.16302927908105,10.5172533610442
3.00490150211339,4.9833286373148
4.70988132406898,10.062767426442
0.521053841337562,16.4015917734031
0.563941875485497,14.0611448931387
0.796847259625793,11.4093198013072
1.3763585453853,10.2125279927271
0.688556171022356,7.1377322516043
2.77022830761018,8.76273204299957
2.65597662507536,5.91374117015196
0.513497994358527,15.1194518571843
2.30586759429703,10.7791261781221
0.396240076797515,11.710502555785
0.0872267410159111,15.5021928254037
1.14875081274658,9.80226916685269
3.57686178369408,6.8105769948655
5.65649498965511,7.75154323125072
0.666928800754249,12.5938071100717
0.0382621940225363,15.7469234613064
2.28105931630794,9.86975691042731
0.731129965733516,9.64348998543605
1.29989950638264,10.2445162794515
3.78411882507886,7.86441279547018
2.3153293262327,9.36637564638968
1.3482550997287,9.77189773634024
2.81925269469677,11.6670691688035
2.34096305808964,10.027611565563
1.46335856235566,12.3748446248626
2.9658531976488,12.8382270522498
0.0577362449839711,9.23321017150652
0.401777484454215,13.352111399038
3.16090338904421,11.9255695096598
0.0237421067431569,12.603142114629
0.491573920037479,14.1361914937883
0.850879269652069,12.5407118356115
1.08376383967698,14.2173845618198
0.0995055446401238,13.7546387430998
1.06965527217835,14.876244171862
0.362939373590052,15.1344470121266
0.389166936081337,12.7194488096309
1.80150604239645,9.51846528885166
0.035595627496425,12.0584064940301
1.31596849765629,9.64753510348513
0.713782581500709,11.761680001463
0.551986066210037,11.4818320207885
0.0938352824839893,10.7154888949715
1.26552417781204,9.37584101473214
0.419641686603427,10.1158942591201
1.08732476364821,13.9414034450403
1.75039643599632,10.562505925823
5.26581951578088,11.0205360752716
2.06372913151028,13.0460135277069
1.32432984374464,13.5488621125375
2.71993875308874,9.72522715944589
0.652605846524239,14.6095278230891
0.180271798744798,17.2216220160951
1.67145394606471,7.92246084814348
2.00247165716772,13.13065922002
4.73105537493653,0.946710221449345
1.17829308286309,6.13137761631323
2.37360248191629,11.3351147004212
1.93563553309979,9.7496632818353
1.03905537611137,9.34874141402461
1.58659012793543,10.153991421692
0.905422891490161,6.9510113357402
1.62979858919027,14.4067546692014
2.53287849008086,6.0953206270652
1.17554853484035,11.1208648393133
0.885497147572555,8.54350176053926
2.11754216990414,7.87842190772985
2.3790068271661,4.86201990065578
1.46781731202247,6.17079592685929
2.67471448509934,12.0281567953569
3.79895868135576,10.3178596189049
2.2661009672189,12.6829552745134
4.94264962871499,6.48080679738764
0.0117591079324484,14.6456801257777
2.30854758053067,8.0379935526614
2.10273503503742,6.79555297441082
0.256593681805853,8.90081536500093
2.027609962886,10.8804250285188
1.70956167011502,13.9283714841494
3.11497379765715,10.3862678978162
5.69131405617962,9.33419405187029
0.0435387873567985,8.98802797411941
2.26468385375085,9.49426537341116
1.85040207757595,9.82909654622128
0.704002797273068,12.2973236294386
4.07345613447909,9.03086188189695
0.163868354633451,13.0226151634991
1.08704191446304,14.7308768059517
3.90786084888463,5.32975669683882
1.58503003596308,7.34544496418875
0.984332432039082,9.5481545653388
1.81014581388774,13.6924821464989
0.626894420944154,8.3895237163468
0.130470900436138,11.5635814056009
1.68077355801108,5.46857863467701
2.11716809115353,9.90284119895005
2.26341977148297,8.96765369243187
1.51906945009428,13.1399678637999
0.178038775330681,7.94263388121126
1.43865803118703,8.64783742418948
0.424768220633268,13.8256806396241
0.957562079653144,10.4514585880369
0.676696849055588,9.09176705868656
7.09164534144224,5.26537035203995
2.33598124227467,9.49185133784362
0.345579409971833,7.8299848817487
1.69843151411953,9.10990883875197
2.86318471042893,6.55121574843182
0.578362958057312,13.7417536258451
0.0275683755740391,11.6892852317569
0.555093987860057,10.0749710554665
1.95317360564115,6.52523507689511
0.495111056603491,9.71204906199785
1.46748919368525,9.36407389408748
2.37284702985528,5.69694073084568
7.06490984721089,11.7223762146092
0.76593476627022,8.79009685896545
2.01067715502324,5.45796650637082
0.303784962743521,15.8465798733892
1.9555428623313,4.83666432865065
0.10910043027252,16.6010036171956
1.76273540829383,9.78978276698702
3.06754827855115,7.46148741597872
0.914075584586384,13.0032922504368
3.17118903754562,11.6836138248283
3.97500077245717,3.24530945452577
0.756818981841207,7.05255009888098
0.844432860912569,9.29316702347481
3.69256186710535,7.17057058180014
0.66676567401737,7.79516917636664
5.45140468676515,4.72653560715978
3.54004422185903,10.0295530849433
0.108325185169702,11.818998035569
1.63305252782049,8.40728199583324
2.09924099213424,7.7100021914963
0.171074592508376,15.857627529384
0.925421264022589,9.56854310536011
2.86501797644382,10.9628892804123
0.260507073253393,17.0700996768874
3.29467931625397,12.474940890924
1.48373096800389,5.17720179914281
5.97958736088047,11.4954191564657
5.66818371381531,9.04954469980261
3.9980507789362,11.6958449422484
0.359911413221289,16.8617100461105
3.31907053274994,7.68925802520138
4.7421463539166,11.3776785845372
0.370355994238383,9.50340072531455
2.10679960785836,5.93550765609517
0.212649154470086,8.62469151878783
7.69492767336679,11.203907370226
3.3187418422451,11.0917214404114
1.34516146406531,5.64890776703129
1.27821764070541,9.15675372561227
0.494635811075568,10.2620118615937
3.55673089234119,3.68363681085739
3.11405327343978,10.9336402285714
1.48027088857236,9.95903978568012
5.07605342914291,3.66647720604127
1.07776886504143,12.3875959121767
0.521267830599371,9.37190806765359
2.20710627726259,8.66860160831028
2.02822800988466,6.42171654019438
0.285452980548143,9.26717710143365
0.280976556234638,14.6317784849838
0.336254451423883,12.1667118189262
6.04385298456917,3.96794521459478
2.08648015922847,7.27629332287903
1.85277699006847,5.1856427213698
0.809870331548154,6.84598210279364
4.78379416068025,9.42467822612195
2.13525057776625,11.0060708760364
0.331349023617804,11.2984431079262
3.28372127545958,9.20178708161896
1.76898381152282,10.0735874038515
0.0449239806477395,18.5857352253021
1.37371035385877,10.2570999379655
6.21076028015385,4.04880906902271
2.75166519909146,9.89917621379184
1.55730968322658,11.1258624289168
2.57534917994382,12.5858147375578
5.2674721216125,12.0183438898597
0.206366024911404,16.7445410266822
3.44651151447811,9.96767742322406
0.069683626294136,14.0424900712826
0.335996015335265,7.78502311810088
1.45158249576638,5.50894768005877
3.92089501751547,5.80674436819342
0.896734455182746,13.1009890303441
0.94511590898037,10.135807762245
0.85239215193961,10.8375498750572
0.0103023138554231,13.1657573303959
4.94357568372912,9.51429483742767
2.68102083346787,7.12159851230776
0.942637789994478,10.6045538031459
0.822179485112429,9.21830141706025
1.21394810080528,6.89552319970559
1.20525349117815,13.8241863198394
0.658633854240179,14.046326124784
6.99425132158113,6.85054403109168
0.782087408937514,13.3693326541677
0.394669111546709,14.4923357482704
0.493645616807044,15.3078333129742
0.431151607844043,8.44275306449865
1.3510130578652,9.10494676757422
2.27276719461187,7.38431007052396
1.98653670541861,7.15588043769169
0.76429333165288,10.0112074983408
1.13100786693394,8.8338469019772
2.1258473637605,10.0245300570541
1.18551579397172,11.4845510828319
4.67257951547332,7.58483364786556
2.02620978086236,11.761945490466
6.15168105032215,9.86618109783078
0.130275181494653,14.4688033177473
1.43540980579625,6.96754852526371
1.84739129609408,12.4287764700699
0.900702062994242,15.1779848122621
1.41303225039485,5.77189413312485
3.8414870200861,7.3018826556795
2.57062147921863,5.15005657574204
2.10230643320462,13.1631605138585
2.22166936091127,11.3481430068394
0.112688208930194,11.0363224970439
5.01498077637629,5.47346837228681
0.286054731346667,12.2651940089684
5.17319258521507,1.7909981107798
0.811625406338527,8.13888606966063
1.7403094190264,7.58033991907939
0.598126726474676,7.19179259466451
1.5668893008584,11.7531395825938
2.26998652000137,6.82925979632673
3.44904150424485,8.92892218321549
0.0448935774800197,16.8528962818709
1.31964648514986,11.0302815715605
6.93156624023852,11.9420273108285
2.50386865801158,7.45447599484781
5.11221363742776,11.0674330985114
0.11382681876421,11.4532302867082
1.27556362375617,7.20763743388465
1.75989732323009,7.78872550268253
1.18629870284349,8.84688514700586
4.6198466082377,10.6210905186776
0.512778510498646,14.8045886610039
0.512745822752066,14.5567354671475
3.75843697769528,10.1922241163549
0.28022437915206,12.2130360559866
0.876177540980279,14.4119963629546
2.05876239194515,11.2412576590082
0.643251695670187,15.7596139221642
1.66725390954855,5.52245392894086
0.0827741001526246,12.8703819014327
0.706652960393934,15.2957202497725
0.241436863318086,9.92293283794402
3.17041812419411,5.08427126204571
3.44234526990196,4.14502081909537
2.16256900682094,10.112212823313
1.75654476572551,13.1005020757884
0.491624733433127,11.0603321143157
1.03507184423506,13.5923952330195
1.03654632344842,15.1075890335922
1.18695312645286,13.5111618703634
0.562425465323031,9.78644197052351
0.519300007261336,14.4509341261258
0.865534131415188,9.80365705535547
0.768146289512515,14.7461922945405
0.95133333094418,12.22495866896
2.42731544180753,12.9841173037191
0.51200777563994,10.0438176001029
0.330035937018692,8.93316426287376
1.19181669689715,12.85445002795
1.34426453809999,10.8346200549556
7.0823142934115,9.66926766885121
3.1897197550345,3.66097890531752
3.73550346303057,7.9472298958724
0.445459430105984,10.0584168440769
1.74751144634169,11.1101683522253
0.916236402466893,10.2914594236477
1.96756423628869,8.68919657510231
0.328431630451443,10.1969144333723
4.03383652104025,4.21773437227714
2.36816497733322,10.8301057688212
2.77680980251845,12.7911525123243
2.13840130521896,5.91351785294143
0.9728939300403,11.8736361604145
0.412092182706572,9.74880494643308
3.07016008702998,10.461447370352
1.78790244824233,10.986046640188
1.37446221988648,12.8316744067413
0.520859647542238,10.344023078861
0.244158289462644,13.0408903224772
3.50542071817403,8.26296994585833
1.29068609606475,7.76400975024127
1.11307518556714,8.50838980654741
0.530076491766937,8.95750940775848
0.697389076392541,8.69428762412933
3.16700708104258,12.1963509002474
0.396388913011029,9.33053061879164
1.29905180385584,12.5521471885604
1.76949907830896,13.9044326448727
2.12921635984423,6.92774301393757
0.160807737149298,12.4256513078366
2.31682499489727,6.71530165296379
1.86866113348844,9.95164032623724
1.09942186437547,10.9912462553782
0.656437843106687,9.33329222478537
3.60865325761449,5.3557065974612
2.43910065098646,9.03254823983573
3.09541690595711,8.86549154034021
7.01668324411673,7.74167804345166
1.81505915794371,6.42613128102126
Rho_s: -0.431284029136117
Rho_p: -0.377084473345398
IC Time: 0
