Rho:0
N:2000
1.23634024802595,6.16725688016853
4.37087677766509,14.4475470149408
0.444253399036825,10.1479935737851
2.88805969042664,13.3787488372006
2.72114300533178,13.5918939184171
0.166468002833426,8.84415650456821
3.23882376758342,10.8670696574764
4.62323624988027,9.71426017332438
0.562097398564219,8.59240979072927
2.91497098659614,8.22293629622662
1.45673555156064,7.11559022105738
0.346188866533339,12.096253378443
2.73367268956246,13.528875526143
8.14582372787309,12.4672430277226
0.0383629093362821,5.27215730807723
1.20442690700293,9.68109473146234
0.0536409436356289,11.5151707299252
1.46778070732,6.78098821652146
1.4964663851166,13.6343685711154
1.62343321732225,11.8500792063523
2.25721856811745,12.7057288637915
2.45698651290479,10.1420613257825
7.51866860273195,4.94480347641791
6.5465002354599,10.6010056020219
2.07314321204069,8.74029162547406
7.54903621557069,8.86828800595897
8.05260686161828,10.6375506380101
6.20298934657482,13.8229908174495
5.34579888333507,8.74744492246966
8.10674218418908,9.24027499307449
2.49005943714621,14.9486116969426
1.40748109101298,9.6719222244894
2.16469382486286,5.94505934321767
0.131854116749752,7.31973209632338
5.42373500366635,10.8306890597294
2.62791620000246,9.81956922303789
2.08658331251683,7.27414129300062
0.485242133960128,6.92110674283214
1.14553653728217,9.87107666810857
0.616077564656734,13.3107821149709
7.48377622939063,12.0361244222276
0.0626753675445764,11.8159606315038
3.21650328842883,7.26446305797213
2.87436683831697,6.64432578289212
0.749265312217176,9.33432706163847
0.139943482354283,11.4962763508618
1.14784559234977,15.8492993902107
4.98248681773372,8.16797672327571
1.28544926829636,14.5707427807749
2.21195785320344,5.48236428509922
0.0738717096023903,13.1680393266589
0.427679174180913,13.1096914078213
0.0399293033406138,10.8164114391708
0.732257808558643,5.91662050893886
1.92030041470172,11.0738861328907
0.286523942992756,18.5868911255671
2.793677249123,18.6792508906354
0.573778921202873,7.00971186727074
3.40793184644281,8.67688074302487
2.53435798353496,5.46648359318232
0.286383642815053,13.2917681539002
1.0598022993654,11.7319799661476
4.24176140491537,1.29843453508494
0.535495723597705,8.39141899574303
0.0021618315950036,5.2326518729802
1.75596633411421,9.85240655823854
1.78288128218594,14.2585606332786
3.36791720969563,13.9065529217632
0.391722488006955,5.14737741037739
0.232224652543664,6.47369228333458
2.36899482450428,8.11540393375727
0.61888075247407,11.4760623495773
1.53855491234901,13.710136478612
0.00981838240587086,12.2998526805612
2.60091378903928,9.74753413361591
0.00100325418235116,14.9668924897473
0.515976008027792,7.2009917754638
3.12105676142459,9.04965855704307
1.33127129357308,8.70954031962379
0.525833477266133,9.24982941140918
2.61923259115758,5.31464575259665
0.691474322229624,11.5349575004893
0.41803530510515,5.06418959625954
1.30532942712307,14.0417996200335
1.02093101572245,11.110846291209
1.60123405410888,14.1222784383817
1.39524988262894,9.76620498465359
1.45263293208614,12.0786217709418
2.5118968951607,12.484826040352
3.11960829405074,10.1188981029128
3.61022128520494,10.7761158165149
0.0344404326751828,9.84023643181199
6.19009007479916,13.8024203594401
0.324726845628779,9.64800627298917
0.670512320433708,6.09764770306564
2.53598814262989,9.54303356846563
0.0404083378484123,10.6541830000332
2.10086979137851,14.0177231060935
5.37763850738235,7.83704916277236
1.21355941612273,8.08504019682724
0.142550176009536,3.9225978789745
0.870369341224432,8.06263628323831
1.85711761275964,6.69279459960454
0.285385825671256,8.36167421442475
0.837842113338411,12.5156561833564
5.84788507556905,6.13423065118812
5.74990288879643,9.78897029785439
0.67383876722306,9.2595165442849
1.44115239187124,5.25554688659922
1.89500754131916,7.39716475878312
2.09668030581417,11.1700581179826
1.07466689124703,8.23433186205516
0.429425177292323,17.2065393618366
1.36503531690687,8.83463743170041
0.334380113519728,17.5550221627862
0.252184432341096,7.11007602101905
0.233710124710162,12.5453724159635
1.21430618036538,14.8678478124395
3.83209754882341,8.78836305409535
0.959338505752385,10.9085681752951
0.383829585008235,9.08722720743233
0.298386016430113,8.76885517216527
3.46966801566963,3.85715534428343
1.40641772924902,9.9602775018214
0.385442120954394,11.9717886080213
0.280939416028559,8.48443668520756
3.1172782218266,12.5458709289021
1.61664957951502,8.19629388025496
5.35685113419719,8.26929057386725
1.2995466273278,11.2246471458597
0.590430268086493,13.9663027763977
0.171583525402149,9.53622960390933
3.06675663563838,10.1864811644929
7.52026073220086,11.8265015931251
1.78857581867816,10.6468105679409
0.663276510149851,6.40690754536526
2.86038885586028,9.77893255892405
0.0613687566008786,8.15029191160647
3.06452114004193,5.90236776975435
0.284592714160681,6.15337253561877
0.489714990369976,9.17169717425411
1.42239050745013,5.73218071815706
0.547787732444704,11.3259649769697
0.766638287006261,11.6369061678889
1.44008431300641,9.71120791584819
1.19735721601343,9.42475076109744
1.08028228860348,11.4493256187114
4.47775273372359,10.5109080490341
6.66434036161671,4.00308916515791
1.97857618509772,8.73054732727667
0.312003544531763,12.0564621200926
1.75656504734399,12.126383109392
0.29632879793644,12.4394680780495
1.68656053571942,13.9635704745651
1.69279916400676,6.05128716365549
3.42546720733264,9.75095007115773
1.3598261885345,14.7587652428481
1.41121345004978,11.1908816794938
2.04189353055301,10.2863800964204
4.92714160283036,10.7263296936601
6.54904186986314,7.36640023735788
3.90147733299022,10.6082967204286
2.68070086083355,9.13958696679533
0.874583018943667,8.55221945269653
3.94502992911224,13.5583767798506
0.351123215630651,11.7291952413019
0.207258882932365,10.5408842769843
0.814250056631863,8.94286523948509
1.78310886017027,11.3335910041387
0.564310188405216,9.44494075085394
0.96205166511374,9.2664145796942
1.47010762833736,14.0151812967042
0.274903815239668,7.39332267065622
2.3249219636524,11.7586444514455
0.317103207111359,9.09684528777092
0.54061379415034,4.01629341051247
1.47034375399042,14.1087180619587
1.39817874712682,9.09972536048842
1.41002674019876,6.71741504622218
1.8825242127383,8.41271318687781
4.40008687575288,6.32711695547193
0.175020327317035,9.73653014643352
1.19472022168338,10.0602935686089
3.94512707723265,11.9952389287664
3.5880017950687,9.75289499622249
0.311730085328694,3.05685660842146
2.3230126517916,8.27270193870309
3.69693044183736,8.99434799461697
0.448362397961318,6.8907422983623
0.118232987954598,5.70166002911842
1.59336629761578,9.2738911058231
4.18969435988074,9.73324416598212
1.09107572305948,12.7790100776283
0.366649955770015,14.3445741274262
0.295952089130878,13.5596825120647
3.64523935301189,10.9888700577968
1.18505503516644,11.9531832648691
1.04228455480188,8.87302551730256
12.3484766178562,7.94439324811595
0.643143400549889,11.7637447142293
1.89981278582456,14.2587978729055
4.87815402050443,10.3412289009877
3.36686153718365,8.34991710142456
0.775286479853094,7.80376060699539
0.422161124646664,7.32014448787934
4.19714378167815,7.11254127917917
2.25898422851207,8.43425223659514
0.0510307373479009,3.90907039156843
2.22579567125979,7.53409042458935
8.34061387875929,19.4129689869745
1.45679506616331,9.51462154435276
3.40282171202784,9.99156594518637
1.49459795645418,6.20800547882838
1.04320907220244,8.64045582371061
2.73025730616393,4.50238491047276
0.204663101583719,10.4306430509705
1.68625004558091,8.53789836319612
1.25486218649894,7.396976489556
0.587762648239732,12.1248745192691
1.97462486839833,12.0205507870309
0.908959804102778,11.7350228103833
3.22801573930268,6.40346626038301
2.68854993177762,9.50545537070605
1.7159287687609,7.7393893610976
0.812129828310792,11.4105379583159
0.217606510035694,11.0988132561736
3.53906441835647,11.9020295324596
2.25573978378418,7.31449136131314
0.669794087637356,13.0647298748668
1.03606681898236,16.9320143933305
0.790080363862216,11.7769916730491
0.106822783127427,6.61235931889043
1.43511916316094,10.2952826425177
2.46550048693063,6.12504335854663
2.1139848641211,9.41031218067182
0.198302884593565,10.2876703433954
0.285428425297141,14.7884227541715
0.109615838275193,14.0124431206438
2.80091733841186,8.99822222464654
5.62334229018459,13.2644537291013
0.412013603909819,9.74241062240483
0.679483748041093,8.51746341202722
3.54237982613926,13.5456864330244
0.715428817085922,12.8699369687115
1.58080399849849,7.72767527863307
0.73487776145339,9.76626447341098
1.95363427330331,12.6612374408623
4.87282245208449,12.9355178180268
0.0572487562894821,11.7824478548076
1.18823148030788,10.0886920937563
1.30618554912508,9.27063221868412
0.860286564542078,9.68644829253869
2.64083532980623,15.8841545619491
1.0612537516281,5.46509343512517
2.3833954258913,20.5847594855865
0.124314071442458,11.9436638099075
0.640262187458575,7.44110607589036
9.89344643001465,8.3512083449377
2.35558759040179,8.56020663023088
0.0540040303021669,6.95207190975571
2.85945580882912,7.07918277436924
4.07185213623529,9.23868560586176
0.982942035421729,6.03863001485355
1.83457203744827,12.7159613521592
1.45903326376321,8.55757410250616
1.96587893730941,11.323192559322
0.978306485339999,11.0131852563093
0.758284437470138,4.05090384549628
2.63109534597936,8.30576859111911
1.41453777990284,12.3442358582289
2.43945736802163,15.1046375120185
2.18333514398875,14.3824751667605
5.21426392476184,16.6444593782954
3.8254825992692,7.80372296009646
0.897233624011278,8.75402956845782
1.4276288936408,11.8399856115075
0.678382009267807,12.9354293376655
4.03627993522172,11.8426248379145
10.4327590386926,9.85779971774934
0.486039848998189,10.3802564393692
0.587099060416222,7.4521909343074
0.801338986493647,7.86769973400797
0.563535332679749,12.2641595112278
0.711620299145579,4.53364145391505
1.56343739843907,18.2151222231046
3.38643588502863,8.83822855067644
0.541484479172776,9.39205678908891
1.23802441172302,12.7780012554433
6.98342566488958,7.59909786615293
3.6804104222167,13.0207684612432
0.222073956392705,10.2754280193028
0.643333392217755,8.54360953483941
0.460380527851643,6.96199305770753
1.85810074015501,6.69529783449715
1.09029450453818,8.24522644408339
0.58206561258604,5.78408904580293
0.456620310433209,11.9420915524487
0.394159358352486,4.53569352364828
1.7660601431913,7.52608387765047
3.96383146552329,8.40087451155238
1.2961777606979,4.74302929637317
2.03937130971792,10.420066098891
0.215968501983301,13.2875652654868
4.483331276213,12.5814735858192
0.0826356103894281,5.58926116840824
3.08040666935926,6.69948300541526
1.04210303110041,9.4754824062455
2.57367446078899,12.5039358179523
0.645054122433066,9.23523071475378
1.01343733351678,11.8000448884479
6.93886790755105,14.8479541414679
1.05255144729214,8.98305760192036
2.94229381448525,10.7226879898786
0.0191914476454258,10.6005655198881
1.7080873401191,15.8462852903134
5.33457052309938,13.3031327843983
2.12326678811553,10.5892679315051
0.158297305926681,9.4350343123193
2.9228837637413,4.9069034307486
6.28864872845333,8.58459907476611
1.32234618347138,1.42288060572519
0.579818377271295,5.66858453855829
0.273633642122149,5.61983976580465
2.40283388263526,7.1141970044267
1.17130677040882,15.1710505765502
1.70003387686647,10.4014148264544
0.0206666858866811,13.3767888679709
2.98556711507921,10.9617744863811
2.01140895903953,8.46387311525092
2.5680851227695,10.0850050874499
2.13156648530605,10.6409099422435
2.67030928834322,10.7848108607177
2.49572970896008,10.8653568374704
1.23547110613436,5.58367852094105
0.169007274322212,7.73898410265285
1.31083878222853,10.86351771093
4.62617774655051,12.9922655552145
4.33706800241895,10.6670077578666
1.3696128372103,12.8778451566378
2.65927726021948,15.80911819755
0.841336192563176,5.94745531759715
0.781920197149483,13.6526356449854
11.7179174118473,6.99869220283075
0.298682079650462,9.50574811403546
0.424188704674673,10.925462642179
0.500597961246967,10.7005874786855
0.507113432511687,8.59808765945218
2.10939230202677,11.7984200692169
0.130447368111903,6.52431676219987
1.32601444981992,8.18774523445462
0.569727580063045,14.8041934556027
5.03726315845676,7.86508139915759
4.66075127919145,3.1390555693936
2.2015458549464,11.3456075588092
0.194969960652545,8.26887452600398
0.0528713103971056,6.9527852001715
0.776267941830818,10.4452521926309
5.59971870448361,9.45851195744456
2.10516086584868,6.77457623271338
1.47705336279216,6.98089184246776
6.25416600670586,6.23328692776561
0.602381682023406,12.2659780730666
3.37242129800801,9.48032846887838
0.587172782979906,11.065243929306
6.54889774288902,5.0654220043932
3.85263165442233,14.705009030856
0.704977695830166,4.18519086265663
3.76166629401927,14.0934908431823
0.305328723974526,12.3773733388718
0.749204627238214,11.215410167893
0.0170490322634578,6.96789136460361
0.831736127014311,9.21778054912041
3.57372511414853,12.5285949684082
2.47794993213358,9.96133022380795
0.605104667905372,10.6554589312224
0.536517142318189,5.44333702004722
4.70241489608712,16.5238887937508
1.01975075993687,8.39065553558872
0.401231855461678,9.0505898124108
4.45961454112954,11.7796726005433
0.488549637600625,10.908807228435
3.40889739973431,6.70027215817831
4.16914835174508,9.46120426970112
0.87543238978833,7.2604979410138
1.64651204450967,14.2834287563652
1.22840031608939,11.3612189929428
0.787936567149163,10.7623378121462
0.45348325651139,15.449951614022
0.508050843141973,8.89836176147733
1.10299009736627,7.15303963833567
1.85341459930866,10.1473335712774
0.583244325523434,7.40496228423653
1.18524202238768,13.7337398332199
1.99498328558149,7.07733708988854
2.87673268396203,6.95179406906807
0.330564806237817,12.2200220509607
0.243799220770597,7.66881733335804
2.08762049107792,10.2733457013293
2.0887992431806,12.3952572782732
5.44073170770831,13.7250238660058
2.2406044564301,8.91209968273085
5.96932887997399,10.1923916457647
0.421496577560902,10.3054540035256
2.16225337228718,9.97148570050761
10.4850065896651,11.667268036648
1.54114376186373,10.9068052590813
6.80013833906422,5.0127316590715
0.769102154299617,9.75599085329037
0.565863214698663,4.97366817439662
9.5339252124156,11.2512201167668
1.06337543856353,12.9813984093342
0.362094656564295,8.98795277342552
3.49817889958632,14.6856877332876
6.90849626030693,2.69789381683092
0.322816395768114,9.21231393795646
0.72688062209636,12.869745275453
0.831845528446138,9.32041468475006
0.946563962846994,13.3916470366135
0.63392870221287,4.91608981514987
2.84411770596385,10.4667502419699
0.906888999976218,7.06256142544373
1.95203605099561,14.3828143401194
0.0386289388290753,11.2474414420742
0.218681179918349,7.83734589735215
0.985756949521601,13.5364081691121
0.525271181948483,7.26728541203128
2.45522958031836,4.00287413726192
1.47029574168392,9.50962598801858
0.805440254509449,10.5255749699715
2.26149076587501,9.84465131205693
0.553690286510851,9.76285836353518
1.1074364008382,8.85060629402635
4.53601900756191,13.1118443678528
0.578137199394405,13.1482848661754
0.372167456895113,10.9480258926993
1.24929426144809,13.9684835540242
7.22557048085046,8.4927587486652
0.0337474746629596,13.2710132315938
5.73372915353546,9.18485618760801
0.615830377675593,8.20701840701053
1.6272425892854,9.96217700999292
1.64704500130358,6.00373530805041
3.31018893403893,7.48585294715333
0.836550518870354,6.38868144435754
0.19779269210691,13.7167388287171
1.77318139552119,15.8241613379989
0.288277040235698,9.46138685666541
1.32665486633778,9.02512236548844
1.7677999473268,10.7932729192989
1.78358347211643,12.0021458364932
0.334567017068347,8.95397385518477
0.571992208174358,10.0413394980046
1.86207542711472,10.9613680827392
2.14024492343461,9.86266067922294
0.62742822107785,6.76622009661927
1.88006326547804,11.7473285846176
5.60957223143349,10.9489149457809
4.34278870755474,12.4792334004049
1.85812160641221,6.90147329525659
0.770517092198133,9.40638534218486
2.38563571303132,10.8588637905974
1.50186522144823,7.00699637585846
2.09337465456667,8.48014035215225
4.72331537736253,9.65681225967206
0.557723639532924,5.93655324074354
4.1036932429481,16.6912904756692
0.875982606408515,8.90872528532414
2.53225067249479,7.7808846896041
2.38659051983597,11.0499620067808
5.73478361930618,9.71569582364233
2.19029897815528,8.10287910593887
0.659843683242798,5.31228345170437
4.15233822895174,7.48430805527339
0.614006698887811,12.1588928848681
1.26468709111214,10.3499220682334
0.44604207854718,13.8233449926553
1.40575829698684,10.902851026875
0.135195885784924,16.8162560740601
3.45194925723558,8.61365393880614
1.17818323988467,7.78362282840026
0.174610693007708,8.63953183250955
1.62953356831315,9.89535954289469
0.833228072239301,19.1933480291895
0.119663862511516,9.89303167927318
3.06165675359461,2.10587894634193
2.37267168602886,11.3818191957133
5.81450433995495,7.50931561823118
4.66055001232293,12.5349474711104
0.813290416642829,10.1846147686354
3.88941834850197,8.0978528890398
0.118465177082684,5.77171983945193
1.73497562102022,10.2284741669419
0.946314309723675,8.79882995794328
0.0391789132638865,12.3116211363396
7.30493838670564,9.8611880785009
1.86469977752853,11.8793272670314
2.68344197786393,9.95091881377143
0.163189318084062,8.32130255026219
1.1794075332582,10.4683335384938
2.34708474381807,7.95459874068246
0.491578395478427,6.95983445225533
5.03565947313733,11.5071953608631
2.48351497879226,5.20040320654723
1.07873584795743,8.79163925083865
1.38394541852176,13.5445886755176
1.11170324683189,11.3932681711034
0.368563515134156,11.0487371791972
1.18191928882152,9.96704970880961
1.84725629137456,7.75757200389083
3.05641315772592,11.0351867423857
2.52006338900867,11.70137431866
2.00119222319665,8.8439646519273
0.0776216243793039,12.6183749860737
1.10792502854019,7.02063147819224
0.724767670858083,8.59675913621001
0.252055041491985,11.2057901706872
3.32752068696504,13.2322354258497
0.166851878166199,15.0028619342399
2.60875899895074,10.6058314983839
1.62133115542778,5.52327304408169
1.6553497702208,12.6101985136
0.134082440286875,10.4616484616623
0.422271463088691,8.94317267338037
3.45198730362539,8.10379548026905
2.33873811914566,9.18845157981196
0.773905914276838,8.78641922933467
0.170257936444433,9.81365083681458
2.60651573902907,6.8180889935123
0.374081551363547,9.04244789109514
2.26505508546341,7.92229741052927
8.23992119314981,8.88140492340833
0.924705249257386,7.38321926817535
1.14378116372973,12.7379816199217
0.759866562671959,6.52200169269611
3.27341912670021,10.4648648221451
0.0644423859193921,8.84411515627493
2.9592517724443,6.25525272881841
2.25808990449339,10.9641824432012
9.11884647573529,12.8363751477338
0.587998645380139,7.72984156648067
2.58985789856854,8.58686253410953
2.56187746479156,13.5337696928636
0.0527092032134533,11.0725145547965
1.62468213952127,12.4646854305057
0.293444824405015,13.976896513412
0.773207288235426,1.52304733310311
3.08407379310258,6.78729411187684
1.45188718234758,8.3700373487376
1.51418434105736,7.7461656576535
2.23176540425959,14.9576428887884
0.973846459761262,11.0681191490308
0.688881575524164,8.0112626864178
2.8205764403749,9.62555592731879
1.45564734900267,12.4906042065857
0.172766773030162,9.49013305862105
5.68546673621903,8.41255078682648
7.13447095039201,9.19378187710766
3.92028655840044,8.76328895651034
6.67744396503893,12.4456066535179
1.55537465578857,6.78464555640336
0.107607987709343,10.2311066952238
2.95619968901928,12.2916640753423
0.650632348355429,5.27872645295761
1.36327091511339,10.2845212324336
1.42390039741042,10.9827043705311
0.378497463161202,11.5915792539786
1.77262249009695,12.2463038746987
0.717167785391212,13.7683252040203
1.9053685957768,10.295129102043
2.5691462009305,15.3834948733985
0.473240845836699,9.65042574735524
4.33147061218448,14.2564143990198
2.80866574452212,7.81227171807218
1.02308672200888,13.0054384911149
6.14892950620423,9.48173872642352
0.8836285546422,11.5575452077274
3.49816512299662,10.7220461050484
0.594137249514461,9.04114494717915
0.57591443242178,11.1881499822425
0.040762796998024,11.8234781737165
1.47076437504084,10.9436234466913
3.39878600446467,10.1390575166382
0.65337852672891,9.5302083406358
1.62344549733486,7.01414931868518
2.03485574422603,14.0242254683266
0.242529519833624,8.99768899434699
0.263500017113984,8.48974388336674
0.854465219724465,11.7164951250443
0.0725243012704271,7.0185949782753
0.5608502747491,8.29695216491814
0.497502183016622,12.2813629546693
1.01742694340646,8.61703426519267
5.31594045807548,9.07638542516403
3.09964340163355,14.1210769786119
0.192428290496862,10.9485525115327
0.787773365154862,12.16544188457
0.756683172658086,12.0791042667619
4.71185718079038,11.4433591659988
2.02490004702451,10.6925357633604
1.5664439126009,13.1058628697436
0.61806182991446,13.7325496182953
0.198700989596546,4.88895688661282
0.815194900066616,11.9898436692892
0.956538091413677,10.6357940181974
6.42013925280342,4.26417242287946
2.71667639716508,12.7167668246943
0.159121155738831,12.45549269172
0.126989490489016,3.69296674320276
0.686221739277244,8.79897377991614
0.613513500336868,8.76299776155474
2.34539149693193,13.7949919272311
0.0960579830831816,3.43132163909402
0.776228217408061,11.448673373155
4.29931699185695,10.1880018046664
2.65419297098162,9.81007785120649
2.31015189169886,19.6173596615329
2.76083875066581,9.22700428809015
0.028443440609915,11.3350446422348
3.25095685850455,8.97756567678717
3.31531995518093,12.5456694980415
0.524524907581508,11.0665886143909
2.28863031594994,8.40450101389545
0.187433631159365,16.9915550836978
0.622061383186193,11.8442458477295
3.54238146899228,6.99788645049035
2.45023703194203,9.9995683535306
0.348166506737471,13.3046668119411
5.09747699388701,14.4759524912202
2.28537460221889,11.4378554305002
0.388949830085039,7.06267533694973
0.949014311656356,6.93878099823475
1.25733798928559,11.8248545389626
1.54043661235812,8.91251440561931
1.29051736649126,16.5154966378712
1.06819683872163,8.63105046326531
0.410883753560483,16.8311052329282
1.47171264133396,13.4650441040384
1.92308584826382,12.3027618136694
6.99612289521088,12.0403133662615
0.210351744666696,5.37171290518012
1.98533983333948,9.74741866261617
1.78106084162418,10.4246491914727
2.10957489702124,12.1671854998015
1.95789569263428,6.81850065420386
1.16682525724173,7.48335031458986
0.543764445946214,11.6178105536719
0.40837742262117,12.5442860363315
2.22078228174689,12.5042600610485
3.32718542201405,7.58689015128028
0.468770715408027,10.8273514751649
6.02451588179836,10.0799755311457
7.23232119678214,11.1061993322367
4.87850174655147,9.13608601415963
1.23128141462803,6.97859189973294
2.041192214852,8.1535484561252
0.782636762596667,8.57106564481663
1.64567554254614,10.7424454507935
2.57206821246984,8.71241520895506
1.8518752156848,10.2615161551116
0.802414723845996,14.6635210618676
2.63182150564137,7.49374330252408
0.0409167292683764,5.20641519354454
4.39770289112754,14.1083458608312
0.556717411614954,3.69331874012885
9.53285071948424,5.89039196723859
0.169671433601294,3.99628366290952
0.245882798553789,11.4520707648842
3.47455602122431,7.67833370405651
0.274220313876867,9.98461830918122
2.97095766208393,10.1014683666917
2.61414279035273,12.9245038570302
0.360804950164988,12.1150460318249
2.28308040826562,14.2348511366249
0.741772684268653,10.9718970598143
1.36528309062123,8.86799841215459
0.611465062014759,12.636375519202
0.49464604165405,7.67281200363723
4.98293114800878,10.6344200156516
0.448101256974041,9.27475024417395
0.353916529818122,11.4379550883112
2.18059762155592,13.6871524186542
3.78137701732998,9.53360310231736
1.23074376489967,15.8102598519018
2.34571211404147,6.3915181258443
4.76565191497035,13.5098937863136
1.27889611199498,11.9552059555943
0.520329589955509,15.4786600196492
0.733023341611061,7.66785268123319
4.27399503641399,11.5650511229526
2.03466861686649,7.86149145365014
1.95194799298238,12.5002863043616
0.122578939931099,15.4176454808262
2.04067068911138,10.458592960664
0.294115243479609,13.4517126600766
3.54833639626194,8.06720828896455
0.946343903429806,11.5520081997621
1.37420953158289,12.3825052603594
2.96924765763764,13.3727323986248
0.0617563409883972,11.2252424535288
0.302807512180053,10.1866465430586
4.39467935779608,8.63394100795422
10.1337783069988,5.82131904690026
0.180834389111563,8.04765282346191
0.836014164611697,12.9827050155794
3.63812305738112,15.4483285142637
2.63081535883067,5.9233417551833
0.471957265846031,12.2759450767263
3.46227025638218,8.89307749482941
2.96159021539574,14.0827801433949
1.21244717389345,13.0666383225492
0.363239865481675,7.27968442713245
2.7402278984988,8.90140631356714
5.13717206349225,7.53164984565457
5.41223409374185,2.48281014944541
1.18433852866292,9.21726774364466
4.37279104788728,10.4091754406857
1.95990822083297,13.1811988281499
2.01198975398601,11.429673060338
0.635588304139674,14.968480631503
2.08220874882283,6.81016792565528
6.85847648944626,16.2588348398635
2.29186041085961,8.95359613560601
3.51498624293094,10.2257183496046
0.0952720146862073,12.2503490471092
1.18098886404186,16.5149856513126
1.31750639993697,6.67012980828376
4.56302529023359,14.1409533817931
0.957548259757459,12.0305247468325
0.568984679877758,11.6091853315417
1.91624232186916,12.1188359745983
2.12321566223147,16.9863162732119
2.00249324091855,12.7844867706715
1.25466190744191,8.47849312918619
1.68666691828232,14.8077860279204
2.85409296612007,8.79360692149069
0.640526863746345,14.3164070885958
4.05241291208153,6.43771619417053
5.03618819399573,12.2732798867455
1.08080054183187,12.4840723427187
0.359766408801079,7.47458885049732
3.6477209117588,11.5243121108441
1.80875060885193,6.447887833144
1.96270214385333,11.1383839664989
1.81518353418681,11.3985582799166
9.76825890258746,11.1410763994265
1.41109814580264,11.7146494733945
1.89723936646225,8.607502971919
0.270006385631859,7.92929576770978
2.66012682384791,8.97898335163148
0.336647182703018,11.6387653429188
0.0158105596901963,4.33633257093446
8.92929092744246,11.3565288008622
0.101324453018606,5.16360039720814
1.57729518777671,9.90748692764882
0.766063337457231,10.4369071760385
0.129791029714757,10.6542845173534
0.224528429098427,6.35096510457394
2.72980504474583,7.68286749886838
0.210836798883975,7.78957530836533
1.53013992986759,5.8251995527674
4.67700602622212,9.92649089185055
2.679092368027,8.47847016368894
2.16187018013425,13.5791495984984
0.0525184469297528,8.55892693121851
2.39252135736088,7.72584253230092
0.850977709516883,13.5939201021072
0.331038584001362,8.03350231572879
2.81789935285065,10.1670424415617
1.87834035461622,9.60376199280855
3.06692305194121,8.31321975977191
0.275188357569277,10.6605208956924
2.36764199464562,8.77992278818409
1.97944229460301,7.2029358633443
0.904257737100124,6.50832987890946
0.131374336779118,11.6884384315946
4.91084277232118,12.1792919426332
0.515555677004158,2.07136028762702
0.920236223255718,4.49767111356316
2.97783923708629,10.7521060012558
0.15867237560451,8.37114889500318
0.968129507265985,10.2379832540362
3.34442824853544,10.2441704697074
1.67031615219059,3.65308135424564
1.58533602758291,11.797716388141
0.403189252159102,10.7443122863602
0.233869851566851,12.1655680325832
0.510438991358244,8.44017496255227
2.29640527992489,7.28398872957123
0.524872072041035,12.7048343417367
1.8099003322806,12.3701659897538
2.02442665948345,12.473588589063
0.515986330807209,8.78811472089705
1.01217426173389,10.0519997239723
0.0584069071337581,8.90863414810895
2.9196650086153,11.0288978295063
2.16200964889469,10.9507881493255
0.508811778388917,11.195911783678
0.0131917451356767,10.2460683538485
5.30047279943652,8.94319168359247
1.45384121677818,14.0491344039033
0.504429845139384,9.78333940460008
1.50488555412646,6.80795846897155
3.04179236276035,16.2868566401206
0.154522523283958,11.9954122061801
0.691418588728196,10.5864106681967
1.08922231663018,11.8667301388579
0.0369298238099553,7.50149144528095
1.11631663516164,10.8261744362414
0.333165976327158,8.42586748705072
0.0125946218089545,10.3701865782036
1.61642815350535,10.5955479371003
0.63366442732513,12.2306374545589
8.43860104049265,5.41599040822419
0.0700185392051935,10.5938922285511
1.34895071666688,12.8385592900898
0.255787560716271,16.9063549728916
0.798232460427773,16.0961228351698
1.03905878867954,12.18541989551
2.2616754990476,6.39374832402252
0.306614441691973,11.2662386686925
1.80011829352918,8.72792440710577
0.140773181803524,13.2009443376581
1.68841460949029,11.8246777038449
2.34834301649573,8.37676678185512
0.428179061532041,7.75576798730127
2.51916412255707,13.0300322496717
0.687194700352848,13.5787170687833
1.37736818101257,11.3793506902544
5.38757571180291,15.7997878301614
0.590909942053258,12.7580002474011
0.516333059407771,9.72292173068219
0.0886929511058346,7.27633450862645
1.15494930464774,9.99442603920617
4.73648646574801,14.2280247174132
2.56388433082941,7.83846503202862
0.861346431076527,9.58160302695324
1.10693778749555,12.7701613009257
2.89561235844772,9.56009461162117
4.18576956249646,6.07704378957147
0.773382267914712,12.5622068394576
2.21559684342685,13.9627436441521
0.155307893819165,9.94074184153305
1.74950524911692,10.6444242820963
1.28616213053465,4.48952248343073
5.60140085275419,10.7973362522211
4.61175276029132,12.979582344446
1.26076847873628,8.05466068855311
3.05129937971025,9.7277562890598
1.43386958746514,6.61237661470877
0.72838100977242,8.29532715591966
2.01965381010416,11.2126427395636
2.39738068348708,13.753479303353
4.37181891103215,8.92104730797042
2.8459267354352,14.9205311671061
11.7726020032547,10.9905472713835
4.08524279279595,6.58385292087152
2.70839975579622,7.76299900586713
1.6643673609102,17.4770959360879
3.79011437280064,9.91305708695304
2.25812765878905,8.27911963517009
2.96487195027952,9.80086585548004
0.864695899188519,6.44684111293127
1.41148494734409,19.247270158792
1.55527154161575,13.4021195538335
1.6968724335635,9.56635827063639
2.81575038882555,8.84635320977315
1.46990791812249,7.89845535971813
1.33314690273255,9.31744485433678
8.11491022589517,11.9244238005044
3.34826733155136,12.5931383351164
0.131974905384205,3.10147562231669
5.38674797465034,9.2424434342549
0.969272062182426,13.9070229296388
2.28839396254725,12.2516089549925
0.728618434630334,12.1623745185297
0.896707125125414,13.1303640274236
3.30092602206354,7.41568258288558
0.462294249795377,12.8227418370307
0.834254421293736,8.17326457900094
1.07583925221115,7.94032081994756
2.02358131288531,10.7613230082901
0.804391956888139,8.45027599203036
4.05058625323658,8.25954453811112
1.25264197774231,8.90161991239236
0.545520944520831,7.58612988503544
0.293735107406974,9.85285754742456
0.536813125014305,10.8937291488703
4.24119245472594,9.18763260479147
1.30743832606822,6.16398313772848
0.758596419356763,8.0920171254296
3.46891112981324,12.8439127697334
3.30987328463582,12.4744989188893
1.21687445696443,11.9181101732673
0.744396423827997,8.56254980026799
1.12141698412597,6.17766833803868
1.2744102505967,11.6799762732136
1.46705738665504,7.77011675113667
5.37719431866832,7.70731966641884
4.05714490247851,10.8723088360419
1.07106049775775,13.7185704380533
2.09177837139907,7.07903556223146
0.0609058088693618,10.5020149339238
4.80454934735723,10.8130961631277
0.840892477892339,17.0330163195328
0.159905872307718,7.87918891409273
2.83858999214746,6.50589480977128
1.70535464576426,9.46993180237616
3.49585508165841,3.34637225332818
0.0106651019443055,8.20163554050787
3.19156896733928,6.10215892797789
7.19544733646226,9.6096734255875
0.951443864963949,9.68288206618218
0.191073916426502,14.8993658185574
2.08896062887254,7.06948308461938
0.800024601630867,10.1395600271926
1.83440043582561,8.82262322323592
0.0805060146094541,14.1138290871615
4.14013011364226,8.31865935488949
1.86200140035691,12.2818327934005
0.813379740835855,14.6610158816924
3.6237209549356,6.02876205994531
0.203115277923644,9.76847776629399
0.608465726896613,9.22732701333437
3.03927265327245,8.53757680867005
7.06188840749574,10.5853092207918
2.18218945889714,11.2012590490817
0.8518882857804,9.0357540616446
9.98469922260242,12.94260246593
3.86328244937544,11.247467716016
0.932679630815983,10.7269439324436
0.746966166421771,6.73738923282174
1.85919512930833,8.46779053774695
6.77326698567639,5.81471228753688
3.04546767083888,10.3360141225279
1.57948200396242,9.17991437408696
0.887992120394086,13.0275984566289
0.493132845899831,10.5273556226954
1.03877250477672,9.23482035235989
0.976554848253727,12.7453386898106
2.78270542604809,6.76326148431894
0.572467741746999,7.81584128703916
1.89810752301457,13.482585011384
0.153737366199493,7.19869026278234
1.20907534193248,9.2320929943729
0.554812103509903,6.83686825855032
0.1771155083552,9.77786223787755
4.57654694070048,9.81776520736906
1.68352762787583,12.211696706968
1.71548338039758,9.3543892190042
4.52642627407737,8.27107770482164
6.18349097635517,12.3792138843256
1.05826090183109,11.7134150993482
0.175820403746983,10.6978975906396
0.875826372765005,10.7175814665145
0.664107415825129,14.5452249079989
0.116364234127104,8.58844809088439
8.88721481660261,10.8113626192935
0.957567034289241,10.4469934819507
0.0761811848200947,8.48987190990066
0.451136068580451,11.2061362353936
1.77479161127451,8.85585281895195
0.534873527351594,10.6847386952624
0.546932031400502,11.6211699236075
2.61122340927066,7.88014174476708
0.976918620988727,7.7033625658145
1.80805491254726,11.0774196842506
0.238717269152403,8.44779115708012
1.25175962191926,14.1654489926876
3.23934304597193,14.2650742674831
1.29184424514282,6.635890491225
0.651991348713636,11.2262881593642
0.284543914827215,11.3260744710212
2.36565915550566,5.94847857339857
7.01151454389569,8.66296488330056
2.12060814156177,7.3141528530918
0.843854259699583,10.6423279352131
0.2668153680861,3.01243021686789
0.936277960427105,15.6232158949348
0.512393399511495,12.5750684624802
1.38913745947536,14.5166616319009
0.32202915661853,6.20784787144063
2.8418956105618,9.89110599714381
3.6204718275178,10.3769384964163
1.78215801142853,13.684913249383
0.0471332529559731,9.70417643867159
0.369003039072892,9.16064778667138
3.07950446302282,10.0161376722206
1.7462877909744,5.53754507181054
0.864403957501054,13.9874241771811
5.80471178080612,12.9465639756205
0.320520532805885,10.5540205923182
0.739655822515488,7.48109768636144
6.48785494234333,6.03114787262488
1.78653618280972,8.77031861857749
1.43734947812536,8.92305284185061
4.15502833185678,14.1105083765413
0.799965098526913,10.9345020314208
1.34318699035794,6.2029622235785
2.65789818010273,12.8875939341995
0.475064215250313,8.15798584391017
0.000355446711182594,9.90525871061007
0.823141858913004,8.73841170779384
2.45993850712087,10.351961469824
4.10722551105504,12.8752423609695
0.736582597717643,8.95984618052376
3.29166598973756,12.7456475645847
2.08547063163462,6.93379129445276
0.314856987897678,9.30002926631773
1.43218963153502,5.6858557804849
1.05940483883023,9.05730060809634
0.196092648431659,11.3210733756543
0.064166038143695,9.70605866837679
1.32978710904717,12.463523257049
1.99286752372029,16.2396939797406
1.42889065415064,12.7754202101177
1.1693608649075,12.0050050405336
0.310437183794786,6.77293770983812
3.582289930265,11.2843496222481
0.485310073010623,8.80089063670866
0.842772296144384,10.8290039987307
4.41101812386756,8.90766643759855
1.99169564424994,7.33842200805364
1.40850126843408,2.56937918650149
1.40883146404269,8.94211375759727
1.82249610862675,10.6610620264998
0.0765148914918127,12.8194799920462
0.398087533866511,8.53677468815521
0.979971435930352,15.1557850185204
5.01783999402948,11.9793197859054
3.2878090108293,8.91494524225711
4.11815190298443,9.20149039143911
0.814474014408771,12.7860807034453
3.49610708264594,8.5046639693419
0.344446428120136,9.1143601972238
7.74218277218652,12.3620568731211
1.5090816560632,7.57100347948956
4.26515418638415,9.13702138070198
0.00479330401867628,8.12485268500437
7.4029415888605,8.95831591950063
2.63357003397288,10.880240722021
0.923711087554693,11.7429727168502
0.439395566470921,9.34670098217757
1.20286595728248,13.5546695055516
1.98694813973782,10.7304800647148
0.41923285741359,8.97116250273604
1.51868250585141,6.24433350645997
0.56646319758147,8.64024871852627
2.18457109100165,8.2320632405001
0.756976034492254,11.5641259363515
0.558529996313155,9.84637233445908
0.0350936455652118,7.72943952594562
0.644237384200096,8.17970868070199
1.36783333308995,3.98360104680767
3.35656765703281,5.79768809768482
0.874743087217212,9.43023539955914
2.07455414225416,11.5055442055194
0.0218811763338538,15.7175471595881
0.283620159141719,5.78080861952749
1.23636483773589,12.8575284006763
1.27052217865427,8.31514072251936
1.82671563877704,11.6269320387877
0.488207961432636,6.41913802499933
5.566429440759,6.94252836284188
0.372625922784209,11.4221772658536
2.0971388555223,6.57775407580825
0.618246675468981,9.90537816534954
4.54521217544503,9.69276227157379
0.67238109279424,13.4780079648701
2.44790527961197,11.9731490122246
0.193568768911064,10.3455321650242
0.176002312451601,13.0322770585562
1.56871174453738,10.9075755404891
0.0910961692626225,10.0557606248462
1.5418385697364,13.4168941084701
0.587967307572091,14.2407411850121
0.272720591436543,12.4467557159082
0.0516301952302456,5.38505294701606
2.24097111626508,13.9775064601273
0.924298840328918,13.3092148578466
2.91189296526795,7.56292205980175
0.0182847030786169,5.6739781009639
0.595850329846144,5.35620888231747
0.395301489159465,9.76179504505512
2.59749860866907,8.0332340090757
0.094525683671236,13.1599635321129
5.82043532993565,8.85563899975931
0.00955643242596398,11.8597300798293
1.96799211196699,6.5443680893931
1.46459815829041,11.5266767864827
0.0571186552633702,10.4937803154237
0.354646023362875,10.5636238845194
1.74451866998382,7.15744343869883
1.38915518104079,10.4082428538589
1.54823637745323,7.24642254361984
0.563299363341535,10.5351419475015
0.110398560762405,7.85162715568527
0.574463412165642,12.7192516435548
0.616441552527249,7.97043318273822
0.219815596938133,10.8747108934745
2.82878237611803,10.887745354448
6.78406661715279,10.2289667399518
5.13349824733351,13.9201070683245
2.28578791781378,16.3706218136147
0.183054777696292,7.5380650807779
0.358616712503135,10.7522205298637
1.43922501698723,11.1185162927017
2.50212537116351,12.6335659702147
2.62126710443738,9.53319157955346
3.26173815959096,12.8378952415513
0.14386991597712,11.573929610721
1.26874919701368,10.4717178350728
1.47185686465397,10.2656187625646
2.01986359237673,8.65844929300874
0.0875426437014385,10.6269596246011
0.629276802763343,15.0660780974857
1.78892560667338,9.73475381196056
0.554530736990273,11.7396423768566
1.05275019258261,15.7610907459666
1.11635276768357,5.88798820589693
1.55728961101613,7.87647771201527
0.636125965043902,11.1711889628404
4.8347533305449,10.9895787466432
1.39053918675219,8.66441216568504
2.81969664504796,10.0469801911373
1.83232050566914,6.33306748893182
0.049475765787065,14.3598818972903
2.23906432642582,15.0482853001495
4.26396748025842,12.7147014210704
0.580483159050345,11.46060224761
1.62967779665234,8.72913103113678
0.412529431992248,7.8416932071671
1.68537048614564,6.23870854421817
0.63402845710516,6.18462883786022
2.51673376365545,10.1954086813358
5.12203664679952,7.04875124320062
1.09401238430291,14.6964254517371
0.666094320625225,11.4122785694267
3.73544185591822,6.2529369669683
0.0868218936077527,13.8787298568241
2.10745578623357,12.6646874802507
1.52999335705283,6.93287040719093
0.50565506224564,8.55472933816121
3.27777313412747,13.7830022325326
0.30906040355103,8.87274485635943
0.0638619076983236,9.13909961417859
0.359378097578883,8.98843867062598
3.0319118873701,11.5339247203678
0.939049390144646,6.58129038965797
1.48803770533743,4.89826126226681
2.77400337588199,8.86999940793178
2.2337358984256,9.49675944276672
0.0548068273619545,12.1140323894644
5.18373095591493,9.78521904775482
2.10748982607367,8.2995974497434
0.740563689731061,10.5427920670235
1.79477418205681,14.657222669755
9.87742767051654,9.3834749631513
3.09549711055546,6.23779715902993
2.39572998314145,10.0201242296436
0.369073745794594,14.9060448511746
4.80354479302592,8.91027339293935
2.4943400877596,1.90288784212682
0.784619195386767,2.21086775240336
4.86731466998286,3.08988913861664
0.39633738442845,8.65591094996937
1.92148358925226,11.0355778952751
5.36176681865878,10.8255678362055
0.856237193569541,11.9588816498331
1.65900194636526,10.4328884190322
2.59249269395115,7.60099095902843
2.5752483344728,11.7593200648778
1.73590407512131,9.22574012482293
1.72760237931254,12.7204640676328
0.0386402374133468,7.0069256226271
1.53350738800111,13.6774584200346
2.07450509062948,8.58426667113852
1.09244251716882,10.4306008383086
0.79236002638936,11.8176673608934
1.38023501541466,8.91059712986455
2.60970503269675,14.5534280730594
3.33444959280973,12.303045872222
0.0668783150613308,12.0804350920281
0.268999775871634,10.9269037324039
0.972296591848135,12.2884526505778
0.739783071546833,12.7217147664799
1.78683647259334,10.1335513537207
0.399191946993015,10.1570641660674
5.49374689509101,9.90446891190167
4.27047477264829,5.54521420457014
1.38172559253871,12.9243683712532
2.88333765191665,7.96398332558883
1.37507754564285,15.3700441854285
1.65182187586072,6.76913675621101
6.8925895389534,11.5495047520393
0.239276547258452,11.8665421767069
1.45847322199505,5.62865272846157
0.401243587894141,10.5505532147325
5.73269996013413,10.6110385961961
1.91269468275329,11.1208440780772
2.13031515505984,7.98534094029836
0.996390784159303,8.48790743776697
0.682584673166275,12.7922061080331
1.17600241489708,5.71683511244964
1.99267488110671,6.43146401823882
0.773224469274282,7.29072903695763
1.75222729138079,12.7794026088079
1.30170338507742,8.9593707777355
0.767261995432981,10.8087344043875
0.0686919018626213,8.54241081900273
0.97224950697273,8.27735295246323
1.43476818307283,10.0886251647406
1.05410046223551,9.3759742044243
3.18037600825279,14.2343012171387
2.24302875242176,13.39168287507
0.776977070525542,11.8236239505246
9.59492073157683,8.49363691117318
0.353839277613501,8.58222612491158
2.39453132814708,13.5191064809657
0.962349937297404,9.55424125582883
1.27996162790805,3.9218071597221
0.224318196997046,11.4515903954634
1.82317678855462,9.46127259453219
1.06020313501358,8.91420648410197
4.10813670588617,12.9727214203546
0.921731539070606,6.38670202224386
0.996245327405632,9.94471055252316
3.59807115031366,12.1136792944314
0.687830288894475,8.90149174314998
0.189654381014407,11.2250664508425
1.3016811888665,7.89419521498343
0.593110533028155,14.8640149359405
3.51066380706157,7.66614949632845
0.999261559918523,7.16267108004542
1.44982520597038,6.03657777540162
2.25686595021727,13.1973976698056
1.86915989389366,5.85330728188214
11.0099281998058,8.35665753676803
0.0327866070657092,7.36290037552689
2.1044640353972,14.8268412854006
1.61209826655761,10.5943592007603
1.24452170263976,7.98279203472934
5.78372834099996,9.18430206706913
1.64330610065701,7.54091849760112
9.40637097457304,7.8361684792196
0.06849863845855,6.98948900972305
0.102959520553568,11.9737747447395
0.385445632971823,7.57961555163812
0.275397605262697,10.5172597751771
3.4391692224202,8.13441580408745
1.59761984079125,9.77716190038294
5.11228243312825,14.5980920466612
3.53905565485731,7.68140277845778
2.50024463972988,11.8998078832169
5.0682697703404,11.2875942420825
1.86550837374272,10.0761708401803
0.127752761356533,13.8536876178731
1.16297374106944,12.7129624523117
4.31093678970761,11.7394537674178
3.25312021357899,13.2635963280555
1.50462050913813,11.4469513761988
9.19427356818571,9.07880199117862
0.231665019877255,11.5711941216473
1.10567963309586,8.0914961794826
4.97354410191007,10.8102011872133
1.7008638083976,12.4755122790495
0.0272699045017362,7.13622136558053
1.2349376520142,11.0280925110173
0.459858596324921,10.598046822342
0.820899424143136,10.9310348457728
3.94256054220681,9.89231360371567
0.52870333660394,12.0152337357143
5.14929169763751,14.1368432508583
3.96316337568646,13.950018315758
1.0788908386603,7.21991479113028
0.248507538810372,15.2850652263903
0.823636328801513,4.34092400589088
2.44602761222961,10.7234808300957
6.1249694956987,7.62953531133694
1.38242408074439,12.3895229314448
1.20266056712717,8.86667596418314
2.99176268105816,7.36205057073433
5.2025809024734,5.57242307893122
0.155290781520307,6.98425652402766
2.53286894667067,12.7181485314114
0.447474954783462,11.5208562916036
0.645252172835171,10.3631059700563
0.868153045440562,11.8883904851629
2.47676476641538,4.02855111761013
0.0290902955457568,8.8089680776962
0.320365495979786,6.54891802306461
2.88406887261157,9.14611381018693
1.04114513192326,7.72944154463225
11.2877227955296,8.95913754088708
1.41309516048014,12.981777473009
0.14308156631887,10.266140773774
4.15853166563397,6.88065744054781
5.53974059571452,13.5809934150082
2.89386679075548,10.1679322581405
0.672432687133551,8.84034926024899
0.992284339922766,9.02124065103096
0.665807900950313,8.43656927664097
1.97549118838253,10.7835077713492
1.55545720449629,12.1901182092898
3.40787401219018,4.2819629138566
3.9954515880156,11.8018090307967
0.0791749395430088,10.7208664569415
1.44804933845046,9.88677557313739
4.87143793659877,14.7058939976485
0.288951191187907,4.41366214429196
2.32305172636154,11.0965685150189
2.28523934624138,9.68241944129776
0.808576521463692,17.430708667795
0.901733288541436,10.5414477898745
0.170363656154239,2.61577004734698
1.74152910142186,12.1059669439189
4.75943626065679,7.24197449095458
4.33941286404557,14.4807387307776
2.06809731750729,9.40559137894377
4.64364419479795,4.91768371261299
1.67945486857536,4.32278311893664
4.91400512981436,11.6356604688701
1.17037001997232,9.62590955425488
1.3416092749685,9.84732090568356
5.12087601025529,12.1415740824398
1.08792098518461,8.27140102415342
0.260655965656042,12.6089476553528
0.33143618516624,9.3663987719108
0.708544415421784,10.4051635346377
1.63022162198069,8.62644659154245
0.40573987364769,11.1240296753494
0.226680233156906,13.9828927010529
0.119435267522931,10.0668921518133
0.063689046610795,12.9964428840799
3.47432874498849,9.71027547869119
2.14390519066694,10.8632508258258
1.51351424111965,12.5365047955207
0.448040717281401,9.53729419531247
0.209898803383112,9.76388536022802
0.312530008144677,11.2151537207427
3.57146929560189,15.4631393816523
2.58666412710192,12.5193831800608
7.75794270393293,8.48245490808678
3.03400946019178,16.3858757754718
0.375702783465385,13.4480305756807
2.1731883714998,14.1414263220601
4.2402779345674,8.47530808812193
0.571604475957351,11.7210296402748
1.81864048345926,10.2505310596519
2.39702712363544,12.2794108953523
1.2630056636408,9.16120197093972
0.700108434073627,12.8177587097226
1.06499734800309,14.9967280654684
2.27164016655626,2.13239120726433
1.51416626191678,7.51207312518119
2.02104624911192,9.47103568425596
2.31197126946392,13.5227729603604
4.58975093414016,4.75804189483573
4.3921723078218,6.07575727636802
0.809044955298305,10.454360319936
3.81052241457586,13.9479474501502
3.67688111571555,8.13910612592379
6.32264301147232,15.9684841209924
6.64681529965172,8.52515866746153
3.01084843261128,10.2008336347287
0.554101329296827,11.0529884866488
0.957800912745495,9.70078622574134
2.22766688663015,11.864467825961
5.13203247238822,10.6234313532623
1.04381462652236,11.6867675145876
1.77619374519079,11.6137620269615
2.43239117777886,13.9272512884964
1.85120442314985,6.5936759839004
0.309565657749772,14.7309197963336
4.11869639513974,11.0890996240512
0.2138811359182,10.7669501097079
0.599381792359054,13.5125538853759
4.52487958760359,5.9824706107316
0.787981640547514,11.2147469846647
0.463576493784785,12.0962569557923
4.01985668746715,8.36378463926164
4.90415146909538,7.95668863568494
0.573400971479714,14.0635797683148
0.936356905847788,3.63350220830598
0.452137370638905,13.0854500692689
1.83310783087256,9.43486941414474
1.2788168862462,13.6669550062979
0.772724727168679,18.6002466015433
2.73778581052067,13.5519581341714
1.07736663054675,12.6478399631099
7.3315857747938,13.9060775128907
1.0158342923969,11.0362852990654
0.190826769918203,16.8309439764044
0.990771458484232,12.5954705311448
0.25750461711834,9.61063135263329
3.59558062238579,8.50784698262952
4.02140074951534,7.19813648096519
1.38031237758696,15.5581850833573
1.99817806491121,11.4436508709525
1.02467992343009,8.93916684920057
0.0184822436213871,4.0625080997922
0.12364457654363,5.53916751912029
0.692751804783744,11.3538718764774
1.60394832110944,15.8143551564207
1.51180755524876,10.4179889891205
0.53218861364952,16.0899049210284
3.66539518145804,9.33325516741536
12.0903865301634,8.96765551295929
0.795649780177203,8.95305863659199
0.46665823366493,9.50649263669714
0.25120498239994,17.423363889885
1.95035450338366,7.77196618805938
5.59746895213073,11.8716263047299
0.0298528395270829,12.9261148231098
1.37515683099627,7.88764704206964
0.389853286123999,7.18559874861445
0.927707883529365,7.63156614387263
2.84004124262562,11.9441779073273
3.67312621308451,6.91230452216791
1.84213982141557,11.0015754234011
1.00956944096833,2.82797782999358
0.146848347481133,10.91558953556
0.927282147109509,7.90933044907957
5.68486598100433,8.00467009720533
3.13056188687841,16.0979495456001
0.259011646732688,0.498572875308669
1.46614276236835,10.1186463219224
1.05541097093374,13.3763019025802
0.584363055415452,8.84950920264865
5.26841719537409,9.48890799624806
0.141201070917613,15.3831112775789
1.45374162859263,8.69152323178475
0.165442984551191,16.1016329039386
0.696878737367485,10.3938963073095
0.159630689500588,4.69312819263115
0.769140410237014,9.29909442018756
0.911959574271825,9.63418302031258
1.28445454221219,9.21522069722534
1.17661784775555,15.0041930169228
0.224827272183033,14.2460941130268
0.972239788621664,13.1779391117573
0.0861405962349786,5.66862969943339
0.488232506229583,6.77523758359472
4.59299844850726,11.1513364860492
0.489540222100914,12.1606693425262
3.29826429044076,7.2969567120602
3.36339979229455,10.5154939498606
7.89365247967553,11.7993563431131
2.47991467520397,3.34943738462014
6.98345927705462,5.40281988311908
3.73719709349756,11.1653888493726
2.56227489552441,6.0754378129293
2.8343368367431,7.96365186552099
2.83521898446565,16.7318660174971
0.78627163451165,9.95466482165275
0.367247018031776,7.06422651563887
1.09496051631868,2.2982784696999
1.2943459758535,10.350046004123
2.34966637372019,5.54925302475885
1.09022436384112,17.7717624555448
7.67846120287099,14.3007246538007
1.10578012280166,13.5072254695125
3.64490529968221,13.9187072137039
1.24048277828842,8.53986225939291
3.34561466781383,10.9575296101088
0.663887931033969,10.4987507240146
0.878781140781939,12.8032923012831
1.05061265826225,14.4994291996863
1.16006924770772,13.6854624308984
1.71706571049037,12.2609358184177
2.46767724296989,11.5654005484026
0.695195766748677,11.1067423297331
0.00816529658325865,9.20905677053163
1.78301899871769,10.9868830726113
0.00814628629205971,10.1283297780676
0.128622110933065,11.0198081077036
0.461060179733738,4.06586720816497
3.43576957268601,5.7502406939712
4.98336990693745,10.2598109842863
0.872942174784839,8.73254048064647
3.22977156175261,7.98764348618417
1.95557541973127,7.66748616776101
2.73636568143013,5.33814097928303
3.25068971770842,8.10854778551943
1.67094269013944,11.960603762015
3.78395552171354,9.72548907771701
0.435540130361915,7.90297702469561
0.624783398583531,10.7067443594822
1.52001792184057,15.6861812421559
1.09709812125228,10.4911279254058
2.08663316062632,7.55631413424877
0.041598679497838,8.8987495107574
10.5789698095699,11.1477030769686
1.68480876266005,11.5820090500681
0.669632655899563,10.2264938746235
1.2887307824567,12.841725475442
1.9798241573477,11.7044103515132
2.67448770246449,8.96585424682236
0.757854458875954,13.370153041137
0.0949252201244235,12.0956419983152
1.22717151045799,6.02882138324149
0.096946444362402,12.9230799086794
12.8324622765072,14.3784098428447
0.229569032127187,8.20810159201519
2.27252268037739,13.4996965271115
6.6008429523922,9.77373879593237
0.855262938886881,12.2847057182498
0.50128095317632,12.6726215059771
1.25287682842463,10.2763419092577
0.20820058494363,12.0296204465198
1.46189394761447,11.8629918476703
0.195599573221185,6.15025530738151
0.0610321001176036,10.0245146310317
0.415388943627477,10.4935159952025
4.68085129161306,13.697943315046
1.73031488052549,8.52591788823817
2.32745332076194,7.99326765474746
0.554512026719749,4.07424386776854
3.50985211489682,11.7076640109104
2.95482515526896,10.904808536637
3.67546729354148,9.12226528131254
0.259118004590694,9.69185801001582
0.844876629300416,9.28860041391926
2.46808410054984,3.35884705325733
0.347276741563578,11.7275173144631
0.618518020026386,6.53248245054791
0.421904757802066,7.00824220460709
10.6449248524089,6.56238121493585
0.949144237674773,12.2391183486646
0.820565731264651,12.1623074986208
5.74659938409113,7.54344961513309
2.46881075567546,2.62751323168887
0.983187828212976,5.47259547176582
1.30366632621735,11.2559143671299
4.3166956787271,11.5878754480565
0.939763168804348,9.89031841388443
1.49509402169826,11.7350134958203
0.837559857405722,11.9629809013089
1.56904006182196,11.9076428836241
7.72440526964975,11.6792092985962
0.517974432557821,9.7087884245024
2.6806230842227,10.414639805905
1.96212873257677,7.23226055153545
0.182797496933365,5.44026783747923
0.787286351434886,14.8331990239774
1.30993890017271,11.5672728271346
2.96616953306456,9.94351593154852
6.29156795110474,13.8645288488624
1.24054404720664,5.99809888755854
0.364357504993677,10.0292318398553
0.054514867995934,16.6683366778607
0.0660717785358429,16.1378958228155
3.02754788456445,7.88060167793376
2.25413297259341,11.3410212509777
0.887923240661621,11.9094973844948
0.78218568302691,6.48051869456106
0.998740132898092,9.27072806285899
3.66726971773391,7.87628639938678
4.19118173767753,5.70219602924177
1.01202085334808,4.77087382107926
0.547625073231757,3.57640846487491
0.0330766821280122,15.9630189550086
1.81527240379694,12.1761240395552
2.0141392024916,9.46614918084653
0.993524588644505,9.3144110053222
3.25589260069614,12.8396574815612
1.12736797519028,10.9278329530131
0.0624806903105184,4.16013063182409
0.57977942503154,11.1450146176676
1.32103231549263,11.8605986011917
2.49567468828502,9.50322765980872
2.78738228767451,15.1157627603645
0.24774254354553,8.07964242772177
2.1045714411186,7.52010326933757
0.380159667693079,9.388981306107
1.36232385225594,11.0104115566733
2.71140377587619,9.38132899124771
0.413953588359268,9.14615373053901
1.28199279494584,11.8035358987775
1.43124447009506,8.56346453448986
1.44237156958114,9.43195424324429
0.27265417823202,10.3131015668287
1.18790817633271,14.2575660335358
0.0778439780697227,13.021899833379
3.44407411510958,15.3354937832398
6.75653117861519,5.35054796156988
0.442156381905079,13.0002303621902
2.78725977963464,9.35665852218
5.60542607273827,6.8925348865734
3.60585870576983,9.65959080134737
0.546027792617679,11.8871548352469
0.0559599796770697,8.96918562293468
2.78665070591455,13.1422750325866
4.32223463914273,12.6442637292556
0.950412236154079,12.3260545609584
0.113342484459281,14.734844195946
0.171088567003608,10.2709911140797
4.19186722834535,6.54408449097184
1.09115770552307,7.88381281658228
0.162848441359392,3.50640877329791
0.378690749571537,3.84626561300507
0.0472595971077681,12.1026485756835
1.06286811083555,9.1898833795354
1.11735292058438,13.3709862133131
0.138882646337152,11.8732321555554
1.32600051909685,13.6481655822634
0.626230818219483,12.994828360014
1.5006529483104,9.27546688720198
0.0997706968337297,11.2500624587687
4.31431180260928,12.0747874338527
1.80711604087594,10.7328965086283
0.616058886051178,14.536238505736
0.915556493215263,10.39607879047
2.51635482526364,12.6980826954089
1.24517839867622,3.61486116033796
4.75776151374446,9.4447665964
1.50641482048734,13.8363351923428
5.54511073579021,8.42963766433588
0.923914327286184,5.76175468328047
0.276000673882663,10.6139888780702
0.986638157878448,12.3122473007781
0.8463269546628,9.40721366528754
0.706380166113377,9.89230523508218
0.424883715808392,10.4546015025322
6.52946818531423,3.94177566157873
1.07758913654834,9.53005566548385
2.4310561407485,8.79476748135984
0.472134363313545,8.53017314697596
1.84444633070956,12.9156612597212
2.37724475554171,14.7620913614335
2.20255289404633,12.6418831965241
0.509307304397225,8.03156268245431
0.808974370360374,7.74225306673097
6.19171673025856,11.5058024069142
0.69116694200784,10.0857113632412
0.396298081796429,11.7815138014223
0.937207098535773,10.3378482192221
2.6674051824117,13.1438874218559
1.21855576429516,12.651709728856
1.03646493158495,15.0894640243753
3.10301781428938,11.5999643433468
1.18023064080626,11.9374879567534
4.01375707497482,6.70499967304664
1.00929850060493,9.07356913443408
0.140723847634554,9.00133876238541
0.0476552676210682,10.2657726418681
0.0971794463694096,9.33309261261917
0.179656097665429,8.27756729571979
0.804149147123098,6.31150479140861
2.21828834517839,10.4852111442868
0.126057708313741,5.93599597519997
4.34708595423367,9.7229180604645
1.5066371000463,10.037016060899
0.624235868453979,10.4602589614161
4.74874223370977,6.2740594182472
1.06053439155221,5.32893506384649
0.477933494006988,13.0934844112112
11.5760373764469,12.2166824256152
4.11531287414913,11.5530569843497
1.34714270196855,11.297173549464
0.592678908258677,13.2977014700019
0.399450157769024,13.7842095116996
1.62935471898856,14.7741619605807
4.7785834406776,11.4080371581208
0.787224838510156,13.747065300941
0.0894901112924932,10.9790879466725
0.930961663839113,11.3435494905976
2.29850500068607,11.9216601834588
1.71592550157549,10.8995985700881
1.38089753035456,13.5073066977563
1.5728760353804,9.24848542345072
2.12196118562462,9.93001785655419
0.794141032733023,10.0858005464768
0.389634531081351,8.04017068323407
2.92571463791614,7.22537152361104
1.47810658804121,8.83644588956011
0.430483691394329,9.74097485878089
9.68961302140608,10.0952807366094
1.3710765587166,10.6213268060626
0.103514486923814,9.03918282141449
2.176072480073,15.1576801404986
0.962058715522289,10.313503890599
7.70059442364072,6.10190523629066
1.71433595734579,5.99611007437853
0.489299398846924,3.57816420190481
0.0438730737266844,12.485805058045
3.85197860358243,6.5247426269813
0.131979945143221,12.1360374371548
0.696762245794117,13.1053572231153
5.30794768382735,8.83895245865126
0.490918434726222,10.4568545567596
2.81347324888761,9.75889221467457
0.992014178074896,5.82969746390218
4.95554859538503,8.14549265472907
7.8795395303042,7.30796728298134
0.406196792099483,12.6960406106446
9.17092142203703,15.4259346973734
1.41912897887824,12.5700162738875
2.67886903128567,7.00008269168571
1.97972717314007,15.9968156783919
1.02333795186132,6.23402483698007
2.69164747363868,12.3364051066902
4.13533168641811,8.09242984428639
5.3540546481771,9.61420731296166
2.86910354329233,7.31698949665573
5.06679809440799,10.7492390716945
0.0305831284960221,12.7352684702833
1.73356925873997,3.76794978916833
1.86272364457317,5.31288709841137
1.13526131957769,11.2987311870414
0.245486584492028,5.67026503568904
0.754872270859778,6.0023287581262
0.756347403861582,5.70742373174435
5.79171390797863,8.17825522376049
0.338610010221601,12.1673134825414
3.03695357301127,6.86869130900629
1.47985260081421,2.96435279846988
6.23409812118778,8.03289351121974
0.242553038522601,2.86299247969564
0.908191028051078,13.5467647020513
1.90344461604002,15.2306293335075
1.80841371537263,7.67677591574134
0.947689165361226,8.72731360880366
0.607850095834398,9.09263769879478
1.71500937553595,11.2965838381691
4.1885526078659,9.33970874981505
0.365742628462613,7.96232654388162
7.13587043764901,11.1925772841897
0.479871339770435,12.5758657358812
1.58563564709368,11.6946679199621
6.32292482223282,9.18933461994752
4.7395828401012,8.70100912768726
1.66505970355845,9.15574060277033
1.58561261176112,11.294532518581
2.2025678063834,11.9472285398197
0.819315236993134,8.93697424526356
2.21558926650192,12.715307302749
1.46017546198311,7.22380641830944
2.22757365546169,8.37491810381477
2.74480774803999,10.8013495256811
1.52635231437514,8.47316368299563
0.0320945009589195,9.50702559002982
2.31609695210102,6.44539302174383
0.0960286958143115,12.6354912483139
0.557184747420251,7.60955378681162
7.21994120958162,11.4442825794212
6.33773620393047,6.09903011281591
0.662256410345435,7.56734301676642
4.32078099598117,15.5592139354579
0.615298421659075,6.05277052581475
1.37848424445838,10.5920096006376
1.95857416830006,9.82431261092346
0.379177296118281,14.1091734679494
2.77019862077179,14.5140552325736
4.91741831202931,8.49323344048671
0.940479995682836,8.8016103540871
5.25819037456937,14.971421123799
0.0171510884538293,12.6184646670973
0.229886417277157,7.75819636715355
4.10237739590888,10.8508093690401
2.92707666301827,16.090874903704
0.139839642681181,8.29384892551072
3.6174383459795,12.6909000447411
3.88985946012621,13.9773468956251
3.57412546111231,7.44150766358821
3.39106406254654,9.80802077951082
1.08241126127541,4.59132910199382
0.686671130570537,11.6142261417082
0.156883679330349,9.86371983778997
5.62166791860684,9.61211582743639
3.55469626171475,7.20162526835906
4.14798331243878,7.90756610570817
0.502940376394732,5.86084736330869
3.39825380949264,8.05310607939461
2.33840980558636,7.74236085753124
0.195688042789698,14.2844939632007
0.812605594284832,12.6100604590491
5.49563487966485,10.1530027661477
0.983123661950231,16.1492963268048
0.811962757259607,5.13729671785841
0.960824915984734,12.5368594759938
5.26737304955411,9.28511485870856
1.17341283895075,12.5585985272578
3.91002435220366,14.1817627008112
0.289916174486279,9.60717881730496
0.596694453619421,3.36178216903355
4.86362882305808,12.3045998632809
0.590366766728398,14.2342622284662
1.24592905305326,10.8010068345511
0.501704909838736,11.366782299455
0.946803713217378,13.5132752943621
2.16590222521665,11.5003182536643
0.682980078272521,13.5664208962775
0.859264544211328,9.74734070834493
0.215243178858634,7.88832820047401
5.86009888442026,12.5467219254745
0.513185804709792,6.91467175230821
0.495857710950077,8.90987400329508
1.55045582718196,11.9075907112677
2.7595237827951,10.3846593726771
2.39301550566199,11.9213342198903
1.18464066833258,11.307200550816
0.361679551377775,9.84946184932467
6.21499371495018,15.6562791026086
1.06513911299407,3.29590208098357
2.05845826035464,9.5473982555143
2.10929425984472,4.6845891513632
3.06302556006198,13.7780208620264
1.65233347556534,8.22136662511617
3.24849330590471,11.4206957917516
1.45295335716548,14.8320686018398
4.4182109929128,11.109136761183
1.22409126441926,7.2218396169812
1.74654268000429,6.54131156909611
1.742971137082,7.53690501765045
2.72869068375769,5.46002534363252
0.982597877271473,7.34045286009992
0.950871161185205,13.3789562188298
2.75745667508783,18.1393371932841
3.38664408011322,6.58561614293614
1.34161227848381,9.93022302239937
2.39705505892012,8.07558323528171
0.889328288197822,12.266574719855
4.73634708126136,11.2744572721159
1.02671253681183,14.7318782431024
0.166314543224871,10.914925849062
1.86563561848345,5.82044936696916
2.77100636242869,9.7681613564351
0.0234029665589333,7.70594589209121
5.09174909044929,10.5382067539815
1.03940879553556,7.71137008973862
3.23419779894834,3.72259193990925
0.176798013038933,10.1027127828009
0.383559498596583,9.82122372282947
0.201764336787164,8.86316331802532
0.947148247621953,13.5389741942292
2.52995055160465,8.81956918891597
2.3459336849952,15.1643091758674
0.289713482658877,8.39173213466091
8.64253417352095,11.1397704482252
4.28161628891654,9.00769817013081
0.126899592578411,9.15206264964416
0.169525065301026,8.53137172010785
6.70216713812122,7.01332491689102
1.88044401994886,9.80270837547374
1.62263826644959,9.84954558456564
0.00286408013687879,7.25574881254604
1.33019771520048,6.7897260806959
0.129980626516044,7.8075791055262
5.61302626099358,10.3884097925573
1.85613406627419,13.5150987808646
1.03292082529515,8.24303875045192
0.299782897345722,11.1423630448579
4.92202556480594,9.45489322965378
1.32706777472049,4.99605060065545
1.19159795809537,13.3388614841044
0.698365435004234,8.36401181904404
5.10145677228398,10.7054788775148
0.710398442222831,7.59273397526675
0.22003821713134,8.75060917039997
1.60482190128711,10.593363922327
0.997938167303801,12.2431360561881
0.367475438863039,11.2882533801523
2.2768579809491,8.78275200069988
3.30365018157249,15.0153940467695
0.964849757030606,10.2408922703173
0.954575379379094,7.09102983525477
0.248810891441252,10.7423833574267
0.0831299452111125,10.7600545534332
2.61948994166198,14.6559671405981
0.847076709382236,13.9206945037078
0.564301912672818,8.19331095050959
5.38885897745318,7.18422785201736
0.179654552605504,10.9175061893723
3.22827600670939,9.17269023860342
0.500638139434159,10.7418219063995
0.613105993717909,13.2240529898053
2.25900338744376,9.20110273500374
1.66768567396397,5.41036343398594
0.529024527445438,6.30210135765023
0.830631622113287,9.51930325766734
12.3205623321964,12.973752406642
1.77430528448235,8.63505148199285
2.90384227393155,9.44406301085834
2.20199513799491,7.28352224922353
1.82079555830898,7.84720222783624
0.224341517314315,5.9398815968115
2.69873601376059,8.19734959578599
0.968583539128304,15.3582882557678
6.63673578169117,8.11740694472192
0.15930003850958,2.99307540087851
0.178958491004671,9.46758232301856
3.156468432096,4.68466410642854
4.07844892499929,10.007556649232
3.19158702674473,11.2435533511454
1.85629208377543,10.5967441909057
1.29793255589902,5.89802787189392
1.49874743266403,2.94813734720819
0.986875524744391,10.5788824872869
0.220166866227642,8.18325836646819
5.10752748300262,9.36451716506387
3.40250078944449,13.6930030609985
0.0117091806605458,10.8518732829149
2.01596811219099,15.345238702554
0.525130080059171,10.6066890138314
0.552077918029095,15.1001854445612
1.9572958577016,12.9560202850724
2.71814547284486,13.268874296467
4.49156482865043,7.1997982656579
2.69825455724242,15.1035543664402
0.574783538468182,1.42251421380589
0.916265838779509,11.7906318765943
6.47854434024878,12.6852260533379
0.919795770198107,6.63503377499404
0.875462597785623,12.953738965086
4.00289143232589,9.46213514535602
1.79371399796548,7.80597530327505
0.0275832330808043,3.85151848384784
8.55235926011458,13.0539913955126
4.07106081379538,13.7409143276997
5.79669956391734,11.2862475495418
2.65329779303613,9.61581248156853
0.14161975402385,13.2374597832659
0.2711042156443,13.4239685733897
2.21565278238597,8.14627625659211
2.44794423683527,6.51721624543241
4.25630793759209,7.5329525981679
0.795341526158154,7.94935228577773
0.408641131594777,15.7818890388617
0.777673557400703,13.1201299682702
2.26492797017875,10.9306928101984
2.35670178368281,5.18126447230551
11.8100792302992,7.89798019971443
0.0226676321162588,6.53780677551728
0.529309393838048,9.75912844001808
0.88430128738284,6.95837894999394
0.229689220406076,8.36620060976024
2.31314186557176,9.57674402011228
3.60813081247692,8.60700356458558
0.53210451733321,11.3483865385246
3.26190340874677,12.3964768323643
0.230550253763795,9.62044497507892
1.02102459035814,11.4498533442902
5.18710562934108,13.1869415945603
5.0518594716949,8.34143606342912
0.0293063855643858,7.82900450083812
0.975712433457375,14.1198411951313
1.22484622057527,13.9371208941915
0.711103296773269,10.1796614513445
3.45624399278103,11.1800379732034
0.124215913953351,7.38989417993229
0.319506632164121,10.4074737198976
0.0111900334828189,12.3039977849004
1.27203630004078,10.4376039765578
0.569068933837116,9.93896036758504
1.26316892169416,7.59742265972089
1.71676168209853,6.48598175870036
4.85327682991452,13.2815619442939
0.865346424281597,8.98848207511865
5.44186844278998,11.9587464449782
0.328471303917468,10.6379977913577
3.81020464358811,9.45644408862302
0.826459830626845,9.78545569578291
1.24744292348623,16.2681214300942
2.536797452634,10.8386223706309
1.07162961643189,11.5155839256997
3.20077888278251,10.578619113533
1.20431683026254,8.13617265280105
0.000439663417637348,9.87081320631876
1.42773997523589,8.24728976057831
3.28492880595808,9.5439296299192
5.32757716228194,10.9291309287339
2.74463026030901,8.10738221183131
0.78494138456881,7.767386730953
3.41325373222748,9.48387167798159
0.524677112989874,11.8727405156903
0.754053531214595,12.7979222762369
1.32942036073655,9.68494178955964
2.05225093403431,14.3121615533053
0.890018832014591,18.9469668574761
0.827919388189912,12.4094002359898
0.882601430639625,8.73562037618267
0.648123712278903,9.97453312431887
0.674311843700707,12.9340585106004
8.10742570045305,10.8872412273918
5.56853813900101,14.0240151604325
0.488950249703874,8.94244572398462
2.07774716591918,9.43180936728714
0.553225013208454,3.66188858956496
0.232704902999103,11.1515755696031
0.164190585725009,12.3563166236762
0.515189340338111,10.7710401155839
2.53127310975435,8.86943228018592
3.33402186126829,7.07541697206909
0.935498438775539,12.4634293950695
0.0509768416142173,11.7704589281004
1.58232632139223,13.5517917123793
1.75611143714899,6.15654092453656
0.306429336901436,11.3138434760042
1.28412676136941,10.3504961026184
1.0593012785539,11.5677030476988
Rho_s: 0.0068778872194718
Rho_p: 0.00313585714254693
IC Time: 0
