Rho:0.5
N:1000
1.29869765322655,0.499676315113902
4.57446717061594,5.82111754979859
0.739022941355892,0.845278240740299
2.04353843807223,0.521059363149107
0.615375028923154,0.169185370206833
0.458198164589703,1.18623121920973
8.81586896416257,4.0371796300817
5.40210593094058,1.32351437304169
0.227188906632364,1.01039096463034
1.96754374900241,1.77384622200372
0.68826294131577,1.78876028201523
1.0347708389163,0.339365573230993
2.37733636601808,2.99876485748177
0.913400692865252,2.8219405204461
0.735383082181215,0.12977884337306
1.74886640152874,5.69472087297473
0.311046660877764,0.563112268017256
4.22048275520034,3.64235275211658
1.05056850519031,0.681810017675161
4.16776220722687,1.74197859122398
6.18837650139838,6.51497326757679
0.0820707839326255,2.51044050783074
4.95428035755582,2.5176150201911
0.593885714068521,0.188510615378618
1.68110605507138,0.623676116578281
0.148847517951544,0.835579376667738
0.308954720385373,0.171899545006454
1.01206421945244,3.86810465512757
0.22748754825443,0.375659820623696
1.78970770156922,0.27664983086288
0.0738293612375855,0.0974902365037863
0.565938516519964,0.590339497674938
0.747737298719585,0.804464070126414
5.65016628768215,5.69539443867161
1.8833129248073,1.42721015790051
1.2541760681197,4.51004428018756
8.86411702738595,6.14851962015292
1.31111531797796,1.2280186759308
0.144422250290251,1.12520013842732
1.1123178107664,2.14450206412914
0.504745833750476,0.803370647132397
0.5555505969988,0.245583024807274
0.185979880425722,0.479378503747284
0.0582566166460953,0.0131399836391211
0.0646216114982963,2.29783083303812
0.252287874929607,0.070147511549294
0.34892029625746,1.25512898061424
1.33878700435162,0.791115012951195
1.35389172658324,0.434389721116837
4.59946228166051,0.852478722243568
1.06385614901038,4.45033488909755
2.16961280806902,0.461671682221752
0.428887353278697,0.457027640474274
4.11248276365881,1.87874963871183
0.717623624950647,0.235315792449175
1.90822545430603,3.97629582865124
1.66393060042503,0.379277473315597
0.351668590077373,0.0495854924193466
4.15759219584947,1.53960419251564
1.06743808183819,0.685246641747653
0.830686000175774,0.685511845591062
1.30866546370089,2.60972088566961
2.35592808007243,7.29308466198755
0.564387632533908,0.374677641317248
3.66565868614202,6.18713419660484
0.348976611868729,0.0422664615573601
2.23535070373657,1.0890728989616
17.1869811554602,7.68343386505203
1.94935277272429,3.41784471416292
5.17706523437924,1.63818543395939
0.0509016351373181,0.456920719705522
3.56487580148555,6.43861266937027
1.55508220205413,2.14407202593031
2.05202586195412,6.89355455305348
0.321346245063942,0.568475864827633
0.564969403669238,0.913476007990539
2.04321466005387,4.68768946428723
3.03169196454768,2.50265676333549
1.70612267768922,5.35787550707288
2.64431279330494,7.25440014484239
0.580414301715791,1.17785892263055
0.36976716679268,3.2538216716562
2.63856168641689,3.91226225702052
0.677029347978532,1.76759035876932
4.77011822511382,1.6154560241008
0.848140423186123,1.19077249709517
4.04367449490314,0.56539101858652
0.0508563751354814,1.04851561132818
0.864961881190538,0.360435262322426
2.98823510838633,1.73535330239379
0.156955383746935,0.147616459988058
2.09216430454227,4.11440310982947
4.11013521237259,1.50012261784616
2.34132640614154,1.74643672951264
0.0397267760708928,0.562211130745709
2.35716027385535,0.911146217957139
4.49143474896379,2.57271564743462
0.696097025685119,0.689221941865981
7.06516722920251,7.13106752517534
1.8094790011322,3.33432914842195
1.65976657710018,2.02911802377407
0.941243053413928,3.41519224626904
1.56474556765499,4.6631770764751
0.632429269142449,2.34710809021237
1.87371937363389,0.990421107038856
0.79024777952474,0.580457928590477
1.14351399242878,3.57040254009848
0.263414801098406,0.207928569970422
1.94900835809782,1.15971134603024
0.0916679613292217,0.653145587801913
0.686499760688763,0.0785843597254602
4.1713191529078,0.916150243021548
2.70179821542444,4.32500851133737
0.852492880628943,0.28255361606273
3.27201773581986,1.23987167142332
0.861164124682546,0.176729426636504
1.73950947812738,0.369781480170786
1.21238938812166,2.3806553146893
1.53623052156738,0.535732797347009
3.70541939122562,1.00579643808305
0.00420174689289293,1.73476195539135
0.183771327137947,2.14411234474721
0.409232538422656,1.53361552945318
0.0195749785410918,0.022763260640204
3.32773931307678,0.460156133398414
2.72675720221343,2.55689051366391
3.61832416040783,1.78773574895206
0.221227967180312,0.48779287650182
2.81598989680439,4.19481495370097
0.412470723996335,0.42495240829885
0.526892093010247,0.187518890299181
0.338034655633492,2.68156135501584
5.21242127169795,1.7006976048014
3.47212833521848,0.648655877135216
3.62477215735202,2.42719456172528
0.652431624941528,1.80208952530267
1.18693722598255,4.3281590749783
0.508618363179266,0.230073609389365
0.424793253652751,2.52570965138063
1.63102176218274,3.67327458669686
0.737233862280846,0.111141857874451
1.13571343105286,1.99921590267661
1.55034050311385,2.76907766788247
1.62450928995205,3.35501646978741
1.78193423329833,2.11070361911299
1.90218504901485,3.67369589105521
5.94133264132908,3.10185567645316
5.86478061940441,1.20497038122267
0.435804884738503,2.57269568264309
3.42195711426876,0.663115814654553
2.49122506371679,3.40005541576033
1.50998586416566,0.844191010578714
0.191465076059103,0.0623629726469517
0.518529581837356,1.9495995826179
0.302637790329754,1.1139180297032
0.439412905155185,0.468748292885721
0.3123103086463,0.330228110775352
2.73246555953267,1.62225937484784
0.758636731654406,1.99071698068621
0.625736560672522,1.06470391619951
1.13930477093414,3.81456211882156
1.79662659632739,0.322489068843424
0.177098884159264,0.0896816272288561
0.28934642393142,0.536477020010352
0.264574263244867,2.5429707764739
1.20551842264831,1.84488371168614
1.36451697070152,0.59228175226599
0.323747080750763,0.656754626892507
0.501963525079191,0.144229403696954
9.82164177612262,6.63724239136944
0.399803901684333,1.97335780217292
2.77417172494241,0.698121094450057
3.36384495330935,0.497095058346595
2.56697422257605,3.18523750685471
1.58776163115146,2.53123691297116
0.84920721501112,0.423301989212632
0.450280965689837,0.726170782503195
1.72047875254395,0.490601829253137
0.702401094138622,1.70253723106327
0.0994277378697132,0.121729090809822
0.874489978887141,1.72508450589123
1.06323714368045,0.258175691589713
5.34975433696933,1.5471785365695
0.938925999216735,1.10535514506468
0.544024207629263,0.21536835363919
3.27479173598771,1.54009130716939
0.991613268929197,0.815715922042727
0.659776935573669,0.767946794629097
0.438862866811556,0.0897940583527088
2.5779171026403,0.96969601046294
0.0338342478498816,0.894625178538263
0.526865657230758,3.40362805330606
1.33403726760298,5.02338057358689
0.618485577404499,1.90298468518405
0.698458834478293,0.213182763196528
3.37569945438793,2.46569553754273
5.21042464275785,2.76934155627134
0.0663201784602947,0.128085143911412
8.61830834248915,1.36038522794843
1.09177263360471,0.796538338065147
0.0342872394248843,0.177581168711185
0.757622267119586,1.59883748924695
1.60364045753124,1.53049244606644
2.63848429164829,1.52129647551294
1.78313777944302,1.19486249610782
1.71547843688829,1.33682400546968
0.421566558146775,0.627037087814298
0.5074916286394,0.0558402290767532
1.84818453984407,0.627428445965052
0.744354285299778,2.66431849441471
4.21977692444749,1.03671095520258
3.08916106058245,3.78149728460198
0.40861682407558,0.112505638160852
1.69231748386266,1.79955715491416
0.637762644595543,1.00549572799355
2.20175777367296,0.423346508783133
0.601987846195698,3.85816461948638
1.66764910138192,4.1384388951767
3.92524674145465,8.55706695416823
0.381832173094153,0.0421686470508575
0.128428547643125,0.241725810104794
0.1826879857108,2.53078583247008
3.55337098224049,1.32016284111887
0.720675450768476,0.19505525007844
1.13793047703803,1.14250685833395
0.378207613714039,1.21961134765297
2.02266651569846,1.73874818152728
0.313178029977992,1.61675677812638
3.17408849654679,4.01923609508162
0.0489847892895341,0.51981692481786
0.139676393726305,2.65558444618956
0.433662195689976,1.83269361211898
4.81198818583913,1.91105873579093
3.17188679037576,1.81152607771719
0.159289025701582,2.61635850175264
1.79618889457526,0.459157917648554
3.62135137973313,2.29069862320068
0.589332942850888,2.28443824863973
0.169187188740316,1.23300300352275
0.677850901149213,0.887073394842446
1.17794633563608,0.318463016301394
0.0297536477446556,0.477790379569321
4.14005148766523,2.31899393295346
1.82574288911166,3.09416045407521
2.85474976507907,0.992486358601606
1.10269662551582,2.02075693375411
0.815559939481318,0.111517795361578
0.128404491581023,0.0405055554583669
3.04244639707689,2.1012218928987
0.2514906120677,0.0190608603879809
5.4431599860353,7.72078211191011
1.41327005083403,0.433489880762493
0.920745354145765,0.26994573418051
0.850609070621431,0.512647721748026
2.37643352701309,4.9144257714314
0.00795835111553549,0.107530552893877
2.20257744929733,0.368706567212939
5.43243387688823,1.35722172260284
1.21898329257965,0.18250148370862
0.862571073696017,0.445296135731041
0.876852058805525,0.424039851031481
4.29851521377403,3.33170967412185
5.60260525312195,11.3351661854221
2.71254139571431,1.46995950481834
1.48307255088332,5.40324441690869
0.78533707652241,2.42659136272016
4.17895835917209,7.77119563105416
2.59611560768428,2.26489108792486
3.94732429070358,2.92854771490133
3.02603392286186,1.10315548133499
4.88167273433841,4.81273562063403
0.00487158263875097,0.606618256308138
0.375487655748867,2.75358700557592
3.23614808212557,1.13930853828788
0.491422443873344,2.52572786240819
0.181290423497558,0.501792370341718
0.717941192357879,1.62878079145196
1.9907976220453,1.30246146675199
0.778600668534636,1.44610621212962
5.25673987318702,3.13630284021279
1.88952464788201,4.12159032730346
0.592312184718469,1.92221570097921
0.190183326601982,1.23233588133007
0.21656371320983,1.68620212367716
3.69636382145767,0.732190068811178
0.346403514966369,0.41714788148581
0.294336675606935,0.763027170673013
1.38907896346393,0.796615352854133
3.30219164101367,2.73166765823009
1.01236887089908,0.749820274195258
2.2068124822432,1.03149803541601
1.03570970397501,3.44171989319806
1.54840609422865,5.03469517429299
7.42751447441888,1.74567591117221
3.31345090059369,5.71848288259643
0.150606283918023,1.82642335808816
0.739349981769919,0.533833249628961
2.53230216904523,1.06439666915685
5.98059263791809,4.03024943528657
1.59724620907548,0.580776538699865
8.39515117505446,0.810775664635003
1.02740851044655,0.154077597427984
2.95508075488691,3.82857782749419
5.27297698308654,1.00280466210097
0.156687706826832,0.114002898146438
4.93423039510397,2.20017697653713
4.39798267533012,8.68843239792294
0.58385899104178,0.0907167140394449
0.460514233813867,0.150534192100167
1.97516999697657,4.88134504542428
3.24047926793738,0.718532674014568
0.0796806253492832,0.974280110560358
0.114865117706358,1.53533249486783
0.934933436103165,2.23077257714214
0.519837504252791,0.690963240658907
0.026351454201055,0.0648949649184942
5.13322201718516,1.20082729961723
15.3766197751568,3.96072598157411
2.67667766093257,1.60888725510778
0.335453748691238,1.50677630110624
0.927117272280157,3.72905188782101
1.79342361321545,1.55147148068296
0.195958935655653,0.259661802786952
0.622690455056727,1.47935152790489
2.60962449564579,1.98515038928928
1.71364952056649,1.49193709521534
1.25199697725475,0.179089923362277
2.29124734473531,1.67789229759799
3.75523753074889,1.77123948923292
2.12378686283938,1.46526690564098
2.13917069873753,0.829725860618055
0.274067020975053,0.0788448582005448
3.44013074768667,0.629702440253695
0.430162330649311,1.07474837079644
0.950928991202387,2.12783200099113
3.1732174119163,3.96450434608345
2.33936458983584,1.17142281960696
1.14269761741161,0.947297885082662
3.21320161579137,3.50829964687577
2.23817314757946,0.455409782289602
1.84693303444013,0.791195008903742
1.5677380542362,3.90029260126834
6.23324401376378,12.4486496143772
0.330021082423627,1.92872656128349
1.56217060788515,0.768391112222613
3.2975367185649,2.36378466565217
0.797609437257051,1.75644402025204
1.38715743265095,0.521633767522871
2.69339838801863,1.46947046774998
5.4496200342936,3.86740245653277
4.60724846620984,6.14295895364056
0.0550938481464982,2.23987317263129
1.42795248507502,3.51518927497749
0.74054278342551,0.149504951190664
0.739801010116935,0.788490610122619
0.988708453053468,0.115613960693457
3.25857308490162,7.60325686219049
0.0239425776526332,1.13950736634433
0.790142120793462,1.29320590849966
1.67119764528217,1.00041196806767
1.08213092572987,0.335826232522473
4.52394117730923,2.25789213917198
1.40431742175462,0.640568108726474
1.00991332158446,0.745597008615732
3.40833916870837,1.20302443765104
5.81439466740856,1.11022630520165
3.00702098141192,3.04549690994245
0.971393842250109,1.72352590962293
10.9058569403072,5.59986978735695
0.139707817696035,0.147178098261568
13.8570098534115,0.713718044571579
2.60715848757865,2.65543693481925
0.491861176677048,1.61328565043686
1.00466500408947,0.663573578000069
3.17530002800708,0.719934874214232
3.95770147426014,1.43100174090403
0.511141572147608,0.488858844600999
3.61679825169926,2.88631790698776
6.90542687442074,8.49263857481757
4.041343383323,1.19768971391022
2.21524207099321,1.52117372668529
0.548825123480597,2.49463549620452
5.04940079499908,2.97464969737415
7.75911731603456,1.5581301896924
1.07526850886643,0.853884040378034
1.35013354662806,1.16687278728932
0.496043596416712,0.327320441603661
3.34477912263319,6.53414508666763
0.404058187268674,0.363027154468
0.235256160357574,1.66167395768822
1.06375418137759,0.26461609505606
2.5871544330472,5.70433793259778
0.00269961692626094,0.552564659852783
3.53798931492501,2.08917500256541
4.20625235385556,0.978226121515036
0.218913847992238,0.87367257475853
0.500537686049938,0.767408881336451
0.790287117473781,1.59298477230065
0.86637326516211,1.6026553787984
0.17835156380704,2.21818896002116
3.59788011742716,6.71789972450504
1.90865647039356,0.446011768653989
3.69068814424758,5.08050015170999
5.72132417762581,2.0557278561497
1.05948957335204,0.193382870690508
2.97517652943909,3.08472428454046
3.49433635188257,0.804796372540295
0.0583833946342242,1.93581265771641
3.12916991097813,1.48445389597657
3.21186196241962,2.43384469292107
1.15110232215375,0.959142724983394
1.42357698000354,3.15139652771835
7.56308577540231,2.54949962711873
1.52967960659365,0.395354053005576
1.9482900058759,1.0340377362445
0.498440864495933,0.0747209144756198
1.76747861309888,0.536969013512135
8.38019410470381,7.48234536711652
3.95915159938817,3.03024276701694
1.06769958976656,0.56508325599134
1.13067682180554,0.22044166084379
1.84695732026341,0.622151908413118
6.2492968901931,2.98511211061136
0.905582102946937,1.88357915348353
2.39432712263408,3.49423930860175
0.23353273674802,0.278950228355825
1.0907636564225,3.95530809445267
0.548645359272402,3.17061435786967
0.774784194686989,1.5253906752074
3.62321293337231,7.38992299207926
1.15250473125789,4.07363367808943
2.6497349756861,3.11759940518026
1.3372147185728,1.30927222315222
0.763614940284879,0.228382633067667
3.9090631341744,2.61069739787819
7.53915147068811,1.57072742647471
7.81083127519804,8.17257289173913
4.29349832184932,1.03761131828019
1.21229273546487,0.288711792951481
0.308959106460543,0.190212150104344
1.47885763264241,0.834945839829743
2.96721189169704,5.0810402666492
3.03485350826959,0.496904711419118
0.861793199554086,2.57633761494401
3.20985431207304,5.19710287799068
0.705309560522437,3.95280681906228
3.95471924899106,5.07615921248622
1.17921297065914,3.45446835814004
4.04470182938461,3.1221159545887
5.89098827507267,1.46179322517457
0.477393719367683,1.80055363891236
0.980393542908132,0.209391499869525
3.0226853264678,2.11691429271343
1.49931757614083,5.46168762792773
0.563727411441505,2.68148426703157
0.919000814668834,0.135724323801696
0.923151207411727,1.26304851938039
0.107978510670364,0.792447893880308
2.05010955958607,4.4637746994657
1.58056512094083,4.93517691244311
0.737089839763939,0.798725770657762
4.29306812286825,0.659715197396018
0.534890418323099,0.0924230758100748
0.721656573936343,2.33893905944171
1.18175701424479,1.32724398281425
0.245623561553657,0.0472750505432487
1.22531828377396,1.70821368872168
0.0490704830735922,0.0869241822510958
0.919471876373872,3.83724790422206
0.442406414527827,1.30342782940716
2.06340038767996,0.973932896740735
4.39676766428355,9.87789658182893
1.18693999107927,0.954577965661883
1.62448387957158,1.89345095298233
4.35934196759887,8.53646516165732
0.112901562326355,0.531775550946534
1.04992787726223,0.185360446572304
0.546793795190752,0.107022283842398
2.78135547397618,1.30161225423217
7.95533367973424,2.23279445796254
0.484588610008359,0.193549702875316
2.42728985837641,3.30227835087066
1.54555274165216,0.712538465857506
3.67211870087271,4.66082755078502
0.044615994207561,0.889403131790459
0.0690785679368305,0.0102602140977979
2.44044168285074,0.359089133964186
0.0206616111369872,2.33847284867408
2.63496797709706,1.93561670175734
3.53727855516558,1.73860701781025
1.08761932142079,0.238772191107273
2.58133910029175,5.91722080077896
2.03248465380673,4.27502886289649
1.55068046591225,1.36151120532304
1.99072371601107,1.13462195638567
2.26799225239995,6.36409780349503
4.44810417891593,5.51432653118796
2.13371499246898,1.0725018836839
1.88695034295752,5.26304952402539
2.43325639321449,3.55970883003032
2.53065581052544,4.38137550999351
3.67980616522913,5.0392822732491
5.3334449638886,1.71655409774723
0.716256804764271,1.2534709982574
4.27683900644012,3.49955370632892
1.46633159744788,0.238131558522582
0.88472409973107,1.98116211025956
0.491968635469675,1.25392946321517
10.4643735528707,2.3786433636302
0.309000303440308,0.171217487323928
4.0443272514451,1.40384331709685
2.08412401928546,0.577204441651702
0.55445553176105,0.246586691588163
0.213691169396043,1.55735613397303
0.106667823266172,0.698595977388322
3.02443516279063,0.752391695044935
2.00130545525792,0.303382152513689
5.80290805479835,2.02372430060464
1.2328565325588,0.257154866428342
4.38159740318484,4.53742613245673
3.29982988147025,2.70878581880572
1.69081959678772,2.12277622105588
0.0989982839673758,0.023425092920661
2.63980254149976,1.4231321520358
0.497835268266499,0.185920828022063
5.00672243137784,2.11077081776204
1.15941324830055,0.34901273390735
1.3277174923569,1.25645790621638
0.821150592528284,3.94569404033904
5.99393747358058,1.94470776050332
0.504952573289785,0.140069608868021
2.96888306720142,2.46853397778215
0.729905104174046,1.10232602618635
1.65712717725875,5.26320962210126
2.69758984251859,0.850205183960497
0.594189520925283,0.0762922978028655
0.573845653794706,0.249541724100709
0.263772936537862,0.795576579868793
0.970693389885128,2.20682765535059
0.559066213011088,3.12511888502126
1.9986974689825,0.44185786601156
1.34335150197148,0.852649495005608
1.26032299268991,3.69033174945002
2.54412298268619,1.00335386395454
2.76313099629226,3.54517461342697
3.38081283850555,5.60290442373524
1.8661324663683,0.283365542069077
1.80112661412897,0.380894200382849
0.0766221876191306,1.72612681603971
4.24235484351344,7.70879350188089
1.12764663342386,0.288965514186905
9.59060547450438,1.55795259951594
0.280212285849712,0.282469505444169
0.939305659383535,0.114567530341446
0.612649205550695,0.129895419604712
0.488933762535453,1.12965901431515
1.07005362585187,4.38814616396294
2.11585352561417,5.91138137705783
2.33406032029092,0.363498911261559
0.275401724502444,0.387942867353559
0.267441160796143,1.4901283734666
1.79713364211168,4.69996145782134
1.52788738707808,2.74846604830566
2.30221480867806,5.39669470091291
4.30342079301305,4.34428308196036
0.321678435676476,0.278455948457122
0.509042439050972,1.83506988843206
5.05697433997817,9.16575620273009
1.61170230365949,1.99218304260614
3.14122885821347,0.444617263041437
0.269836308434606,2.86459637043958
4.86742839564509,4.30142186184354
2.05334576955977,2.72320098794046
5.10547718365266,0.823860911652446
1.57356436724197,1.05254866661301
1.6178904092414,1.66046786918267
3.08018901927357,3.94775410352235
4.19688909848161,6.72181206907997
1.96235858193202,1.01969382259995
0.279895633472034,0.0979079361465717
0.675612181820086,3.83905149234419
1.87979271026506,1.93041414751828
2.37712583309951,1.20792655553669
2.36295682955561,1.65206535339546
1.7163834068084,0.769682043557402
2.53957773177865,0.406328882090747
8.8923128614749,0.709503263235092
1.08488049823791,1.4581040620679
0.0257431147620082,0.504827729350332
0.512521616183221,2.15354325427654
1.04353089351207,1.03054116014391
0.0971538559904076,0.427392588928342
0.484692162834108,0.150951745481237
1.0102974708711,2.72029872789028
0.445959486067295,1.29764522612095
0.91682673804462,3.78342631069903
2.19140851861777,6.43605054372856
0.510100786574185,1.95616760841551
0.874917122535408,2.20290908209028
1.01565860491246,4.3656751147255
3.81727007387166,1.94295685148185
0.0950575759634376,1.77052803701701
3.72246707586532,2.15918815500083
2.21421017585756,6.3926915672041
0.733245316302499,0.945130789652467
0.323538664180386,2.20567355128891
1.95761294840815,1.22372989472029
4.08714026940947,1.60272210025
0.288847492076457,0.14547928535686
7.75137318729711,7.32321090581727
0.340953907929361,0.286232729552385
1.3823265414685,0.727935207170026
0.188623417041362,0.290744349646664
1.10963424196205,2.16533997965665
2.14700241564753,1.31486277747899
0.243949136696756,0.389783281832933
1.24902806710452,1.05292061250657
0.375803823323289,0.0742796054109931
1.63930890574434,2.03695276557448
0.798778507858515,1.57225049092414
0.670788842253387,1.43509045421126
0.422027428634465,2.68691737382653
0.844984739087522,1.57218529461863
0.0923535287788493,0.358847970142961
0.998642539605498,1.02722296411212
5.1452572752995,5.59894131090412
6.40316452052364,8.11272589447809
1.09912607446313,0.190315918143356
1.68381961799207,3.51035454479938
2.55025431132855,1.32511942833662
0.798856500536203,0.121087680918974
0.0261610604716662,0.0618788819509973
2.08980320068272,0.985060201026499
1.80417145407739,0.271163128316402
1.47621678738835,0.421319618821144
1.63315190471328,0.674237261526287
1.81204309306088,1.03699090704322
0.99748136755079,0.340838003672448
0.918529221788049,0.190471435087761
1.37367971334606,3.72578896192794
3.5963798508855,3.71507514748343
0.358222732320428,1.71295093157342
0.61299214977771,0.370459041397615
2.91916089454187,2.34579930632355
4.6932198887033,2.21079437426271
3.86005506647711,1.1295502347286
4.91681281079478,4.4050801360966
2.3430067244077,2.23842346846106
1.23369024507701,0.383697197772563
2.11096153586152,0.765004922635853
4.58517951865621,0.921190649164439
0.177816400304437,0.0561242094263434
6.09018638696442,3.70004978759174
0.225127754661426,0.0739116696640849
1.66392022176626,0.544661443680525
1.35270992107689,1.53641518197002
10.9898420305629,8.51356152394667
0.107182723702424,1.77111202842162
0.500224172137678,0.496521894820035
2.03318179669312,2.6918739223633
1.47237252457229,1.50950456201525
1.61252494706752,2.58325046478751
0.537320865509643,1.21954507846385
0.452479545229016,0.0477537177503109
1.50998302215988,1.82304470977726
3.93401671929245,3.31394985287489
1.95062690406086,1.61087633512061
1.37857714481652,0.554749632254243
1.68174409112873,0.622098951600492
0.563494879782295,0.131898393854499
3.48041441647296,3.79677271081095
1.72615567586365,0.906882238574326
7.05456636431527,3.10766031879304
2.73217821299079,2.08317735037746
9.89643104185962,4.034001648474
2.5028193014765,0.90868410281837
3.30526210350876,4.57398794291996
1.61993556833806,3.77897191030865
0.107029797324554,1.7114371023232
1.33412800822407,3.86934114230757
1.46064561783316,0.498140489682555
0.442241705042319,1.56819767298377
0.0904942415654659,0.956807175651193
4.82367115070052,4.37502178152032
0.598499636165798,1.10974788572639
1.36703186109662,4.07195679081564
0.797949842177331,4.04876735789662
0.53789871186018,1.79578795834425
0.920617636293173,2.0272445398474
2.550085587343,0.902927947826141
2.62118552989307,0.493181451223791
0.212239917367697,1.88364582500401
1.87517600870671,4.9204560988204
15.3498888784871,9.51537463763609
0.857004383578897,4.00492735935335
0.933232511017876,1.02180953510106
0.881484006531537,3.28683217970615
5.14667714734502,8.84848550656691
4.66389691357434,3.07206485776191
1.89121610034159,4.48751115176539
0.984082337468863,1.93588300785961
0.691916024304667,0.15454438328743
0.676471777260303,0.283769471320431
1.57615837936519,2.49453407145085
1.24972427543253,1.43537417307969
1.72741172185587,4.48574260969586
2.56633406869116,0.938576651737094
1.0827400078997,1.84929544617105
4.42784834255405,1.56541946660928
1.92181680901887,2.87791677976487
0.494967347942293,0.293209237553479
2.03274342900313,3.6070268524993
0.983614786303637,2.79712749319262
0.90571160055697,1.65583945802393
2.36110701962354,1.25283270329237
1.81634066431763,1.13853497989476
1.84841195485535,1.46282521999421
4.34209099691274,1.36954152490944
1.38713400550029,1.02793989889324
3.74744337407832,1.42087219550063
0.723205938817629,1.77915276206079
1.42464904590772,0.630685564449444
1.74760056363798,4.43824653674789
2.28645379646661,3.78122431023007
2.51064707702937,1.4311547989728
0.978898618370295,1.17069342918694
0.371105800573032,0.419759846292436
0.791586519218981,3.69859119860416
6.38416194882164,0.829684982536226
0.613884996486369,0.256473772401807
1.36459368374199,0.444798491895199
0.73973601963371,3.82281216962223
3.87915595604067,1.37488243356347
1.95764641532112,1.64870393081548
0.291910953819752,1.25042029842734
1.9166595554853,1.50323484939148
0.0379510167986155,1.35958752594888
1.38987929365578,1.30227890610695
6.41185954003295,0.781521447002888
0.244183547794819,1.03818634245545
0.962163127958775,1.28663592971861
0.467826511710882,2.59293879001381
1.77335441849175,2.49000840778415
2.7791127958327,1.13395805377513
0.146153844892979,0.99068153463304
5.35048770506806,2.10954836002531
2.33683745248083,1.36980538163334
0.635494871065021,1.04561629862503
1.5347132514322,4.07439555583482
1.70061814404073,1.46923142476919
5.11128399868436,2.66657315931263
7.88042194726777,7.33047781470132
0.325213426724076,0.0208160703581757
0.137189432047307,0.472718015313148
1.12661622744054,2.76372685461285
1.50400728235267,1.34539721906185
3.36180909333711,1.85864648049734
5.00524860967822,4.50392177168299
1.48596934058097,1.28109881654382
5.15969299127288,0.61058959735025
4.05247648043518,7.4183754383454
3.11499747361484,1.74372180610168
0.551477423673606,3.14588685689454
1.22363440133631,1.58814326424792
0.601363354028836,1.62891942813041
0.418978137895465,0.0612128226352975
0.259452756494284,1.72508888310733
1.96560550041975,4.22799314160771
2.44775874345543,0.539080126211047
1.77931565254327,0.620867680758238
1.09899832960218,1.379070433788
14.1908034897389,2.60865453622284
0.480992637090236,2.00763245663586
4.54773991902299,2.12337975381854
3.70719584433322,0.617478444401446
1.9177146180624,4.10392915440683
2.21522708601298,0.923877516761422
0.616198552830819,0.20466436073184
2.30907004870875,2.24713154983643
0.167922070249915,0.841573242098093
1.52220080078156,0.588022170588374
3.92664357257967,1.90715371850862
1.20078122895211,3.87170472351794
0.653272821567953,1.90983241110686
0.744793727993965,1.26948301866651
2.03812599918785,5.08455083866544
0.743008026853204,0.330435094423592
1.48783918316597,4.63749097634978
5.3029877876205,2.14060837208273
0.147516962140799,0.0133403530344367
5.08305685569472,3.63965151069646
0.938562575727701,0.156002085925684
0.974639335647225,0.624010411056169
3.47199292091613,0.690653385594487
0.306883574463427,0.442859466187656
1.76945674224737,0.502332779122827
0.463070129814233,0.356060125865042
5.08161260534949,3.94801778702025
0.6696866620332,1.19176074583083
0.908986448310316,2.25283202661772
6.76313662495384,1.25453227944672
1.25226502027363,0.231363426479198
1.28887338284403,0.897920673713088
1.16396971233189,0.424805202701966
0.348997920295204,0.948910204693675
3.09605438770244,7.79393846872163
0.341342856176198,0.0835788877598872
0.96560465823859,2.10011737769319
3.07512960553979,6.54457080669213
0.946299402974546,1.61264442271533
1.39020325166391,3.99585258198862
0.41561296209693,2.88299886120443
2.33461161508205,1.27051416039467
0.592584780417383,2.56610263689401
1.0451109725982,1.83571198678256
2.43033258422258,0.693717260845006
0.177436424419284,0.201516480185091
5.1730485667748,2.05782065718415
0.0749185374006629,0.183822128921747
2.13993188730421,0.377564227208495
1.6997397781689,3.06217345951085
1.82395798767535,2.08151335260811
2.93978769635318,0.638799569569528
2.20592485546115,4.10839447734838
0.15158299729228,0.0294936019927263
2.96560354886537,1.24859344866127
0.166879684044502,1.03731327224523
2.48852412207964,2.03062310936216
0.339201672933996,1.7320635485554
3.54045363249404,8.19142095330072
0.197188447229564,0.193427173703384
0.33932456023116,1.66200529216769
0.603029295802116,1.66708729966524
0.0211499175056815,0.00412161620928483
0.146397702519865,0.179990936070681
0.370215075294556,1.09025866445154
0.69398591760546,0.879159336909652
2.64313346697929,5.38751677771039
0.345494621433318,3.30030052347069
5.13699878344691,2.11360114804449
1.08246130496264,0.912478107027709
2.80935572816019,1.80265179640594
6.77225644852886,2.40846679723802
0.0329551852941123,0.834731373004615
1.73300259551945,3.49725975812338
1.29231745004654,3.80975168926601
7.56030463081926,4.16329072763152
0.715233024238099,0.534573589451611
1.25155939906836,1.52004514505132
1.92903550333324,0.530229429714382
2.88851827366238,1.22416570410132
1.04866362176836,2.32035810864511
0.632219017483294,0.388329934328794
0.606549513526261,0.538733096793294
2.4239788725132,1.03858816903085
2.87984372132831,0.457304619355124
3.79782121984248,6.27967467870484
1.63335342374136,4.91095006068177
1.88468636005166,2.39384815460982
2.90005438385491,0.663718038238585
2.06626187815311,0.633347476832569
2.98390176410011,5.12468412583526
2.84440059198027,3.91893596930389
2.23806220843437,1.86378186187687
1.52116930103841,2.22198151043596
3.22866170091515,2.17458093530479
1.40962346634808,4.66059908618159
4.78972966571279,0.768189888447523
2.60531823142412,1.25344090349972
1.04697338268749,1.39671083000356
0.868976537351349,1.7578268479484
0.104386722669005,0.0699107611300284
0.489108555018902,1.17536398209631
8.5012550728207,6.54969218339691
2.37434035531225,3.14712494707954
0.176502274039717,0.919935272758203
1.14850028604269,0.793310678703522
0.311010092496872,0.355861375211006
0.794466712725342,1.89642415001037
1.43963852330091,2.66837594835999
2.63499514191392,4.29979461033769
0.141857072710991,0.0568448565900326
1.1538470806554,1.23732560500503
3.2671225252829,4.23020537544913
4.48497795340136,5.97775830294857
2.49413998789134,0.672571598552167
4.54474658231854,0.774793549582312
2.39241394019666,2.00297410032692
2.42143984130564,3.33800754679327
0.442366121336818,2.04376440816913
0.637002750299871,2.23675871632042
0.534510872326791,2.14097309290412
2.08900995668641,3.36481837808011
0.336985907410292,0.353302179191671
0.53084181342274,0.322293722070754
0.522333848405407,1.0470968154686
0.555384274299794,1.03441189136356
3.26370706392412,5.24985228472823
0.433160608329878,2.05472057304325
1.65724427450859,5.40160142977662
1.23669383116066,1.02151746675372
1.7946979831064,1.97602185784819
2.5285425762737,0.450244331412356
2.28086920260432,1.97125948584619
5.35711941470332,8.3616954455699
1.81059784992578,5.44665132065244
2.0648865084255,0.329860597848892
2.29017864904347,3.16083426003769
1.27555468119681,0.505040068657746
1.16696978453547,0.29016646463424
0.43269546316789,2.51061570635977
1.50437968588414,3.27744236199145
6.81731785800228,0.873136039823294
0.191064582511347,0.380106819793582
1.19048319105059,0.834103971640302
0.777287791483104,1.40726663398979
0.574504926800728,0.39344747364521
3.37401679513936,7.63382578971696
3.73613722644467,0.822196778900165
2.44509870364311,0.996215975873349
4.76660714454941,8.09001032593561
1.53302259921076,5.3657124598784
13.0617766037472,4.8015341027973
0.179985720354178,2.09469060963931
0.7928258003667,3.38195013670865
0.65592364128679,0.112439527393513
1.7857722707015,4.87420705308147
7.59529567840409,1.13646806031466
0.708212157711387,0.289251381531358
4.29852245350309,9.87328932002979
5.6502182629324,1.48105549194223
5.81795486634841,1.02848826814443
0.258541171438992,1.38612197898328
4.65554541897243,3.25716388208752
2.03198966375532,1.47443895592334
6.19810618426571,8.26918063643289
3.23030409200077,4.39550708737794
1.99623444481733,1.98456271729412
3.01955213380938,5.6527707884707
1.49658879256787,2.28391353963854
0.0686389245092869,1.5386966279799
4.31474572022386,6.77806974913845
0.633475506678224,0.614622553810477
6.72296802665959,7.64530512343502
3.92767251266127,3.2082227135077
0.404863950796425,2.5861828996891
0.677111019191501,0.218315702863038
2.35882682531121,1.4370594473209
2.89298233080058,1.0018924344331
2.81991508571087,1.12971299979836
0.306748068891466,0.0272980467607581
3.67985185591464,1.23463515099138
0.258301173336804,0.0262716989964247
1.48710024068485,0.445191968232393
1.27301562577486,1.70629917635562
6.98827208164048,1.26896660402417
0.619856662590587,1.39550655192508
2.08118095240536,0.82898208219558
1.69614045127275,0.499242955818772
2.98008083162789,6.12607121433983
0.36006059318678,0.297374060965351
3.94592106698041,7.14406986120057
1.84842500161361,1.27506426628679
0.306598723866045,0.126966786570847
1.63090279131177,5.18443166811891
6.01442801404526,0.879173476217258
0.98989748210063,2.16227451517227
0.577893885783851,1.21276921406388
0.202762816333219,0.689713335557596
0.738293323665857,0.152738358825445
1.26328476704657,2.6194868608469
1.6215513832027,1.55030142134967
0.332450107188759,1.19085379787962
1.06289949920028,0.258178568445146
1.43050448607977,0.559178961440921
5.92935997852365,4.84824636180825
1.03245180100203,0.433408127166331
5.15368109543748,0.790492237532034
0.272012298926711,0.461813630536199
0.266256625764072,1.26155753704199
2.69295550315621,4.47410770107932
1.59896704888253,1.19794173259288
2.85133454953071,0.883225195545892
0.00927185904723501,0.768544724211097
0.844162563408153,1.65026394682591
0.389664389193058,1.83467455013635
0.631052900070335,1.44471038310769
0.85431766603142,1.49145260161837
1.24136885814369,4.01267796365504
2.02494222848656,1.69607474646511
0.892368160835794,0.158881289212873
1.49620580608254,5.34753582973905
2.48383926033022,0.433949066265811
0.358375612667921,0.299266220070422
5.19128585209079,1.72966969076225
2.06995579964461,3.81250973489973
0.167640146367633,0.784697517838124
1.01450737100095,2.50633511497619
4.16810919854068,6.80415849354038
0.00571544790608402,2.328595187431
Rho_s: 0.475348111348111
Rho_p: 0.455407479470975
IC Time: 0.0100000000000007
Rho:0.8
N:1000
1.29869765322655,0.633347476832569
4.57446717061594,6.51497326757679
0.739022941355892,0.627428445965052
2.04353843807223,1.01039096463034
0.615375028923154,0.179089923362277
0.458198164589703,0.663718038238585
8.81586896416257,5.70433793259778
5.40210593094058,2.49000840778415
0.227188906632364,0.496904711419118
1.96754374900241,2.00297410032692
0.68826294131577,1.23300300352275
1.0347708389163,0.450244331412356
2.37733636601808,3.15139652771835
0.913400692865252,1.83269361211898
0.735383082181215,0.177581168711185
1.74886640152874,4.3656751147255
0.311046660877764,0.380106819793582
4.22048275520034,4.68768946428723
1.05056850519031,0.689713335557596
4.16776220722687,2.75358700557592
6.18837650139838,7.33047781470132
0.0820707839326255,1.04561629862503
4.95428035755582,4.01267796365504
0.593885714068521,0.190212150104344
1.68110605507138,0.912478107027709
0.148847517951544,0.424805202701966
0.308954720385373,0.121087680918974
1.01206421945244,2.31899393295346
0.22748754825443,0.209391499869525
1.78970770156922,0.539080126211047
0.0738293612375855,0.0618788819509973
0.565938516519964,0.490601829253137
0.747737298719585,0.614622553810477
5.65016628768215,6.72181206907997
1.8833129248073,1.67789229759799
1.2541760681197,3.09416045407521
8.86411702738595,7.32321090581727
1.31111531797796,1.22416570410132
0.144422250290251,0.499676315113902
1.1123178107664,1.7578268479484
0.504745833750476,0.505040068657746
0.5555505969988,0.235315792449175
0.185979880425722,0.283365542069077
0.0582566166460953,0.0131399836391211
0.0646216114982963,1.02151746675372
0.252287874929607,0.0648949649184942
0.34892029625746,0.663573578000069
1.33878700435162,0.87367257475853
1.35389172658324,0.552564659852783
4.59946228166051,1.80265179640594
1.06385614901038,2.66657315931263
2.16961280806902,0.913476007990539
0.428887353278697,0.356060125865042
4.11248276365881,2.98511211061136
0.717623624950647,0.289251381531358
1.90822545430603,3.49423930860175
1.66393060042503,0.622098951600492
0.351668590077373,0.0747209144756198
4.15759219584947,2.50265676333549
1.06743808183819,0.698121094450057
0.830686000175774,0.563112268017256
1.30866546370089,2.11360114804449
2.35592808007243,5.46168762792773
0.564387632533908,0.353302179191671
3.66565868614202,6.12607121433983
0.348976611868729,0.0699107611300284
2.23535070373657,1.55147148068296
17.1869811554602,8.51356152394667
1.94935277272429,3.07206485776191
5.17706523437924,2.92854771490133
0.0509016351373181,0.19505525007844
3.56487580148555,6.36409780349503
1.55508220205413,2.00763245663586
2.05202586195412,5.18443166811891
0.321346245063942,0.388329934328794
0.564969403669238,0.559178961440921
2.04321466005387,4.07195679081564
3.03169196454768,3.2538216716562
1.70612267768922,4.01923609508162
2.64431279330494,5.91138137705783
0.580414301715791,0.767946794629097
0.36976716679268,1.53641518197002
2.63856168641689,4.03024943528657
0.677029347978532,1.21276921406388
4.77011822511382,2.72029872789028
0.848140423186123,0.921190649164439
4.04367449490314,1.50012261784616
0.0508563751354814,0.457304619355124
0.864961881190538,0.433408127166331
2.98823510838633,2.36378466565217
0.156955383746935,0.107022283842398
2.09216430454227,3.91226225702052
4.11013521237259,2.42659136272016
2.34132640614154,2.14097309290412
0.0397267760708928,0.28255361606273
2.35716027385535,1.38612197898328
4.49143474896379,3.97629582865124
0.696097025685119,0.534573589451611
7.06516722920251,7.63382578971696
1.8094790011322,2.76372685461285
1.65976657710018,2.02075693375411
0.941243053413928,2.10011737769319
1.56474556765499,3.50829964687577
0.632429269142449,1.52004514505132
1.87371937363389,1.26155753704199
0.79024777952474,0.531775550946534
1.14351399242878,2.32035810864511
0.263414801098406,0.140069608868021
1.94900835809782,1.48445389597657
0.0916679613292217,0.335826232522473
0.686499760688763,0.14547928535686
4.1713191529078,1.78876028201523
2.70179821542444,4.4637746994657
0.852492880628943,0.375659820623696
3.27201773581986,1.98116211025956
0.861164124682546,0.257154866428342
1.73950947812738,0.629702440253695
1.21238938812166,1.92872656128349
1.53623052156738,0.774793549582312
3.70541939122562,1.79955715491416
0.00420174689289293,0.690963240658907
0.183771327137947,1.03671095520258
0.409232538422656,0.841573242098093
0.0195749785410918,0.0190608603879809
3.32773931307678,1.20302443765104
2.72675720221343,3.13630284021279
3.61832416040783,2.65558444618956
0.221227967180312,0.290744349646664
2.81598989680439,4.48751115176539
0.412470723996335,0.329860597848892
0.526892093010247,0.185360446572304
0.338034655633492,1.31486277747899
5.21242127169795,3.06217345951085
3.47212833521848,1.48105549194223
3.62477215735202,3.45446835814004
0.652431624941528,1.22372989472029
1.18693722598255,2.72320098794046
0.508618363179266,0.190471435087761
0.424793253652751,1.32351437304169
1.63102176218274,2.73166765823009
0.737233862280846,0.158881289212873
1.13571343105286,1.71655409774723
1.55034050311385,2.29783083303812
1.62450928995205,2.57633761494401
1.78193423329833,2.12783200099113
1.90218504901485,3.17061435786967
5.94133264132908,4.69996145782134
5.86478061940441,2.34579930632355
0.435804884738503,1.37488243356347
3.42195711426876,1.4901283734666
2.49122506371679,3.49955370632892
1.50998586416566,1.03054116014391
0.191465076059103,0.0612128226352975
0.518529581837356,1.19794173259288
0.302637790329754,0.535732797347009
0.439412905155185,0.363498911261559
0.3123103086463,0.207928569970422
2.73246555953267,2.20017697653713
0.758636731654406,1.4311547989728
0.625736560672522,0.719934874214232
1.13930477093414,2.39384815460982
1.79662659632739,0.61058959735025
0.177098884159264,0.070147511549294
0.28934642393142,0.358847970142961
0.264574263244867,1.21954507846385
1.20551842264831,1.63818543395939
1.36451697070152,0.768391112222613
0.323747080750763,0.42495240829885
0.501963525079191,0.150534192100167
9.82164177612262,7.64530512343502
0.399803901684333,1.11022630520165
2.77417172494241,1.32724398281425
3.36384495330935,1.25042029842734
2.56697422257605,3.41784471416292
1.58776163115146,2.21818896002116
0.84920721501112,0.446011768653989
0.450280965689837,0.479378503747284
1.72047875254395,0.791195008903742
0.702401094138622,1.17785892263055
0.0994277378697132,0.0762922978028655
0.874489978887141,1.30246146675199
1.06323714368045,0.423346508783133
5.34975433696933,2.79712749319262
0.938925999216735,0.923877516761422
0.544024207629263,0.201516480185091
3.27479173598771,2.25283202661772
0.991613268929197,0.726170782503195
0.659776935573669,0.536477020010352
0.438862866811556,0.112505638160852
2.5779171026403,1.5386966279799
0.0338342478498816,0.395354053005576
0.526865657230758,1.72508450589123
1.33403726760298,3.41519224626904
0.618485577404499,1.25283270329237
0.698458834478293,0.27664983086288
3.37569945438793,3.35501646978741
5.21042464275785,4.38814616396294
0.0663201784602947,0.0742796054109931
8.61830834248915,2.68156135501584
1.09177263360471,0.769682043557402
0.0342872394248843,0.0896816272288561
0.757622267119586,1.14250685833395
1.60364045753124,1.61087633512061
2.63848429164829,2.0557278561497
1.78313777944302,1.43100174090403
1.71547843688829,1.53960419251564
0.421566558146775,0.444798491895199
0.5074916286394,0.0979079361465717
1.84818453984407,1.02793989889324
0.744354285299778,1.72508888310733
4.21977692444749,1.94470776050332
3.08916106058245,4.10839447734838
0.40861682407558,0.114567530341446
1.69231748386266,1.83571198678256
0.637762644595543,0.674237261526287
2.20175777367296,0.844191010578714
0.601987846195698,1.91105873579093
1.66764910138192,3.33432914842195
3.92524674145465,7.72078211191011
0.381832173094153,0.0739116696640849
0.128428547643125,0.129895419604712
0.1826879857108,1.13930853828788
3.55337098224049,2.12277622105588
0.720675450768476,0.258175691589713
1.13793047703803,1.05292061250657
0.378207613714039,0.659715197396018
2.02266651569846,1.99218304260614
0.313178029977992,0.835579376667738
3.17408849654679,4.51004428018756
0.0489847892895341,0.26461609505606
0.139676393726305,1.13395805377513
0.433662195689976,1.03858816903085
4.81198818583913,3.28683217970615
3.17188679037576,2.52570965138063
0.159289025701582,1.13950736634433
1.79618889457526,0.791115012951195
3.62135137973313,3.38195013670865
0.589332942850888,1.43509045421126
0.169187188740316,0.536969013512135
0.677850901149213,0.624010411056169
1.17794633563608,0.488858844600999
0.0297536477446556,0.20466436073184
4.14005148766523,3.63965151069646
1.82574288911166,2.65543693481925
2.85474976507907,1.6154560241008
1.10269662551582,1.71295093157342
0.815559939481318,0.179990936070681
0.128404491581023,0.0262716989964247
3.04244639707689,2.8219405204461
0.2514906120677,0.022763260640204
5.4431599860353,8.09001032593561
1.41327005083403,0.56508325599134
0.920745354145765,0.374677641317248
0.850609070621431,0.521059363149107
2.37643352701309,4.6631770764751
0.00795835111553549,0.0568448565900326
2.20257744929733,0.784697517838124
5.43243387688823,2.51044050783074
1.21898329257965,0.369781480170786
0.862571073696017,0.48779287650182
0.876852058805525,0.459157917648554
4.29851521377403,4.43824653674789
5.60260525312195,9.87789658182893
2.71254139571431,2.02911802377407
1.48307255088332,3.85816461948638
0.78533707652241,1.62891942813041
4.17895835917209,7.48234536711652
2.59611560768428,2.70878581880572
3.94732429070358,3.99585258198862
3.02603392286186,1.77111202842162
4.88167273433841,5.91722080077896
0.00487158263875097,0.288711792951481
0.375487655748867,1.39550655192508
3.23614808212557,1.81152607771719
0.491422443873344,1.42087219550063
0.181290423497558,0.303382152513689
0.717941192357879,1.13462195638567
1.9907976220453,1.66046786918267
0.778600668534636,1.0470968154686
5.25673987318702,4.57398794291996
1.88952464788201,3.67369589105521
0.592312184718469,1.21961134765297
0.190183326601982,0.544661443680525
0.21656371320983,0.796615352854133
3.69636382145767,1.59883748924695
0.346403514966369,0.283769471320431
0.294336675606935,0.433949066265811
1.38907896346393,0.887073394842446
3.30219164101367,3.69033174945002
1.01236887089908,0.693717260845006
2.2068124822432,1.50323484939148
1.03570970397501,2.15918815500083
1.54840609422865,3.81250973489973
7.42751447441888,3.40005541576033
3.31345090059369,5.82111754979859
0.150606283918023,0.834103971640302
0.739349981769919,0.504827729350332
2.53230216904523,1.61675677812638
5.98059263791809,5.39669470091291
1.59724620907548,0.850205183960497
8.39515117505446,1.97335780217292
1.02740851044655,0.299266220070422
2.95508075488691,4.11440310982947
5.27297698308654,2.03695276557448
0.156687706826832,0.0788448582005448
4.93423039510397,3.79677271081095
4.39798267533012,8.19142095330072
0.58385899104178,0.135724323801696
0.460514233813867,0.147178098261568
1.97516999697657,4.22799314160771
3.24047926793738,1.47935152790489
0.0796806253492832,0.444617263041437
0.114865117706358,0.640568108726474
0.934933436103165,1.70629917635562
0.519837504252791,0.497095058346595
0.026351454201055,0.0294936019927263
5.13322201718516,2.23842346846106
15.3766197751568,5.6527707884707
2.67667766093257,2.14407202593031
0.335453748691238,0.781521447002888
0.927117272280157,2.16227451517227
1.79342361321545,1.73535330239379
0.195958935655653,0.150951745481237
0.622690455056727,1.00549572799355
2.60962449564579,2.49463549620452
1.71364952056649,1.65583945802393
1.25199697725475,0.368706567212939
2.29124734473531,2.08151335260811
3.75523753074889,2.68691737382653
2.12378686283938,1.77384622200372
2.13917069873753,1.25512898061424
0.274067020975053,0.0785843597254602
3.44013074768667,1.44471038310769
0.430162330649311,0.577204441651702
0.950928991202387,1.66167395768822
3.1732174119163,4.48574260969586
2.33936458983584,1.65026394682591
1.14269761741161,0.902927947826141
3.21320161579137,4.04876735789662
2.23817314757946,0.919935272758203
1.84693303444013,1.10232602618635
1.5677380542362,2.88631790698776
6.23324401376378,11.3351661854221
0.330021082423627,1.03149803541601
1.56217060788515,0.978226121515036
3.2975367185649,3.30030052347069
0.797609437257051,1.27506426628679
1.38715743265095,0.712538465857506
2.69339838801863,1.99071698068621
5.4496200342936,5.12468412583526
4.60724846620984,6.54969218339691
0.0550938481464982,1.0018924344331
1.42795248507502,2.53123691297116
0.74054278342551,0.193382870690508
0.739801010116935,0.580776538699865
0.988708453053468,0.245583024807274
3.25857308490162,6.54457080669213
0.0239425776526332,0.477790379569321
0.790142120793462,1.00579643808305
1.67119764528217,1.19077249709517
1.08213092572987,0.461671682221752
4.52394117730923,3.78149728460198
1.40431742175462,0.823860911652446
1.00991332158446,0.690653385594487
3.40833916870837,1.95616760841551
5.81439466740856,2.21079437426271
3.00702098141192,3.57040254009848
0.971393842250109,1.379070433788
10.9058569403072,7.29308466198755
0.139707817696035,0.0924230758100748
13.8570098534115,1.92221570097921
2.60715848757865,3.1221159545887
0.491861176677048,1.00041196806767
1.00466500408947,0.656754626892507
3.17530002800708,1.46947046774998
3.95770147426014,2.26489108792486
0.511141572147608,0.423301989212632
3.61679825169926,3.87170472351794
6.90542687442074,9.51537463763609
4.041343383323,2.10954836002531
2.21524207099321,1.87874963871183
0.548825123480597,1.46179322517457
5.04940079499908,4.34428308196036
7.75911731603456,3.11759940518026
1.07526850886643,0.829684982536226
1.35013354662806,1.16687278728932
0.496043596416712,0.286232729552385
3.34477912263319,6.14295895364056
0.404058187268674,0.278455948457122
0.235256160357574,0.798725770657762
1.06375418137759,0.424039851031481
2.5871544330472,5.08455083866544
0.00269961692626094,0.259661802786952
3.53798931492501,3.10185567645316
4.20625235385556,1.84929544617105
0.218913847992238,0.455409782289602
0.500537686049938,0.499242955818772
0.790287117473781,1.18623121920973
0.86637326516211,1.23233588133007
0.17835156380704,1.03761131828019
3.59788011742716,6.3926915672041
1.90865647039356,0.804464070126414
3.69068814424758,5.51432653118796
5.72132417762581,3.82857782749419
1.05948957335204,0.34901273390735
2.97517652943909,3.55970883003032
3.49433635188257,1.60888725510778
0.0583833946342242,0.829725860618055
3.12916991097813,2.14060837208273
3.21186196241962,3.27744236199145
1.15110232215375,0.938576651737094
1.42357698000354,2.328595187431
7.56308577540231,4.47410770107932
1.52967960659365,0.56539101858652
1.9482900058759,1.36151120532304
0.498440864495933,0.112439527393513
1.76747861309888,0.879159336909652
8.38019410470381,7.79393846872163
3.95915159938817,4.0371796300817
1.06769958976656,0.620867680758238
1.13067682180554,0.39344747364521
1.84695732026341,1.02180953510106
6.2492968901931,4.66082755078502
0.905582102946937,1.4370594473209
2.39432712263408,3.51035454479938
0.23353273674802,0.156002085925684
1.0907636564225,2.46853397778215
0.548645359272402,1.68620212367716
0.774784194686989,1.12520013842732
3.62321293337231,6.71789972450504
1.15250473125789,2.59293879001381
2.6497349756861,3.44171989319806
1.3372147185728,1.26948301866651
0.763614940284879,0.322489068843424
3.9090631341744,3.83905149234419
7.53915147068811,3.08472428454046
7.81083127519804,8.84848550656691
4.29349832184932,1.97602185784819
1.21229273546487,0.472718015313148
0.308959106460543,0.144229403696954
1.47885763264241,1.00335386395454
2.96721189169704,5.02338057358689
3.03485350826959,1.17536398209631
0.861793199554086,1.74567591117221
3.20985431207304,5.26320962210126
0.705309560522437,2.1012218928987
3.95471924899106,5.60290442373524
1.17921297065914,2.29069862320068
4.04470182938461,4.12159032730346
5.89098827507267,2.60972088566961
0.477393719367683,1.06439666915685
0.980393542908132,0.355861375211006
3.0226853264678,2.86459637043958
1.49931757614083,3.91893596930389
0.563727411441505,1.56541946660928
0.919000814668834,0.231363426479198
0.923151207411727,1.03818634245545
0.107978510670364,0.383697197772563
2.05010955958607,4.034001648474
1.58056512094083,3.82281216962223
0.737089839763939,0.580457928590477
4.29306812286825,1.61264442271533
0.534890418323099,0.128085143911412
0.721656573936343,1.56819767298377
1.18175701424479,1.23987167142332
0.245623561553657,0.0561242094263434
1.22531828377396,1.55795259951594
0.0490704830735922,0.0495854924193466
0.919471876373872,2.20682765535059
0.442406414527827,0.765004922635853
2.06340038767996,1.34539721906185
4.39676766428355,8.53646516165732
1.18693999107927,0.974280110560358
1.62448387957158,1.84488371168614
4.35934196759887,8.17257289173913
0.112901562326355,0.293209237553479
1.04992787726223,0.330228110775352
0.546793795190752,0.131898393854499
2.78135547397618,1.90983241110686
7.95533367973424,4.07363367808943
0.484588610008359,0.176729426636504
2.42728985837641,3.36481837808011
1.54555274165216,0.90868410281837
3.67211870087271,5.19710287799068
0.044615994207561,0.419759846292436
0.0690785679368305,0.0102602140977979
2.44044168285074,0.834945839829743
0.0206616111369872,0.996215975873349
2.63496797709706,2.40846679723802
3.53727855516558,2.57271564743462
1.08761932142079,0.406328882090747
2.58133910029175,5.24985228472823
2.03248465380673,3.90029260126834
1.55068046591225,1.46282521999421
1.99072371601107,1.49145260161837
2.26799225239995,4.93517691244311
4.44810417891593,6.27967467870484
2.13371499246898,1.52117372668529
1.88695034295752,4.27502886289649
2.43325639321449,3.71507514748343
2.53065581052544,4.30142186184354
3.67980616522913,5.40324441690869
5.3334449638886,3.12511888502126
0.716256804764271,0.897920673713088
4.27683900644012,4.53742613245673
1.46633159744788,0.460156133398414
0.88472409973107,1.53533249486783
0.491968635469675,0.763027170673013
10.4643735528707,4.38137550999351
0.309000303440308,0.115613960693457
4.0443272514451,2.25789213917198
2.08412401928546,1.04851561132818
0.55445553176105,0.238131558522582
0.213691169396043,0.732190068811178
0.106667823266172,0.360435262322426
3.02443516279063,1.43537417307969
2.00130545525792,0.672571598552167
5.80290805479835,3.78342631069903
1.2328565325588,0.442859466187656
4.38159740318484,5.40160142977662
3.29982988147025,3.67327458669686
1.69081959678772,2.11691429271343
0.0989982839673758,0.0208160703581757
2.63980254149976,1.93581265771641
0.497835268266499,0.171217487323928
5.00672243137784,3.70004978759174
1.15941324830055,0.496521894820035
1.3277174923569,1.25392946321517
0.821150592528284,2.15354325427654
5.99393747358058,3.64235275211658
0.504952573289785,0.147616459988058
2.96888306720142,3.14712494707954
0.729905104174046,0.796538338065147
1.65712717725875,3.96072598157411
2.69758984251859,1.47443895592334
0.594189520925283,0.126966786570847
0.573845653794706,0.249541724100709
0.263772936537862,0.433489880762493
0.970693389885128,1.70821368872168
0.559066213011088,1.66708729966524
1.9986974689825,0.822196778900165
1.34335150197148,0.956807175651193
1.26032299268991,2.46569553754273
2.54412298268619,1.55735613397303
2.76313099629226,3.94569404033904
3.38081283850555,5.69472087297473
1.8661324663683,0.588022170588374
1.80112661412897,0.685246641747653
0.0766221876191306,0.749820274195258
4.24235484351344,7.4183754383454
1.12764663342386,0.456920719705522
9.59060547450438,3.16083426003769
0.280212285849712,0.18250148370862
0.939305659383535,0.213182763196528
0.612649205550695,0.15454438328743
0.488933762535453,0.630685564449444
1.07005362585187,2.66431849441471
2.11585352561417,4.91095006068177
2.33406032029092,0.803370647132397
0.275401724502444,0.241725810104794
0.267441160796143,0.709503263235092
1.79713364211168,3.94801778702025
1.52788738707808,2.24713154983643
2.30221480867806,4.8015341027973
4.30342079301305,5.26304952402539
0.321678435676476,0.183822128921747
0.509042439050972,1.1295502347286
5.05697433997817,8.55706695416823
1.61170230365949,1.93561670175734
3.14122885821347,1.10974788572639
0.269836308434606,1.28109881654382
4.86742839564509,5.35787550707288
2.05334576955977,2.6918739223633
5.10547718365266,1.80055363891236
1.57356436724197,1.20792655553669
1.6178904092414,1.72612681603971
3.08018901927357,4.32500851133737
4.19688909848161,6.80415849354038
1.96235858193202,1.33682400546968
0.279895633472034,0.0897940583527088
0.675612181820086,1.98456271729412
1.87979271026506,2.08917500256541
2.37712583309951,1.72352590962293
2.36295682955561,2.09469060963931
1.7163834068084,1.03699090704322
2.53957773177865,0.906882238574326
8.8923128614749,1.89345095298233
1.08488049823791,1.25344090349972
0.0257431147620082,0.238772191107273
0.512521616183221,1.27051416039467
1.04353089351207,0.916150243021548
0.0971538559904076,0.188510615378618
0.484692162834108,0.149504951190664
1.0102974708711,1.90715371850862
0.445959486067295,0.752391695044935
0.91682673804462,2.14450206412914
2.19140851861777,5.0392822732491
0.510100786574185,1.19768971391022
0.874917122535408,1.61328565043686
1.01565860491246,2.57269568264309
3.81727007387166,2.99876485748177
0.0950575759634376,0.768544724211097
3.72246707586532,3.30227835087066
2.21421017585756,5.08050015170999
0.733245316302499,0.681810017675161
0.323538664180386,1.13853497989476
1.95761294840815,1.57218529461863
4.08714026940947,2.54949962711873
0.288847492076457,0.114002898146438
7.75137318729711,7.68343386505203
0.340953907929361,0.190315918143356
1.3823265414685,0.852478722243568
0.188623417041362,0.171899545006454
1.10963424196205,1.77052803701701
2.14700241564753,1.72966969076225
0.243949136696756,0.218315702863038
1.24902806710452,1.05254866661301
0.375803823323289,0.0907167140394449
1.63930890574434,2.02372430060464
0.798778507858515,1.19085379787962
0.670788842253387,1.00280466210097
0.422027428634465,1.4231321520358
0.844984739087522,1.20082729961723
0.0923535287788493,0.169185370206833
0.998642539605498,0.883225195545892
5.1452572752995,6.53414508666763
6.40316452052364,8.3616954455699
1.09912607446313,0.363027154468
1.68381961799207,2.76907766788247
2.55025431132855,1.82304470977726
0.798856500536203,0.187518890299181
0.0261610604716662,0.023425092920661
2.08980320068272,1.36954152490944
1.80417145407739,0.538733096793294
1.47621678738835,0.562211130745709
1.63315190471328,0.954577965661883
1.81204309306088,1.29320590849966
0.99748136755079,0.445191968232393
0.918529221788049,0.327320441603661
1.37367971334606,2.55689051366391
3.5963798508855,4.39550708737794
0.358222732320428,0.947297885082662
0.61299214977771,0.370459041397615
2.91916089454187,3.03024276701694
4.6932198887033,3.77897191030865
3.86005506647711,1.9495995826179
4.91681281079478,5.44665132065244
2.3430067244077,2.56610263689401
1.23369024507701,0.521633767522871
2.11096153586152,1.19176074583083
4.58517951865621,1.85864648049734
0.177816400304437,0.0477537177503109
6.09018638696442,5.07615921248622
0.225127754661426,0.0623629726469517
1.66392022176626,0.834731373004615
1.35270992107689,1.50677630110624
10.9898420305629,9.87328932002979
0.107182723702424,0.790492237532034
0.500224172137678,0.41714788148581
2.03318179669312,2.66837594835999
1.47237252457229,1.53361552945318
1.61252494706752,2.23987317263129
0.537320865509643,0.768189888447523
0.452479545229016,0.0835788877598872
1.50998302215988,1.76759035876932
3.93401671929245,4.23020537544913
1.95062690406086,1.83467455013635
1.37857714481652,0.727935207170026
1.68174409112873,0.911146217957139
0.563494879782295,0.152738358825445
3.48041441647296,4.45033488909755
1.72615567586365,1.13646806031466
7.05456636431527,4.84824636180825
2.73217821299079,2.61635850175264
9.89643104185962,5.69539443867161
2.5028193014765,1.4581040620679
3.30526210350876,4.9144257714314
1.61993556833806,2.76934155627134
0.107029797324554,0.745597008615732
1.33412800822407,2.5861828996891
1.46064561783316,0.689221941865981
0.442241705042319,0.894625178538263
0.0904942415654659,0.44185786601156
4.82367115070052,5.3657124598784
0.598499636165798,0.718532674014568
1.36703186109662,2.88299886120443
0.797949842177331,2.23675871632042
0.53789871186018,1.12965901431515
0.920617636293173,1.57225049092414
2.550085587343,1.46995950481834
2.62118552989307,1.0890728989616
0.212239917367697,0.889403131790459
1.87517600870671,4.07439555583482
15.3498888784871,12.4486496143772
0.857004383578897,2.22198151043596
0.933232511017876,0.845278240740299
0.881484006531537,1.97125948584619
5.14667714734502,8.68843239792294
4.66389691357434,4.3281590749783
1.89121610034159,3.94775410352235
0.984082337468863,1.5581301896924
0.691916024304667,0.185920828022063
0.676471777260303,0.330435094423592
1.57615837936519,2.16533997965665
1.24972427543253,1.30342782940716
1.72741172185587,3.72905188782101
2.56633406869116,1.50950456201525
1.0827400078997,1.58814326424792
4.42784834255405,2.58325046478751
1.92181680901887,2.61069739787819
0.494967347942293,0.278950228355825
2.03274342900313,3.33170967412185
0.983614786303637,1.90298468518405
0.90571160055697,1.26304851938039
2.36110701962354,1.73476195539135
1.81634066431763,1.39671083000356
1.84841195485535,1.69607474646511
4.34209099691274,2.33847284867408
1.38713400550029,1.0725018836839
3.74744337407832,2.23077257714214
0.723205938817629,1.25453227944672
1.42464904590772,0.810775664635003
1.74760056363798,3.6070268524993
2.28645379646661,3.54517461342697
2.51064707702937,1.89642415001037
0.978898618370295,1.01969382259995
0.371105800573032,0.297374060965351
0.791586519218981,2.04376440816913
6.38416194882164,1.94295685148185
0.613884996486369,0.271163128316402
1.36459368374199,0.568475864827633
0.73973601963371,2.05782065718415
3.87915595604067,2.23279445796254
1.95764641532112,1.86378186187687
0.291910953819752,0.606618256308138
1.9166595554853,1.74643672951264
0.0379510167986155,0.533833249628961
1.38987929365578,1.30161225423217
6.41185954003295,1.88357915348353
0.244183547794819,0.512647721748026
0.962163127958775,1.07474837079644
0.467826511710882,1.42721015790051
1.77335441849175,2.28443824863973
2.7791127958327,1.73874818152728
0.146153844892979,0.457027640474274
5.35048770506806,3.81456211882156
2.33683745248083,1.78773574895206
0.635494871065021,0.713718044571579
1.5347132514322,3.10766031879304
1.70061814404073,1.60272210025
5.11128399868436,4.16329072763152
7.88042194726777,7.70879350188089
0.325213426724076,0.0422664615573601
0.137189432047307,0.256473772401807
1.12661622744054,2.03062310936216
1.50400728235267,1.40384331709685
3.36180909333711,2.6194868608469
5.00524860967822,5.59986978735695
1.48596934058097,1.32511942833662
5.15969299127288,1.70253723106327
4.05247648043518,7.25440014484239
3.11499747361484,2.43384469292107
0.551477423673606,1.66200529216769
1.22363440133631,1.46526690564098
0.601363354028836,1.06470391619951
0.418978137895465,0.0869241822510958
0.259452756494284,0.873136039823294
1.96560550041975,3.83724790422206
2.44775874345543,1.1139180297032
1.77931565254327,0.99068153463304
1.09899832960218,1.2280186759308
14.1908034897389,4.63749097634978
0.480992637090236,1.17069342918694
4.54773991902299,3.51518927497749
3.70719584433322,1.49193709521534
1.9177146180624,3.69859119860416
2.21522708601298,1.36038522794843
0.616198552830819,0.21536835363919
2.30907004870875,2.5429707764739
0.167922070249915,0.427392588928342
1.52220080078156,0.815715922042727
3.92664357257967,2.97464969737415
1.20078122895211,2.5176150201911
0.653272821567953,1.25645790621638
0.744793727993965,0.992486358601606
2.03812599918785,4.4050801360966
0.743008026853204,0.380894200382849
1.48783918316597,3.33800754679327
5.3029877876205,3.86740245653277
0.147516962140799,0.0133403530344367
5.08305685569472,4.88134504542428
0.938562575727701,0.282469505444169
0.974639335647225,0.617478444401446
3.47199292091613,1.52129647551294
0.306883574463427,0.288965514186905
1.76945674224737,0.82898208219558
0.463070129814233,0.29016646463424
5.08161260534949,5.03469517429299
0.6696866620332,0.804796372540295
0.908986448310316,1.7006976048014
6.76313662495384,2.50633511497619
1.25226502027363,0.434389721116837
1.28887338284403,0.973932896740735
1.16396971233189,0.530229429714382
0.348997920295204,0.51981692481786
3.09605438770244,7.13106752517534
0.341342856176198,0.0974902365037863
0.96560465823859,1.62878079145196
3.07512960553979,5.97775830294857
0.946299402974546,1.26896660402417
1.39020325166391,2.74846604830566
0.41561296209693,1.44610621212962
2.33461161508205,1.73860701781025
0.592584780417383,1.55030142134967
1.0451109725982,1.5471785365695
2.43033258422258,1.2534709982574
0.177436424419284,0.121729090809822
5.1730485667748,3.72578896192794
0.0749185374006629,0.107530552893877
2.13993188730421,0.793310678703522
1.6997397781689,2.51061570635977
1.82395798767535,2.14411234474721
2.93978769635318,1.30227890610695
2.20592485546115,3.95530809445267
0.15158299729228,0.0272980467607581
2.96560354886537,1.88364582500401
0.166879684044502,0.493181451223791
2.48852412207964,2.49453407145085
0.339201672933996,0.948910204693675
3.54045363249404,7.38992299207926
0.197188447229564,0.12977884337306
0.33932456023116,0.879173476217258
0.603029295802116,1.10315548133499
0.0211499175056815,0.00412161620928483
0.146397702519865,0.111517795361578
0.370215075294556,0.554749632254243
0.69398591760546,0.622151908413118
2.64313346697929,4.9204560988204
0.345494621433318,1.5253906752074
5.13699878344691,3.78122431023007
1.08246130496264,0.852649495005608
2.80935572816019,2.3806553146893
6.77225644852886,4.19481495370097
0.0329551852941123,0.379277473315597
1.73300259551945,2.87791677976487
1.29231745004654,2.52572786240819
7.56030463081926,5.71848288259643
0.715233024238099,0.498140489682555
1.25155939906836,1.40726663398979
1.92903550333324,0.96969601046294
2.88851827366238,1.83506988843206
1.04866362176836,1.77123948923292
0.632219017483294,0.377564227208495
0.606549513526261,0.468748292885721
2.4239788725132,1.59298477230065
2.87984372132831,1.09025866445154
3.79782121984248,6.14851962015292
1.63335342374136,3.86934114230757
1.88468636005166,2.34710809021237
2.90005438385491,1.32016284111887
2.06626187815311,1.10535514506468
2.98390176410011,5.0810402666492
2.84440059198027,4.10392915440683
2.23806220843437,2.20567355128891
1.52116930103841,2.0272445398474
3.22866170091515,3.04549690994245
1.40962346634808,3.31394985287489
4.78972966571279,1.74197859122398
2.60531823142412,1.79578795834425
1.04697338268749,1.20497038122267
0.868976537351349,1.35722172260284
0.104386722669005,0.0472750505432487
0.489108555018902,0.685511845591062
8.5012550728207,7.60325686219049
2.37434035531225,3.25716388208752
0.176502274039717,0.445296135731041
1.14850028604269,0.795576579868793
0.311010092496872,0.230073609389365
0.794466712725342,1.36980538163334
1.43963852330091,2.20290908209028
2.63499514191392,4.37502178152032
0.141857072710991,0.0421686470508575
1.1538470806554,1.15971134603024
3.2671225252829,4.81273562063403
4.48497795340136,6.43861266937027
2.49413998789134,1.23732560500503
4.54474658231854,1.7320635485554
2.39241394019666,2.3786433636302
2.42143984130564,3.40362805330606
0.442366121336818,1.19486249610782
0.637002750299871,1.46923142476919
0.534510872326791,1.28663592971861
2.08900995668641,3.2082227135077
0.336985907410292,0.246586691588163
0.53084181342274,0.318463016301394
0.522333848405407,0.638799569569528
0.555384274299794,0.653145587801913
3.26370706392412,5.34753582973905
0.433160608329878,1.17142281960696
1.65724427450859,4.00492735935335
1.23669383116066,1.0340377362445
1.7946979831064,2.08317735037746
2.5285425762737,1.02722296411212
2.28086920260432,2.28391353963854
5.35711941470332,8.49263857481757
1.81059784992578,4.29979461033769
2.0648865084255,0.698595977388322
2.29017864904347,3.18523750685471
1.27555468119681,0.648655877135216
1.16696978453547,0.461813630536199
0.43269546316789,1.30927222315222
1.50437968588414,2.42719456172528
6.81731785800228,1.99921590267661
0.191064582511347,0.193549702875316
1.19048319105059,0.853884040378034
0.777287791483104,1.03731327224523
0.574504926800728,0.359089133964186
3.37401679513936,6.77806974913845
3.73613722644467,1.65206535339546
2.44509870364311,1.53049244606644
4.76660714454941,7.77119563105416
1.53302259921076,3.86810465512757
13.0617766037472,6.43605054372856
0.179985720354178,1.02848826814443
0.7928258003667,1.93041414751828
0.65592364128679,0.154077597427984
1.7857722707015,3.96450434608345
7.59529567840409,2.33893905944171
0.708212157711387,0.340838003672448
4.29852245350309,8.26918063643289
5.6502182629324,2.68148426703157
5.81795486634841,2.12337975381854
0.258541171438992,0.663115814654553
4.65554541897243,4.50392177168299
2.03198966375532,1.75644402025204
6.19810618426571,9.16575620273009
3.23030409200077,4.87420705308147
1.99623444481733,2.17458093530479
3.01955213380938,5.38751677771039
1.49658879256787,2.05472057304325
0.0686389245092869,0.627037087814298
4.31474572022386,7.14406986120057
0.633475506678224,0.502332779122827
6.72296802665959,8.11272589447809
3.92767251266127,4.1384388951767
0.404863950796425,1.35958752594888
0.677111019191501,0.26994573418051
2.35882682531121,1.82642335808816
2.89298233080058,1.62225937484784
2.81991508571087,1.74372180610168
0.306748068891466,0.0558402290767532
3.67985185591464,2.11077081776204
0.258301173336804,0.0405055554583669
1.48710024068485,0.623676116578281
1.27301562577486,1.6026553787984
6.98827208164048,2.53078583247008
0.619856662590587,0.945130789652467
2.08118095240536,1.24859344866127
1.69614045127275,0.792447893880308
2.98008083162789,5.59894131090412
0.36006059318678,0.22044166084379
3.94592106698041,6.63724239136944
1.84842500161361,1.57072742647471
0.306598723866045,0.111141857874451
1.63090279131177,3.95280681906228
6.01442801404526,1.98515038928928
0.98989748210063,1.7114371023232
0.577893885783851,0.788490610122619
0.202762816333219,0.387942867353559
0.738293323665857,0.193427173703384
1.26328476704657,2.11070361911299
1.6215513832027,1.64870393081548
0.332450107188759,0.590339497674938
1.06289949920028,0.421319618821144
1.43050448607977,0.767408881336451
5.92935997852365,6.18713419660484
1.03245180100203,0.501792370341718
5.15368109543748,1.77915276206079
0.272012298926711,0.322293722070754
0.266256625764072,0.59228175226599
2.69295550315621,4.66059908618159
1.59896704888253,1.29764522612095
2.85133454953071,1.54009130716939
0.00927185904723501,0.339365573230993
0.844162563408153,1.23463515099138
0.389664389193058,1.03441189136356
0.631052900070335,0.990421107038856
0.85431766603142,1.12971299979836
1.24136885814369,2.60865453622284
2.02494222848656,1.93588300785961
0.892368160835794,0.258178568445146
1.49620580608254,3.80975168926601
2.48383926033022,0.959142724983394
0.358375612667921,0.228382633067667
5.19128585209079,3.14588685689454
2.06995579964461,3.49725975812338
0.167640146367633,0.389783281832933
1.01450737100095,1.80208952530267
4.16810919854068,6.89355455305348
0.00571544790608402,0.985060201026499
Rho_s: 0.80407032007032
Rho_p: 0.712880559650785
IC Time: 0
