Rho:0.8
N:2000
0.845179215073586,0.625612409086898
0.811271479353309,0.641135593177751
7.77554248362028,0.864879465429112
6.73050087656746,0.585119256749749
1.34072347916663,0.590521826874465
1.0453780638054,0.200514930998906
2.22230075105074,0.767554329242557
0.265763532370329,0.0748094392474741
0.0615959130227566,0.00509269605390728
5.98289033736954,0.898619250161573
0.211105531081557,0.155617693671957
3.67452083511238,0.904802211327478
0.289193199679948,0.137791361659765
1.12231105845422,0.238249563146383
7.50669429983025,0.951083099935204
1.31612974312156,0.62768852035515
6.40945132020422,0.974387278547511
0.802929848931427,0.150520295836031
2.66790136313977,0.842940002912655
0.22281252474515,0.208028397290036
3.32788474362618,0.430543416179717
2.80115928484087,0.631728411419317
0.256170232306073,0.0478435691911727
0.710024037398398,0.203637250466272
4.30036454259675,0.572953378316015
0.712422343146429,0.339583266759291
0.630257755270848,0.139912571990862
3.6034978355801,0.455347920069471
0.517582446336746,0.277474286267534
3.45660180954223,0.921854873653501
0.119057503052018,0.0805602015461773
8.04102606277075,0.994886926840991
0.606654051691294,0.134788465918973
0.135307493965315,0.156407894100994
0.532733178697526,0.31954014999792
1.88648259817603,0.695682595251128
0.945175778026405,0.14981967699714
4.65348651861056,0.895986187271774
3.30478688312655,0.815127835841849
1.66427721447291,0.731560999294743
2.37808061196449,0.933656940003857
0.310511559134278,0.04095219518058
0.958521321415901,0.322916324483231
0.843977401809779,0.401832082541659
0.878009888343513,0.217504689702764
1.9081123600805,0.876818033400923
1.52377280116155,0.297751295147464
0.269706441129526,0.175071094185114
1.47148938468638,0.659941197140142
4.77250460137553,0.514688851311803
2.13576184508303,0.471877044299617
2.05079684770646,0.643629712052643
5.83081228997479,0.907781177898869
0.238571680150926,0.0237512234598398
11.3758006114349,0.98072185809724
1.75393591999056,0.442387277726084
0.252417827956378,0.0925105635542423
0.224001619964838,0.0484894984401762
0.70631912235409,0.0828319087158889
0.591241013258696,0.477131593972445
0.64076167717576,0.307843353133649
5.48174267609544,0.909584884764627
0.380761839449406,0.0336948595941067
5.19829344351716,0.919587625423446
1.81434836043956,0.716423460282385
2.73324920414927,0.890206241980195
1.93010042040589,0.585672050016001
0.76092546162112,0.441484173759818
0.00401277820103824,0.0840919013135135
1.98117461419644,0.367248644819483
0.922580886632204,0.358216914348304
0.0212115067988634,0.000816199230030179
4.64393608619399,0.737466882681474
1.82901440688127,0.591997894691303
4.70919843365378,0.557274667313322
0.876781799830496,0.182095526251942
4.61972742009802,0.858476867899299
2.31371953143718,0.736321766162291
1.3931173737252,0.702375318622217
8.92836389640227,0.98704665992409
2.32305670334938,0.501245809253305
1.56320116660538,0.707674849778414
1.5303224967034,0.377602813299745
0.112970874644816,0.243472514208406
1.39247946805301,0.689149180892855
3.02300950122957,0.52469131606631
4.91028850127883,0.954804716398939
1.09761920943856,0.61635630717501
4.17541285206504,0.828297780128196
0.563918179832399,0.100250001763925
3.49266017238261,0.767737769987434
0.141898152477361,0.148444992490113
1.26979182939976,0.145332919666544
1.87782054572346,0.869370701955631
0.585787334479392,0.103722264291719
0.623095308436864,0.0584504280705005
3.962108425628,0.853751641465351
1.12620779965073,0.542404494481161
3.33876546811273,0.590543767204508
2.36395786321702,0.622518768766895
0.0653967079818576,0.105381916975603
0.583989547565579,0.552347755525261
0.510974307544529,0.167345386464149
0.613248869414321,0.400904078735039
0.265909665264189,0.0181521468330175
0.0933801693925776,0.0199249784927815
2.58649194977226,0.641041075345129
0.980656448751688,0.719995228806511
1.01619235859971,0.148033595876768
1.69888963660375,0.255622723838314
0.0602335800933163,0.195665237028152
1.48954234077575,0.182628946145996
3.33140396144908,0.836826810147613
4.85130425889917,0.630320016061887
0.781539498130181,0.429068954428658
1.52834330354852,0.237327352399006
0.386467786505818,0.0948678741697222
1.91827452905832,0.399395095882937
0.97341082803905,0.604438212700188
1.56693482949379,0.606595553690568
10.2415720998441,0.648320709122345
1.66825287780705,0.834577612346038
0.0376439867541194,0.256793139735237
3.92353900132661,0.969967305893078
1.72013478345218,0.735647801542655
1.08771412095011,0.539748925948516
2.1589646450335,0.673093755031005
0.377433760274575,0.0503464278299361
1.12543821129746,0.306841589976102
1.35676529072225,0.816842830507085
1.67406716827488,0.854144021170214
1.08089659083635,0.725038392702118
0.782643683254719,0.474483404308558
4.24054707733664,0.884955305838957
0.432993981055915,0.152624018490314
7.25231573961876,0.605579925468192
2.64805945000591,0.650167498970404
1.39407735870399,0.196040687849745
1.06830496448895,0.549124364741147
0.991754589602351,0.385340685257688
3.5718521829601,0.611801282735541
1.61172793787374,0.737446350976825
1.97953341520371,0.898001152090728
0.543093792619365,0.141973068006337
0.540878554181611,0.215126908151433
0.390730513259768,0.27484126877971
1.00035157240927,0.0968638006597757
0.332112465053797,0.331374531844631
1.21330056991428,0.765771917533129
2.82449567471685,0.943068516906351
0.418808619905228,0.0853849260602146
4.5800281379979,0.819969075499102
0.967908691614866,0.627807606942952
2.07993668654478,0.401674346532673
1.01487869210541,0.639071995858103
0.182994190200138,0.0131668359972537
1.98236981584671,0.496828674804419
2.26014133623839,0.43429698375985
0.888001570478082,0.592824389925227
0.506686983630061,0.266408450901508
4.64364166160054,0.566947180544958
0.371214075013995,0.130962265888229
0.812301200814545,0.225949747953564
0.595192483170404,0.0475901116151363
0.760730819776654,0.147264600498602
0.0170988071773991,0.0155101341661066
5.52696732033916,0.720807560253888
1.00819084234536,0.544085059547797
5.13797069688268,0.866382544860244
0.550293154083192,0.0491047967225313
5.2496143806025,0.990071798674762
0.0509668466623986,0.14214263856411
0.00409652478992939,0.32771685346961
2.94963595677704,0.728394177742302
0.0682036532089114,0.194830653490499
3.38401885313873,0.540319331688806
1.84791652724129,0.671551575185731
0.321244647726417,0.201044181594625
0.760163727216423,0.195404846919701
2.54424430410609,0.691742795053869
7.55033523919893,0.99573596008122
1.28565468639135,0.48956203344278
0.334366925982747,0.302854995243251
0.765442125499249,0.186483060242608
1.00643081124872,0.402007205411792
0.262496551681286,0.475180154200643
0.00636129081249237,0.016801840160042
1.87638334362748,0.459161219419912
2.93888473493939,0.638856616802514
0.790199551731348,0.215572610031813
1.76238467535915,0.839085851097479
0.833630561828613,0.258444089209661
0.401329781200626,0.0342642855830491
2.34005117966774,0.469894675072283
3.8379090054143,0.948932535015047
2.88927933556919,0.410941958427429
0.656788680702448,0.508978900499642
2.92921503464094,0.461998306214809
0.612329221330583,0.0794990931171924
0.184776809066534,0.0969502564985305
0.888504965230823,0.539865138474852
5.1930831109447,0.891505831619725
1.52838878511431,0.848827072419226
0.173229067586362,0.0729697013739496
0.268473667464717,0.0576993720605969
5.40892613281436,0.992492665769532
3.03171578961731,0.574229422491044
1.49257822601704,0.232650685124099
0.80235701892525,0.665339522762224
1.37939939741045,0.409178334288299
0.255192818120122,0.0167278235312551
6.75420688059101,0.625543576665223
4.15866305662279,0.971777088707313
0.215988876308162,0.128047995269299
1.86882471843603,0.56943210400641
2.54036260353644,0.672925197286531
0.667567484727,0.423275073058903
0.464517646145341,0.034378063166514
3.05573566986208,0.963640381814912
2.46513295351508,0.5170457304921
0.521129950881004,0.0879864762537181
0.160197449037751,0.281702278181911
2.49773186268444,0.776697981404141
0.490808577276766,0.12552402401343
0.394024277059586,0.399459104752168
0.763346471823752,0.55959275434725
0.98019583337009,0.133598977234215
0.135589285373828,0.0207990414928645
0.563811955973506,0.24076014268212
1.29976547509432,0.692711110692471
0.896713789717714,0.145584891783074
3.82494573889552,0.610713560832664
1.49730021311882,0.799293811665848
0.592685462906957,0.567789692664519
1.06396935228258,0.657663565361872
5.49378481109567,0.773369496921077
4.11418404785876,0.583942126482725
0.589305877120853,0.551874164026231
1.90659858464243,0.813404130283743
1.36346699949354,0.527982432162389
1.86322833402994,0.283775174058974
1.20669077895582,0.704963017022237
4.92802381862826,0.521717524621636
2.66250535837355,0.56815327424556
0.790188775397837,0.156777451047674
0.095567312091589,0.300480255158618
0.581268289126456,0.159957825671881
1.52208726579796,0.724478648044169
2.2649582735354,0.492639023810625
1.57550865217092,0.452601143857464
8.24608029010606,0.962054607458413
1.38616355974227,0.638286224799231
0.122585278004408,0.0357498431112617
5.8984386335882,0.917336423648521
1.90549781537595,0.803931681904942
0.835824036039412,0.540204130345955
0.327623934670187,0.501570715336129
2.24163009962978,0.887320909183472
0.638811354525387,0.222132002701983
0.629322867840528,0.156612199731171
1.34158772602677,0.80173391290009
4.53211916592554,0.954199328552932
2.82191176695709,0.878118934109807
0.816732552833855,0.226437170756981
1.84064689111746,0.31521345442161
7.76869373773856,0.939684734214097
0.0439214054495096,0.0252468839753419
0.282832282595336,0.0742040225304663
0.681391992606223,0.157750168116763
2.71010145909133,0.753570570843294
8.55781892636671,0.829089459497482
7.18137310961725,0.977746593765914
1.09974163236895,0.24674935429357
5.51000987340636,0.841176920570433
0.776656856683731,0.632676885696128
0.912836070172489,0.42934148106724
0.235295408118388,0.0584607177879661
2.53215575396063,0.907279480015859
4.44905358900256,0.846537481993437
1.47514898087803,0.30458578444086
2.66146699144485,0.936159374425188
1.81042820579352,0.767967071617022
2.12572840220275,0.841882255626842
6.60544724728832,0.726899786386639
0.320384475402534,0.0361644979566336
0.748324796557426,0.378480640938506
0.115858572535217,0.00510806101374328
3.17465437055174,0.409781667171046
1.68025662078355,0.50780048314482
2.309602310797,0.780820767395198
2.19463818325641,0.907261924119666
0.245595053769648,0.218394735362381
1.44887558176162,0.825050728395581
3.51552144421225,0.954405717551708
14.6401757813039,0.775191062595695
3.53153202927469,0.654377435799688
0.615738633088768,0.29417004971765
8.56346539357557,0.999870819039643
0.72911855392158,0.0871757953427732
0.0146248555154327,0.0941951237618923
8.45109949210539,0.920225984882563
3.56947386247997,0.480931062716991
0.626474150456488,0.100873949937522
0.809731931425631,0.539001910947263
0.524322284131014,0.355028706369922
0.798780225217342,0.321740771643817
0.90828231535852,0.615792246069759
1.18051763437688,0.432787200901657
1.51104971571806,0.518976774066687
0.260103317908943,0.475730461766943
1.96822655307399,0.578089849324897
4.22659458567329,0.906354515813291
4.10363698733931,0.659648797707632
4.33246434225214,0.81039813044481
5.16609859068818,0.674896843498573
0.28786513209343,0.0762707774993032
6.02352209355602,0.687488941475749
0.389047228409671,0.220598591724411
9.89849505142169,0.800654240185395
4.75422611569358,0.82693323562853
0.654761333767871,0.51798885059543
1.50762863776385,0.254336274927482
9.31444672444716,0.744311005575582
3.38953396601175,0.550401987507939
5.64129724611057,0.652130675734952
0.065377388798038,0.211295187007636
7.66938595059228,0.805209945421666
1.14395056571811,0.675198272569105
1.1487247440964,0.421392146730796
0.104259207719204,0.335162916686386
1.0400623515299,0.199507894460112
1.75169968782904,0.874054945772514
3.4458072961109,0.534248809795827
4.42562268542831,0.530283870873973
2.14138608603718,0.796894588042051
3.04604927806144,0.50506187742576
2.19874592675808,0.882251539034769
0.201170257002889,0.44840384204872
3.81404505280738,0.888261760352179
0.249679742380977,0.0692408124450594
6.6681294586874,0.834242643089965
0.234656614251435,0.078488233499229
0.173240236938,0.420491208089516
10.7180016966243,0.673410834977403
0.463140225037932,0.143736234866083
4.97146291633077,0.795592658687383
4.79498926152415,0.82516779564321
0.011471071280539,0.135382746811956
4.09832027537708,0.557787856087089
0.221291157416999,0.366860444424674
3.78752551956062,0.934770474443212
3.85902282206302,0.710117686074227
1.78824087969008,0.543978797271848
5.43160385985799,0.83139733504504
2.37086417207395,0.561626592185348
2.37495375788751,0.43785803229548
1.81378117847328,0.523881977889687
0.177154188849229,0.0616552249994129
1.09992482925532,0.571015310706571
1.78459247841518,0.630686803488061
2.5757033432925,0.674831566167995
0.499294652603567,0.138669540872797
2.89721278084402,0.544568771962076
0.0201495549659106,0.235279224347323
4.13667794300203,0.65582252945751
5.34612743903823,0.985658946679905
2.56599531873109,0.824858538340777
2.76672598524931,0.79613134288229
5.16207009901233,0.945283076027408
1.49435598600113,0.658381160581484
1.60718614227119,0.229709542356431
0.911701985634863,0.478763958904892
1.25533124245703,0.536602916428819
9.2980323801364,0.999433179851621
0.60426265567099,0.509229431860149
1.70730744886973,0.277909524040297
1.07547016069293,0.131532526342198
0.515010599046946,0.348829598166049
0.782272418029606,0.469132116064429
1.16441548243165,0.760340558597818
0.968343872576952,0.567686723545194
1.61100197388771,0.288722867844626
3.70004405911648,0.560776168713346
0.521796417205842,0.376385480165482
0.559169479332378,0.557499254588038
1.86662333224739,0.736850366694853
1.11551729496568,0.725816695485264
3.10867428706279,0.832956336205825
1.42319107532051,0.59591416711919
2.53222745462301,0.926568279275671
5.3577686461571,0.659132093889639
2.43107132232728,0.588889946928248
6.67222784425984,0.627212204271927
1.05421959795058,0.304857313400134
1.81932513707202,0.811033931793645
0.427366058342159,0.439914208138362
0.159529114180802,0.0921942447312176
2.00350064403358,0.715810219291598
1.20203324686736,0.443170757731423
0.134950726538975,0.00658562872558832
2.39189049406889,0.620683124056086
2.16231421186569,0.452347226673737
4.78102100987859,0.844492947217077
1.66237626216354,0.214657159522176
0.604501525871456,0.160140761174262
0.378408661112189,0.0527745806612074
0.12227843324482,0.361476974794641
0.823988409712911,0.0844070280436426
0.882982227776036,0.241061469074339
3.83444796485787,0.63535059755668
2.2865204027945,0.596607913030311
0.485732617788017,0.1201537984889
1.21713185776025,0.605248080333695
0.385398685000837,0.10516700334847
0.204881344590656,0.0233511712867767
0.53801132272929,0.0713186976499856
0.800709770992398,0.0962637411430478
2.65145217618885,0.906372971832752
1.47913081042699,0.812807612353936
2.14214994191172,0.569038546411321
1.49859625837746,0.18300300789997
1.04820437915623,0.351480070734397
1.56954411036315,0.694357473403215
2.97378835437779,0.781065005343407
0.11994407780781,0.183692169841379
2.12235401777805,0.370923708193004
0.689103575714575,0.065127908019349
0.132378025747177,0.0770257064141333
0.322142485529184,0.0353056965395808
2.91618117673283,0.697800254449248
1.2880333615467,0.15147457504645
0.798011143868053,0.409630122361705
1.64126583366635,0.247019233880565
1.09389766026288,0.36404193751514
1.70866038983326,0.423228995641693
2.88421768667006,0.919363038614392
1.12545093521476,0.185420368798077
2.51623848258498,0.853753791656345
0.835587772540748,0.106432083295658
0.309225993880803,0.458880272693932
3.1172489005822,0.521956470794976
3.4693727789629,0.958124737022445
1.17630856204778,0.471804359462112
0.358522688483993,0.255279684672132
1.45020418687534,0.379191457526758
5.79462258639757,0.990053242072463
3.2534846365616,0.970310729462653
0.221085784956813,0.0492615839466453
0.902996341235709,0.392449614126235
0.733120762743056,0.442329116398469
0.521591955789956,0.400924383662641
1.96237258409584,0.892911775037646
2.66043817616048,0.697761412477121
1.95906764446738,0.376730206422508
0.834997638983811,0.17918162397109
2.25892234026434,0.846580743789673
3.45228515717293,0.852371842367575
4.1878860698796,0.557919180719182
0.834139367565513,0.684800013899803
0.60867949834254,0.567178624682128
0.701634020544589,0.176294971024618
0.335020783555774,0.422046320978552
8.46499559977904,0.931683214381337
5.11038104792066,0.697914809221402
0.435228907161264,0.0536706040147692
0.949638863094151,0.430321587948129
1.00008239690214,0.298526193015277
0.79580972250551,0.655162949347869
0.37538493052125,0.0659774139057845
0.279912572213766,0.0271929707378149
1.63867831408026,0.840011569671333
1.09574362169951,0.288715989794582
1.08206149218446,0.111802899511531
1.70783951497617,0.744339182274416
3.88395110128408,0.772954183630645
1.77140248558464,0.656513962661847
0.50460809096694,0.308395596686751
0.654019082896411,0.517333480995148
6.33604166651484,0.696793416514993
1.0735349599272,0.300890188664198
0.41799695790399,0.537906704470515
0.428555492539721,0.476151396986097
0.301963185891509,0.136201653396711
2.77980390174275,0.944971698103473
1.426896049933,0.191102736629546
1.59531141994688,0.583353340392932
1.89178865394535,0.788473899709061
0.382971957325935,0.0314169619232416
1.05323227215558,0.705117667093873
0.238125692121685,0.238778635393828
0.913403304293752,0.563474331051111
1.30937956832349,0.267830330180004
1.24783812463284,0.792336827842519
0.545594255143814,0.113622956443578
1.73688702276888,0.248432168271393
0.885362641885877,0.481122946832329
0.279295952059329,0.077182921115309
1.20907150860876,0.409597030840814
2.02338976957372,0.824750602710992
0.260150285437703,0.23376960796304
2.2187425046319,0.465310410130769
2.49659530213136,0.936757954303175
0.187205791473389,0.0676518962718546
0.452028147563891,0.0926839073654264
6.14944125678311,0.983381208730862
1.45401635335986,0.707326767966151
1.00577430985868,0.11183508625254
4.23656428207584,0.750532873906195
2.51224250896814,0.671720054466277
3.5197544536235,0.794071181910113
2.50361065558138,0.892420226708055
0.519184364720709,0.30293216696009
4.97156155456729,0.676491311751306
1.26637422572821,0.172647045459598
0.648741348646581,0.284488901263103
0.466643295717186,0.246057347627357
0.307782551575461,0.255501547129825
4.89137038190789,0.900059414561838
0.108461434251005,0.163295588921756
1.46788140113338,0.264689152827486
6.28866086866627,0.976815161295235
0.241609963106728,0.123576473910362
3.76469931362157,0.916530773043633
0.0692793691204091,0.0037193417083472
2.61400129637661,0.576017129700631
4.79288599242396,0.918121319264174
2.8961925488426,0.613306216197088
0.263752808794379,0.0165426407475024
2.35736793271246,0.536848281975836
5.72044822206252,0.986999805318192
4.09752264974599,0.774370739934966
0.311210388317704,0.0210761257912964
0.539811745907416,0.0559301045723259
0.0206381398166244,0.00489680585451424
3.30678512146205,0.531837720191106
0.124668119193541,0.0145467116963118
0.105013114546907,0.025312437210232
0.665911135263741,0.282963400240988
0.201757051954514,0.425291393883526
10.1984045238872,0.989965048851445
0.677695882031081,0.534833716461435
3.08996332419996,0.942010435275733
0.35938261821866,0.485458479495719
4.08121156303172,0.912247088970616
0.920386993195136,0.394456120440736
1.3688877960667,0.713293952867389
0.896984208375216,0.623473850544542
0.135007145814598,0.181141541805118
1.0874519655481,0.687465831637383
1.35570099391043,0.532528044655919
0.763770190998912,0.588076987769455
2.05005839831176,0.448683889582753
2.66883260934594,0.876861265860498
0.872236978041217,0.246655346592888
0.139484672807157,0.0303106838837266
0.160002646036446,0.0511637192685157
5.44623154004045,0.781654512276873
0.973493267782032,0.183746913447976
2.73908091514351,0.654542098054662
1.35688849166036,0.283539680298418
3.33520106836933,0.959511037683114
1.05563688836992,0.731569627998397
1.25126575119793,0.200795831857249
0.580224551885971,0.0914199824910611
0.802229115739465,0.364644580287859
2.25279727313157,0.6824948748108
2.5429157539362,0.355608570156619
1.15365713555366,0.429728771792725
0.239185630832094,0.423156004864722
0.81800265610218,0.42063621385023
0.0831974893808365,0.129043398192152
0.358534902334213,0.129978264681995
0.0841446228193305,0.170167334610596
1.28662249352783,0.626404219074175
1.78022538843572,0.739746319595724
2.58455334222856,0.930304961744696
0.086090003367872,0.283143391367048
0.703535554930568,0.476900317706168
4.56577436228223,0.948365938849747
9.53465620377913,0.898437810363248
1.73991454284371,0.270786868873984
1.0905536506325,0.628150586504489
1.73840199216249,0.61769268848002
0.4387037884444,0.0606123295146972
1.72157382271775,0.34933726885356
0.277780794173596,0.18554964964278
3.10334229452496,0.753993263002485
3.44031313789969,0.938497395720333
0.191831609234214,0.338176385732368
1.5450244321579,0.604069441789761
2.5860529205853,0.331946436315775
0.157788184073904,0.0268816640600562
1.81779260552468,0.299128050450236
0.328647536225617,0.293753902427852
1.03355058189481,0.714793727966025
1.28811397962272,0.610737245064229
1.46134458101335,0.202174133621156
0.0772567046806216,0.126320399111137
2.18082544713193,0.877160277916119
1.610470822373,0.696796785108745
0.816698840819299,0.49792761891149
0.497351976111531,0.0744773822370917
2.31719638212564,0.490928560961038
0.660830268636346,0.555346586974338
3.61682511104231,0.449708746746182
0.54534387588501,0.430429232539609
0.00976108014583588,0.208860855316743
2.07198171122911,0.751634106971323
3.0012488418654,0.481725094839931
0.447714235208178,0.266348556382582
0.0102473277412324,0.209977496415377
1.26104909833521,0.177197273122147
0.820916069103004,0.205591714940965
2.90046529455071,0.961849075742066
1.17710509616882,0.783955508843064
1.64796046531739,0.577863044803962
5.37544557799525,0.979309907183051
0.616403031162918,0.315967416390777
0.0292451773780448,0.0223674504086375
4.67674453070492,0.866152572911233
3.85974039493089,0.527717415941879
0.883380670100451,0.220855768537149
2.11953890128973,0.418799348175526
3.36086261628156,0.909072648035362
0.946246319450438,0.566352230031043
0.200710429506444,0.208031935617328
0.601735256612301,0.475097712827846
3.09932135773783,0.92839444684796
2.60581004737331,0.70079584303312
2.21136842287126,0.893329022917897
0.577886302852636,0.378216470591724
0.948212871327996,0.32838482176885
2.42448548964205,0.461816265480593
2.93292274797222,0.659028024179861
0.384568806737661,0.166347910417244
2.58394901259782,0.370572738582268
5.1224695255322,0.885149898007512
0.493872238002083,0.112734423251823
0.499447843059897,0.194667791947722
2.83293636569415,0.516367042902857
1.67567372912348,0.70482898899354
0.569488692097366,0.0423434623517096
0.163846400566399,0.0443454007618129
0.240588819619669,0.411671492969617
2.01972380613031,0.561564616626129
0.0732983390530477,0.0187701235990971
1.0392180737108,0.58100717747584
2.71649258869909,0.930633990559727
0.0776644265279174,0.200959021458402
0.987441534004592,0.435520546510816
1.90583487219157,0.40692977514118
0.404586465097964,0.0655171039979905
1.82095348267796,0.823698081774637
8.44466445544615,0.964224793948233
7.85083426120591,0.993083737092093
2.05001973352375,0.654015213949606
4.94771916970523,0.988506539724767
0.885636844672263,0.137474143877625
0.962096195667982,0.702583673642948
2.13853415652158,0.302689812611789
1.82054961278083,0.669442967511714
0.314439699985087,0.316613893024623
0.918323740363121,0.0909001489635557
0.880774433724582,0.148556974017993
0.614154205657542,0.426114848814905
3.48567283881788,0.515536353224888
0.632254660851479,0.292889295844361
4.26079488145885,0.663402484031394
0.413695835508406,0.441336608026177
6.78851032223473,0.579537560231984
1.48331440976801,0.782430130289868
0.452717073648356,0.449455790920183
8.27240390661073,0.800331360194832
0.279130477724036,0.194173803785816
2.97317304072862,0.717361750779673
0.904309429886829,0.507424213923514
0.30115214339244,0.088869207771495
0.605860666371882,0.444229763932526
0.967995222657919,0.211601405171677
6.12649179961453,0.93369406927377
2.76127340822461,0.484586611622944
1.684347897684,0.581285630119964
3.71099771914964,0.979204237693921
0.126035860212802,0.114317001542076
4.96020279426999,0.972139458870515
1.63076447873356,0.605700662592426
4.36748476198209,0.687983002513647
0.514875509876462,0.202919395407662
0.0423795824247322,0.366167086176574
1.79895279175582,0.368021799949929
0.176393080014165,0.0395459763240069
3.38967187381738,0.96647146041505
1.41979374161958,0.403299104655161
0.856551880721258,0.307570885168388
1.34104139171541,0.703893646365032
0.183080226962297,0.118630883516744
0.0970981465652585,0.276920360745862
5.53501479675002,0.905589968897402
1.61604417479577,0.848935345420614
3.65276421589737,0.972368119983003
0.0165621740743518,0.00102031510323286
2.99557913201566,0.50514256558381
4.63519777704902,0.710779767017812
1.57326459873482,0.522257004864514
2.79041135294323,0.613728201948106
0.365173667669296,0.3065999771934
0.296958098188043,0.155662498669699
2.9121214932013,0.939093165565282
1.81117108455839,0.594123025191948
3.47332099833663,0.723738403292373
0.322994908317924,0.120366908377036
5.00431259323783,0.930517667438835
3.74732172844892,0.782111503183842
0.953531025818903,0.454953044885769
1.03576881345361,0.315579635789618
2.48621089561822,0.552553930087015
2.32724646830109,0.577374453656375
0.920568381591071,0.136977314949036
1.91968869036975,0.835063239326701
4.38461410601564,0.481136719230562
5.3689929579658,0.988263657549396
1.36905384249985,0.679472375661135
4.71316811789699,0.970050263684243
2.53902373454514,0.416126576019451
0.354353287257254,0.0494707890320569
4.80403493692107,0.910405290545896
1.14402316045016,0.503104374743998
2.4988171122128,0.470791869331151
0.52013037353754,0.182381495600566
1.28327251784503,0.492842819308862
1.2768575148657,0.230580299627036
0.155169137753546,0.178913017502055
2.48865892170909,0.495888761011884
0.0954212946817279,0.021804773947224
3.69099294004922,0.616531428415328
1.02576453145593,0.706918593961746
0.0278494491380496,0.0127385435625911
1.47610333367231,0.313014987623319
0.217062790878117,0.0190915099810809
0.142887172289193,0.427785272477195
1.45179482216293,0.805020346073434
0.258805056102574,0.454357727430761
0.0837546475231647,0.0997767676599324
7.20774413230729,0.671193081652746
5.28707151865246,0.886197808198631
1.89923381984416,0.691184895578772
4.76720405872001,0.959059610962868
4.55253030581644,0.871364258462563
4.76706209238166,0.534279203508049
2.39855840154043,0.395768802845851
0.35287731140852,0.471923172706738
0.466077723657506,0.240944805089384
4.47347583969064,0.932239844929427
0.988936032168567,0.130046092672274
1.87967264085057,0.884107232559472
2.70316608428004,0.670057871611789
0.544707059860229,0.273078430909663
2.58050152837279,0.348375781904906
0.827144896611571,0.532090008724481
0.395201632753015,0.517120190197602
4.73767463396276,0.901713578496128
0.726325527764857,0.528530483366922
0.690955517813563,0.269922603853047
3.20748988271077,0.758841083850712
0.436350780539215,0.52678486215882
0.661966455169022,0.189077331451699
1.23334108386189,0.657205176074058
3.95920442027931,0.972680094186217
1.86429817779901,0.286472204141319
1.13352550845593,0.493716384051368
0.8956692898646,0.125558611704037
1.65353255710545,0.235151206376031
0.123218709602952,0.383515177527443
2.26498108195704,0.814901214325801
0.256479831796966,0.0235162936151028
0.656150206011885,0.161341455532238
0.41200053319335,0.219843183411285
0.57014663738381,0.495383519213647
0.949107802473009,0.156026998534799
0.505838277749717,0.445358247961849
0.846375249326229,0.610399762401357
2.0894957910383,0.388960757991299
2.22939688703957,0.327646371442825
5.76804085258645,0.743178576463833
0.847072341479361,0.245681035332382
2.00329302801731,0.89155590813607
4.31669527639575,0.788190914550796
1.37615398224443,0.517081202240661
5.67290553416977,0.543777242768556
1.41344992220246,0.231215187115595
0.762157476126636,0.468264528317377
0.25791823563438,0.0604248880408704
1.30918355844915,0.569073764840141
3.88620531169658,0.792368646012619
0.969495849130572,0.671692286152393
1.26848660688847,0.257420008769259
2.07670122004094,0.365368054714054
1.51541587656951,0.301297716796398
0.806197441183031,0.0862113460898399
7.6178527283938,0.971314137568697
1.3425999879837,0.497497178381309
3.96461817027511,0.975428865524009
0.0092604797271301,0.0547156613320112
2.04111735328081,0.877430228283629
1.07198250014335,0.554903109557927
0.457027037627995,0.233265289338306
0.347117564640939,0.0519660487771034
2.60186577579918,0.877478370908648
8.52863489704683,0.9827887697611
2.86392091197853,0.921164688188583
0.0663504842668772,0.342637613415718
7.58546329620195,0.609411870129406
0.606280126657393,0.0679484396241605
7.43948919656587,0.998628777684644
3.94646316377406,0.884772994089872
0.597119844518602,0.307243150426075
3.31124127451214,0.680795104010031
2.18875474660637,0.719105327967554
10.5695469112773,0.964441371150315
0.317988799503095,0.110935071017593
2.15535298353972,0.626173356547952
0.701932867988944,0.5255072042346
1.5810420688517,0.683379378169775
1.780921467789,0.452546760207042
0.907361618851465,0.107424643589184
0.202789667397188,0.155699180439115
0.622180203907192,0.454809349030256
0.283298956230283,0.45502550737001
2.43396676695886,0.896070647053421
1.51013537142176,0.808175390586257
2.52340554810109,0.560597270028666
2.03266234452883,0.671364637091756
0.441239086397659,0.379437856376171
0.0447660106375911,0.0220072730444372
0.263681156560779,0.131076467921957
0.700882111676037,0.524137771921232
1.84791345477644,0.792748150648549
0.0648302081972361,0.0856565062422305
3.45023608563428,0.804165814770386
0.285926925949752,0.129449906526133
3.49871705455666,0.80123011674732
3.8106544165123,0.964263989822939
0.271482716314495,0.156474031507969
5.05342190314956,0.697340150130913
1.97878825097325,0.3258365127258
1.59374646890318,0.856065689818934
0.0246439352631569,0.361702202120796
3.13410950807815,0.96457417216152
7.55510704704017,0.707657913910225
3.44841707918745,0.909611731069162
2.37651563613656,0.828584240283817
3.01123331470375,0.696702344343066
3.14229632524734,0.493512475397438
0.0734668281964317,0.393780804472044
0.168870794586837,0.278770692180842
1.40342724008938,0.32228571572341
0.70689466688782,0.129865863360465
5.01237474729247,0.821099669439718
1.70810107692125,0.794669635826722
0.997786774300039,0.310989455552772
0.553221432700784,0.382202947512269
6.57568037858982,0.996664627920836
3.26131955517416,0.956234501907602
1.29887094907463,0.157823025481775
3.34231813980227,0.668244462460279
1.62181206597927,0.419155169045553
0.598944872617722,0.183165139984339
1.17505987919867,0.233100713929161
3.1180358979757,0.769307005451992
2.94809497130995,0.73646388319321
1.1455042622916,0.65133396955207
0.906347074111256,0.0924385457765311
0.702818494290113,0.158193381736055
2.53606368406656,0.737229347694665
0.617776828818023,0.0856634550727904
0.396660640835762,0.170559452148154
1.27093840856105,0.802024491131306
1.38332107383758,0.396945007145405
0.693940086291397,0.311792511958629
1.56566727898064,0.784558365121484
0.409609793789534,0.263132270192727
1.08901383448392,0.241308267693967
5.63657674159775,0.993766649626195
0.141400101052279,0.00550418719649315
0.764713025651872,0.0950839938595891
0.610377538017929,0.121954350965098
8.35064030013911,0.703592248726636
1.20643677096814,0.319876424735412
3.39775240777021,0.555262156296521
0.997761255130172,0.574758322676644
0.799769816920161,0.633891987381503
0.963045009411871,0.658959522843361
1.40921682297232,0.198177063837647
0.567274623550475,0.082127338508144
0.0995977847098445,0.356335785705596
4.26756722082324,0.643859372939914
4.72064487983413,0.985037660924718
0.0308583229780197,0.161992209032178
4.75999234219022,0.969139319146052
3.78088789788966,0.854590621311218
0.249017636291683,0.301220554625615
0.230825952254236,0.195550378644839
2.94156192598825,0.531990441028029
6.30751691725025,0.883697154931724
2.48956013089957,0.80408601462841
0.244783041998744,0.0291638700291514
3.22734720243101,0.775040297536179
0.658482376486063,0.18141213292256
2.09904320715907,0.478880249895155
1.20939180720598,0.365930560976267
0.129572773352265,0.235444947611541
7.84563360693765,0.936614524107426
2.76741174227538,0.947113157249987
3.38107744404557,0.923252184875309
3.2764032295156,0.857286727288738
0.32754767918491,0.0862755251582712
0.955653371498517,0.405394345754758
2.57049885942581,0.332938726758584
0.494516419246793,0.430738704279065
1.09695047233254,0.18576276442036
0.929106143303216,0.242630475899205
1.79883587672033,0.663671594113111
4.21598689605422,0.955446360399947
1.23343118280172,0.20609969436191
4.32221600760646,0.543125079479069
1.76085599689724,0.601597916567698
1.2840430457145,0.292263078503311
0.582745759747922,0.435509528033435
0.158552120439708,0.114791633328423
0.048940684646368,0.0176925358828157
2.43439950971844,0.399032612098381
0.404394270852208,0.0558933177962899
1.38546861615032,0.225251720985398
1.84375955156031,0.324836203828454
1.74021985559704,0.744127071229741
0.809508140198886,0.448699223576114
0.0763466181233525,0.0610244313720614
0.777586922049522,0.49782753852196
1.16145714372396,0.648462530225515
0.0437788088655868,0.0872089462354779
0.45416840514224,0.0613275482319295
0.760929580189395,0.350071984576061
2.62756244643571,0.492048011394218
0.252139822695002,0.275863007409498
0.342820431105793,0.205345989437774
0.0571723645552993,0.131502583157271
7.53883505943132,0.577126493444666
0.134963104192283,0.361319514457136
6.92388094928036,0.742459969362244
1.21314942464232,0.256556600565091
0.952692030929029,0.334117126185447
1.47699442869251,0.808004015358165
3.31494665874128,0.579345278674737
0.979817704297602,0.173361086053774
3.22553658841138,0.909300813917071
1.71708585663268,0.574003980727866
1.40625736108961,0.362122714519501
2.9752770027328,0.949511614162475
0.243969758972526,0.251895994180813
0.960257518105209,0.401247893227264
0.712202573631986,0.520632642321289
0.74612018279746,0.333883748389781
0.448652449063957,0.109230324625969
1.43538911547779,0.48889482091181
5.81963600184689,0.836235555121675
5.61845739152203,0.679331608349457
0.500248565338552,0.193173550534993
3.36170948652511,0.81399589846842
4.35351935376353,0.591307447291911
2.53853312312605,0.844518096651882
1.38975582449677,0.72983694402501
1.58432209110799,0.672232686076313
0.37817846649188,0.0799528274219483
1.27040220052004,0.518760110484436
0.0457482271990148,0.00383197772316635
2.30427772357109,0.891130452975631
1.40159416605494,0.580278984503821
0.328044748865068,0.109123661648482
1.28890192415565,0.390831771772355
6.265005826614,0.619700771057978
1.75849400638583,0.70392202027142
1.35239265672863,0.162021516822278
0.769698833824103,0.591422555269673
3.22413675097709,0.868946916889399
0.26092797704041,0.0392572821583599
2.46709464668276,0.362970075802878
7.13216013717958,0.588203691644594
6.2477000650383,0.804773693205789
0.316425020806491,0.12628860771656
0.720614658957768,0.0937998206354678
0.466827526688576,0.0834372017998248
0.120104841730731,0.00815129769034684
3.21185370890384,0.497204680461437
0.389094871468842,0.241650805808604
1.17679481580853,0.596084042917937
1.10047296034034,0.246218368643895
0.909697723574936,0.16531228995882
0.14972085505724,0.417256557149813
1.32775586657226,0.441320381360129
3.17518232000952,0.940579194575548
1.85741573750021,0.590980435721576
0.589560415291724,0.539376232773066
1.66575919073649,0.259970873128623
0.0845672180876136,0.00406080251559615
1.53527041143718,0.219328991603106
5.9145989381585,0.851688792696223
1.59367210409584,0.830274342326447
1.27293226867914,0.350535603938624
0.00976173143469252,0.0328371759969741
0.639384284697495,0.0646529721561819
0.148624565261527,0.206671625142917
5.81535556878815,0.951573631493375
0.652225895367493,0.181811494985595
1.93784265770557,0.700642998330295
0.755313927307725,0.656164658023044
1.50583945068942,0.261050187516958
1.84849325745347,0.266643261536956
0.524959676899016,0.555722833611071
1.87538049920442,0.373103709658608
1.49169207728448,0.195776873035356
1.82965081362965,0.846336498158053
0.438909169286489,0.0343414929229766
0.0496973674744368,0.228646911215037
0.650097126141191,0.539929991587996
1.99220564029324,0.732993056531996
0.360916554927826,0.287044969853014
0.305643982739213,0.175257372902706
5.1654288654489,0.959165434585884
5.21216722925134,0.888597246957943
13.6035918846615,0.851482019759715
1.83373278684948,0.635671865427867
2.98057215179784,0.492786215385422
3.66191373376136,0.815257574897259
0.400662531144917,0.219953641761094
2.29258817798438,0.546427580295131
0.285255441442132,0.4889266861137
4.89227065229911,0.977065614191815
0.507179949432611,0.0783094158396125
1.77541790149155,0.688016148284078
0.930294935591519,0.627569511532784
0.866916259750724,0.634146412834525
0.431667224188167,0.317081821383908
0.946380762383342,0.631317638093606
0.427731557749212,0.204599369550124
2.22406748673859,0.420279398327693
3.65925189090853,0.89002042892389
0.120199014601864,0.233836396830156
1.37191722169518,0.804180809529498
0.723213803475512,0.234390833647922
1.44462583758596,0.67247657943517
1.61647542371395,0.532113379333168
5.89503225650559,0.643966080155224
1.19469181541353,0.733097334159538
0.909345363266766,0.159146941034123
12.8297104492672,0.700027972459793
5.99618446793327,0.855451657436788
1.58702576710823,0.464203448733315
0.283682941459119,0.402909409254789
1.86469520061257,0.549982290249318
5.0917771940393,0.8917861150112
2.77615623159294,0.69034085306339
4.42305016119905,0.757235126337036
1.59608679815176,0.585234800819308
1.16300952713937,0.205759156728163
1.31020463537425,0.76461127656512
0.331604420207441,0.116076900390908
0.986658911220729,0.578040067106485
1.38269283808768,0.161799076478928
3.00500747406332,0.654192016227171
8.90886181222665,0.956600547535345
0.141790798865259,0.252274143276736
0.38901137933135,0.133001310285181
4.50465974746255,0.91533936560154
0.165301357395947,0.00983085250481963
1.64738726607504,0.767103435005993
0.617449433542788,0.502495392691344
1.27474565431476,0.303463425021619
1.11184701975435,0.221070874715224
4.6375318278832,0.983140962431207
0.627448756247759,0.569825392682105
0.19653360963477,0.0995459205005318
2.99765323589802,0.473133238730952
3.16949430091267,0.718679044162855
0.323704364709556,0.207329279743135
0.184022074453645,0.148430084111169
0.267221553251147,0.210060767130926
0.890342984348536,0.601264347089455
1.85578008732739,0.752382494742051
2.15422246202494,0.40962036093697
1.97134591258111,0.662149340612814
1.71743711448255,0.483824340859428
0.12099723983556,0.0705994970630854
1.27748939860612,0.607652068836614
3.09836218095625,0.736225062981248
1.28638108354062,0.728906281059608
1.32432730868459,0.383911048062146
2.95997003076558,0.96261289040558
2.70694109044018,0.446539964992553
4.72551195670791,0.831960130482912
2.52139377958121,0.904033915605396
0.418494521640241,0.177508553024381
1.41351289401397,0.499416985316202
3.08234966520494,0.464021729538217
2.08240996479037,0.644647275097668
1.02822828209741,0.232742314692587
6.07234342362652,0.861092488281429
4.42817082603402,0.91220907587558
5.25581836171581,0.954905659426004
3.82873224450235,0.554499061079696
8.18615875723672,0.644898462574929
3.7274537006795,0.575211326591671
6.4335684675774,0.943596089957282
3.60483283160214,0.760984044987708
2.06363228327575,0.496367093641311
0.304310633800924,0.242185921873897
4.05286138860469,0.660429568495601
3.5462081505168,0.730430549243465
3.20991543183512,0.491840314352885
7.98640419128251,0.964185170829296
1.37939598504454,0.459172596456483
2.31162193222883,0.857769786147401
0.148360829800367,0.0486583833117038
2.08471682534804,0.828499440802261
0.11074595246464,0.30673118843697
0.351861612871289,0.0739885403309017
1.12254078592783,0.645944390445948
1.30232168640941,0.488460570108145
4.71156256993241,0.688200945965946
0.838066298025513,0.0962579064071178
0.33956435136497,0.0915616084821522
0.435812929503055,0.445134255103767
1.15390599146485,0.698029407765716
1.01252350769937,0.489736037328839
0.121500119566917,0.124474740587175
2.08094676347762,0.417481109965593
2.50207923344317,0.835715953493491
4.53510782339236,0.984295178903267
0.129489740356803,0.0276372507214546
1.80424991805233,0.697464594384655
0.658048811761041,0.555228960700333
0.534094640053809,0.0453531213570386
0.00735658966004848,0.027540837880224
0.695190506055951,0.122873986139894
2.18886740869823,0.634767478564754
0.271987823257344,0.0460947751998901
0.329412119463086,0.341793583706021
3.39619621990209,0.913751801243052
3.57603959722405,0.610446576029062
1.46004134035649,0.25738431350328
2.3315723556185,0.733404595637694
2.1938008609319,0.776324637234211
1.6041623520756,0.37287736358121
1.63021266079488,0.319143008207902
1.93828346199336,0.714455124689266
1.93054297220245,0.848187351133674
3.05682140199428,0.811735068215057
1.07664908468723,0.136543185217306
1.05643211398274,0.335019291611388
0.891670099459589,0.404428777983412
6.6360361423708,0.790337259182706
3.54495219124441,0.521459206938744
0.546887152481689,0.192477351753041
0.202141212299466,0.194596780929714
1.36883318331093,0.745729761198163
8.24737937333894,0.979213957907632
0.153473609067669,0.139785419451073
7.83320279004884,0.950235860655084
0.872266259044409,0.504394735675305
1.3297530785203,0.210561425192282
1.31123717967421,0.603786867344752
7.89698929670167,0.831219888292253
0.0232938844710588,0.114942424697801
1.98183012824711,0.732675982406363
3.14323928562884,0.609017440816388
2.69186357027831,0.486828621244058
0.519654237521374,0.0425117239356041
1.53928961410167,0.808752679498866
3.35154085217004,0.925054723164067
3.36282108707314,0.94893977441825
0.271232172816332,0.025262504350394
1.12206906545907,0.189188210759312
0.188205356709659,0.169510429026559
9.78752813453106,0.863276878139004
1.38078974373639,0.481091629015282
7.37100503924203,0.889197305776179
2.21509623519125,0.476360016735271
3.17944316549187,0.458149457117543
0.213801544159651,0.0806115865707397
9.36589727500334,0.64549567271024
2.07422482786121,0.561979430960491
2.51636511637809,0.497757139615715
0.594827931133589,0.054986760718748
1.73975704117546,0.550918166525662
3.01587274281268,0.679154116893187
0.217100144462333,0.0465238688047975
4.85926298399396,0.978528079111129
0.193218571125197,0.141762281768024
0.104716388809592,0.145402688067406
1.28874186147004,0.482393661513925
10.6931652756115,0.948495282791555
0.197717759986048,0.189693072112277
0.906717370195174,0.12421756843105
0.468486586585641,0.143611208535731
0.909597107669706,0.183600184507668
1.31118267308921,0.190651779528707
8.60596770747138,0.62768291705288
1.84643159798327,0.444132001372054
0.564041147008538,0.536363726016134
1.30293935444206,0.160956906620413
0.241230237297714,0.0661663331557065
5.93581213023434,0.710982233518735
1.24706694576889,0.56285777525045
2.61028378448429,0.8330230449792
3.46430290846114,0.622072644298896
6.11367578339222,0.827638583024964
0.208553125027596,0.389052931917831
4.73976748038955,0.965931478189304
0.00753928534686565,0.0888828174211085
1.75612721068449,0.458126646466553
0.28016004152596,0.250919225858524
1.5494147966707,0.285240855999291
1.30984576977789,0.370867115212604
0.384777149433854,0.321646437281743
0.448205968375111,0.400222156196833
0.955457663163543,0.301126510836184
3.16832355020528,0.787967733107507
2.85150297347418,0.890882935142145
0.577779032289982,0.0566307310946286
1.0973324617371,0.538229950703681
1.28101172484457,0.238701643655077
0.365108637139201,0.438955933786929
1.1638097011995,0.601465283660218
0.142948341876686,0.237236257176846
1.03031224012375,0.738064534729347
0.387916414998472,0.458819165593013
0.0710529200732708,0.159623712534085
3.14790537564044,0.965395950945094
1.80416617906632,0.782721678726375
1.14474539179355,0.53805958526209
1.29989122319967,0.812449252232909
0.0837683081626892,0.0360068436712027
0.532313132658601,0.207040069391951
0.882873134778061,0.414717832347378
0.403674438595772,0.20770968310535
2.95067058147422,0.816753274062648
1.57702107346597,0.317374360980466
0.346156415529549,0.16351284715347
2.04310654095354,0.65108023583889
0.15649578477293,0.251512669725344
0.646666213908422,0.585249324096367
0.315541028045118,0.253060048213229
3.42632521299605,0.561169899068773
4.38650999138309,0.952751465141773
0.0387878122775154,0.24803846119903
1.33538246620446,0.468922262312844
2.25062305844369,0.474757315358147
2.92997444731015,0.913648621644825
0.999312763102353,0.165100691141561
1.57979662707987,0.80948216537945
1.55396080940011,0.79859256814234
0.494827932404011,0.0659814260434359
0.479757603699996,0.261994344880804
7.32209027889085,0.620756847085431
0.707902040332556,0.265002756845206
1.37821714300662,0.3620028141886
5.92992129871029,0.985331212403253
2.30473740751886,0.879730965243652
1.402706383481,0.65191359212622
0.466373228671842,0.0636558688711375
5.48026821364589,0.807018792256713
1.59884944019593,0.586451503448188
0.0922709169483501,0.0524218289647251
0.739620007874776,0.559849839424714
0.860246620239702,0.304574859794229
2.85680034054398,0.909850782249123
2.49036858967485,0.919487757608294
6.65995459224949,0.998122232034802
0.653411045670509,0.207506352104247
0.608899702318013,0.518286805367097
3.18956009654288,0.776128592900932
0.60065699342514,0.192966023925692
0.339371775614063,0.304456957383081
0.297986334555216,0.410045848926529
1.27789164055139,0.26681567565538
0.99000380281359,0.311619287356734
1.24440191872418,0.166703392751515
0.681133621920843,0.308406193740666
3.95317462442403,0.642621098319069
0.75546633452177,0.0623525637201965
3.66243226947333,0.588356134481728
1.38901879816296,0.83839051797986
1.53693881654252,0.806428261799738
3.30861892161851,0.485203894553706
0.898052232339978,0.500595381017774
0.367940755560994,0.145826747175306
0.472741852134122,0.408637809799984
2.56107487707379,0.403002806939185
1.19176718220115,0.602879491634667
2.99127011356835,0.709022166207433
0.624794135866303,0.376768517540768
0.0242533525575131,0.276000856654719
1.3077860288322,0.182176958071068
4.69429761628584,0.957296013366431
0.123436573892832,0.0513041885569692
2.93685767037754,0.963306253077462
3.00992100896787,0.748977394774556
3.81280874071603,0.867148162098601
8.70531251202988,0.930776811437681
1.94116175166311,0.328721058089286
2.77950984595304,0.892661236459389
1.37173772417009,0.75515335611999
0.344186316404976,0.223024064209312
1.81151885247025,0.391072269063443
0.69852946598758,0.300553004257381
0.635006434151486,0.0618675933219492
0.117856034077704,0.291047307662666
1.61655914821469,0.422914915019646
4.71950132459957,0.823330495739356
3.37477258203511,0.661306416383013
0.482187626764383,0.436876359861344
0.0757195685222875,0.21760828467086
0.130742355249822,0.0160654757637531
0.270514785312116,0.326023060595617
0.49386724550277,0.092920902185142
3.80338770506864,0.512190082110465
0.518651424907148,0.118197406409308
0.422744860872626,0.154445159481838
0.127013622846042,0.10744015336968
2.55153145446422,0.70551022537984
0.0870619378983974,0.0662172248121351
0.620196369476616,0.589341587852687
2.41501195720377,0.767669004155323
1.66028482270795,0.711180682759732
0.701187437926807,0.569340868620202
1.6471744309155,0.381907505448908
0.121286561712623,0.0195845973212272
2.60594582363012,0.888225404778495
0.0423058327287436,0.0201790493447334
0.150594270788133,0.00952182151377201
0.323484337888658,0.149747850839049
2.46955209962072,0.533869150327519
0.0698267500847578,0.00539579172618687
1.48903989267933,0.404715348733589
4.82095290322728,0.578960858983919
0.594355451874435,0.181240365607664
0.624513477087021,0.589276923798025
0.238699020053761,0.0272726446855813
0.754123229416391,0.242441337089986
1.79147787019416,0.863953614141792
0.208124505368989,0.21662278030999
1.76917021321048,0.8576886348892
0.432068401947618,0.163904106477275
0.296133673113581,0.437294764677063
0.983112932626652,0.65162677061744
3.57268302870874,0.975125797325745
1.65375995864687,0.207877290202305
1.16436111088842,0.397592491237447
0.465982498601079,0.153569482965395
0.0624655969440937,0.0496152648702264
2.37040726087036,0.506607485469431
0.766150713898242,0.0675760942976922
1.5484693366194,0.797252711839974
1.81786672390046,0.523031445220113
0.029557009804308,0.01783556654118
0.235520319081843,0.158839781302959
1.65146793828302,0.464266209164634
1.97593318290057,0.386848930967972
2.14184455378892,0.822240044362843
1.87749688877704,0.851485127117485
2.1180201358253,0.893202090868726
1.82496178700569,0.31051899981685
1.10265453159809,0.644428674131632
0.0982256978750229,0.292139337863773
3.09334141770646,0.721861644648015
0.440939866279809,0.432550742756575
0.787859966978431,0.315123613923788
0.387234500609338,0.195107690058649
0.396021806235351,0.528392314678058
2.15848606443944,0.917280212044716
1.1908677527681,0.549129841849208
1.05068053305149,0.263956534443423
3.67753753049259,0.547961019678041
5.04665267069764,0.886942282319069
0.699064019136131,0.0662924402859062
1.30130630265921,0.201324108289555
4.12272489799147,0.916722493246198
2.22838206767085,0.819057644810528
1.10037380456924,0.773963384097442
1.79855360268595,0.64206564752385
5.90397374985325,0.886076671537012
2.7735750673521,0.660727665293962
2.87246947389306,0.401487005176023
0.758627664932987,0.519572051474825
3.61536566151266,0.580634281272069
0.453891074117347,0.421666733454913
0.355132596567273,0.273131183814257
0.891409061849117,0.232425459194928
0.945545296553036,0.55594925605692
1.05298266559839,0.5428710822016
2.17696276671233,0.707339325686917
0.0924088712781668,0.397001773118973
2.81312191469555,0.659258109983057
1.31011442560703,0.577089650090784
1.32321430556476,0.298342884983867
4.26011857026497,0.652068642433733
0.88327122759074,0.577479312196374
0.127114682053707,0.40688840765506
1.52640512763503,0.310787448193878
1.01107238885015,0.255056121852249
0.149436974156729,0.323788057081401
0.829118643887341,0.27752436301671
2.35134093827548,0.304681560723111
0.942793463356793,0.240579864941537
2.89735980144417,0.802278242306784
4.69944846141598,0.610884513705969
0.633482645228195,0.261891514062881
2.69344143933597,0.519328207941726
0.530456399545074,0.0418571296613663
7.68460936429811,0.912199884885922
2.02008180138061,0.67510098288767
0.744699607260883,0.0928308276925236
3.3459354613516,0.934252359205857
4.01585485024338,0.92003542999737
6.97762561429648,0.789454353740439
0.989687784574926,0.29034615890123
1.73844763069394,0.801922627724707
0.318862798623741,0.190217344090343
4.16802513201661,0.753197291167453
0.812770288594368,0.555900383973494
6.92271442677746,0.867904860991985
1.57166353049407,0.458189072785899
1.68671903750839,0.762431508395821
0.457016047090292,0.131178559269756
0.907135335801929,0.504610418807715
1.4055324885154,0.717318760463968
1.24317333474755,0.726591390091926
4.35006658335157,0.565687366062775
1.33637705538422,0.197868036106229
1.11643907427788,0.113342963391915
4.00271392596846,0.963835522299632
5.17989126940198,0.711842301068828
3.99579489586835,0.695635640528053
2.66400173670592,0.876381195383146
8.64281473258391,0.943962989607826
0.103954524688497,0.012137217214331
0.880713617429137,0.279530347092077
4.78676782150693,0.991336874198169
0.777714649215341,0.389313894324005
0.108807404525578,0.109708789270371
2.80153109124578,0.704993196995929
2.94986325171619,0.691947151441127
3.17072230933194,0.839848401024938
5.75469008036295,0.986689880024642
1.27101466804743,0.734208133770153
0.0852324366569519,0.203740840079263
4.81513822426028,0.730916027911007
0.51466042548418,0.0582550787366927
0.348402607254684,0.181969045195729
1.81282530267359,0.639332753606141
0.844631808809936,0.269393819151446
0.366701434366405,0.468283945927396
0.344332790002227,0.11285379040055
0.0701480984684581,0.0448861261829734
0.595897059887648,0.519741657422855
0.193925402127206,0.119351974921301
1.14398938324302,0.16158116934821
1.0112040610984,0.237258479231969
0.592516294680536,0.505214791744947
0.555347627028823,0.234383021946996
0.64677026309073,0.152906546834856
1.90994124292376,0.824434526031837
0.167893548381738,0.0500316994730383
0.436576096341014,0.363941617310047
0.199434458644973,0.049112219363451
2.87219940109139,0.513375416630879
2.3102349898869,0.428981386357918
0.327182111062442,0.13392381137237
0.183357392728023,0.00917132501490414
0.187776490283426,0.112329613650218
0.342737413011491,0.27894637780264
1.56362527302134,0.331222744425759
1.38153701275587,0.452883162535727
0.954177051011228,0.580541769275442
4.6093444933379,0.738101725233719
3.49673536403065,0.603195726172999
1.80024666330757,0.300742094637826
1.18321440555155,0.361753085628152
1.3195334058255,0.150215064873919
0.0937537241806726,0.0475326394662261
2.05590403986273,0.574865251313895
1.01876955479383,0.290082676801831
0.810645022429526,0.333875376498327
1.20852814242244,0.258082541637123
4.34946432311959,0.531224318314344
2.31056366105013,0.874227044405416
0.0941828191280365,0.137622633716092
0.610381521212882,0.539364136289805
1.25814035441726,0.160411451943219
0.0434425267976096,0.277271664468572
0.155141203664243,0.213095134822652
0.916417674161494,0.695137477479875
0.751588033512235,0.272805899381638
0.408314866862529,0.131411987589672
5.2305671830935,0.821377819171175
0.281139909289777,0.0330479077529162
2.92528440041428,0.61505702487193
2.2260495404804,0.851815508911386
0.767615461722016,0.307208515470847
1.34368128329515,0.363060192670673
0.0979734547436237,0.259882845915854
0.184112610295415,0.104346076725051
1.71101013406178,0.218615448568016
1.73668719260933,0.315365408081561
6.38659894432793,0.851324219955131
1.38875336618773,0.593837775755674
1.17037184350193,0.155054110800847
0.906144473701715,0.132874244358391
5.7382477369524,0.862104528816417
4.59572312569161,0.985283333342522
3.88689851371532,0.810043394565582
0.659636412993623,0.426755534019321
8.0251704860003,0.827341332333162
0.307227377779782,0.346986171090975
0.958982909098268,0.401124204741791
1.47982533453944,0.59288447489962
0.540882288651434,0.121641378616914
0.569682783447206,0.35606471891515
0.538308148942914,0.0448817005380988
2.49701315714958,0.746325578773394
2.36822546637597,0.796003551455215
5.27615962524839,0.635530205443501
2.94414238987451,0.699870974523947
1.35376757569611,0.708375167334452
0.0393131859600544,0.0739306472241879
5.3731360544724,0.851945354836062
5.00675952781863,0.722971639130265
0.751722542569041,0.236715397564694
1.01303970813751,0.520566702354699
2.32757262318375,0.642209753161296
0.459854659624398,0.0496997586451471
0.219596135430038,0.187157466774806
2.5228374711329,0.442680380772799
0.83565753698349,0.501334428554401
1.34235731326044,0.566659577190876
0.124514102815274,0.0144044097978622
0.638509905897081,0.388113837921992
0.869034315118911,0.112792347092181
0.0296367313712835,0.000788780162110925
2.63180558747592,0.882850157096982
2.09758479698541,0.39052593940869
4.29004416962094,0.608754437649623
1.33079536259174,0.411511805374175
0.64876324404031,0.522712195757776
0.360532893876988,0.249600311042741
1.32928932551295,0.670552154770121
0.438043279471335,0.242608149070293
1.46074878454716,0.456253263400868
5.48391467680163,0.984253544826061
0.402292722836137,0.131929030874744
0.366489787361079,0.0262099262326956
0.766703429631889,0.148074705153704
3.06915852410679,0.82695452705957
2.901880454104,0.749070937279612
2.1106546720073,0.362008489202708
5.75148440863857,0.875595030607656
0.844264833256602,0.262817173264921
0.324548550881445,0.338568520965055
3.73035505769734,0.880117848049849
0.198014559224248,0.0527744423598051
10.2708899628513,0.887958654435351
0.135344906768398,0.0360537387896329
4.3256905362378,0.777042722562328
0.481209953315556,0.267523343209177
0.149795459583402,0.325731591088697
0.483295255343643,0.0480771774891764
4.81482921143003,0.985607333714142
0.493307840831785,0.314485409297049
2.48393524057212,0.379695478128269
2.65503872363808,0.498775414424017
2.79897946293427,0.566357231931761
1.26459743827581,0.305681974859908
0.240743652917445,0.0615755533799529
0.581674349494278,0.34704470844008
0.257594028136983,0.24806645931676
0.200190897099674,0.0389809354674071
5.61963005330334,0.693897567223758
1.82667489527705,0.603252463741228
2.03340006757806,0.427838450763375
7.83835754874063,0.796977579593658
1.20514903683215,0.379832241451368
1.46413190840724,0.369509959360585
2.65474272324684,0.411210769321769
3.91855899227743,0.759112893603742
0.263957180082798,0.135601783404127
0.274546488188207,0.198123202193528
7.89734513643098,0.974030983634293
3.87450964732056,0.881671123439446
1.59241402039899,0.514437801437452
1.16988822165877,0.643795606214553
0.568657146766782,0.468459657393396
0.712830035947263,0.39246260933578
5.2026768006162,0.883092706091702
2.10825791387799,0.727010409813374
0.86219113972038,0.29384434921667
1.27205293159932,0.74775812565349
2.59032559758964,0.845859538996592
0.199485005810857,0.018403063993901
13.0711283340939,0.770050310529768
8.46313212016478,0.852466710610315
0.539613881947293,0.0889715598896146
4.46695839961,0.919539846945554
0.161416030748917,0.00667188665829599
1.5176309039145,0.551856321981177
0.399672262370586,0.140018410747871
0.464789767749608,0.396422321908176
0.53779412095886,0.388808376854286
6.12057567892242,0.731494655832648
3.57300196005041,0.654242856428027
0.881091924686107,0.587250033160672
1.26151708420366,0.672876560362056
13.0121397629269,0.944605906726792
2.41730486965718,0.821923211216927
6.79671883549462,0.907834870042279
4.88096970667071,0.766136604361236
0.112971615751334,0.26873309048824
0.156482269987464,0.0281525459140539
1.06887350790203,0.309693715767935
6.50159928530146,0.990912538953125
0.8350327052176,0.570863879751414
0.0026492103934288,0.0859937618952245
0.890313200652599,0.702142287744209
1.82223401664481,0.387882475741208
3.83194685338025,0.718300383770838
0.482298837974668,0.325602830387652
0.710109191015363,0.12001354037784
4.88525136162467,0.888074105372652
0.663519743829966,0.141224923077971
1.95078586964848,0.669980077305809
0.739841623231769,0.153232234995812
2.73788971259239,0.93217814527452
6.61114063171654,0.631024382775649
4.99329249163098,0.949483250500634
1.68902011766079,0.498852930963039
0.364570726640522,0.124844243517146
1.42348888508024,0.467200969113037
0.450433063320816,0.178388926433399
1.56565465912905,0.859766914276406
0.817140466533601,0.51247205841355
0.0462368801236153,0.161873511038721
3.87989591790323,0.971937767695636
2.62122630133274,0.582510395441204
2.65030019908192,0.778980791103095
1.09844052791595,0.131381382932886
1.28246035054326,0.478862590622157
0.369479330256581,0.170786816393957
0.639491012319922,0.109482858562842
0.684675710275769,0.518625902710482
0.0990176890045404,0.149004870792851
0.308616776950657,0.253863561665639
1.58238760746064,0.646568587049842
1.6645055784935,0.68751134048216
1.34636019356549,0.370908247772604
2.32783582425656,0.380035898881033
0.995657716877759,0.238787830341607
3.60055702907925,0.935614478774369
0.215182297317363,0.276894674636424
0.629244555197993,0.424657770199701
2.40799356243553,0.500271546887234
0.2692093513906,0.40264164400287
1.35576163884252,0.672484819078818
0.729869295842946,0.478638037573546
0.640095095356113,0.0829006826970726
1.68973350706565,0.86689351615496
3.77048275840442,0.771089232293889
4.38564797794806,0.618822057032958
1.32451764587313,0.164121298352256
2.97933775542264,0.615865196799859
0.213961825706065,0.126748926006258
0.206456891261041,0.414145051967353
3.25887094082102,0.4410295994021
0.163494339056853,0.0137468175962567
5.20339442660155,0.988926813006401
4.20881211359925,0.987023290013894
1.64854648328366,0.868306447518989
0.0885027129524575,0.0875755818560719
1.92434171399211,0.348853370407596
0.264196321368217,0.343733955407515
4.78629710872598,0.979728523408994
2.95860237983947,0.545896596740931
3.00533560388373,0.923566037788987
2.88949371485,0.921538450522348
0.0362367834895849,0.0253211308736354
4.66936336805053,0.925318001769483
2.57189756437185,0.357094721868634
1.99210168194919,0.834475386654958
3.21831695718651,0.475941790267825
1.70543989158216,0.635736403055489
2.94594203613067,0.616100469604135
0.950725445523858,0.544361172011122
3.36061503348832,0.923590329941362
1.07877964247018,0.646686469903216
3.41186495853548,0.918546713422984
4.04085010273342,0.974093292141333
2.19418778075817,0.889028412988409
0.246659448370337,0.322281452827156
2.56740734904053,0.342059727525339
3.1280856767821,0.558184769237414
3.74884831516032,0.654470421373844
0.524312111977473,0.0414119472261518
5.44541028913653,0.797052702400833
0.926309111528099,0.243859715526924
0.346802675165236,0.113862342899665
3.82271084917669,0.735878368839622
2.05730618341806,0.558693398954347
5.73570024933586,0.95699238171801
0.447370303448342,0.16572179668583
2.74803089528325,0.418442442314699
8.61744771102324,0.98966554296203
1.31042667571455,0.403023738181219
3.08090732974892,0.889249394182116
2.28818539934722,0.911536074010655
2.7332755922431,0.395597615977749
9.58926276067152,0.948031545849517
0.103936374187469,0.150839663110673
1.99877565718236,0.558189295697957
3.22100613249426,0.950377212604508
6.41745282675991,0.990378563292325
0.149107122671491,0.0758170154877007
0.516162977224204,0.562095425557345
1.47393498510871,0.515935718547553
0.672570275142789,0.411166024161503
1.87492960496786,0.445749501232058
8.47739276984587,0.971901847282425
3.79480953870301,0.828722498146817
3.12972997223728,0.860164101468399
1.11659984756261,0.458070910070091
6.9132079031683,0.692314155399799
0.346121995724044,0.342560420976952
1.67638221560957,0.255881890421733
4.96577087737178,0.866940941661596
2.78127014247661,0.904989966889843
0.170121522426736,0.183311259839684
6.74307328428993,0.979467776836827
2.37002157038989,0.926078192191198
1.74828699036481,0.635696711251512
5.97701847483111,0.747699652332813
1.74402178634714,0.354664135957137
4.22384284038968,0.959380145417526
0.841477644629776,0.418486812151968
1.94249576880577,0.791469331365079
0.887604773975909,0.516609454760328
0.719623629003763,0.177837519906461
0.0721018705517054,0.0187376525718719
3.59239957464819,0.675741515355185
0.505177079157744,0.388620792422444
2.07755720606985,0.374046491459012
0.497066488489509,0.0346228268463165
0.032118228264153,0.0463953008875251
3.33609165234451,0.86494288709946
3.64738675190096,0.84813951025717
1.7369407749826,0.286885684821755
4.87151354898639,0.918906026752666
0.0805372550472448,0.0539257051423192
0.484415841288865,0.198189760791138
1.50557647429516,0.447927301051095
2.35941884997581,0.904115207958966
7.37829772713495,0.602177629480138
1.70701267041474,0.359241131693125
2.11772172686103,0.883538807276636
1.17394734919071,0.753644507844001
1.31197567195289,0.5417949128896
0.977569634094834,0.703803944168612
10.8704464168926,0.804405085509643
1.79123923732879,0.379340939456597
3.93282499147539,0.540042743086815
2.7323973904455,0.51214509899728
17.3082033026656,0.998394512571394
3.23418058438187,0.663272722857073
1.36566533986479,0.82215689541772
3.03601601483449,0.423671975033358
1.27444505132735,0.474266664823517
3.80684128759389,0.979325386695564
0.308993119185396,0.0949450563639402
9.50492391684904,0.950613935710862
1.48467370486798,0.53133617574349
1.66640460750396,0.419809897663072
6.24586690928707,0.687236790545285
1.20039004739374,0.692818155977875
1.64130512430313,0.276967147598043
1.31460561975837,0.205246342578903
1.36312482412905,0.603233699221164
0.0927883382324258,0.221337196882814
1.55111216931584,0.691112055443227
1.36437891423702,0.382642599986866
1.81817159420301,0.466656594537199
0.158536050872757,0.123101195786148
1.55769609092715,0.258781607961282
0.79890582277841,0.156021827831864
0.202902697958052,0.0551534143742174
1.93709831044104,0.371433402178809
0.976854130625725,0.472733318572864
0.575752641761735,0.354403422679752
2.16860911055448,0.622112638549879
0.435527169145644,0.298388690222055
0.00582441921908748,0.00354211288504303
1.11353073548526,0.451496628345922
7.84707153919053,0.882550826761872
2.35674098125639,0.883869967889041
3.19242651199863,0.594273990951478
4.56470704425998,0.985068063717335
0.666259675331578,0.324595479061827
0.826930505223572,0.307229156605899
2.93594435140306,0.949369604233652
3.92377794517164,0.612125923391432
0.414722608402371,0.0755523727275431
3.03190697155546,0.830589975928888
5.3770732541842,0.57013671961613
1.48745893731829,0.255899916868657
0.803085834719241,0.362069871975109
5.77627412941227,0.644088797736913
0.930598699487746,0.633493782719597
2.46216143845561,0.479119812836871
0.397940810769796,0.0768859903328121
1.44446194722297,0.353608145145699
1.26382835302502,0.670460139401257
1.79406614892175,0.45129676326178
5.16537335117288,0.928201349684969
1.78295706047581,0.578955548582599
2.6695141083652,0.565883110510185
1.47561879396591,0.24359382246621
4.84118830014892,0.810742207802832
4.29535790135093,0.97821602341719
1.41727065569631,0.519535538973287
0.950852663256228,0.412521026562899
3.71287428198342,0.930230539059266
0.211401010863483,0.0173889782745391
0.677133146673441,0.391965365037322
2.90802809951787,0.649680257774889
0.25943713542074,0.195387643761933
1.29183618165553,0.781063674483448
4.19147952993341,0.870548868784681
0.755991794168949,0.123228583717719
0.101100464356866,0.0120270114857703
1.21122983191162,0.684384278254583
0.981796160340309,0.115382729331031
4.62357922245689,0.556742515182123
6.65224333073864,0.990958947921172
14.5998878098073,0.990925923688337
0.0726537900045514,0.183427071198821
1.43347823425176,0.444799239281565
2.19264730057659,0.344275178387761
3.37063769606834,0.722161273937672
2.43625195316019,0.922298381570727
0.578186385333538,0.0597879781853408
0.214065213687718,0.161719057941809
3.93184164522176,0.694948489777744
0.729845569882303,0.0825775058474392
2.42033085218611,0.479203167138621
3.67541209218984,0.958284962922335
0.392727143131196,0.407592865405604
3.47849953157787,0.660017718328163
1.08224276639521,0.269056968390942
1.33009164407849,0.352283159969375
3.94161394966726,0.97798380558379
0.112573440186679,0.235295298043638
1.1942760553211,0.708540105260909
1.95564036435428,0.478958462597802
5.68994601037274,0.907560957828537
2.47341704360189,0.356853508856148
0.56132970454311,0.394000690430403
0.300952302132219,0.347539096139371
1.47285159766058,0.643600137438625
1.89422871070431,0.692661894485354
0.462617938406765,0.279382419306785
5.42944577471748,0.822457937290892
0.371698903851211,0.346136098261923
2.78115989251022,0.613897681934759
0.899577709846199,0.310157580999658
2.05259545485269,0.884155105566606
2.79868875301792,0.462728248210624
3.99829946069007,0.813426655484363
0.496287943795323,0.277829794678837
0.932469267398119,0.636150442063808
2.83850828541403,0.65309021086432
3.45906892650745,0.476924990769476
0.00937641774684593,0.185212654760107
0.92954692337662,0.498074984410778
0.49221851857841,0.144174106651917
1.07795626204461,0.320697349263355
2.78730558934632,0.791750183794647
0.514188861592648,0.40302620199509
1.88590915492716,0.617321660509333
1.33315787184983,0.458180516492575
1.27997905109078,0.377275745384395
0.0956899309530854,0.0453806139994413
2.16577011338415,0.689824661239982
0.581653180532157,0.0918228554073721
1.4774654059762,0.459033634280786
2.86432920083979,0.412443834124133
0.878153327852488,0.207282193237916
5.39697549839444,0.993992757052183
3.27125667391305,0.475442560855299
0.0634980890899897,0.237602907931432
2.58765715724769,0.771334514254704
1.00872235465795,0.48114086012356
1.96666210508885,0.75088851689361
4.73673038827687,0.528030640911311
0.596820316277444,0.447342673782259
2.97126459838464,0.871307596797124
0.168982347473502,0.432641981635243
2.80100645480638,0.741568378172815
1.3223868701607,0.73958618636243
0.96895238570869,0.475261413026601
9.53203681805983,0.808824745006859
1.44322593816589,0.208464623661712
3.66132878122811,0.58238174743019
0.720934842713177,0.413311375770718
5.9891440865017,0.826785179087892
2.59734884454849,0.867163342889398
3.4604624917913,0.825124956201762
10.9451294870754,0.84856326226145
0.325731828808784,0.0697422344237566
2.07067982471528,0.48426214652136
1.04942625574768,0.284112932626158
0.855949386954308,0.511354517191648
0.623909238725901,0.0745407056529075
2.74171139663997,0.687574883224443
7.97258503320527,0.606681215576828
0.20052136387676,0.44883134169504
2.59263884826543,0.87654110440053
3.10499202070718,0.819916633423418
0.520381292316794,0.370803276542574
4.5072465633883,0.987707822583616
2.37004113747718,0.843448967905715
0.647056062705815,0.407206203090027
1.37940694577992,0.566452959785238
9.31399527886763,0.850305835716426
1.69902738547864,0.662103113019839
1.69936723439934,0.489764226367697
0.241382771454552,0.0481563082430512
0.519070332869887,0.048101746942848
0.837865126299899,0.681378168286756
1.28567063435912,0.597942545544356
0.345312600955367,0.0567880566231906
0.214335674419999,0.165750102838501
0.832054222002625,0.25307883345522
2.28327265187147,0.908862355863675
1.60906201832427,0.523432393092662
1.0894334372133,0.219245611457154
1.12232839874923,0.682264345232397
0.800889543257654,0.183766456786543
6.8624896254755,0.594967572484165
3.00487927523369,0.555151785025373
4.14312747849112,0.54796110233292
1.50600422472929,0.644365919288248
2.82655963646345,0.548686749767512
1.75164094186368,0.757514490513131
0.128636163481339,0.0134987402707338
0.286371120224636,0.0223352524917573
3.57709658874159,0.867090969113633
3.61820225773339,0.649421377107501
5.63337143329827,0.824681884609163
2.75390817216578,0.547848522895947
0.551985849626362,0.146411288296804
4.3774672489991,0.760554493637756
0.851639835408607,0.532923053251579
4.44806995590158,0.745448970701545
2.3833381551409,0.886194971390069
1.53077461995955,0.260183478007093
2.21074129720313,0.743648634757847
0.299609371460974,0.421608762582764
1.99211202180924,0.462335638469085
4.15628987533932,0.870856328168884
0.138834492525426,0.212672962574288
2.96255355684047,0.458581767044961
0.849274970591068,0.482989714946598
3.52681912092452,0.455710192909464
0.461335796862841,0.058776470599696
0.739712388254702,0.0691705995704979
2.23997428818586,0.852674204157665
0.611388458870351,0.248469416284934
0.747654040344059,0.447660007979721
1.15265746880323,0.768528501736
2.64783807835522,0.390302304644138
0.502786360016465,0.554082830203697
2.01364015593174,0.483001275686547
0.987656010314822,0.597527767531574
7.68558714869333,0.843582392437384
1.06871595978737,0.539244822924957
1.54124027295949,0.426217352738604
3.77951410023456,0.661113920155913
1.1404890883714,0.152314285747707
0.0140860696425877,0.102159587666392
0.649451764300466,0.0771354560274631
0.631174585364871,0.201414024457335
1.19606469105929,0.444302633404732
6.31586214866409,0.881130380090326
3.56186715605173,0.7635714111384
1.83704596070632,0.314811730990186
1.61316345623674,0.536186933517456
Rho_s: 0.804965013241253
Rho_p: 0.683514379654157
IC Time: 0
