Rho:0
N:2000
3.33795978112106,7.17033288854978
1.19554533157498,15.0695295720915
1.95465498072566,11.1343083557936
1.99684371528107,11.4430897012643
2.71673365301433,9.8806803142332
3.83280153555756,9.49927411282451
1.57823709576371,15.8719741201033
0.427542936988175,7.73378595316869
0.186903322115541,3.60172730043673
0.574727284488717,11.5982717320809
3.57020784425349,8.62764487618978
0.510042044334114,8.62101431577702
1.12534413207322,11.3154912786166
3.59591853601818,12.955627337456
0.516714873723686,12.629954822783
2.76252615443411,8.99194876188253
6.96350031109504,8.50743448385121
1.37402209732682,14.7343576145365
2.68955446398797,14.7688328387816
6.51750136878262,5.07386447572167
0.314694217406213,4.50615682633825
4.71876654376216,11.6226151481462
0.854102823883295,9.70751261969355
1.38807169827292,9.09605049627503
3.94689152000432,8.31698895766783
0.0518480091805069,11.2355724955332
1.7592918331826,13.6953954643051
0.323516474105418,12.4090317116525
0.486478197388351,8.07213244664051
0.700908127987957,10.1288744200952
2.96675753204112,15.084458692751
3.57237106544857,8.89005276173392
2.11827784622553,7.37259975723965
6.80044341053734,12.0689839395023
0.819297468289733,9.86992079072444
1.53295226806972,15.7363318560856
0.420718952082098,12.7624798517675
4.16866253663726,-0.511436009640823
2.91255160886876,18.6034281499866
3.35461729375606,15.2277785380453
0.801953507587314,12.6702909413577
4.57735879609895,14.3541631571102
1.57259440786185,9.83734762018098
0.634142671711743,4.78447791692382
0.222712779417634,14.5025737507548
0.282472956925631,6.9137512243304
7.84921399834466,12.4720688202439
1.96762243649902,12.0612518948
0.662329017184675,6.04328583967292
3.06380924193149,6.17478592479239
1.95032046229493,6.69143255118312
0.712984750047326,10.4679129742791
2.11170695341172,11.1595557923478
2.61000035135987,15.5339510822435
0.240785417146981,10.697312060401
2.3386890850121,12.2993319673937
9.29281661609068,11.6320687301492
0.167747733183205,11.4769733854408
3.57088712213521,11.1686947657678
0.1097403278112,5.3651849796156
8.85573283532515,13.0284465760635
1.99324261057315,6.88978065755563
3.51894725469832,9.5702599919369
0.157657510600984,11.6537934845563
1.06955436710268,15.1711428111937
0.936684637330472,13.4605874386446
0.643148160539567,9.2833319476007
5.07884572135733,8.95542785097947
0.959810672327876,9.72125400136044
7.45192090752435,11.7918531784614
2.22873492079168,12.7922073279708
1.93147528721931,11.0647136250077
1.7231342426908,5.2424591284895
0.438383530825377,6.82201408007987
4.51039588956035,12.5401616493209
2.39115831525361,8.56842634330065
2.25779518542841,9.59148236127052
0.993404518812895,5.71620430691406
0.899592404269125,13.5201422544197
0.0226293094456196,10.1788783949887
0.584618326701919,12.8077284620535
3.40524516610389,5.66446447989907
1.22709251474589,5.8618058353373
1.46203099620155,11.8243076085765
2.4501903130764,13.8349107456076
0.35255988035351,12.2719067552875
3.41576616449242,10.4304963739333
1.47288677042731,7.77577840432236
0.00495560078601935,8.02660432854998
0.146178781054914,5.79113438376484
1.24599697440863,7.48208969689366
0.107730742140077,13.0876699802942
0.19538823127866,10.1878609009986
0.193200485780835,8.54411293473677
0.607055283151567,9.09244599614039
0.115225630703061,7.12093469559371
2.11137236125593,8.47875817541883
0.27778441645205,11.1972244240056
0.586962659661071,11.1508107845189
0.100621526129544,13.2151694833904
0.353029670193791,7.95257973311139
0.800605930387974,17.5198536477716
6.39785040881405,6.83257421883446
0.19370231218636,4.10925771894376
1.00822209473699,4.73595226207852
0.519391142347091,10.6993213024152
1.93987903363051,12.5113105305268
3.74350781721954,15.5957808539369
2.1554938777441,10.7949480053123
3.72446374950891,10.2677084132658
1.24170183669776,7.96678569338083
6.87451396913021,9.19562508323655
2.37216172917726,7.62322659820278
4.40803935128737,12.6383400572788
0.507026729173958,5.74108633069367
5.58940868484838,8.392860410631
1.87170226801465,10.5196891357
0.863195114769042,6.33894804157666
0.704027636907995,8.61871617285173
0.127199482172728,12.1141116772424
1.37804181501269,9.82728988016141
0.668584959581494,12.9009856257249
0.482857940858061,9.60524407897966
1.75750920756621,10.3342016674189
1.04332424327731,9.55916427585857
4.05748597888236,9.21642402035953
1.89957234068754,5.03517409898657
0.620833326131105,7.89831530101897
0.789774593897164,7.74679425566532
1.2665807294724,11.7697470375317
0.61397793982178,12.1779471928125
3.8300385212708,9.75666305968327
0.139818523079157,5.57424918026808
0.235378716490449,9.81954858564797
5.69199840348167,11.2732961873048
2.84111680446153,5.21030648460746
5.9013259556509,13.8862782319611
1.08766614366323,11.8417516297657
0.270551780172936,11.4712776594873
1.06335229426622,5.04790980820544
1.11359778698534,10.7663408176987
1.23783324006945,8.47798136871921
2.78512192089637,9.11714870808845
0.226471687667072,10.2083490517401
0.538648251444101,16.1693423396258
2.9410501130581,7.89130403850553
1.42913561864736,11.1164412196114
0.516134653029702,8.43443668212768
3.18226846290712,9.07002250847051
0.712614432908595,12.8173021096748
0.573753695003688,9.4921358058402
0.239075412973762,5.13516675148096
1.33473679516464,11.3095310554911
3.7587409725595,6.72036838772573
3.28740277539561,8.99892690021874
0.895725172013044,6.4068225176366
3.94118517620449,9.52115236139364
2.68605726762655,13.0035986311039
2.25566163085221,15.1092944044419
0.632963284850121,15.2337333636538
0.406990019604564,4.6275501379135
5.04891810168452,15.1489809985982
0.870924915187061,8.55824467835196
2.40417195661905,11.3946836388243
4.68907243360705,7.86659501130307
0.101590607315302,8.50190848070687
0.262095882447427,7.64930824692131
1.18036268317368,9.70027337670207
1.63536927840653,3.71835206163634
1.12522815354168,10.8799396232248
1.26485805213451,11.6458883725772
0.657484738976411,11.4088774937592
1.26523074574418,13.6787972418905
0.922172330319881,9.93590329320046
0.950228770263493,9.70472916766657
2.19354376155329,8.0175012034513
0.353415592573583,9.39918230341437
3.09288112802391,10.9325378672663
1.68904417372289,9.3859471311159
0.927890842549065,13.3484330395385
2.91222518973893,15.3158519111917
2.12385265341709,4.67212887149427
2.92066299223132,7.71804266340465
0.950441527180374,6.90404319817291
0.803705655038357,10.1292115958566
1.50618547192755,11.4552530706703
3.9097834600318,12.0524766892378
7.88574538710427,8.8900453569567
0.375502389855683,10.674257728737
2.38236743948402,5.27082727788364
0.89012286812067,13.0898885991142
0.401284202933311,6.85099388183366
0.601857122033834,9.0621282279387
5.6014907530949,9.175168421881
4.05952258763795,11.0774531762541
0.582466489362172,7.72297590201696
5.66401261972778,9.16040493581527
3.32290491106942,12.9349266085265
2.03589403948421,10.6121738006301
1.27091341093183,9.22917833003267
0.468867246992886,9.62965503685868
0.492465253919363,10.8626478329876
0.706002472899854,12.9770367599169
0.972273432649672,13.2202033934562
3.72258355566638,8.62437138033769
0.124940576031804,13.1914637183359
0.170401387533096,13.2376853516464
0.0831060539931059,11.7705561917315
4.29934633125491,12.4966760537153
2.56679504356327,11.660508036475
2.31528572481299,1.86184367695406
0.47996910661459,12.9262691111097
1.85512089470943,7.63139149275245
2.09834142207148,12.4424302405953
0.130457513034344,13.0035859172581
5.95304021205673,6.13167679489229
3.21251255257015,10.4869211282061
1.08075551036745,9.62031074529683
4.93359556944785,12.1617219575476
4.21568100156813,10.1454078461699
1.55845639846268,9.3134575133293
0.129136667003849,12.2936496622699
0.134115596301854,6.51666073018627
5.30594823856778,7.73193198171446
0.878359618596733,12.9190341925623
3.26435246018174,3.97579311392664
2.36538632764461,11.7234760528788
2.20144078499618,11.3707961752693
2.6795521955097,7.76140133019873
0.769392044061803,2.00388863595299
3.37030203251128,12.4856678821988
1.0334524223581,8.19563001570969
1.05368890799582,9.40791766912335
3.28133892792232,14.4790992178473
2.10018604449048,6.88999753361525
2.30341570257189,8.41538396473518
1.06452360283583,5.21037714939126
0.400020083412528,11.9951630670447
0.656630608274484,14.7454047474799
0.689983903430402,12.923765594806
5.59490693895905,10.55791841537
1.17412962857634,8.87003520176499
0.0424956008791924,7.24595496459942
3.71975471062546,12.1321053575535
0.488819754682481,12.6306754094235
1.64054246610942,4.35277085009756
2.82870884967928,13.2701356122492
0.0344886489795877,11.3639773075336
0.388423016294837,9.06609031414834
4.27324798203178,14.4601293608506
1.49291511199107,8.83244309504774
0.0186829743906856,10.7883889235272
1.19008212443441,13.1254982889372
6.09535695784634,5.94050458201278
0.994033890776336,9.03911217912133
1.79990539691391,11.3995886730307
1.57228037969709,11.6564266734966
4.87511006344981,14.6057673254171
0.569909975863993,8.26632232331008
0.300163568928838,5.36519413698704
2.18430309361758,13.7199795177448
1.18095153849572,9.27161023361383
0.611053230003544,13.2443258110222
3.00277449285926,6.75194945961606
2.95822425711221,9.93706161245649
0.0841345675289631,13.0711896911155
3.72369067354088,12.761918383173
1.82329640715363,6.21262458995702
3.02170778049116,13.345946789255
1.23443680349737,14.3399858276115
3.24991200742816,7.92447715345924
0.0523374574258924,12.367984791932
2.2400049361603,12.521292947788
1.28808068856597,11.2517641246317
0.801490101394975,11.4084387237313
1.89376264243367,12.3269083437313
1.5895425415689,9.91353553448712
3.22879658995156,6.30636525818049
0.477365024387836,4.29902452306307
3.0224292835403,9.64154021393935
0.070420821197331,12.1482519213517
1.45806121281925,7.04095958572486
1.5075699152432,13.8920102789673
1.12284792587161,6.078906201588
0.259046033024788,14.1063272674403
5.72615310516129,7.36221449754184
0.689279859151588,13.1493558096446
3.85868064669852,14.8572615856709
1.26558251213282,11.9707831455245
0.493074617348611,12.1783514443485
1.32843787316233,8.68473479039761
0.906798182986677,11.7191479004231
1.08101592492312,8.78058393663106
0.443178212270141,8.95395656219135
1.17422540485859,13.5621799545273
1.43169944605891,4.98328530255099
1.1901565156877,8.00324127457536
1.45107730721107,6.92387299133589
1.47009452610257,7.66370844730264
0.99302511382848,12.6556917911933
0.945313914677243,12.2778671638415
3.02762100930172,9.48158997202205
1.55385023757824,13.1527745779893
1.30643557570875,11.556337564498
3.96586447564845,8.20918299843072
0.253334769047797,10.2054448092585
1.01191486329605,11.0280182327765
3.60392640886788,7.52361643844522
1.42665963217145,10.075997645644
0.181686458177865,12.4613018683997
0.270565120977321,8.00209958955704
2.04748229526781,8.06271887176123
0.322899298416012,10.1327703292903
1.1271285591647,9.93379543237248
0.501468082485752,10.6183864102332
2.82378623245244,8.14995652551171
0.116510472947685,10.9446495922642
5.34288628001638,15.8208939011839
1.08586532343179,11.4680811506115
1.68201370529668,15.9833458762961
0.565321265984867,7.49011249250446
0.572182403877378,12.3001272751959
0.415051220916212,9.07558693449953
0.0115773541657701,12.3582600908951
0.0472289556637406,9.89651901111876
0.845182566903532,13.9466662403493
0.514235288836062,11.193625276462
0.763229766860604,13.1549212314443
6.84157989885578,10.4960130861713
0.161304384469986,12.1585852725695
4.98957019812344,13.9324315521415
3.43176449818497,13.9237351304004
1.31295384746045,6.53693090673571
0.0525156671849737,10.7613991705581
0.038297131023906,13.0153934056851
0.914788243360817,12.4662271310655
0.571019865572453,10.452376257035
5.01874023278184,9.86488325380639
1.52435799806996,7.36611831694124
2.14140646151247,17.1905393508607
2.65734932563248,8.59568708927778
1.9758799877948,7.01404553996191
0.196092148822538,9.57917810115521
0.392333155497909,14.2618392147272
0.183434375561774,3.01573441736313
0.307418212294579,8.4824789979459
0.0863010594621301,9.72311639426266
4.56380403389163,16.6688082424167
1.07943375315517,12.7114008671414
1.22914790920913,10.744801454263
1.12704827263951,12.8233706205376
0.906461062912021,6.51910903529409
2.24607712022009,7.39875864264395
2.0700199510062,11.4814709467872
0.277105555873209,10.6553262647565
1.55666127606275,10.8594651010714
0.293050720767887,3.03367644539434
1.00412764027715,6.95151225946486
5.09219161768384,8.83548178517142
0.543913342989981,4.15813346867583
2.1406481861228,9.97240742938516
0.74081567209214,11.6240808719678
0.788495743647218,10.9033030899953
0.979038593359292,7.53146456756102
1.15780796483159,5.54722556476571
2.11479066189075,15.0003715970808
0.109125073746457,14.2762777831337
0.845821021124721,13.6395322373441
0.270259861834347,2.90669662968988
2.45996128200533,10.6384465449945
3.33390906436329,8.92373873283447
2.53229668968407,9.5939769981025
0.178819598630071,9.97801577226352
3.14060117398717,1.67899114262864
0.00193477142602205,9.93276198994957
1.50950238472762,7.46142239134514
0.0318177884392801,6.45389531468992
0.445194379262394,10.8734594550076
2.36503408282044,11.0887386187554
0.483811810308185,12.3109219409186
0.0226408736780286,4.46651249668072
5.17046730567641,8.75911984347352
0.0564264943823218,9.72175342240264
1.27466921322048,16.6271813169579
0.380620509386063,10.0495077897378
0.213637495413423,11.2231411005728
0.321285747621123,12.4483039846184
3.37268838642125,12.5897230227174
5.90620791878472,15.7343243537491
1.55814525229012,11.8867318258363
1.50678522566813,6.67083803049881
1.95412031213,7.05102791859
1.88686622670832,8.46369564733413
1.6604216104954,14.9950671885923
2.51528443760219,3.30949973278532
5.37093560744948,2.18213368278605
1.04292897041887,7.55774277444074
3.65590903379603,13.5168224897223
2.76387190065327,6.80083054897909
1.01412099599838,8.36574467518329
0.763875937089324,13.668212113995
0.497855867326648,6.77447096479919
1.36857001576573,15.6925935046666
1.55269296831431,17.8558113420128
2.09847791122703,6.87007607826514
0.51790794262425,6.72168015617336
0.290926650195729,8.49559128589209
1.10807689558715,11.3985787859473
1.4432785357687,12.0855201103751
1.70830511813148,10.1632121971042
2.02102812557461,11.2050594543297
0.38201418757188,6.86451848116929
1.35396854765713,10.56580921595
0.270126549527049,9.02804516759828
1.4492203182632,8.67791347754847
0.416746546696482,10.6628609424821
0.00377492513507605,4.9783892201633
1.62405648790679,12.6761437198042
1.55229728660526,7.75232387624252
0.544649240938254,9.42874655132128
0.492039115168154,6.31356466388043
0.296696143336183,13.383222349701
7.84432895067048,11.9151590026765
1.40518519273939,19.861769304786
0.306399881839752,10.5622894145745
4.63489561805591,13.2821101868942
1.44926282547834,14.1540142515895
4.68209629853196,10.2329767106043
6.30382029678593,4.15773652615722
0.192810509771382,7.59233678946386
1.09009929187596,17.6711410266001
3.11273150874262,10.152058682363
2.21600907900896,12.7064186668245
0.107641843037522,12.6773045502325
0.645803987979889,5.00382767943717
2.21738394713941,11.956577388762
7.9263646114142,20.2749395552232
7.46016601803613,8.88441142142222
1.99014224662426,16.4133472208132
0.679243495064321,8.90649438090457
0.176231684104043,12.0536519099986
1.03264518545006,14.8744309702543
4.78701965858169,12.0327955865629
3.37722025794869,13.2488298083953
1.64229075043442,12.2615761180934
2.67472303836587,10.5469747207774
0.135946982705748,14.1385956517001
1.82285300447586,9.51282512230591
1.42319072588327,8.57815221447223
2.19324436216595,8.18005749104286
0.454933421686292,7.62430592781832
0.801046831446757,4.89801622943407
4.99562039573617,7.38415362178447
2.71728146999123,13.0021356332559
1.59173848514854,6.83429399958802
2.02501159978827,10.6936408838038
1.05718715582043,11.5664493569452
4.8703549315495,10.4525801136874
2.18987542941215,11.1954428321615
3.84899014217739,7.683452541585
1.76805172497372,11.3572279419616
2.94885258217432,6.39931080728695
5.74147954549561,8.85946519471433
0.16246359601344,16.8747220637554
7.65641934755159,10.5856683077957
2.88682166695504,9.25196687553036
0.221977853216231,6.05817871792403
1.36007074359804,7.76648853320735
0.370650203898549,13.2969123570289
3.71551059169655,11.2732436199312
1.72159273355248,7.40680669968078
2.45495672888103,6.91739443334615
2.27539485601889,13.2321960261296
0.0700282726623102,16.6710781582891
1.13622724730521,13.7002551687395
0.466544667304011,13.8880768214083
5.82013474771673,10.0655594613168
1.10537338629365,6.84349046156465
0.971565973944962,13.9275473968178
1.3452348317951,4.10105859233736
0.46902887430042,9.34750031134742
1.20058225654066,7.03481114374583
3.57025644911413,8.02275738441636
1.92354930403816,15.3748695877684
1.73866597554627,7.37512452317206
1.53966993830147,10.8553999778776
1.61048866326193,7.42138306066055
2.86291255412583,13.5541131621264
1.33985207788646,10.9732914993385
0.656661476008594,8.43333565697802
2.4008759408349,8.02431756819576
0.88241817895323,11.5464582226944
1.56959098196569,13.541630644135
0.869628870859742,8.74421183670482
3.60593812895899,3.29949621319783
2.79465015960817,9.98511122484956
3.82460442913656,9.62609737823132
2.49843785145501,4.16329786208552
0.809526844881475,12.0328901701831
1.61081596828046,10.6574372546978
0.159518399275839,3.121300858888
0.214523213423214,16.9069414092917
3.85674283314308,6.42404390415451
0.786324664019048,8.95654066700516
0.847745151259005,11.6807179458104
2.34949282736787,7.15969651628596
0.786740577205181,16.2209760140253
0.526758780384019,11.8502276537498
2.82447061298375,7.65934395138705
0.195548833170134,9.62836872085146
6.67870473828087,11.533044898879
0.333529999479651,9.37058449408596
0.583323810249567,14.1692306992352
2.09258461735191,7.44618990404805
4.33936039970276,6.01411140699398
0.344388782978058,9.22444793902424
0.216989802196622,10.9155673822374
0.836091385222971,17.2343358347324
0.729258086532354,4.26719430545686
0.808833113556781,8.95117675748361
5.335351627068,9.30898791648081
3.82306272519713,14.1731277427995
0.61842207778921,13.3030873031409
1.01583737134933,11.1152418491633
1.90179068319164,11.8542994202953
2.84517586959486,4.57885862367058
7.17611078503442,9.92215013730708
0.53868533950299,10.6093391464973
0.509513640776277,8.56030073459325
1.41276255986633,10.9491630763195
2.18292750660338,15.330813100434
1.76031080682751,14.4687288506432
3.9406807271946,11.7669498218576
0.0903039787934978,6.78211195168128
1.10032319650054,10.4204104272374
1.22192812245339,12.9684831023968
12.7042905563073,10.9635516947155
0.559559906048442,9.8190223880512
1.56975444770398,11.7588410272904
0.585568885481604,-0.360471790568033
0.890142308548093,12.3016375624458
1.35951343551278,15.4971308361049
3.33112845925574,13.8501457741717
0.373070779256523,8.59019568250506
0.736394471405497,10.3528750132683
1.01411884732639,8.63441628816276
0.231745869434581,10.3410215355448
0.472629590808075,15.6036671260359
0.983868651092052,7.23613542992001
1.96190099124421,6.46850721176147
0.266668317839503,11.1569208631505
1.04929940286532,9.00495548359672
4.3713265021605,8.91272526502669
1.80068444864315,12.2204255457758
0.563327071256936,11.7190145777126
3.53528927622323,8.03481877959037
2.35407849765363,9.64830081084415
4.86828707435568,11.2770744418281
0.380141282454133,7.13303688970228
7.37069670441461,8.97060777413224
1.04145989277914,7.5439970516201
1.56557834885063,7.55677636808141
0.0245644552633166,12.6848859559073
0.0209651226177812,10.261040704679
0.10027242297744,6.84065452869861
0.7845559110865,11.7784390679002
1.54173653382124,13.3828316465541
3.6545216849256,11.8648590899946
0.520857281982899,9.72418727260026
0.701745938701709,12.9813086038484
3.78245063854342,9.10232798401516
1.43242234542015,9.46950093920097
0.789931250768664,14.8123714900682
1.55933753765168,9.96416320386145
2.37199984109941,7.92571046708577
0.615554705262184,8.15520173864709
0.171306109165499,15.5098912478623
0.295294756069779,7.83771011205627
0.658732074312866,10.1625037548358
1.40275844550672,6.60253903005824
0.689167954958975,11.1104369943764
4.36223341959,8.6420663114692
2.27075519718979,11.3693086982606
0.154465143082886,10.9848414721653
0.658937545493245,13.1132285066611
0.425717832520604,9.78543171412374
0.167754133231767,9.03616918462821
0.151427020318806,13.8940949645837
0.469286853312993,6.71026594065724
1.32760522700846,6.67071387420921
1.44510524152758,15.0215526724034
0.0114336153492332,8.15295656808074
0.157629950036417,6.42240035439195
0.28315345197916,9.6637812669345
0.326259100533832,11.2595348979001
2.71889859988334,15.8306428609712
0.578739850781858,14.9640087530035
2.60635056897047,13.4809026976179
0.717631722800434,6.61310998436303
4.71053589482732,12.2249106057179
4.40965760846562,6.99109670348246
0.894316645339131,10.4643477342189
0.474197958596051,11.9341339519353
0.197890060022473,9.77500201372029
0.0278006345033646,15.7469357064189
5.7020439651228,13.0370692020493
2.25108849062564,11.8286579617322
0.139139209873974,5.52314134520508
0.304645327851176,10.4347582560038
4.06314202753787,8.00668070998545
2.48979370101335,11.5549740288589
0.322829462216461,11.1428333360585
4.63455783187131,10.9621979115237
2.99274475237227,9.86088476655481
0.788583267480135,10.0930909699079
0.825451601296663,9.23496238924704
0.137847970239818,14.8928583995654
1.2258258620277,8.54968066888609
3.89562560228591,14.3461806353225
2.4584712461927,13.9488636739738
1.748098606671,8.86410785569704
0.952664001674318,12.0664610802891
0.719395589083433,9.38251861814661
4.58385499169059,6.17481869208454
6.04905281927357,9.18401108994201
1.205874979496,13.9507886306865
2.90142295120244,6.61325544067645
2.93489585849236,10.0546940046316
1.47240945031271,6.64819947639159
7.20296229785839,13.9037484487046
0.698337979614735,10.2959717741131
4.49858300138225,13.0622897160302
2.58222825816813,7.67735464787044
0.630712673085315,10.3814707847071
1.90225445098224,10.0655523276514
1.2860087743029,7.76823762914235
0.817480432800949,4.49757429616065
1.85682162455591,10.1809423528349
0.463542005047202,10.1112391484369
2.11386499204522,14.1459614461006
0.569984703413083,8.6137628027004
3.13572320697789,9.7656981206774
2.26797877616229,13.3592906740938
2.41952407724204,7.54833941208578
12.236012905164,6.80034386750592
6.70053784515629,15.0512451907619
0.385062829274342,9.1426183045309
0.595405452884734,7.32747093652084
1.23714608326554,10.2066562990592
1.40037170230391,9.69622069944881
0.972711498849094,12.3346511875173
0.0799294098865914,8.06004367127969
0.483200201764703,10.7672064971001
2.83590847432758,13.6176062403856
0.547301728278399,7.47834165821433
1.06938330642879,13.0479015718453
3.60019056482201,4.04282561895685
1.91731238356772,9.87644003715359
0.8799934303388,8.74561662044963
1.07363216020167,11.4874824779882
0.483870794996619,8.5413228037316
6.00635309483776,16.1505882610514
1.16936075408012,11.9623480188884
0.868073301389813,7.99517670171064
0.636719164438546,7.31204556732286
3.16889612359886,6.55154863631881
0.918399839662015,6.48286643660366
0.848057101480663,12.3284931800095
4.56605095018573,9.6875891672181
1.73000303011965,12.8761984815249
0.75380012858659,12.6123647703463
5.40354609091706,9.95533479803843
3.60936564562802,8.51836076422054
0.0539564518257976,11.783890377625
0.694463156727664,4.32441981333828
0.37415902223438,10.4841895445992
4.09684664739256,6.70685460273627
1.26014806423336,8.28802983607722
2.47351383968237,10.1013718650663
0.034403664059937,6.93131135491732
0.365002213977277,12.1169922419518
0.966235813684762,9.63856512296795
0.840004656463861,10.5898691260871
0.0653481995686889,11.0608381463818
0.707969586364925,7.50848560990631
3.17068198306446,6.14171376930384
2.28979428027958,10.9349419437101
0.915800673887134,15.7131416731728
0.632549684494734,13.0703653682114
1.16849578544497,11.3232523578233
3.17015281674185,6.6590801117714
4.80362940181918,11.4866220846097
1.84119556090775,10.9681157414277
0.591359305855026,11.4713717560847
0.133305361418019,4.92442541179094
0.817357379943132,10.900668399897
1.05521553382277,13.3251083536321
5.48491712261863,10.7414698377561
1.09861756674945,7.76374887065229
5.67978643959412,8.09908751462464
0.760368876159191,11.7876563390245
0.766345853917301,6.35713593997578
0.966570172512867,10.1766365019452
0.799021121114492,10.4386604761289
0.522687603719532,15.6798610160636
1.26349859591573,10.3548143103657
2.8253012295527,9.40994340353729
0.715172872878611,10.9433002764185
0.492753022350371,8.94701411767516
2.04472217141631,10.3306988816603
1.47644744151079,9.6115506473953
0.574597689025473,4.80170998374964
0.906791826710105,6.23057855935653
1.26609878055751,4.05164995107721
0.746189557433325,9.43443721228196
0.614457789808512,6.01073654717965
3.08486558852677,13.3164782638984
2.711657397365,9.6651382952281
0.390469646973274,3.98860692751472
2.78344959003811,10.3239760518047
2.46123275106273,6.41152861101998
0.746032782647183,9.36681404198918
4.37419360478349,11.7359823920965
0.00644444740164873,9.22417873042052
1.34086393658072,8.8156491250062
1.23987864237279,11.7911567736304
3.16846311820631,10.0326358146186
4.41852494659539,5.85844954939746
1.36263423040509,11.3870712069437
2.89193556068425,9.83164228401595
0.163267282000521,8.25900948885357
0.258258327841759,14.4028512726207
0.314398143440485,9.51396795207749
0.877823076210916,8.91447775272585
1.32624134328216,12.4682861577563
1.94998052645008,13.0414061501098
1.62036625331448,8.16339863008177
3.42461634410505,8.29595878596147
0.814693310298026,12.18919214135
4.55756008972354,13.7543661446555
4.10117164609914,9.50398721948815
2.76580154514852,8.47193511716486
1.39183293274584,10.8509145442537
5.88552008799827,11.4829867771253
2.60878419681432,10.0665875197965
1.74676469705048,8.64327615207057
3.72195016203408,9.68793424173077
0.231896452605724,10.4628837362265
1.13331575598568,10.0263725730348
1.17287466395646,13.3033799249181
0.782121705203322,11.7358126972524
0.551996467854335,11.3479492562231
2.12807828738334,12.2001183480848
0.551744824275374,3.61595494507056
0.321405339740482,8.76433383792734
6.77143506672154,7.48225614084531
1.69632884106579,6.3759945558545
3.95267346857076,6.96353281638858
0.662547572303702,13.4179697022295
1.23209033068269,14.0418091721354
3.03312919961974,4.76644139704818
8.17639286401582,11.1355171945987
1.07712942361832,7.84695194176963
1.43366817562821,9.935538652337
0.847219854593277,9.05389493005086
2.81870480610018,12.388342484435
3.01345902566643,9.12019427675453
6.13928479658852,7.2582679294892
1.00423034280539,9.07686346495221
10.9219269027636,12.2704568400492
5.52733453710504,9.66404131535601
4.3074367677135,14.5927118407821
0.856505990959704,9.6505145549637
1.28101960755885,11.2203110077792
0.0985580151900649,10.5104035727368
0.423600064590573,12.5681769627809
3.67651547474747,15.6248922421942
1.5311461034322,6.1576726086666
4.55431791550504,9.96800164412137
0.00209632236510515,15.1129215095781
2.54381596661153,12.5046700721996
0.491922967135906,10.2702289858277
0.0717542913572033,8.99517194413037
2.38116489901187,8.36376530096184
7.58399210455728,12.4044089422544
1.37551750987768,8.6688370323887
1.50376233534609,2.92589547520972
1.73810897735941,12.1575792724975
8.28983856323076,12.9297205311663
0.0896745631471276,12.0970911495356
0.17375707719475,10.8703447848991
0.840704597532749,9.35938078353972
5.99495671655903,13.8947997361147
1.5724322202706,9.3462986061326
0.946295084431767,12.383963193926
0.140762252733111,9.95400974953766
2.58448678060415,12.8039894825764
3.65327600745444,7.5246675971683
5.0338847224874,5.2897987376049
0.156303429976106,7.71752983846931
0.386979385279119,11.4216163577964
0.133171888819813,11.2407505944105
3.98169451562648,9.29028824437385
1.30975934956223,10.7983155590869
0.796462895348668,8.44636939756733
1.12949858413828,15.9987340936491
0.226429097646439,13.7657721667946
6.08337259258995,12.7578892446113
1.58872294466334,5.2415786211985
1.99762973209382,12.8801910326735
1.07179356366396,8.64109087392342
3.45259902236943,9.87733905824839
4.07780282927637,7.78272068903569
1.90420166497873,5.69093716038233
0.0257385326549411,10.5333136441918
1.98991706772687,6.31731556739076
1.02482756510239,8.93997663368208
0.13873786944896,8.596409668627
1.77769312223667,14.7946761165812
0.633560297079384,12.2732741413166
0.270509065842901,5.44866882123839
2.38095811746063,7.8565030544179
1.72290848930981,6.94425054636345
0.519614395860434,7.00628711636747
2.60715579046848,7.73320858581497
2.95630896664273,11.9515214926135
4.812314601473,12.3034040009794
0.902802252210677,9.68098826782789
1.34346305535328,8.8795967099504
0.549026898108423,11.6088162611222
0.638477576896548,14.5305612827909
0.148481398857598,3.90750333214416
6.68593378331432,2.58167293672317
0.602822525426745,3.49011912098342
4.98778889675565,10.5695030593186
0.216375716030598,15.0732445203046
0.0763453756113063,10.4267414208775
1.24737170524895,10.2390011884243
0.0830703552886429,4.31907307739899
1.69172206698897,10.850795527798
5.44140036751456,8.41218694082896
1.36326127778739,8.92062297035269
4.14068119211083,8.46819353522616
0.00972911663454162,12.3486747934259
1.43884017841949,8.33755098195058
0.0442125441345849,16.0739978882403
0.0891215642914176,16.3336810785554
2.30366511954767,9.20442921573078
0.606094317510724,10.5995642013572
0.0344098722562194,4.03657338601387
1.87705468936803,6.71732753788472
0.51555080724409,7.93431865225211
1.94481448261979,12.7377079469353
0.70668247948967,8.25920340372651
1.65680099261781,13.9980831294238
6.79841312732468,5.16145264096418
0.624206181615591,13.8197428897546
0.909498894587159,7.78994520047244
1.17306064534932,10.0623532481529
2.69207944340053,9.62581638390379
0.579712873324752,11.6818034333986
0.594314082287889,8.85912496539688
1.30132770817727,6.07338926880314
3.97907220927959,13.830127844661
1.53029541662874,7.62427960931725
5.46921526242919,11.848225013361
0.379458963259648,9.01840256367375
3.15451229614526,10.1309440627089
0.373576091357147,11.4295957044005
3.20293704046052,14.3793011596195
0.567393748089671,5.79931377398393
2.01142299767656,9.52362539045301
0.066803646273911,11.4868941942263
1.43676823517161,5.98401240912982
0.998743687439406,12.281809617613
1.21856779791415,6.07757057320579
5.56188847090969,7.9285980778276
0.0515282533518913,4.99797354782779
0.679929228499532,7.93138548355602
2.47434915221276,10.2564336638535
0.189563853697135,16.3307135762752
3.37036471808925,7.34814466076147
1.37258893903345,12.440432239051
0.265323343282229,6.34904265823261
1.66236288603209,5.98875049119973
0.983295822557039,15.3253168074733
0.0467355223372579,13.2808798012162
2.56746066725793,8.80523601976447
5.37677920211978,10.7754321143331
0.999050392769277,9.34357363731078
3.12778120098596,8.54583829550784
3.37937880663161,12.3563360272282
5.05140404005475,9.35627102513867
0.75135806761682,18.315856050351
1.08608859125525,4.63436539101264
1.9858029334897,10.6425657453565
1.46492219401191,11.5128997990185
0.0538664484823347,10.5958158953302
2.37968922956827,15.3335302777233
3.13860370291033,11.0012864028443
4.5036062185926,4.79032211216164
0.316391419253035,8.38498874555571
3.83212557045703,9.967232259951
1.98933067350628,7.23234205190673
1.95373809701743,13.2211735860597
2.54792072801831,12.7671430372723
0.755524739145018,7.68353089368944
0.653680375500368,6.3098740473743
0.411518409848213,10.1169616965805
3.05505420995836,10.6365021677899
2.35294578013851,13.4647472585002
2.94094910517115,10.8181570925054
2.58936998984757,5.21361110940329
0.282539336010814,16.9723549949147
5.04005592663713,16.6706086287042
1.8360297536913,12.7977502811045
0.872334309853613,13.0395907066429
0.375694546990926,9.02017320024976
3.96446036530619,11.7966890797366
8.44974765876188,11.2503403263722
0.474793091416359,10.5325567739512
0.567599051143652,9.90348799962123
1.45615619294871,9.61836880389263
0.335762158036232,6.47257466512022
2.6428189369941,11.7249325018686
1.07106202933937,3.24794406556419
0.32185678370297,9.59950926521988
0.110087011940777,10.6809654912391
6.05074493066429,6.0463784007436
4.23624518500307,11.7184597474883
1.42604367317308,6.51749295855168
3.46829642711167,7.96445744245891
2.30682738112272,6.30370936656387
0.741503094322979,10.7473101154074
0.701064773835242,4.62209540878156
0.595754747787364,11.0500364473916
0.487281911622228,13.1474964169733
0.269251151941717,11.8409494090678
0.457478325814009,9.77575101428568
7.72752646687341,10.8147101239617
0.142342995852232,7.27294744772494
1.72653288385811,6.45914043550442
5.46262000103421,14.1486925251777
0.331826201548463,11.210308098005
2.02131041774453,8.65845608978943
1.13847307488322,7.33926671310256
1.14746489655226,9.67517220713839
3.08444426191931,9.98176524284133
4.25952686724522,12.7109901649943
5.39767330487199,11.9713204182923
1.05998892430216,11.6897212617397
1.93233098245086,11.002596361231
1.49617245794484,4.76154495459309
1.95785869362466,11.3425971853639
0.0271789059042931,13.3296000388927
0.434000549837947,4.86774138583
0.716264665126801,8.57634681947239
0.050296626172545,7.55704766479428
2.45909528984668,15.3156230323481
0.519676710478961,8.77970364928915
0.141781912185252,5.25764275203168
3.21012520028238,11.2286568376992
0.178622136823833,6.78130312810544
0.43172141111936,10.4212056301162
0.947536492720246,13.3483986934955
7.70116568687272,9.29480678721784
0.519475244916975,1.61588192083588
2.63064683965387,12.5143089484028
0.424700705328999,15.7631230494549
0.889595608226955,11.8877152552213
0.707894812338054,5.7841912941393
0.800929438322783,7.60908275400404
0.965144352987409,9.34069273817182
0.644063002429903,10.2577849254003
2.04710318698528,10.3805959330945
3.97179823351984,6.32272190783112
0.490292513053211,8.79463143145929
0.293539418838918,10.8753278096182
2.66721402286532,9.79525342411432
5.82034368779431,7.49475893844747
6.14188464023001,9.83442481258281
0.572695196780971,8.13886187131575
2.60525588682833,10.7822683395733
0.140453347936273,10.0642875234946
0.976000657305121,14.2764458672261
4.60145698090024,7.06181289217513
3.02885910479312,8.16410551600182
4.5786811502376,8.67898759459806
10.6708167524715,8.98698045617593
7.54605091898651,11.6380221692048
0.595991751702515,12.1532115158663
5.43443214495607,13.5943068310014
0.60386763419956,13.4446654533509
0.24561214535484,11.0991609780071
4.48799765457339,13.0471275732133
1.99718434508531,8.84071775730268
2.84239759076534,7.53106639871432
0.253697119653225,11.4711890595243
0.63618282508105,11.1627897416087
1.34000908304006,10.2066934877842
5.1884090572474,8.23580697150852
0.381928826048345,14.5435020117486
0.063303954344409,11.7326343199571
1.48149987860563,13.412248040637
2.03875540478741,7.74217046940204
8.47692910531416,10.0814065395602
1.29668617062271,9.34091450306798
2.40075404747369,8.76758030317393
2.17583405590596,5.84715558646006
1.03359146136791,15.2487032331356
1.58203271588999,8.14418003418342
0.872067960843154,7.0890479306112
6.39769019152889,12.4556705744015
1.97280957913938,10.7244679650851
0.639860574156046,11.7255109036518
5.00705660744081,14.3009692484309
2.31487577213886,7.83249807234852
5.09306772634703,9.0779269284196
4.32397173692412,10.3181599046009
0.400070633739233,7.47827856157328
0.0385348498786132,12.8185802423162
1.3709841100499,13.0035886346993
0.754572216298879,8.77048957434073
5.94780841599414,7.93458958753969
1.91840470201316,8.39572856680855
1.45621616943719,5.43636470571451
0.794222366064787,6.18828806326409
0.390233558761742,11.5914575692148
2.51002982622924,10.0070657643985
0.867731129750609,11.8558846690143
2.90365841796061,13.1605237413526
2.37457646048608,9.18245833584305
4.56558673431106,11.4401361394153
3.69666530547624,12.5374841118255
0.0859768623486161,9.11696131033555
2.66056842721047,7.94740691893356
0.113065225072205,10.5697907605457
7.51974285724473,6.04669368426423
0.163159392774105,11.8522125793275
2.6878152283931,5.04087238859419
2.3338235131556,11.4253016986475
7.46761299255204,14.507960334495
0.485196800902486,9.68734700097474
0.834000981412828,13.0508726004979
2.04169816894465,14.1515652817191
0.584320679306984,6.82812237855866
8.83192721703901,8.30012851303375
6.57937909629116,4.8336673259042
8.17092893603158,13.1127785536756
3.08622004819994,10.081528502127
0.462541196495295,9.38570894413751
3.87397194264417,14.0454091029939
4.96541705329843,6.84504443021111
0.0242663957178593,6.77635142511118
2.14546655296328,10.4974723079157
3.31777013821487,12.9478000998653
9.22098389962568,9.92131706296004
2.65001203111353,12.5226992191659
0.389113322715647,13.4061034911357
0.598136441782117,14.3544893271608
1.57960437229815,10.5111326517592
0.786148454993963,7.85578003886203
0.538975455798209,8.37794662085432
8.51473049024,11.1404026214343
3.02941248921638,10.9947475968607
0.823642799630761,12.4440540764458
2.12970012045446,9.44735366615963
1.48893794262148,6.78036133380418
4.46499707897134,9.88371641271343
1.00873861924626,10.057830563707
5.49165128518767,10.9159994607021
0.915882327865013,3.70663452148514
0.89987824420443,11.7097763068211
2.60649843319299,6.01211458548858
0.81233427207917,8.93726487756166
0.702011663175143,13.8437635256861
0.833857655525208,8.09813748286647
1.16440911497921,10.4099799667751
1.32622638344765,9.70542413953504
1.97712244590494,16.1690862938628
0.13700616452843,7.73618854683738
0.923924197799829,11.5395015663603
1.62754513687434,10.347630586682
5.46973906804748,9.49966305483801
4.19355714408579,11.5498478030715
5.3642763381166,6.95315090105003
0.726322940550745,11.5480694116383
3.03827972294639,16.1833451059042
0.629910883493721,11.4739383349354
0.308752342390577,11.3528693118241
4.19242312955673,5.26887549359545
1.27958008088171,5.77516337174462
2.74409740409794,13.1790867512166
2.88632881997113,10.2722428781568
1.16674067545682,11.9326586432
2.41360798795973,10.791628537703
0.596824192138919,7.58962368876942
0.419675547629595,11.1318878220226
1.19773164298385,12.712292849446
0.226395066827536,11.3329074715506
0.285111138187466,9.70990854186662
8.13282401445222,5.17784766925321
3.87204506231432,8.01676655030722
1.41783989412097,12.8491716602313
0.641527988016605,8.55366886069726
2.88771427405958,14.7224815349525
0.892697837203741,13.1588237063063
1.29405060689896,14.1523399715834
1.70104658036473,12.8155104469915
0.83602256141603,12.5215015994865
0.197597128864238,8.65096072082559
1.74656979477283,15.9659931535206
2.02807953386548,12.4789925911877
2.2639571930373,14.0754875445897
1.48435689883002,10.1840360887834
2.42011899865212,11.9003060707508
0.324852543883026,11.3247054371635
0.862689073197544,14.1144995904945
4.25264809627957,11.5832964050047
0.664742416702211,13.015639904054
0.46244303509593,7.77751551326008
1.16682892106473,16.599793621085
0.591681443154812,5.64155453224626
0.562527691945434,4.31842819792514
2.61771393000128,8.68559239006646
1.04957017209381,15.7514333740124
2.97959710640793,6.89550650666882
2.48835908054354,6.05199075360902
4.11158563924914,6.0211632846231
0.836621837690473,5.85232955045246
0.251297064534971,8.11064196730069
1.08590661268681,12.4986420471528
1.08721254579723,8.23858233038717
4.89288902853555,9.39564773570086
4.25502624947358,15.7014538295073
0.255693815648556,5.82385548053677
0.973511338233948,11.0576749373716
2.36397368638756,6.32428965521067
3.18382207287436,16.2362205575058
0.917743007281139,10.2269205036312
0.552775911055505,15.2707645192313
0.963673556223512,12.5579619618358
0.0630698631220563,14.5737853609566
1.33208367042243,9.9733897239158
0.00397312052002819,7.07904743348606
0.71070097759366,8.98904201162754
16.3335504112836,7.85152157534156
3.72327199934011,10.7210714011229
0.25923770852387,8.155240248513
3.43643472225352,8.83355464014688
1.53797294191065,13.7631669642839
0.277777477167547,17.462455999362
1.53374622753801,8.46698470742807
5.6450069841362,7.42589139360583
3.33320965228562,9.6340446630211
5.45028804589934,6.73672002656315
0.190228430554271,8.85452269909659
0.172353968475139,4.05747191207044
0.718572994694114,11.2173472004013
0.402322768233716,7.95434773730432
6.06005585160027,4.3299997892724
2.42645697659793,13.4637457846419
1.10362732131034,12.8452485594939
0.528120089322329,10.5507024092144
1.98006218633589,11.660724004895
0.689498933963478,10.2807915487266
1.82216759762707,10.6039754517946
0.229357483933476,8.86844970708066
2.92081702991253,9.81557542478331
2.37963679051938,6.28213935158154
1.20774548966438,5.91550423413764
3.32647557167296,12.4435682142832
0.0504204775886872,7.36114356580655
2.1233613856871,8.2690012879514
0.884867663495243,6.76798505773654
3.6011415569294,9.7260502226072
0.319005821839705,9.92052963732212
1.77727201638299,7.7174221792772
0.907941146753728,13.303049484168
4.11894636584406,9.76629710063187
0.511251514514667,8.89720092589443
3.06452867744451,14.1712218749911
0.250287811271846,8.76195300816173
2.16614534324946,10.0165109475002
0.1198305005411,10.0597929665052
0.0678843483328819,6.75793793010527
0.730894930403624,8.00647014736369
4.0237575395215,16.8120817586245
4.13599701954012,6.46372215197984
2.01128398059847,11.4223175752902
2.87642970291858,10.7468384733958
0.310135261155665,6.06477050599309
1.70629872693295,3.98604457272405
2.34445642112734,8.96899153071981
15.4528531609174,13.046481325011
3.62158264948015,14.816419085784
2.49438422909918,2.31404049847169
0.331605491228402,3.04646936335724
1.60839345484021,8.63614014511428
1.53485174841228,5.7100842337568
1.61113520703259,14.4901569700683
1.69921686491909,12.2998849596454
1.05728826392442,9.07671843821773
1.97525232090595,8.72288930136336
2.35073026633802,11.9143125783554
4.62070236299674,11.4010719709648
1.02287532202899,6.13909438177718
3.17644365348939,12.6069017984602
1.05665847007185,11.6737922359359
3.90876522643452,13.5647200851889
3.85294222069864,8.77979691568507
1.57696278836112,14.2874517585604
2.81963606534486,15.2915054997421
0.393501000478864,9.42310466480566
0.405333171260846,4.91821075081898
4.67747270663209,13.024774690834
2.16229562639239,13.5896843160609
2.19135740577223,14.5826801719458
0.642120324485702,8.09909275610541
0.246065502054989,7.7325815502664
0.271688472739683,15.3972783901097
1.27481625881046,6.52869757860069
0.630043478687041,11.80344039498
8.27316225650621,10.753400024658
3.52288107184653,9.80072534945137
3.9039612150002,8.76419891500159
2.52097806139829,4.94549531090359
0.596297011203673,14.4014681572513
1.63972050693657,11.9849490626951
0.198283683221455,10.6141991380152
0.809293743222952,12.8900597655178
1.79660659833791,12.4048678063072
0.752961106304405,7.16067541635789
0.317346680909395,14.0432588188029
0.300805342191227,10.6030976185999
2.07395025334301,6.67362620988885
1.62838591299839,17.5904258464322
0.425165855325758,16.9474241230157
0.864120846614242,9.02485830104172
0.409761638881847,8.54465528591114
0.290720472112298,12.659062258012
1.00634019102311,2.61654229283173
7.04491359562032,11.1087726228972
2.97283161414747,8.78227475748037
0.936859632842243,13.4942541131461
10.5292907686611,8.31330498818168
1.47579220115187,14.1428031324511
0.43684648582555,10.2184096091639
3.0287860028234,7.45499733900007
3.37898389978294,6.87453948328801
2.02370833224597,9.5466182801905
0.0254205147829717,4.27178673473984
0.537629405036569,9.8177218450143
2.3967614234001,4.93912603286562
0.402535084635019,6.96159853042592
0.649944329634309,11.2263422826402
0.467426123544465,11.488987912559
1.15862344298512,7.67954670742147
1.317762051709,4.80724118410303
0.825035278685391,9.61883716737685
0.269186050631106,8.43605175515317
3.74624262733345,13.9278471530586
2.54283647975864,12.6864227566511
2.31588209225776,13.4331803149375
0.853757352568209,9.78891076938352
1.98028902328553,9.78992198241471
5.86969335343609,12.4326622182322
0.195315571471328,2.29534527961115
1.8230453840548,11.6209780534261
4.13362108154183,5.53891496850408
0.599300051108003,13.2944936176925
1.33419055957347,6.09462614768787
1.27812063787133,4.70455320373589
1.56217336832526,9.15254844276093
6.88750457730065,11.1897203127358
3.01052182523494,7.89217565886643
1.5921574009955,12.4716327433718
8.28121138694597,11.3754713442565
0.313577639874776,13.2903537858121
1.87416172205451,6.54677235464014
1.15355656575412,12.6103469410811
3.27910345030909,10.8100379999808
2.52594349310037,15.108930704023
1.75637474275174,11.6006039497023
0.986626690253615,5.22269490083568
3.28833861632233,13.2518372621698
1.17259860597551,10.0764501149856
1.55027564420345,12.2460081938664
2.46473136535826,10.0291492475995
0.202132903970778,9.83966511728148
1.58057573615553,10.5123890699097
2.30415637782755,9.9014293748567
1.41033465965631,5.54913675679989
0.527664305718225,12.7734812391228
0.522792205353493,11.0511550038438
4.11618079973345,9.38524751066921
4.48604088623948,11.1568385209112
2.52663242063465,1.37291357100607
4.76737309883487,10.571940222025
2.1828406022306,14.3079221417485
2.23294740720632,13.9882959081419
0.592532932758331,7.30840674054019
3.11926756037359,11.5186953143555
0.377948174253106,9.90672780121632
1.03711910452694,12.2449760220913
1.76841212986949,12.0558951257744
0.105652270509606,12.925302402927
0.0795442797243595,10.0448322041874
0.174510199576616,6.98263407100223
1.40102255708518,2.26054365189329
0.541647005107,10.8321542299999
1.16754850093275,9.23343788437104
0.0413171369582415,9.60650649272159
1.07221112307161,13.7676779239841
1.66216170965674,11.7881511471122
3.91693348420744,13.9874367882101
1.10089867655188,8.00347899129264
5.95616366217278,8.59379881395481
0.909737325273454,7.49651798480619
0.268887705169618,12.1958286964795
0.0520908068865538,6.8148324293711
1.64885405628922,6.15501837507376
0.0550090568140149,4.94974012597623
1.40216205260696,8.9412576398057
0.241718879900873,7.7667933827791
0.408311262146972,9.81792893621253
0.371065418235958,11.6845307077555
2.69529662831667,9.89223624161943
3.03482784314041,7.04276377771704
0.838639379478991,10.7749006779145
0.574618022888899,8.65293925541886
4.64659087707229,14.8652202287257
4.17084854093003,7.39481438418471
1.02086112741381,13.0785839734068
4.36272628207631,14.2216758652067
2.92501875741367,8.85887296891414
0.923557430505753,8.78567394500038
2.04806314214113,14.527346335435
1.77185026175323,8.76433728385978
0.817384901456535,8.74951411603353
3.10685502720957,7.23935076186224
0.650372735224664,9.62561797825686
4.24405948419995,12.0749590352326
0.133511871466573,12.0308924654323
1.23873639665544,7.28168660833405
3.05862481502776,12.3349194806484
0.779521210208331,12.1952156733
1.54444973944063,11.886729609507
2.21851352966371,5.22774444462796
4.06555598584895,8.29291228631891
1.06862894765994,9.18485704213901
8.38678417304411,7.72752535729395
2.46017995282056,12.0082647728169
1.39858950107338,10.0059767576479
0.188832730054855,12.3986470257243
4.62270606656499,10.7539508428091
4.36500215877719,6.20621706939839
1.04698509164155,14.709123968156
4.42681388159223,13.1543711233102
3.61740588007455,10.6363474898689
0.471202564425766,13.1387772444159
2.85712500444071,5.06046587546235
1.09964571241289,2.04073164063295
1.22203888185322,12.8527669411665
4.45355178851601,14.3013029685584
0.203234693224044,9.52398304589241
0.17946482822299,9.9274508676733
3.81019623560791,6.17182708307103
2.89663864046197,8.88856772367436
5.50653484065957,10.2758031016549
3.75031305832748,10.9615286350905
2.67912064484301,14.7504435120676
1.27671583369374,10.2394443299936
1.8561570457274,6.50470018409067
0.650872278027236,5.00720990255694
0.108998992480338,10.6292279689774
0.320072080756283,13.5825165082623
8.82338658586679,9.42188799462829
0.670515015721321,8.79154870382009
0.206998828035748,8.25448523280664
0.129905643872917,12.6876398752995
1.70481883353534,8.53858762355047
0.965995053760707,10.2230317305075
2.26369301748146,8.92256069718747
0.377242428570311,7.33547595178445
1.21576773375273,5.33075417897841
2.73344797073844,9.00086198783586
0.26703227777034,12.5767209607277
2.65981547526064,7.4856741508579
0.0639632993609506,4.04554070622692
8.41733989814177,5.76297685851875
1.92472032821717,10.2141466001993
0.626808802597225,6.4314643360915
0.997742485255003,8.48480790894182
0.602461826056242,5.1306144269421
0.242404131844267,13.2882373401514
2.27277721506266,7.20530614357964
3.48773097230082,10.0262596240937
6.13870474662552,4.8957785231196
0.906740717589855,4.55687619798715
0.780586015433073,11.2054082596067
3.02187270654326,10.1245940317466
2.5384697484875,11.8622469458078
2.08224430299344,6.73217343806645
0.00944769641360884,11.8074793221509
0.329582062549889,6.61992425538872
0.183584815807586,4.69183995835142
0.314090389758348,18.1509957835201
2.59908122560921,9.63213494519528
2.36468354414653,8.24875469166906
1.52293774477186,10.3279094953218
1.53793973030649,13.6854386893421
0.732092642335203,6.42239851095533
1.23447337467223,8.91025073073023
0.30072443169093,7.27730650380154
4.85209171076245,10.6689654552072
3.62580962089782,7.49993376425757
0.662818008102477,8.8389965566868
1.54552645600381,13.3632312909781
1.28696187353361,8.98764744161515
2.46600388168337,4.15111483909245
6.20060086216698,8.53708127654008
0.298881752416492,12.4558733709154
3.75317455438857,11.5031099345895
1.40731079309228,12.6276764164945
0.190869176760316,15.2100480386826
2.23963201223853,10.4171869430214
0.585976200178266,13.1902642854428
1.3360327091068,12.9384695737581
0.535281611606479,12.0577819983986
0.204290582450733,10.871827617033
1.47785595796051,10.9041623474453
5.28048496295638,7.54095294011386
2.01625525570455,15.4937225577877
3.81031719950919,11.1584962889902
0.963627265766263,10.8602234625299
0.157953768593784,7.22089566092642
1.50528914509073,6.82082571315384
5.61543563234257,9.73406234539037
4.52623397459216,3.17807389281916
0.490277391858399,6.72644981081613
2.94810784218793,16.83973105114
1.77455677456203,10.0883507705219
2.11213264047148,6.48186060897282
0.805429544299841,14.7979661169832
1.31305041257292,11.8154078444107
6.51780174638996,5.67467029851014
4.31417336319848,8.92830741228411
0.18691960349679,8.2937088042543
3.05572523904924,10.8549485897483
0.0644891429692507,5.1608350477393
3.15717415780755,8.28674241494678
1.69408624983373,7.60820197180564
2.87814415974503,17.7207234301653
2.20557187675479,7.13915456656516
0.538044841960073,11.3738662367292
0.356872205493243,8.97000345409558
0.752760691568255,1.28466082446357
1.72850136264207,10.5911458840526
0.989100193604827,12.3696743133493
3.67401590926533,7.00771209767841
0.416376771405339,10.4748045416399
1.73406214996031,9.915893878636
0.339559727348387,10.4825141845586
1.59677101290765,10.0094000112039
2.42730521961095,10.0442125421699
1.37537428271025,10.3102517826763
0.0747736954209453,11.7542548583645
3.63884354732073,10.1574970891373
0.501383811235428,12.3262713335521
0.850107132819056,11.9757216140819
1.81451659822288,7.73558772249113
4.81417199571557,7.74304301321097
3.80559205992107,9.02549086199699
4.47354879577584,4.73278117339923
0.668964283540845,13.5836566637794
2.40544886115958,14.920046679362
0.519754263572395,9.7555676996951
0.984725610353053,5.9851598568316
0.69932752288878,7.48035736219501
0.611873646266758,8.76248487966701
0.968566457080538,15.497015470522
5.85706816580067,9.56234089871663
2.2338632120842,8.05711271631271
1.09649942731794,12.8750738708584
0.545450167730451,11.6029664071057
3.73409615067725,5.90073384100681
0.0348579722292746,8.80308815432505
1.78011118370061,8.69810470023793
2.70189527413788,7.35959624921603
4.28719405876286,14.6129673815123
1.66473179419119,9.64803129511744
3.71884314699059,8.52623000479907
3.7092840260077,7.31659411488002
4.09091600013857,14.2640725157867
0.316446118100316,9.66002588381204
0.062159714404467,10.1840672085481
1.92675309247317,11.1233244732967
1.82459209580974,8.80630678110173
1.07589084855738,8.18680087738842
5.02326805491872,13.2218627247223
0.688426233828068,11.3752580599712
3.48552443201083,13.7199925012598
0.409095529466867,8.65609117864604
3.71609316376929,9.80580130626563
0.368735424242914,11.6825866673428
0.142940344288945,11.9491648468077
0.181160300198565,8.33844740152934
0.985202279873192,16.3781970575828
0.33448716532439,10.2990863916893
1.10140463430434,13.4385277773071
2.938211674882,9.6726864674778
0.298622236332542,10.2187539965082
0.655476723797619,10.4266801040865
0.501958951269783,10.6527274575381
2.16372472225668,10.9177360210862
1.91445801398697,11.7224913540244
1.63299254646159,5.16664532706307
0.871633686125278,9.45748888257857
4.7595075254602,10.7526924335618
2.40663677631857,21.0666387921701
2.66950358442011,6.67809764058517
4.75277475515023,9.49703302658649
1.8943027952264,10.9236659073971
1.40543092965128,13.048433284263
0.912457792088389,11.3696250265535
1.92135638548973,8.62558793728425
2.91578961013974,9.03192415568992
3.37303539348726,7.47940812501588
8.32748029330626,15.5787744657726
1.37040740251541,13.4413323334933
0.994829405099154,9.37457312685413
0.534503193572164,7.09876528307945
13.7929491653927,8.9947147888641
0.499165846966207,10.4500712486759
0.194221986693452,9.88205914408864
3.20652719197755,6.0506429109114
5.40773266156144,10.1158055438479
8.33245215514555,9.07924620300752
0.24644342623651,10.8109498787903
2.95832713126575,10.4080265415843
6.91422541405926,9.66251578393064
6.10135650601158,10.5381786428471
0.720096376724541,12.9174312658814
1.46962021998988,10.0838988040718
3.97627943364863,10.8105358187164
1.84409922352972,13.0025044065351
0.651828710132534,7.45530860939985
4.39803083659728,10.4292579597373
3.62224031968002,11.6726335485298
0.0757701303809881,8.91340884744239
5.16713016082473,13.2952685454206
2.05953727779526,9.43153653753591
0.967753451317549,10.1752449988201
2.12049979521873,6.6291502710399
0.607928761456767,9.2672245040065
1.27422556094825,12.9552084688068
1.49811743936482,6.10922882358594
1.09312686789781,8.20032777447358
1.16717492882162,10.011211037525
0.631756765767932,10.6272004910609
0.0584356933503382,12.1296624334715
2.08341240828433,7.11921013166191
1.10065559763461,6.9327666637307
0.18033563598057,9.47787802259313
2.31288996702972,10.8984859812201
1.92178876689615,13.4192569260125
1.5088283381516,10.049810481916
1.44950647203731,12.5103993655076
5.66376020152215,9.87262434572917
1.49553460619392,2.95723858931552
0.500341585837305,7.51949544176168
1.24265256244689,9.14439550144981
0.454097652593524,13.1534370939873
1.43109009965303,9.73026969118747
0.134034698829055,9.06153573387363
1.8241961634809,9.47500341635593
1.52404717495114,12.5485468637468
1.16936425305903,13.823146367609
1.11426805248874,5.76062372039865
0.503049917519093,12.7541785312666
0.358476137688243,11.6315317239008
2.99513996288326,6.53384166609421
4.68321901162095,9.10489584542325
3.14326390607243,13.8438793855211
3.88160410477599,10.557508994068
4.75402458359428,10.6397215538615
2.15361486927184,9.92277246287695
0.710353351001198,9.8297947475808
0.591263826080841,5.44633894520358
0.346196837723255,9.68466309094538
0.500920072762939,8.91605794327412
3.21910794435029,7.09089626464317
5.10028170370022,10.8932035435481
0.664824178442359,13.022449477599
0.257350992411375,6.22034136906707
1.74481674167958,12.2911984476941
2.32977871093779,14.3811090706902
0.97242035344243,8.24971918373812
0.995890374647283,9.98463353160365
3.94216138107662,6.58751186729006
2.09595280504766,10.1927685473086
0.92257140176084,8.80304237412493
2.99281384406571,7.21338836028803
1.66927915616872,10.291307480459
1.34890933986753,12.9968972279866
0.0556813788678833,12.5071851565574
3.84765627963429,13.9785056748594
3.11349098170998,7.76355302495014
4.27905579258628,10.6054248698617
1.57088463931325,11.3055081112926
0.210674976930022,7.41613340788458
1.04692590795457,11.65060153126
0.671856412664056,11.601938400308
0.0554587276467355,8.89876743321559
0.17308641038835,10.1877962440943
0.893788555637002,8.76196216943723
3.17121006159072,14.2871987715526
1.03357759583741,17.1470846645066
0.780103510245681,10.6966607249864
1.5489423586041,6.64923453718986
0.832117209210992,19.0036855801901
3.28203996254091,11.4175957473213
7.61789418342424,7.17186724106783
0.90545863378793,11.7552435095587
3.12438539398794,6.70294234060698
0.155893191755143,10.5988829709117
2.92505379376893,10.1187884368125
3.75749235583429,7.74977976448783
4.8386159201426,8.29591207978687
0.347873840682414,10.5868126248358
1.76576756733113,10.9512854113326
3.55581924027213,15.4541084785936
1.57891687742415,10.5103555175151
4.21566862520591,9.03847554199335
1.92268808363917,14.4744334458995
5.52886060972638,13.2690732109242
1.90910169543359,9.66001328383732
0.265108159743249,9.66516770506315
0.233575076796114,12.0640665920767
9.00507328608885,5.69394143504314
0.625032600946724,9.96017018502311
1.35427695512772,12.4346414182539
2.70378304823282,10.8140438969768
0.492132824922685,6.63929335833312
3.86176638660913,11.2402873407521
5.79195409979592,12.6083936514888
0.618019759654999,14.7348585106558
0.397905891771935,9.08221737853247
1.71519090040567,9.24780122811782
2.87512100098615,8.02382530734398
7.63717568996263,11.7625587922835
0.785310110077262,10.0736045737882
2.35212776242735,20.2809345072886
0.743348704650998,9.80830737136661
0.475560752674937,6.77581169311405
0.333601719559576,9.09252960623971
0.0885857818278374,8.84352928883884
3.79796001670842,13.0863054122678
0.442575046659122,7.2317394078992
2.17861493794671,11.4808233117577
1.49878052054884,11.7045912494752
2.71074651173296,16.0440856430675
2.34112825608792,8.38600490024276
3.1502517609108,5.7783369706456
2.43816843917216,12.314205379373
4.63856568586564,12.3646119856328
0.45643864851445,17.4549833261413
1.17186163365841,14.4631059078203
3.08797966250247,10.6736860215235
1.50506622894647,9.34824169192289
3.28359415197724,8.02395764626419
0.827438247390091,9.38036797733652
2.90366629494314,9.38792969626147
0.0947411341404934,8.55076691450548
0.634908130392432,15.1392503292213
4.0566943323422,11.544186497911
2.69618947795572,5.78548166347258
0.559912427328527,11.0487486234924
7.58571542384935,8.48077450511925
3.22971065501076,9.15127500473897
1.61426439106868,5.8961463374279
0.77866499312222,15.0256484730746
0.385959322485033,15.0741539519087
0.608278616331518,12.6981162548311
1.21226680651307,10.9909793991075
4.59329649366784,9.48527613401721
0.535098421387374,9.31911877059246
1.10400686133653,8.85920243586014
0.141557109847982,15.5553879114249
3.79315306602006,8.0404774366096
1.53891796796563,8.92280517543544
6.94489076336747,11.450169912808
3.13503114349561,10.2251099154567
2.45815264238956,8.78523422402908
0.300348162651062,10.0253057899691
1.04483347386122,8.65572606486194
2.33427664815428,16.5656386375005
0.0645984987868218,8.56301795331022
0.68448731945545,11.5258519855796
8.46680954793348,8.51603435727712
3.46868427453523,10.0889096336671
1.42754424802514,8.93382472563378
1.93434266737642,7.66989914535264
2.28150568551106,12.77630306471
0.756201220676303,11.4648926667099
0.393844166840013,9.89345138636137
0.189814445337105,10.8690901677592
1.77540937988999,10.5942938976508
0.377641001716256,12.1507903293847
0.331633480265737,12.0744867170588
4.63995163490005,3.10062044492923
1.42721718913856,10.2182810592408
0.0816897211494955,11.2233241916561
0.944688437506557,6.73651589601962
0.469938983411302,11.2036004521308
4.13831807656174,6.91409304672066
0.834533215500414,6.24259669620732
1.59016213557663,11.8041159794557
1.92755220263245,12.15272342406
1.4775570147902,14.2526822591307
2.07285887467499,9.46911511583577
0.904426717092704,10.2901676561523
0.760096947662532,10.3577516001807
1.15049292240292,15.3678033386467
2.55995775750818,13.0985000936881
1.09930446464568,14.8322364461711
1.87240510052981,6.5418438683068
1.73565630606356,6.06824018799977
1.86437778911533,10.1101860697191
0.645545546896756,10.0213343099989
6.63736580278645,16.4916570125039
4.61331350497281,13.4433245117673
0.706948150880635,12.1892296212214
1.65393648474457,8.54876148223571
5.49126209665961,6.71267080835684
1.08501298446208,7.03014673663281
0.712420527823269,7.33785378293966
1.19566876161844,11.8917325371484
0.80101815478544,10.3672188182999
5.22997522701449,10.7639963857646
2.80945725297441,9.59459776223235
0.776458073407412,13.8307010917719
1.45767465936488,8.5611955445396
1.37274367082864,13.5087666645683
0.384084293618798,11.0358735102349
1.67463486633244,12.491647593166
0.0734098283573985,10.4250962910915
0.364087071114453,9.10068184194925
2.3321047592068,9.70399827786112
6.10017751123676,4.07635829621587
0.354235486127436,17.5982516667998
5.78370831978746,6.05379797040315
4.00840670226102,6.4946613417454
0.977995199151337,12.8288928278808
1.21038652397692,6.77771850183607
2.85267682643646,13.4735844581956
0.981999028717894,10.9795878217281
0.665385320782661,8.53512409023164
0.31090316735208,8.31620772572319
1.15845745708793,15.2265314233326
0.383502404459711,11.2913084596783
0.327475796453655,14.871438861238
0.841796967200935,9.44438309431377
3.50394368899946,8.66905161349839
0.580382337793708,10.0534566165615
4.76073864449687,8.07226996064026
0.496838751249015,10.3793394973227
0.681560232647714,10.4964624624842
4.19005430092044,9.11333723699081
9.54813793996229,11.1541744773356
4.15257844312077,9.17770427581705
1.02081997692585,11.4708118048771
0.361640249378979,12.2093888101887
0.677997970944764,13.5890543322758
1.03594396729022,9.27857680368339
1.59691343681397,14.9273422430952
0.217429113574326,10.2354406383102
1.78482316859098,11.065282391394
2.75203760332408,10.730444094777
1.60406765333357,8.72133137102622
3.67389630136972,7.99882755084086
3.13375027833467,16.5609264653943
2.30001424803379,8.25701479187216
0.873249312862754,10.6289752119252
0.26530363317579,11.5665902473655
0.912610960192978,10.6407466089453
1.4177709797577,8.20204542193185
0.429242537187315,9.12106964418919
2.06573871887269,8.74977463955129
1.93420599206331,12.3562586477526
0.536406846758071,6.17582409685621
3.43255252374296,9.56123521447771
0.340431022313104,6.09506585927927
1.27310603205115,4.54821219629006
1.59720778856463,9.95439290051659
0.270453562648273,7.51196860122851
1.92004528633299,7.2830152217403
1.95296039677719,9.89474937052267
4.62136813600488,8.91837766009443
0.130284106358886,3.58959219211762
1.31529131624848,8.13573097776477
2.86751209463438,8.90047158707945
4.30262223233409,9.74727080032542
3.3367534897342,12.8321726705361
1.14129726029932,12.0576182839983
5.87634576639549,13.8735088653911
2.00210655658486,8.45310469732663
4.17521465172,12.7883008720134
17.0521506806067,14.58116898486
3.66187416372781,6.79784959737881
0.694499931298196,9.94209054574961
1.2675267001614,10.2505239763565
0.1309060375031,9.38064062833213
0.0356057239696383,7.72651996088318
0.201231810264289,10.0827218074336
3.49561038546765,4.34718365396736
4.75515862156577,8.05471632909601
1.49888371111756,13.6525981904725
3.90673600492959,9.95222369053291
1.24738140031695,10.4149760602136
2.1519167803443,10.5885832372875
0.632700100149021,6.61460496983828
6.16475652124653,8.0252287732884
2.25000121808591,8.34624898326779
0.890242676523115,18.8639090366023
1.63200748889687,9.14046266457328
0.327201266773045,8.8888144394228
1.22880259840949,3.69394915225514
0.110592276575703,5.44689151445307
0.663373473060495,9.32132537080762
0.720990374684334,5.8670679960379
5.17795586933322,9.66498763182003
1.20837048999965,11.3763540271691
0.307765789067135,5.62731608277101
1.31407753378153,13.6603828899459
4.03175115195994,12.9874801670272
0.556488671340048,3.83904361908126
2.32388656764271,8.76867418305148
3.75724522752647,9.38149158766256
3.19883419440021,4.69154689801542
0.386382753029466,10.907747333028
3.39615218324547,12.6458943533989
0.585717307578888,11.1701768646937
5.06688643594213,9.57639312987381
1.94130232735517,14.5845369214265
1.11525507364422,13.3099632361958
1.01010495517403,11.7641245934874
1.06271133758128,8.92344205593059
2.41606922998073,11.038978015938
1.40574033745232,12.3967396708939
0.198488325811923,13.1056144306183
0.835041184451253,11.9864715882544
0.508411320459925,9.86464707715648
1.32958410307765,9.37798356879956
1.6426299552333,11.5716049371915
3.44312806783204,6.49612326802616
1.68253250868964,5.86155839208256
0.959547216072679,10.3598511861285
4.42106809069343,8.2383232328932
1.90708179577234,5.72603664012199
7.42172894957376,4.79684370653601
0.909168939106166,7.26078348953465
0.493045306764543,3.69386520918613
2.14873476131799,7.92167636578799
3.06645629910712,9.87541639409353
0.564511273056269,3.91360277393466
0.40835668053478,11.7440119032392
6.80817903544674,8.6644329227563
0.634372267595402,6.08939244116049
0.77205029129982,7.66201866608939
0.0251299478113651,5.46196353696417
0.681239183060825,10.0723117803151
1.27133738342673,14.7684900542206
0.482495032698066,12.1202602625746
1.4258936177099,5.51896098042067
0.220929138362408,8.22685560906176
3.50845089165454,6.5731443160802
0.990539637394249,10.4932023500811
1.33713067881763,14.9019193331523
0.230053566514477,9.83343748254996
0.212114922907457,17.2262614421776
0.161703363826608,10.3822393873576
0.171792288720697,13.2517925600435
1.87076432735328,13.4615001670633
2.37656309825948,13.8705899931895
4.88030037445457,10.6228718821672
1.94497851398296,7.50677427060162
1.09897794667631,10.3378819874392
0.134486687369645,10.1735620464589
1.68754886827412,11.3088426988821
1.54345578319373,7.0626040940934
0.576095922850072,9.97773030486237
1.17707919329405,8.04008179775879
0.173744286410511,11.5702051820544
0.907859195479217,5.5723456282119
4.07783698646312,7.34707328561043
0.689793771906106,8.32183224976935
1.77603928736391,9.76730229641458
3.38046880049591,10.1783419424775
0.0662902810759986,6.76320219022091
1.79239939468137,6.34510703748969
1.71907060212436,12.1301959065791
0.284619432874024,-1.13047439584449
6.5637475546814,10.1727263187915
0.599439087598141,15.0649382013842
3.32861496863847,10.3954639766827
7.37629507067514,12.0668056765075
2.5562091416318,10.1514338398067
0.539625419303775,5.18506517349534
4.04842431826477,13.045871065953
0.599080266430974,12.8369970953186
1.68041363722625,9.54118019832299
1.36288857087493,10.5021711315871
4.37174034043441,11.114854308162
2.82734784780172,12.8014391237262
1.0444112746045,8.88971520520381
0.722637454047799,12.0918305250114
0.563642248511314,6.7019444086385
2.48992439996558,3.48482205920544
0.446110861375928,10.3756389276951
4.92410041739173,14.7687048572584
5.81099026443101,10.1485759098342
3.93533494306688,8.38537373587768
0.00537495140660464,10.0877304647385
1.78331388406445,10.6444566734508
1.7440862700218,10.7391897703253
0.259695849381387,8.32847948265457
4.77699402322002,10.1806646778666
0.353797195479274,8.40923243687112
2.0682749467993,8.59089512087845
2.448015589183,8.00159988309098
0.228513444773853,4.75586665221393
3.52322688309436,5.55095939393616
0.462571695446968,13.077099174772
0.951510780490935,10.5768305114172
1.1363268988207,12.7812867270189
4.7410892650049,8.5108045497923
0.312778833551894,14.9597269926775
5.37832837154098,13.8015666904542
0.112940368242562,13.9014619004236
1.22915507853031,16.5032241890435
0.494888520545708,9.1461213983068
0.208869600849095,5.18115989658861
0.548833918757737,11.8551299935129
1.17350595537573,9.44812656602193
0.436419399978577,8.9957056228628
13.55662642459,7.77128865153081
0.319967872586856,13.4073692968684
0.897109024226665,6.84579871145619
2.57855406953933,8.88724269531285
0.147903780954029,9.12182183298668
0.722482865676284,5.54683397451549
0.000487486831843853,9.95810745324543
0.0335081576334798,7.53310539554479
0.413508459925652,13.8612730423387
0.769174063578248,8.58647034101948
2.53542412064018,10.8013004820503
3.17995946187368,10.0843396383217
0.774263470433652,9.99166686035806
4.5713757761736,11.2637908265824
3.33902712307921,7.31175496871924
3.1744805627745,11.5931133336057
0.239458985626698,7.68133990314499
2.39888468935134,5.85661696377701
0.185748902014689,7.75324392453934
1.31642375513911,9.05025373497921
0.727399788796902,13.3054775535248
2.1272674909884,11.7620663964048
0.505617245100439,11.3768133591602
1.78581346749308,7.52273148583266
2.69726256272736,8.28227736349352
1.80189371128667,10.1789261556486
1.2087462246418,15.8337037549625
0.604089089669287,12.3003814247403
4.01565479470377,10.7867986872341
1.40350205568962,11.1721920165071
3.12251672131901,16.5731326400474
2.0510472459827,9.63411124710629
0.208261177926904,7.96110580984338
2.0480329915041,10.2080929811169
1.22842820268124,7.90063578278426
1.330376887694,9.90412908961994
4.42707278457943,9.72029892099742
1.40284105009379,11.6755866791933
1.41486946648311,11.7924667685372
2.1338381487036,7.18901490874441
0.381700380705297,7.88120150900967
2.12133070818129,12.7508178873719
3.38572313515699,10.9199673720023
1.61818597829881,6.61627300355422
1.53418113655391,6.7285941750168
3.98202131671791,10.0295904254156
4.48866562892623,9.73207411478992
0.598545411601663,14.0135623109613
0.987604473717511,13.4871515051563
0.937517747282982,8.69550661557631
9.88799557403522,6.47592895411554
1.31325270235538,1.19204019338711
2.26307058698478,15.2301912236414
Rho_s: 0.0068778872194718
Rho_p: 0.00507056531450571
IC Time: 0
