Rho:0.8
N:500
0.344812025694137,1.33605884388089
1.56539955913069,2.07328354000094
0.332695453427732,0.52198189124465
0.183936497318542,0.0595887927338481
3.37584137899761,3.67667195525715
0.805854702368379,0.343978258781135
1.60611506426618,1.29229027219117
0.0621630065143108,0.304505847394466
0.0315517606213689,0.748222515918314
3.63871945051436,3.35136514140253
2.78287974355702,1.14649624656886
3.54616531340365,3.99437855912333
1.11729043070227,1.45794146899714
2.85181850923185,5.31371852357812
0.84892379133393,0.369890133850276
2.49930880534637,2.00818664899724
1.00160463713109,2.11228424861076
2.48285376458409,1.701522603547
0.434610663584031,0.892323669977486
2.27590857437792,1.93115191091399
5.51932976742215,2.15004367186668
4.64110868358177,8.1414897847445
4.77418386538453,7.59157318493948
2.14054367488779,1.27751648146659
0.410041082125453,0.872835225904919
1.11556973773986,2.03704848877134
0.690108979120851,1.58323440133574
0.515172703955671,0.241751180937249
0.0736705781891942,0.773317663545877
0.480155478231609,0.371146453544497
0.716893178410828,0.184200974181294
5.71186363166651,4.10447264445906
2.34561233400347,3.54917055739486
2.70664577177706,4.11274003220682
3.02380262526386,4.83626485963292
4.65707238881189,2.19914944834056
1.31130955927074,0.848185470511311
0.521291714099333,0.510632321665546
0.493422967381775,1.54193550424312
1.0281431665644,3.20139495639091
1.84460351607742,4.01359669474845
2.71250778190297,1.36318268999457
0.624336199834943,0.214580810628831
0.145079907855778,0.119876102544367
3.14171457273846,1.67181239082458
1.56616311884465,1.32738043460995
0.363174118800936,0.470404754392803
1.96793085988369,2.43922909340801
2.28322799309137,1.53637932046297
0.113499999334338,1.3833950329572
1.29650747496635,0.644814531318843
0.575566361658275,0.397015420719981
0.813456733711064,0.535335811786354
0.875153963454068,0.471231677402937
0.584426423534751,1.72078843965175
0.152404275722802,0.604144588112831
3.0585828692001,4.66172176726845
1.27748099621385,1.15516944043338
0.318494974126279,0.530932548448245
1.01499119773507,2.40558130471947
2.11933251275661,3.61476359872108
0.0272371510175276,0.731224674731493
1.22504683583975,0.502025696448982
0.332403355278075,0.378849927071021
3.34866223467474,4.27155502453045
1.01620142364595,2.37690566844287
1.29921426530927,2.57981338157299
0.772851717658341,1.16109311208129
1.35460766404867,2.15910688779297
2.3583165834749,3.23318726405
5.82855103876362,5.28745518265359
2.0279275625104,2.9388505238887
0.62646764703095,1.31282277032733
1.10613246769599,0.629715736024082
3.27247415466194,5.91561332311402
0.102803475877257,0.320549955591559
2.20562626040521,1.49622958517613
2.58427160411122,3.14817273227458
0.447712513618171,0.0930292103439569
3.00530452450907,3.1470480187047
0.622924705967307,1.67523493634302
1.78130270551445,0.89460123796016
1.38039199076593,1.85164255367666
0.635919852182269,0.366491901193652
7.40434414436978,4.54652618219085
1.15745174419135,0.63927342928946
1.53895062804804,2.50456416598501
1.97115126073072,0.690316735766828
3.4260667709816,4.71387467135615
0.093489585485133,0.238311404362321
1.96974638096037,0.781958834268153
3.3305501186596,3.07693547313851
0.72901466768235,0.388418398797512
0.198301142081618,0.0723213469609618
7.34961000876957,4.04218152562816
3.95842323062902,2.06182542062345
0.0419369302617554,1.25677530840039
1.79947202122206,4.05586074648385
1.18259723577648,2.7177699933851
2.10938982657137,0.96320582088083
0.494673353619874,1.5677914674485
1.50783650196137,1.42460580255469
1.40559199507967,3.27201239375358
0.0448808018490717,0.070177489101015
5.4585700665874,2.24395116139662
3.2270607917449,5.41139423449464
0.497255099005997,1.4216666637704
0.0857569444924593,0.234276533126831
0.611445068381727,1.3924626725817
1.10439617186785,1.43221540131343
2.36590721077266,3.08789211161776
1.70421222054385,3.99124558625703
4.95251136620469,5.68082394502969
5.24133237798638,3.61326579360251
1.55653800522865,2.76943865968826
1.33761353138834,0.510786341594303
0.59490489962179,0.301341848447919
1.21770960092545,2.95148396901354
1.11570658255368,0.744596475735307
0.282890439096258,0.644299339211716
2.35817515016251,1.35642012488097
2.55646163775566,3.08566102928025
3.30620041100268,4.98963477809854
4.40323198188968,4.64434423436918
3.11233095807915,4.86216590155788
7.00376285198045,3.90025229362731
0.587967498227954,0.0977909307204855
0.120014630238004,1.37956041097641
0.460627995706051,0.194558709859848
2.4291054996753,1.44419913551467
0.08870879560709,0.141391103155911
4.80959561759269,4.73900020871851
0.978802122108018,0.866963651962578
0.951618914492428,0.835914677911194
0.32194498644574,0.22693239711225
0.492150877602398,1.43413839294555
3.03032983822708,2.18841354726794
1.13097616750747,0.781920230717751
6.40670441057453,6.78079476918945
0.887280028313398,0.285899417474866
0.510511601458717,0.134489035035336
0.335090753622353,0.0537601066753268
2.36323728031459,3.20345507172828
0.342831461404621,0.257588709704578
0.899553992487295,0.870577774010599
1.64574234365466,0.816739479079843
0.669472854584455,2.32472001566532
0.866206901859465,2.53474026723745
0.0273186379882746,0.189544416032732
0.23712323140353,0.0835773525759578
0.111787077970803,0.018808308057487
1.12408875208348,1.59948048732224
8.23876006486726,9.21409279810833
3.75489968417173,2.98387994440309
0.0993138318881392,0.0329787160044877
4.97336132962962,8.16558460476709
2.00505707218292,3.26984352974181
0.570429753447824,1.4523239712322
0.976662306404275,1.56700554109159
4.60136186678834,1.99329541242662
3.39964063076263,7.22529344230103
5.56319454616668,9.18344093600125
2.22178239366951,4.72053396134518
3.33667325956707,1.73198342753614
0.610517660155892,2.50069562151077
1.7458696239641,2.43299247502329
3.18338157219772,3.28796030333628
0.660859224386513,1.27140210848302
0.909769135527313,1.94802155709806
2.81486621109729,1.85047974693399
1.41181105157307,3.62966479344254
1.44652369740947,0.47611148491291
4.95363680620618,1.97516393144875
0.751541981473565,1.73249320863726
1.04353676643223,2.05235518692973
0.135230261127003,0.255619473535768
0.965000495314598,1.01277175545692
1.38708568107345,2.99109511504366
0.561141996644437,1.84207438669148
1.11977915745229,1.14950482919812
1.18299374263734,2.51710733390393
2.949308413433,3.82321785373573
3.28812450219679,3.92063696665649
3.34422730265145,1.55982013166523
0.349116208739228,0.134830481372774
3.30346309004312,7.20303346290948
2.58177331454101,5.35948545833058
3.87978421507363,6.73443393375645
2.73035134925487,5.16664847333856
2.83316165686592,4.6743015234632
0.145672341630896,0.0114640506095544
8.8279984640491,7.99602361210036
0.479218971915543,1.66312842071419
2.04008899993243,1.63211291065413
0.796712388284504,0.325633919944893
0.870104522444308,0.472725513391197
0.795919238589704,0.220573212951422
1.35791026055813,1.42416625647786
0.468509407714009,1.30022441595793
0.763738229755303,2.15132927699926
6.50436031784783,2.76540747090223
4.03897906572932,4.87650394051354
0.343950450583221,1.82096514283659
0.636398294009268,0.855132048949599
0.936273287981749,0.998863293789327
1.01069027651101,0.378647367103859
0.294053105402987,0.126379426568747
2.39844385153594,3.98300252465491
1.97527831598165,1.4757822844291
2.19845981142464,2.56320297337117
1.51243588165249,0.569296835921705
0.0799404131775395,0.0907185714348555
2.55239876910093,2.24975339687409
1.85650611446766,0.934379860758781
0.162620041572337,0.103229148313403
0.845853035338223,1.0430125715211
0.160543918609619,0.199340706691146
1.76491342476549,1.25014016591012
0.0982814166971508,0.540222705341876
2.8523882965209,2.46835839739981
1.52820197298172,1.83360912083628
1.71837295989382,2.44182707733455
0.087206824682653,1.03985690436891
1.55388032346128,2.88544916892487
2.0275441072041,1.83556356458905
0.487072063609958,0.0865203188732266
2.26925571254435,3.0263065805841
2.74155898570063,2.11928059338572
4.94601305921502,3.90836042166224
0.206649526953697,0.0442089846070819
2.40569952348658,1.88202813445571
5.52095770438142,8.16331196906877
4.70164978851504,3.60243030993228
2.13512236057761,3.19494169933682
1.47018438382986,0.701274872290895
6.95537583115411,7.35376927792416
5.63909718375771,2.18428917593303
0.360437113791704,0.723095783032477
1.50464490792694,2.94528372196441
0.486422932706773,0.297886013053358
12.3856551342442,8.28104517939401
0.0930915288627148,0.593367942608893
1.80066025993767,2.73100287458839
5.98843987276005,2.66316662720385
1.25648173224181,2.18205643995645
0.105173108336294,0.393313324078918
3.01105057602417,5.98602625694046
0.5651582069695,0.157530083147812
1.79273907273057,2.15324014975669
0.582656919956207,1.3876047856125
0.0359408074148442,0.933628925150985
2.28238421969834,3.09913771955257
2.23581790729406,1.4187581311773
3.39047514891595,6.54191811349163
4.21011085410543,2.60154277822914
0.0938471108675003,0.0438363397127148
1.70289565305818,1.54349777369864
0.809062537737191,0.85083942523261
1.23172991070896,2.01941481119102
7.56014208939199,5.11857360203691
2.8313142298147,3.01738828031306
0.64936707355082,1.41245056290753
0.440481036471023,1.05759025271982
0.619153953157365,0.380598329007626
3.66937152121567,4.72344088156648
4.8371864815516,5.87842335169458
4.68615145583577,8.48428580859556
1.70051852196449,0.570134408771992
1.79886702253463,2.25545049548364
2.87361921354185,5.84351801838646
0.469384360127151,0.478943859820594
5.87843228842983,5.05461627592273
1.81520960285308,3.27552222816234
1.94496387048605,3.44254581985955
2.46519075511935,3.03177805262192
3.23224205876353,4.64126733292766
1.03212068416178,0.860341349616647
4.10411051271443,5.08151721556611
2.50890061437132,4.80017808872338
5.74498827721844,4.87749427159257
2.01585877305808,0.685499149039207
2.12789767458515,1.8078703842217
3.27559807134752,5.32714477528758
1.332823083736,3.12525306252723
0.388183748349547,0.522460131905973
0.793041268821579,0.794727354310453
1.53104355052535,3.28350844217424
4.08956617845183,3.5577372087348
2.16241299161709,0.759438067155856
0.0101033560216422,0.125058229081333
0.749370419420302,2.3688960353935
0.252392100172126,0.474738755263388
0.613681144081056,2.01297136015239
2.16906646152305,3.41576410997911
7.19087387206865,2.57971426091137
2.60274689636173,3.36922934243148
1.5253696972539,0.676482613198459
0.035687936037592,0.0122133102267981
2.69140636726263,3.95915108397857
2.38180918108495,2.26346878326478
1.47351428857985,2.01556225112619
0.821921261958778,2.66251629582586
3.70154560340529,6.4392456259943
1.3119660448283,1.36379582621157
0.426998208617558,0.0664559269225224
4.77088001614692,2.04831605955007
2.66749540894272,3.31528943387752
0.286998781375587,0.503775966353714
2.00988105303588,1.10970063041896
3.09497484175448,2.21247781804743
1.28340291883796,0.53879342135042
1.74242194689867,1.07340039964765
0.641792125592122,0.157201823573133
0.883489548228681,1.19236079230905
2.17200537948849,4.11287571473007
5.45504352797694,3.16622313549734
0.0846930853909911,1.13861995469779
1.49362245938721,0.486319280229509
2.62326305537465,4.03643756343012
1.2601990159601,0.588390212506056
0.859845700673759,0.769982141442597
0.511191918514669,0.527772161178291
0.50108009763062,2.17679631142857
0.0163843801834398,0.948562618345022
4.81780670185514,3.79405798001175
2.48262801944258,4.73316258361366
0.957071933261782,1.13603692408651
0.0561170688429531,0.47391954716295
0.343097304925323,0.301125993952155
0.65541292540729,1.15790792326109
0.113656319335002,0.00753084211472126
5.29328111906476,3.35378576299042
2.03136033050122,1.33998925611377
0.16280075814575,0.496504378836255
1.29636333137751,1.07695246149655
0.555491393432021,0.461850714869797
0.0507956454530358,0.0103169218619274
0.500574320570104,0.441036817570668
1.3681554896757,1.23717455007136
0.0352857478396026,0.763957391493022
2.21896130955758,1.63173031612279
2.06079499913868,0.982251770018107
0.834397414788325,1.55342035426801
0.505983641371131,0.279773069545627
1.81455470613184,2.07862433542725
1.07486260030419,3.20941787941341
3.83567692322617,2.4938503738531
3.12966780412758,6.60887308385143
2.90031507594471,2.27716815981539
1.66959529361668,1.17934386009315
2.19265288478675,2.81297745538836
0.433587736450136,0.307886309921741
1.59678393527732,4.01589558629279
9.98096565888079,8.66502652266874
0.00811894703656435,0.516113735479887
5.86774374511013,11.6621539287998
5.45928380240626,8.21510035875154
0.875645199790597,1.99632116063415
1.69838163248243,2.34794880775318
2.56747426270487,1.77892919807675
0.578476681374013,1.47432062952759
4.09179490787869,3.92301407067065
0.0828606546407633,0.450685197487473
1.07701730764395,2.67429283625426
3.60698836157141,1.5202970522547
5.90604993667374,9.15741793015852
3.89739437384491,3.1827820128986
1.66134561645227,0.569603451527655
4.89837818195052,6.46619635786781
0.420927586965263,0.273626209236681
0.393682101823931,0.899272861890495
6.7800604101635,4.12159144116526
3.17483101023321,2.70397003917935
0.181074970401824,0.556008183397353
0.456794071942568,0.310642399205616
0.622693615693601,0.39920227508992
0.261588292196393,0.191412986256182
1.22596215549856,0.93125616107136
2.37610006696525,1.57555710888448
3.22069254500752,4.19095756963599
5.65618434514771,2.79135366393569
0.338747779274889,0.78306841299256
0.975261154306812,1.71015803693774
0.0167644619941711,0.144462135620415
1.31976180709898,1.94301656997743
1.03444998854735,3.1823492644537
0.608243025839329,1.05522658023983
0.693764741532505,2.10808736822548
1.04214469157159,0.560820392332971
4.00796198828106,3.56869974343066
0.531263817224494,0.685287356376648
0.322947083972394,0.0679950232988261
3.20279584063177,4.72809549228067
2.24887387259843,1.299240950495
0.488712420687079,0.341082967817783
1.93196152654196,2.20686711172949
3.27348025871401,1.87685722663047
0.197396321222186,0.0449571312490923
0.355356139853784,0.110756223089993
0.277411384508014,1.15510977339
0.769688214175403,1.1373909721151
1.74461464714936,2.75413607238772
0.724306587129831,0.635301224887371
5.07031953682132,4.86342576493449
1.928059739908,3.5865713393498
7.23622323158097,15.975810009062
2.9879799820259,3.95800158285815
0.0922424904351849,0.226871736575772
2.51360259941759,3.27492744458799
4.52011364300675,5.8284144994236
1.01001942157745,0.891661776229739
4.02512646822219,5.26260320444532
1.75480740136447,3.66971532238607
0.201678317040205,0.42816826608032
1.47025609939339,1.09765435010195
2.064859341746,4.11147828010802
7.68193719866586,11.9539680176212
4.18955294677327,6.97441921713662
0.332625279967979,0.0437992080438772
2.52808442889693,3.80309528095608
1.5434889922941,2.72273520558121
0.229220333027741,0.291201272048056
0.388777188025415,0.17994745913893
3.80775079486852,2.89872043825592
1.05724605731666,2.9160626182818
0.595540496520698,0.216004098549418
1.35241000913084,0.439915141962307
2.04421920134666,1.24235351756215
2.29438641658964,1.38911026335301
0.0551756945350762,0.756849740335271
3.80490042792671,5.58168028314735
0.345850454902623,0.175926459021866
2.88771894772895,4.89687119026609
4.11498629284983,3.31987259520178
1.85653411029818,1.32861552294344
2.85960736481433,3.82918589917903
1.99556764765623,2.32299815382831
6.41062295403252,3.04766771180515
1.52902328773382,0.475208754651248
0.683851238216999,0.215644082102054
0.593175010755658,0.738035655580461
0.138878477737308,0.309449949745601
3.28730376320675,1.39284105585223
0.822620805352926,0.560128467943383
1.12655363138765,0.327885708771646
2.83150781575727,1.43793885960224
0.00396336708217859,0.284271749667823
0.670968279510029,1.12210483942181
0.135673171830198,1.27507953066379
0.581161244388768,0.154016064855976
8.21334324362588,3.36921000463848
0.610160268843174,0.119779433844979
0.671758043579757,0.523034890182316
1.21006977930665,3.36075757627556
1.12991290629686,1.87038472286406
0.595277309861053,1.63036187972626
0.284703004173934,1.41920755981448
0.0358975953706801,0.00503363668059098
1.34222606290132,1.87367592929843
8.2037023711474,7.21897428716888
2.45136200151312,2.61993957488778
1.55603918238523,2.64115297413411
0.878299546369832,2.98920421611697
0.975515295751393,1.06780609395355
3.67844925058966,1.63019961685106
4.47525572310335,2.80495225248818
2.78339031694417,2.20682794219794
2.70484825774076,1.51817757255378
0.21050567086786,0.975071348249912
3.18235139904504,4.18208869086876
0.00859990494999849,0.184173057099685
0.0130465501109327,0.256811386905611
0.192838350130943,1.41542119338157
1.55958082219106,0.915919850580394
0.642655161568243,0.299693084321916
2.07511812253835,1.22656704299152
0.0693522781075762,0.274813429962977
3.16336623189931,6.42387191917668
3.92576435936575,2.15986551156886
4.672019598469,4.40325028051562
2.86872435550522,1.93059600136223
1.95189526109936,0.749927678145468
2.7423144764358,3.08494850603824
2.19102330497446,1.04835692793131
1.30717433802783,1.48796520264035
0.196130565445944,0.0228869726669679
0.11265772767365,1.13587016332895
0.297078203806972,0.794433917818522
0.364508332684636,1.24596759490669
1.39920692323687,1.70027087142124
5.42724822223819,5.16578546513743
0.755533240954451,0.640629849396646
0.670628590509295,0.348462224006653
1.22761001810431,0.54530458681209
1.07846742961556,1.06042523961514
0.154475895257367,0.312947317026556
1.38195755612105,1.68771566069665
5.25462434043117,5.61451634046796
0.091386885311637,0.189761855803592
0.345772049434331,0.585394904948771
Rho_s: 0.813801591206365
Rho_p: 0.769876514490859
IC Time: 0
