Rho:-0.5
N:500
2.46494741463936,0.0799474741797894
0.154529815539718,0.997284046141431
2.01697736631167,0.199954857118428
1.28368343878537,0.514072705293074
2.15615637405756,0.45442124363035
0.412338007975247,0.502457672730088
4.75520055343337,0.422956553986296
0.213683220772038,0.867050999309868
0.363001838326454,0.698217161232606
2.2595112248415,0.414703599177301
0.997052829712629,0.904668976319954
1.41527818134966,0.699023880064487
1.89827165371718,0.112472044769675
0.729708439633963,0.431451072916389
1.05810181144625,0.622160885483027
4.99177459229655,0.602399685420096
1.94640623794678,0.11233854945749
4.25613109898757,0.69820873066783
1.15692751202732,0.338000295916572
0.773479680468959,0.660005020909011
0.486938189715147,0.22465603123419
4.20744411249585,0.0155913957860321
4.87954293538756,0.0682681687176228
0.519666736014187,0.519767021993175
6.79893653061161,0.204496043967083
0.133136346004903,0.367578990058973
2.26272541462424,0.794488432817161
1.2045987509191,0.405725175049156
0.359300414580068,0.927988826530054
7.41203806879831,0.107086796313524
1.82479446372929,0.115640049800277
4.53948388481423,0.558516676072031
0.805148262530565,0.510939753847197
1.87916883072796,0.123024658299983
0.0667916183180903,0.998317571589723
1.69223089135232,0.755281463963911
3.91200918879201,0.635946855414659
0.0264621342680121,0.996279118349776
2.55445358148756,0.342222467763349
1.21430333275916,0.364681557985023
0.0772931519895792,0.887841985095292
0.113573508677069,0.668872906360775
13.4604973450192,0.512586414348334
0.197948487280613,0.578270464669913
0.143389456905425,0.330874216044322
0.44865417573601,0.263190728379413
0.742254756391048,0.148308136733249
2.07183348577034,0.22151022288017
1.26806440786583,0.572414972120896
0.629129869863391,0.250718235736713
8.34219864705458,0.698416359722614
2.33754363088849,0.118008422665298
3.91591189039831,0.0564045794308186
3.17236305060271,0.730051238788292
2.24614153048935,0.102066539227962
4.66616024146106,0.147204625420272
3.40127381609397,0.759909374173731
1.32297002524137,0.0688049071468413
1.03176200948656,0.585782637353987
2.02359946808758,0.839572304626927
0.050929818302393,0.430425428785384
5.9654567983366,0.72830958571285
0.343036308884621,0.7703369082883
0.11436365172267,0.679892575135455
0.633177539333701,0.755906996550038
4.60084043547641,0.65765474550426
1.5085813836453,0.571087661664933
0.654130300506949,0.383283509407192
0.172220166772604,0.982671413104981
4.36057199560326,0.181930221850052
0.204594790935516,0.472372556570917
0.219393763691187,0.301277342252433
1.92397559005659,0.699695407878608
0.270490919239819,0.512331840815023
3.39085819965065,0.716136232251301
6.0122790780283,0.358503262279555
3.18749790249353,0.747642495902255
7.74540550592256,0.139941878151149
1.42425695239546,0.718099881429225
1.30674203112721,0.144493960309774
0.702349308878183,0.757573653478175
3.37045898133649,0.0307058384642005
1.14651860389858,0.874795607756823
3.30274798704271,0.611755927791819
1.72434137753191,0.0527841558214277
1.69047889477553,0.465159800602123
0.597511967644095,0.867385315010324
0.554263338446617,0.234517400152981
3.65457804856782,0.043075054185465
1.56027696351653,0.884590858593583
0.97233116813004,0.39138976437971
1.66722422357087,0.423051554942504
1.23111960478127,0.248857626691461
3.88327604515438,0.167673504445702
1.04660349711776,0.579182899324223
0.532493650760901,0.980123457033187
4.58797810574002,0.000768382800742984
0.642561912792798,0.156537204282358
0.794427908025682,0.134201856795698
0.185153705999255,0.886452323989943
0.139056389220059,0.355209459550679
0.570946150899724,0.454041164834052
0.760520520179605,0.46799003216438
4.67626384247966,0.4774635147769
1.4923490234965,0.225067477440462
3.85213844088798,0.519013562705368
5.78896179761658,0.0402449420653284
0.358347991481423,0.647107335273176
0.609252705246576,0.158290659543127
1.35431408602744,0.392183955060318
0.69968912564218,0.829181342385709
4.41413805236049,0.660227812593803
2.63657941847088,0.191468227887526
11.1826271706059,0.580911153927445
0.382171079516411,0.849834838183597
3.64388172311668,0.154452824033797
2.55473906352165,0.0271658624988049
0.0153981870733366,0.68803677498363
0.793842055026733,0.520125570707023
0.85384620539844,0.144458628958091
0.401741256006062,0.222353792516515
4.55115747799106,0.1842509675771
1.28030800260603,0.346431505633518
0.220962808467448,0.378255553077906
0.281756912358105,0.973858621437103
0.541251203976572,0.556964185554534
4.27952716101832,0.0311982273124158
7.53598145726037,0.730972612975165
2.13328487417641,0.5013761036098
6.10712227191696,0.679726508678868
2.53353520101848,0.145950882229954
3.44759973866825,0.493073596386239
3.05490510148888,0.176315481076017
0.689833538606763,0.300078839994967
8.69166094714428,0.434612518176436
4.71599617202706,0.115120561094955
0.218845451250672,0.986900034127757
1.58366825609448,0.567196873249486
4.98804555288654,0.0206925428938121
0.98395137488842,0.283801341429353
1.24345407821238,0.432133432710543
1.47773009213484,0.917189450468868
2.38762589908185,0.601701254025102
0.666599281132221,0.782639474375173
1.77553822836819,0.230973809259012
1.20424349233508,0.200792019255459
0.900230387225747,0.754649183247238
1.03380386717618,0.272303509060293
2.12061911812964,0.587325299857184
1.07557985533782,0.101532618980855
6.28654685582886,0.0238036292139441
4.33037372280784,0.741994618438184
0.59106103791401,0.220105749554932
11.0341491432567,0.483682815218344
2.37952203295174,0.490499015199021
1.1220934722944,0.860203179530799
1.67255513920429,0.112448936561123
0.623561135493219,0.91332486178726
1.67252273034792,0.867032100213692
2.22204135722461,0.294798212824389
5.22596665074058,0.00552530912682414
3.37318404002075,0.476245012832806
1.53649063213708,0.355026544537395
0.653779755346477,0.374704475980252
1.05198036320508,0.460009351139888
0.739087232388556,0.905088638188317
0.879552531056106,0.516534274211153
3.03409932514922,0.776832236908376
0.397805634974986,0.841600306797773
2.3718512970114,0.413780212402344
0.175035848282278,0.503754334989935
1.99672929299777,0.0586511397268623
2.48242491847816,0.656192688737065
0.336382027715445,0.9831633400172
0.748812386623597,0.310993509367108
1.38035688921809,0.052781775360927
0.305227996781468,0.655997056514025
2.26465687445965,0.132516760611907
5.39749794800706,0.588335956679657
3.48975224530942,0.0208879064302891
1.44128211273192,0.2952922929544
4.31474890162177,0.339341702405363
7.41893149497819,0.0131698248442262
0.532946793362498,0.403026850195602
0.969563154503703,0.863723910879344
1.86946958853843,0.153850672300905
0.139407402835786,0.819226435851306
0.0136075373739004,0.757583439582959
3.48984390480404,0.685225348221138
4.61702785481524,0.406697932397947
3.18325323222165,0.546258149668574
0.219012756571343,0.273693422786891
0.484163098968565,0.514184552710503
2.08150625779274,0.142829219577834
0.850066958926618,0.953446452273056
1.32129255868495,0.547268939670175
1.03774402429535,0.743532300926745
1.34947260003537,0.764332933351398
0.0727144022457856,0.969098929082975
0.665676463395357,0.210693025728688
0.243186364881694,0.932685548206791
1.62943296684864,0.457691526273265
1.25698888022453,0.861925556790084
0.681356368682446,0.34509862610139
2.61997536561432,0.669555462198332
3.2004899716187,0.0514651089906693
2.02597878119888,0.126389865996316
0.826993054034441,0.918656727066264
0.0895621068354425,0.993147809058428
0.0834016979796362,0.756183228222653
1.22818534635007,0.513758255168796
0.789667841047049,0.678043766878545
0.278427574783564,0.953365804161876
1.58451261526807,0.620154980104417
1.73680569036844,0.0584472648333758
5.86478728022347,0.34390938677825
1.98849901176038,0.827232251176611
1.62435451514068,0.117947744671255
2.60403846195879,0.319382053799927
0.0356868980452418,0.972050674958155
3.37790430692916,0.325612197164446
4.51699398805328,0.525690489681438
0.65336625946356,0.931435821810737
2.03989204010906,0.0993115566670895
3.20885870856608,0.691071862122044
0.0126498567802094,0.932950830785558
0.816755103782558,0.778750875964761
0.147224790416658,0.976638869615272
9.19594349780333,0.0557669762056321
1.81438542335274,0.443534131161869
1.72686250754867,0.473764383466914
0.907171810045838,0.7174974209629
0.298472737893462,0.327099207788706
2.22787077716532,0.656477415235713
3.44138661755209,0.236525356536731
2.38835058725419,0.437466758303344
0.646287790499628,0.972397370031103
3.02363248288328,0.0466888861265033
1.00639415439218,0.44435987691395
0.685528084563514,0.149196512531489
3.7417530415762,0.229672166984528
6.94466143206098,0.515518997330219
1.22322778124362,0.780091844499111
0.972906637005508,0.943425551988184
1.94785988210067,0.0400303972419351
0.477725909128313,0.96411467762664
1.43783677769873,0.50650688749738
2.12272338188233,0.0969327948987484
2.92137075943832,0.688870151527226
0.914708949625492,0.425495076924562
0.801832134611034,0.24696029513143
4.56061607946582,0.499366699252278
0.3981614690274,0.438639946980402
6.76394961740742,0.0298769981600344
0.125307246111333,0.686373577918857
4.11575029773598,0.376846660627052
0.730046359822154,0.172765927156433
5.40729178835578,0.733002534136176
1.48935665447665,0.0717558686155826
1.93031506076914,0.237363182008266
0.0707505459161598,0.372488297522068
1.11537520587444,0.315029482590035
0.0506175914271267,0.972385522443801
2.71693694396856,0.0976565044838935
0.211837240061294,0.821711693657562
0.32962914387836,0.505821046186611
2.27820906220915,0.799027258530259
1.00596803054214,0.885146460030228
1.1819697227329,0.679663844872266
2.05076891361716,0.470708080101758
2.58632362811806,0.100852571660653
0.615412779152393,0.36433033249341
3.33166911687581,0.196134954458103
3.61411029634741,0.118643538560718
0.826907424256206,0.463049705373123
10.3429531784435,0.642342300154269
1.39883431597593,0.836781147168949
0.28203038778156,0.759336648974568
0.169233300566407,0.638924596132711
1.36090336926281,0.123752104118466
2.51749235755744,0.815732799004763
0.063436453230679,0.98291430179961
0.31798510812223,0.745108031667769
0.466287240386009,0.902099980739877
1.88718511684224,0.0876658731140196
0.156203562025114,0.22794053866528
1.59485654897037,0.829681484494358
1.29441037494689,0.859441586770117
0.325401459820569,0.862922066124156
3.56348579360132,0.605189352063462
0.728701231069863,0.324382710736245
0.497080330736935,0.930836899206042
2.14355523503366,0.486517691751942
0.892983523197472,0.426853438839316
0.659077943204815,0.88811369612813
2.51087971768322,0.0461013370659202
2.0037479130367,0.378249757224694
0.542668536305428,0.671453357441351
0.607675355246629,0.93024926004
1.58910906678977,0.546535272151232
0.0917340759187937,0.706590152345598
1.04655931610614,0.311207279097289
0.761635843638776,0.896733510773629
2.35893095835092,0.860086343483999
1.3669052189216,0.47473100409843
1.35541383456439,0.103177911136299
3.14017093917843,0.578661955427378
1.67892821497264,0.206006284570321
3.6298362573791,0.0603244281373918
0.842746112495661,0.831014117691666
0.260275979526341,0.379042827757075
2.61584357722642,0.0524848506320268
1.93772699489238,0.573652205057442
0.484575476141515,0.434820879483595
8.26007659318757,0.324280976317823
1.29831045123762,0.0830443133600056
0.230163474567235,0.751776099670678
0.488481597043574,0.49371906160377
0.824733335382088,0.225569204660133
2.95738086832647,0.682691173860803
3.4021529702652,0.497935417108238
1.00403108634055,0.934024793095887
0.31613855343312,0.210066867992282
1.95306477128508,0.654187985230237
1.29734047222883,0.902995090000331
0.900697073899209,0.532422294374555
3.73342677561526,0.0319372194353491
0.119478499163283,0.927632778184488
0.81244626455009,0.37988927680999
2.00088892496171,0.470763490069658
2.72068565889242,0.804395914776251
1.43552419721129,0.703171649947762
0.356256428215399,0.79701564903371
3.29625448270263,0.776675561210141
3.75421944988852,0.507656075060368
1.28712092712522,0.804792554117739
0.822537729516625,0.572569916723296
0.71851322799921,0.957606700714678
0.350691449102636,0.364930900745094
2.94932731224184,0.117346220416948
2.3012347909713,0.230289096944034
3.41843549437807,0.0157274440862238
1.27619387302548,0.641220615012571
0.535145908993576,0.243679487379268
1.84271320878508,0.549908603075892
0.546309324912727,0.500108116772026
0.805345226079226,0.368964690482244
1.8144578692468,0.646140455501154
1.40146798035308,0.629884117748588
0.19373472314328,0.710442639654502
1.58390754639151,0.182524820091203
5.92584133114586,0.388231484219432
1.43593925549454,0.167736061383039
0.0469373967498541,0.970576886786148
0.451746831648052,0.498986263759434
0.280918428905209,0.84646109608002
1.89111466381368,0.83457807591185
3.41005047766452,0.36603537783958
0.853179346770048,0.587143497541547
0.041526117362082,0.740878293989226
3.82545498741751,0.267128381179646
0.519617740064859,0.921695997705683
0.80779754991641,0.945778305176646
0.470799488015473,0.599908486474305
0.0342443361878395,0.692458185600117
0.921477956697345,0.819657929008827
0.942926885560155,0.165666092885658
4.4574916695518,0.409630628302693
1.21497157774866,0.208796681137756
0.80035150796175,0.233454871922731
5.79717425968418,0.203564151190221
0.609714479185641,0.617916770046577
0.0861818577691046,0.56540378392674
2.63379810555818,0.780491851503029
3.1654744146574,0.524612785317004
2.95650681091433,0.127437360351905
1.61389227575603,0.210662348894402
0.753057610233537,0.936257367953658
2.56192686027827,0.173128868220374
2.27015020689907,0.170059951255098
2.23040956436637,0.174395276466385
2.88961476957125,0.799823902314529
0.0837964756596767,0.965706957271323
3.36487955528035,0.038838894572109
0.970753449946642,0.95239860098809
0.861526454798877,0.472983530722558
0.1041687738367,0.593122228980064
0.35257287338566,0.328223011689261
3.63512850319613,0.686150141758844
0.235295888036489,0.27509347256273
1.28283657506108,0.546549414517358
2.00674863337519,0.166001106845215
2.99165462685709,0.809945906512439
1.68924488677623,0.77240718039684
0.294325864365213,0.777389471651986
2.95328615216498,0.581249774666503
1.51407285696583,0.0653187001589686
0.0168098389377271,0.785762971034274
0.0680232094600797,0.564727241406217
0.729148615151644,0.699645435670391
0.298228898085654,0.509756614919752
4.194007791952,0.0851893399376422
0.733205457217991,0.858135329093784
0.536831599287641,0.58837467385456
1.65357960007134,0.881610373500735
1.27055150549859,0.0750479896087199
2.29529499999228,0.467845284380019
0.894692968577147,0.505424758186564
0.244182146818089,0.603473617928103
1.13640303350985,0.809949833201244
2.24729841801979,0.336655522929505
1.2899305924175,0.512248226907104
0.746482098475099,0.476501783588901
2.07325785452121,0.484145138179883
6.29728478416864,0.466664154781029
1.12090310535809,0.235547836869955
2.29801119669321,0.570596696808934
1.20500915776938,0.164898488903418
0.539435846731067,0.336023825686425
2.74784808224979,0.735000194283202
0.0792008368298411,0.814871034352109
2.11903683646562,0.107314261607826
3.74640591053252,0.568136274581775
1.27800725679845,0.444222058169544
0.430598383769393,0.875435867113993
7.79596457960916,0.20124413818121
2.74853134146872,0.149175243917853
1.31616059411317,0.287603201344609
0.684060078114271,0.602354814298451
3.55076833052521,0.129958203062415
1.2676165997982,0.10871994541958
0.700286034494638,0.732344438089058
0.551121577620506,0.943792470498011
0.262431686744094,0.755668843630701
0.172998812968189,0.717892729444429
0.331425557844341,0.570604112464935
0.0864959308772617,0.874561145436019
4.41325219322867,0.0138277346268296
0.139386649243534,0.772123236209154
1.83537873989883,0.296918801032007
2.7897771857424,0.470072151627392
0.16817360650748,0.993190609849989
0.935550522059202,0.430581915890798
0.184583420139265,0.285039499867707
5.46005476613469,0.0107991222757846
1.15604774747044,0.141625970834866
0.287165772169828,0.877090668072924
0.992459335364401,0.765795930754393
1.18438308965415,0.715741395717487
2.8169005409767,0.306831807130948
1.4266901964023,0.670234000310302
0.458533029790628,0.364386092405766
2.1873640398586,0.140594005119056
0.831797052129776,0.276077008806169
1.48197714005104,0.123572056181729
3.21343208975481,0.0183135708793998
2.68492984577062,0.468104341067374
0.0558971418158681,0.336886962410063
0.217636711601767,0.323425862938166
0.944772022776306,0.867078042356297
0.429857960061714,0.83704079198651
4.20541729089822,0.56510256184265
1.87295625876152,0.253680758178234
0.498044962063432,0.937736668158323
1.66346173295876,0.583059220109135
0.370427298081346,0.380758775863796
0.519103625789285,0.953112999908626
1.25481589511037,0.592700800392777
4.49912631859012,0.176523493602872
0.647417256608605,0.849743555532768
0.837550077587366,0.273047891212627
1.14523435011506,0.940256643109024
0.0991808067848227,0.98233224125579
1.17535598576069,0.180901407264173
0.561721070847908,0.896402380429208
1.08978214953095,0.678005782421678
2.40355529814007,0.571372916223481
0.283370497284109,0.424490991048515
2.76248004092815,0.436290673911572
6.73514121737251,0.0418462872039527
0.137857970781624,0.894503543153405
3.13439902686328,0.317126699257642
0.893074984662235,0.556415574625134
0.585418667644262,0.891028202371672
1.47822351920822,0.261815568665043
1.67155512243854,0.72710324707441
0.325185804223516,0.220247729681432
1.82819370358231,0.0445793699473143
3.06081606430893,0.537886676611379
1.76201550654116,0.0463477056473494
0.75981336273253,0.857636155560613
0.350518909282982,0.417964247055352
2.32780753440204,0.394297780934721
0.866789262741804,0.818287067580968
0.0040535032749176,0.846221564104781
1.90374343358888,0.0636343001388013
1.63596145800295,0.49997106846422
3.80033411441331,0.221492390846834
0.337349001486849,0.953326357761398
3.26105856064345,0.366628943243995
Rho_s: -0.431284029136117
Rho_p: -0.324247343418994
IC Time: 0
