Rho:0.5
N:2000
1.91088415487649,11.554799194462
1.33710646443069,10.8473842539399
0.995763778379682,7.55883312364208
0.64735568035394,11.0127226770033
1.29238269198686,11.8810675972202
4.65732387800641,14.9029775217013
6.79353511299858,10.5826686506854
1.98530560723486,11.7582437726789
3.72213303280954,8.93648309184924
0.140156652778387,9.66656429723961
2.95943811519032,10.9607683232061
1.67381304121556,10.8598684432376
0.574124863371253,6.94352950913192
1.70291033142894,10.2841226726977
2.23777751988711,8.1347435401199
0.0181964701041579,4.29703487648632
0.896144028753042,8.16815036981719
2.48880802272799,14.2202729538704
1.77410365632715,9.80195392044704
1.18135465867817,12.2044445413635
1.90424369267168,9.88757194051011
4.38888158251472,12.5041106146626
4.60692885040312,8.4909959804987
0.329469313845038,9.63950030093238
0.462766950950027,7.77093017111335
0.615812985767103,7.50577281589382
0.210638719586334,9.37407981111725
5.10482438255973,13.4800490118083
1.79353626809063,10.5923469358606
0.261570942194075,10.1118341685627
0.0813131177816701,4.62987894555605
0.434140310622752,11.0371797733209
0.00999975659984587,9.50218515002236
4.086361028086,13.5551983712867
0.667097042314708,5.52701101980125
1.64078560936176,11.1724670711076
0.286687191935831,6.05838742853348
0.663977611509701,12.7143134194737
6.62504108216534,14.9871887156573
7.2822794641729,14.3096555062289
1.14668207988143,6.2660644316103
6.14037547609735,15.17944274517
3.6570273338068,9.92272689778619
4.10704413784628,15.2683503275008
0.641548900865018,9.55308679930357
0.0547285619766271,3.10002035374948
2.18917311905863,8.29332850433608
0.250099760586958,11.6331711596625
0.302597547182062,8.94795600351353
0.427443483844399,9.32696603542596
5.43931383986898,11.0271450307649
4.19302885313829,11.4207668076353
1.76627960833193,9.887932345997
1.35994033981115,9.56729764321902
3.10804667679553,9.40949652663925
2.54271433866563,15.5858598498555
0.830253224819899,8.08302082853431
2.51980364873054,7.51462413680755
1.37733425758779,12.6881397219056
3.17302924377804,9.22722111289454
3.94078050536995,11.109002280763
0.650277915214807,6.98017030741349
1.36507405061275,9.82039412641525
0.100026974383465,4.85415527661178
3.68926070613747,9.27117808073912
0.0136096533387899,8.58181569561984
2.13001522040906,8.48892317871677
4.074960373174,9.97130105720316
3.94837959838991,11.5680773789546
0.591367944143713,12.2062376286393
0.308910195880102,6.596225320515
0.795890762470663,11.006032496074
1.11643568892032,7.77735223781174
5.45510351260133,13.0073415023471
0.554867160506546,4.33691910000895
0.209290437833858,5.37348628497344
1.03093230421332,7.84655012476584
3.78650889901404,12.4040997668559
1.955310087567,7.05766501435471
2.78585887187543,15.5679669808114
1.28404619451612,8.06662798453603
0.406070348502948,5.5395278116219
0.317079944454914,7.7397314381863
1.94555857526912,8.91983414702531
2.49041710984,14.9811881764963
4.03211481852417,12.2453869969448
2.83660596806693,13.3998668591918
3.97352336330299,9.39212387502689
1.13548663444817,12.7842477933875
0.570121706463397,5.72163313871732
1.70677454202416,8.94461990481822
2.71608184083345,9.68051369914398
1.68918087511303,8.39445172349447
1.20003250917899,13.7072617489272
0.920280087944478,6.59823429669937
3.19855487413267,7.96471825701933
0.527397628873587,12.5665830051416
1.09777519293129,12.1613538216511
0.268400750731026,9.75296064150752
1.58316983646693,6.11119881825259
0.463146044775252,5.39413064670033
1.07496270630509,12.6214246532236
3.74031952379232,12.9272151731174
2.95152067171865,16.1559108553553
7.72867418821651,14.0154288109564
0.0463051106780767,2.97731741842431
1.18902646563947,10.2848616651319
0.670715741233284,6.33259594036468
1.82428426659646,13.0248978875359
3.70642760751729,8.76436769209466
2.29344196422937,14.2966704496876
0.475936430506408,11.2566423363831
1.28037732839584,7.35087161383728
0.433633881208774,9.69585446183804
3.4953256268179,8.73098439113454
0.558025011192768,10.1937903385625
0.522436990402639,9.44134194875159
0.362215386147976,10.5565786021449
1.26991748344153,13.1087369302625
1.42729145379035,10.4478186812891
0.0335927344858646,11.5968811304955
1.97452907255831,9.16380790180166
1.31955205369741,11.1723584887546
1.08443608973175,5.57452206846039
1.28864499554038,11.5322083068209
1.92431298076155,8.23613966727572
1.53803165700861,7.08082909943867
3.04649748931482,8.50616818484433
2.17419122896137,10.0631451261209
0.786580883897841,12.427293319381
2.46271252623739,7.73150360740891
2.1224386486316,11.4383310369271
4.12525351701264,17.1151461117669
4.40018312807696,11.4560216338426
4.29913390775151,10.8878873782618
1.63585086802663,12.3979114660642
0.796003513969481,9.31183905466059
1.6219705249274,9.16073787616411
0.493434728123248,10.7718026031294
7.24229378583741,8.65709759345549
11.0477879972835,11.2354452785368
0.00972843822091818,6.77522941634168
1.26650122366846,10.6868565890342
2.73273899211528,10.8286239933807
1.10229178145528,12.0618789814358
0.303491824306548,4.28342615253194
2.81182012433238,11.9732664146699
3.63718802092557,7.63602138919003
0.682988495565951,8.12301878478231
0.317304979345867,9.47621796839829
1.39499514355304,6.06459101949756
2.04191944926026,11.4111514082758
6.10941986706028,10.2356514105828
7.63840377543168,14.3310974361712
3.04238969815855,9.92322470075717
0.811006775125861,9.73751048539848
0.856220744550228,5.86914613908854
3.27412780548577,7.58216255150517
0.214253505300121,6.15436958306631
0.0663381555589349,9.19353496371874
2.98949344811921,12.160113648447
1.92485024678613,7.36866776752147
0.621218132786453,10.9456192890484
1.70769410657939,8.85222290554449
0.983952763490379,10.4485895062077
0.229842146858573,10.2236827152045
0.912626781364076,11.5543855944338
0.106339359655976,10.4504632320407
2.39699657625499,9.11694455524019
0.195453336462379,8.82333162877682
3.55204619631297,11.5825550955807
1.10383457876742,7.79012587626299
5.07928131123014,12.8258775455914
1.68488430223408,10.8718599719744
1.06318251788616,11.2559441665148
1.27796148043126,7.79735092617097
0.298427453264594,5.54342144275122
2.31725877497481,13.2870194998682
1.7724312978301,12.7677996532595
0.628885361365974,12.5702217222803
0.092920676805079,11.3316005999613
0.552961871027946,10.6398150313189
0.0731891486793756,7.38389507346468
5.29010012348123,12.6176828016457
0.837580409610487,7.80659522182179
1.64135283968391,12.1546689096796
2.71856831750813,13.4772809522586
0.235178734175861,5.94425132388577
2.9515294319201,10.2459383033356
4.95436671723552,14.9301500580486
0.0216823082306357,0.494240279656426
0.520722936838865,11.1176432320747
5.00940673400588,9.82182673429455
1.40820645511973,7.79741068486344
2.23507668628337,10.1437259243074
0.243786569684744,9.69535254589584
0.015691258944571,7.91102655793176
2.5910757369453,15.0475815696025
2.80595977215056,10.1373755155972
1.15570223983377,9.63013991695116
2.33218146293404,8.92546957574506
2.02074631655598,7.93772814113283
1.58996642558816,11.5983451350622
0.110931278641709,7.08520281428328
8.25079440493618,13.1052645102353
0.831191268749535,11.227860743076
5.08092461873717,10.0223629031667
3.05377077856998,8.28554273992145
1.74303432545605,6.59097408074239
5.36049537707992,17.6334791433208
1.40011282937098,12.2774669728116
0.789779108017683,9.99080099079318
0.4823112571612,11.049462490293
0.466649485834927,10.553363806212
0.415988378312593,7.00509073958191
1.88819908901098,7.24961298318463
1.96849812552704,10.1519678989132
0.0613963087252148,9.60265264201005
0.407424096949399,6.39067445237981
0.906753371469676,7.93886050667955
0.348955499008298,7.96142056763447
2.85035600496416,10.5214663505818
2.4050949922854,7.65532514100293
0.0395587561652064,4.89297172360289
1.87927935264053,11.0818298563581
4.62217085410781,14.996920756611
2.97223551535059,11.3052586284839
1.4959320834929,11.2455317150503
1.58487533024492,9.40607455324739
6.96377685907552,8.59455421793088
0.0458178799599409,8.4471770923693
6.34191735674461,11.5497430767447
5.31176352103181,16.778196531229
1.23497020546347,7.74314332365476
3.58709326369648,11.2275121851176
0.140428721904755,5.12965227427038
2.15091261818054,14.2385424395093
2.51103352374377,7.31999598370289
0.54763071931451,12.6522215005257
4.13571855036502,14.76488066042
2.68856023057344,13.6575826426286
1.20473573449999,11.0731375045729
0.767488966695964,10.6346224250917
5.08419095327087,12.1649913423276
2.75119583300295,13.8077430684288
1.07425729371607,13.4639150459117
1.94599342313254,12.8181020009758
1.88037084073026,8.23325903768215
1.53085712818029,7.34666031399773
2.59501469635285,11.7313133695916
1.35806211922318,6.19194469113836
9.18324306719955,13.6322686349801
2.82719515992289,10.2899726574591
0.64861761415119,5.36464566409909
0.0100782559947343,9.92662579776802
0.310655230656266,11.6271981956438
6.1234848644949,13.3915203841406
1.47725887401941,7.00693792026633
0.803512391634285,10.2446603830214
1.3289202991873,13.284836881038
1.06616003625095,13.0982164676057
5.65761400725613,9.36712549970617
1.26636777073145,5.9302775907512
2.61121190703454,12.5997140308417
5.38996933747954,11.2349484287829
0.46488611958921,9.83971341121148
0.961643285118043,12.5314334134585
2.34884529924932,9.18433364932757
0.223192646002915,6.83658593722023
6.00753651525746,12.4453726455734
0.0939023178070784,3.5260630654343
0.645663931269214,11.8534136308321
0.389060722853436,9.42886653124456
1.93426502487602,7.41450897900184
1.80141940908847,7.58754354019268
0.256216276437044,4.68486922487777
4.91979399670787,15.1538856446313
3.7296168366464,9.13735801290255
2.99744440225844,15.9548449488996
2.79873587174301,13.8194441434729
2.87097492615898,7.53378705246955
1.63937260637458,13.0622930453434
0.75762649346143,12.1125137848257
4.35958574314542,13.374822153843
0.652800807729363,6.75758384905195
7.65074874046159,8.58049039010173
2.87867433933501,14.5109670408161
0.870042906142771,11.0097267216998
1.12033741455525,7.41441105233242
1.36453506816179,9.2950356442725
1.8716985693725,11.8592051022603
0.706662431359291,7.61510493011003
0.495581904108847,7.67711050581827
6.83801609244118,8.39629737070721
5.79785250093708,10.4015626711005
1.98743629627034,11.6691022233957
1.10155324265361,6.94794344201767
0.1554367165667,7.96519341837957
2.72393572322073,13.4974376878621
0.263289897996257,5.72143928098129
1.55053537516835,10.4406064294926
1.39768394819441,12.7590957035967
3.51271647570615,9.72611041464825
0.623440845869482,12.3370394976296
2.10884775026681,14.7389248349585
2.42001190586927,11.882413750179
4.07461168600206,15.4056354325323
3.1064089348722,8.88480136295995
3.32611047022316,9.36734588745336
3.49543492106681,13.7019544960988
0.655548941344023,12.1436054421155
1.44739171924172,6.0077537709778
2.52170573166552,9.5962130391535
0.465374406427145,11.4159083364041
2.36429045713487,14.8194544013887
0.224612332880497,7.85551768881479
1.85873721531572,9.04185398233449
0.0589822577312589,11.8405222286736
1.00691797304899,10.5799817743165
1.81970107174459,11.0423578256683
0.273655590601265,5.26742006209448
1.28339093923569,10.2390702500603
0.910676221363246,11.2544845880305
0.72288912627846,7.18289954832788
0.173253771387954,6.14626357538976
0.17738092797533,11.825868959908
0.477829531766474,8.04354561545646
0.843339319386115,9.12656152567205
6.77101677077942,11.9421940190123
2.45934121674838,15.3628003020109
0.336894423551095,7.41763144051384
1.24957208428532,6.9440537368149
0.729430312653792,6.66228723252875
1.79247638414974,12.9883479052215
1.01833123527467,12.6295000073835
0.292109174653888,10.6015668524979
7.99734700620978,9.05050398419699
2.5017151608223,9.2645414181827
0.231969614529387,7.84408544071129
2.61201350568774,7.04292244183053
3.27048074710995,10.4411245334451
2.91476675176606,10.9705441727766
0.42258755251326,11.78701952398
2.07537556431236,8.02860235262871
0.0296478736188606,6.38683923199096
14.6485242462697,17.4643940333975
3.26347404701595,13.7976889040432
2.11257063739263,11.930428448881
2.24169456950369,15.0908759323406
1.10295481607318,5.88792601837527
4.14623622206931,10.880388929697
1.40601163393548,13.7803958863458
1.24916424788535,13.6871448920426
0.252794806845486,6.39433398999104
5.53934300293155,11.5743399954835
3.43383249251132,8.86900689385363
2.85978864360735,8.85625351411083
3.66709505377297,12.2399984233861
0.152897970723601,9.06229368239002
2.44559804341736,12.340547569243
3.80584949238186,8.3163740732021
7.42912579658342,13.3475806296174
0.475353664718568,4.22875155515506
0.953287037089467,6.31458496855443
5.92480187084446,11.4443203270709
1.63832371487262,14.4245301125835
0.665486468933523,11.0662948211919
1.24558687210083,6.45275102038407
1.30179334245622,6.06045728251376
1.18392780516297,6.22810379361624
0.275686474516988,12.2348807200479
0.713352068327367,9.19134030852828
0.437563383951783,7.53675109866549
1.09093409962952,11.1636717442403
1.77749081338598,14.3213413395798
2.62654107800665,6.99320221970549
1.98235286364624,13.6403061560915
4.6337393229117,8.13311931527162
0.171658667735755,3.07577776662301
3.04720495218425,8.69981125601809
0.0515087218955159,9.87029450610282
1.31459525320679,6.79488676478289
0.781414506025612,4.83796785423961
1.17797703768246,11.7813289804463
4.78171882871415,13.1426298734767
0.833954190835357,8.07964152698868
0.12902383133769,8.01686307686996
7.98739561341493,17.2780428397887
5.92028046662078,13.8854607391426
2.72899213238599,8.7088732696281
2.47742891489508,8.87747903743672
1.34652731195092,5.87676349437121
1.42671433876526,13.0794919570343
0.0596304719317229,8.34613246381021
5.58354921002872,12.8628508849683
0.87438536901027,9.10192699096334
1.43533581673148,9.79798170797973
9.46547134122198,10.5622603824312
0.973682878274546,9.16079298322568
0.562164530158043,4.42551989841237
3.70750165333363,9.50422026782808
0.916813537478447,12.2243958961597
1.691547896629,12.1460299670851
0.740212650969625,6.71271687324857
0.646911757397308,7.42145169130309
1.2296144310385,7.79302617915756
2.16355227670612,9.23588369341183
0.285786795429885,6.63713104275641
6.96700416090799,8.81827986016655
0.448886463418603,9.47146509677162
2.01014509974959,13.0707061357771
0.755944930016994,11.1523398241669
4.10023868575803,8.57303306559196
1.50931027146182,13.7531140766761
0.280292818322778,7.83292555919838
6.35885198249118,16.5176170730905
0.145888806320727,6.07516757469295
0.683526341803372,9.32837103527525
3.53569673713425,10.2480926467093
1.78144507474246,6.98964549800607
3.58155436428723,7.67875783410672
0.721940374442033,9.39666478950243
0.144302184693515,9.87976636637224
3.15013065917378,11.0710599948147
3.41497668007139,10.3380169427518
0.0939785037189722,8.68830005712983
0.209136000834405,3.84672104235675
1.43872696152868,9.17239030742766
0.209511272172496,12.135119473685
0.977521021850407,11.4633728865464
2.77450657991653,9.35029396292746
7.47177406040033,11.116324703658
0.672105003385641,12.4841412659006
0.865889996428689,12.6149017971053
4.11813007278328,11.7477252388984
3.27848262238999,15.1747374152501
0.694611327062937,12.5846138242054
0.218549002893269,9.44550585849159
3.00009675307159,8.10183036880104
0.766154674813151,4.74953884158539
1.81276055603268,7.23742674429139
1.55563362120631,8.92038136906996
0.765959833748639,13.1527873896686
1.23181661125273,12.6575292642662
1.28003538772464,9.03945224650373
2.20492823341903,11.9431134387252
4.77444552232452,11.4591608468716
0.130605328828096,3.76650593713309
2.70167095578256,8.8977586620171
3.16215877218132,8.79847879572414
0.548043578348485,9.4212896840861
1.68467802173438,10.8716095975922
6.08177942003975,11.7882698467251
1.01994688156992,10.0863733481324
1.44920367366614,8.96639265833739
0.120875921309728,5.60532647991007
6.33370460536251,9.75793962284774
0.0976386601105332,11.1672748416462
2.44868938670803,9.2488690763047
0.735789546743035,7.47306984387227
1.98311150456806,14.0008921465508
3.17573549954181,12.8740735502629
1.33046028297395,9.20961518767626
1.04231568612158,10.6696592810051
0.318197051551099,8.49757643227529
2.59060353218558,14.4423667608693
1.03234311379492,8.81674430707363
0.0201750064913178,3.28744949950879
6.00780536200771,11.5892967756553
0.240449765697122,9.17712732421153
1.86394156847539,10.8498456900832
3.0722674912024,10.3964532261052
0.326878893189132,3.7195093317966
9.19896043363105,10.7125584239396
0.979332054033875,9.88269749813335
0.933216195871277,11.143866797825
0.642996780574322,7.89973773969911
0.694464884698391,9.43408170365011
0.0589914502420967,9.90532566705377
11.0726079674144,14.7731899035679
0.763662798330188,8.89169256175633
2.72717445149067,9.56092179431779
1.49781139474246,6.42377864003058
1.08466374222189,8.14367638793481
0.434644921682775,12.3779866263463
0.706838903422857,10.6517525020371
0.950744325295091,9.75256424375077
0.18522419873625,8.35744395720486
0.237001855221907,9.34188062249026
9.07703337767973,11.3461983014992
4.89913871413693,10.7711389994056
1.0052181690806,7.07631474311079
2.6548478732908,11.2141107819321
3.80588267354255,16.7583279704893
0.101895446889102,7.94798356507166
0.550316322594881,9.68643432423342
0.136208783887851,9.12829967797407
2.01544016218724,10.4663526915402
1.59965231447461,7.68721364949853
0.619958384893835,6.28697693443972
3.79996816806124,14.1601705346423
1.59646001449766,13.4177046133429
1.71922691952669,8.43495342436378
2.69687760612907,7.71619024940629
3.72689123434906,13.9235264384841
0.0946292709559202,3.65699306177629
1.86394141606035,12.0810144055052
2.09370277441087,9.3719695651451
1.84140177435222,12.5444759789675
3.34803873656278,12.2924423445877
0.352199448272586,7.58438278672157
1.04818237852305,8.44123577275766
5.07099499155707,9.99905554689193
1.7859283107424,7.15497615839962
3.70164015872364,14.9467582971439
2.3637813515121,10.3371733476688
0.438671776093543,7.35658378817181
2.75277788556161,14.9957160338006
0.552809013985097,6.27276580897002
1.60246439642253,12.622886376159
4.17981569071241,8.85439320313903
3.17877244560008,16.2331185987287
2.81451221712501,8.36405725062285
0.320403331890702,9.71726689991423
0.305945673998028,11.9561636572245
2.88875159231906,12.0276004768794
0.663592054508626,11.7494753805418
2.57274972452762,13.1333840669523
2.18921766980531,10.972856279011
1.61794411007825,6.7533408278395
2.61709777629914,7.05401770997466
0.663749878294766,5.89505994007461
0.146346381865442,9.45591757113261
0.855191474368571,13.2792707608459
1.44367573617393,10.0215574334233
6.92567484047184,9.37797388003084
0.93193625845015,9.77282522961565
1.03720636489612,8.57386855478715
3.99906004948502,16.0673296494164
0.262317923828959,7.08508095362224
1.47443927894057,6.60863025216454
2.48866575575414,10.0547329891837
2.67101451187375,9.82809804432338
2.52808322562816,9.0424644661483
2.02441336392405,11.8275199485814
2.89506239724655,11.5419974451867
2.32107710271123,7.16378024535671
2.19692774831717,13.0241027324423
2.18856897327435,8.05856122541832
0.760652373544872,9.49560438979177
0.148946424594018,10.9197848001997
0.332699369008878,8.95263292384194
0.766966770261803,7.76674010076353
1.27342831995338,10.1757686738525
3.13270813025994,8.08279886238558
0.770037996953242,10.9786032252747
6.54249745573769,17.9333470827505
6.50189322199593,8.97277004957979
3.12484347883207,12.2326802427001
1.0376528777327,5.35578596538652
2.8592753002223,7.5519151344599
6.34735532071362,14.7294368700211
3.67814620939975,9.22940678634522
2.15840699388343,10.2666146103048
0.167136338539422,10.4321041985414
0.89383234269917,12.1119905660021
2.8285844287086,11.0841618565963
1.62764381236377,7.48368367590705
0.815734087489545,13.1684870903098
0.989625196903944,9.09674451102018
2.95542585832958,9.07943478622304
0.54737750440836,10.1864419569516
0.0579864795592685,9.36921445936979
4.64049370934196,14.8631566320655
0.176429510116577,6.74285505486966
4.04356842471247,15.7259987038063
2.5116532164717,9.39470323742057
0.0304872095584869,5.30281973446398
0.581966611556709,7.24290614134783
1.74299961095861,12.2840065888139
0.581333000212908,4.69199302719196
0.694843970976501,7.20731564048858
0.447282750304228,5.89636632222388
2.46305666669252,9.17790909482362
0.233934269286692,9.02304421007904
6.03067412938843,10.0241927940807
1.01851095538586,11.8298536253636
0.298034970648587,8.31455883566163
4.53527546276279,8.66101316720886
0.0531890692365427,9.51047425690585
1.20543795824051,11.7372676805578
2.6443377881402,13.3842693809194
1.41542759832984,13.8108990801643
2.1609440165663,9.34206673601187
1.0701621985063,8.56310448075629
0.351012063212693,6.29302809980027
1.05285238940269,11.7557099693022
2.79983039206263,15.4226559982575
3.76293188689237,11.1779155776158
6.29362943765832,12.2658158911881
0.149064837023616,11.8512490281354
5.64053390498568,11.2279859372676
3.23887924833183,12.9980698999233
3.11199060923585,7.54097066334311
0.758422398939729,5.97299441568037
1.14656202122569,10.5674987430524
0.0219531888142228,10.7415558386507
5.1954014112515,12.4968434785365
1.75526767215672,8.82116745131345
0.106091249734163,10.163948422799
2.35323138526621,12.7459695153208
0.512409777275824,8.45860209098546
0.176058353706305,9.10575685081636
0.00368263572454453,7.46811969567161
1.24032020475715,7.05976790233681
1.78214579253438,9.69323652586001
0.473187055438757,5.62441154568592
1.73019105560126,14.6449675277818
2.13008805733426,14.0001517299131
1.55224269582611,7.23445026241404
4.1174956744719,10.9000822951392
0.641504736997681,11.0522159440975
0.480288156308234,8.20878565251193
3.03351839242463,15.2880920405209
0.667275785468519,12.6626376671813
0.503906283527613,9.37068464041029
1.88640366486254,8.074270559687
0.690392436790985,5.70161069903429
0.0530417239060112,11.3443795000995
0.423122104265522,7.41478864147536
0.0866790467479148,10.4139388532232
2.62542753099444,15.0259792357388
4.73340066869683,7.95615926884868
0.86995661444962,8.33336702219302
2.06206686786356,14.7848226153861
7.4171043145926,10.600055218804
4.8504856934113,9.30432693932329
2.4344691260809,6.81560533888587
2.04842250972035,7.93107990056262
0.787097458727658,12.8557205220653
3.61545816172425,9.49963267891104
0.866081618703902,12.4641256197631
5.79808297719727,9.26064210058369
0.753282013349235,11.801371538947
5.08275957007833,12.5976206734702
0.731120465323329,4.97366037305063
0.174078065901995,10.3527333925051
1.45209403259762,11.772383732191
0.623954094476584,6.53435597714552
1.03221189205567,11.7132961981488
1.52989128680103,8.57573916803607
2.076871342873,14.8377876918924
1.04777742363513,6.30036289176086
1.01343749091029,13.4036242760648
4.96615600933261,12.218953010479
1.15128808002919,10.712805092541
0.990269735455513,9.71601687909686
1.10546715650707,13.6984861615383
3.54384230060463,11.3122630450574
6.17595240929618,10.8741616054085
1.68991893753294,6.72737191629821
0.329997689463198,7.31748697830191
0.810021587436433,7.43900184332556
6.62370800938378,8.40365644017227
5.8970279988266,16.8102467453285
0.375926934182644,5.83297201468827
0.268478038720787,6.10087409726998
1.08130179625005,8.48854510900722
1.03596141282469,6.77200571259081
3.6881827645275,11.7771874726461
4.08094787580853,9.92260706725133
1.10186951607466,11.1129135049872
0.288938006605078,8.56744910950536
1.78415854639354,11.3277792847905
0.0331591951522381,4.74974855777295
0.151382426731288,3.07582020462002
3.2359243070889,15.1347575664661
5.30750389744468,16.1639235955933
3.2218771475119,8.41556464809963
0.743153658695519,8.01457624865275
1.69585011891069,12.6600431486303
0.55078230984509,8.04560505239996
3.19577838463669,14.8595350056035
0.565428365953267,4.57960368821767
3.60517195967918,16.258398177409
0.0479000667110085,10.2189103045555
1.52735307740467,7.28718062725844
2.44388034558835,10.527518658565
1.54940422615948,13.1386511192901
1.29590616934001,11.6646521912629
1.57715275502744,13.2977015836376
1.14904427621514,6.42922060387262
0.141980688087642,10.1505611342403
2.12337500859404,13.0196064568982
0.221625227481127,11.3544758169098
0.454378969036043,6.13855520585061
0.397118941880763,3.97642747068238
2.19952007747235,9.17220981995947
0.356983132660389,7.21155052697903
4.78689702202506,16.3614786559624
0.21073095779866,12.1339835855649
0.482105561063784,11.4526476748229
3.39226758835797,13.7095875547992
1.122020740062,13.278471685427
1.66237223885002,11.9382553959864
1.86917580096962,13.8780848371046
0.879062394611537,6.09215694896778
0.973333043046296,12.4661813261797
0.376018268987536,10.5402525241328
2.27422856158557,11.6017086772309
1.36032334249467,12.2800830539902
0.0557256734886927,8.98496276156509
3.19140200300102,11.0202878879779
2.49830554417315,8.84871829273015
2.76533348104897,10.6127823578838
1.53870881340447,8.01020709815261
2.84788889793639,8.93249529020336
4.38581733752914,16.0956759772251
5.6992842437186,8.04682955392153
0.523854744970523,4.035624672484
0.408675921149552,5.6608007068229
1.12109072040766,10.1317252386047
0.49321061372757,4.19970130501028
1.00482735224068,12.1339419735425
0.135713183321059,11.2400703250877
0.542490993995936,8.47945313482988
4.30425523946224,9.3312864030257
2.35796668558362,14.7753597422799
3.4067505149353,14.9590380750006
1.87482378064635,9.18823606752355
2.57214428289774,10.9826270764338
1.2506013745442,10.9007599818121
0.740086023695767,5.48835873028649
1.04275082572779,7.78996293347578
1.21459933556616,9.87053411401714
1.23022463452071,9.40224926685043
1.2976359706372,10.2861890296394
2.46013900815489,13.9304084253885
0.480981420725584,6.66408977599426
6.50277987088928,10.6301455275188
0.107549978420138,2.41186622352631
0.934465524740517,6.10964684216143
3.58223462087994,10.0896977100957
0.470437590032816,9.25581888727837
0.541385715827346,5.3065040525873
1.7583042687678,13.6746883420678
2.79432190192823,10.927220581801
1.04389058798552,11.0334473156624
0.704805850051343,11.6158385544565
3.97696453989416,10.3485363664887
2.44042084171417,14.5695784375295
2.21177650048378,14.0759382243779
0.881716019147911,11.2041617694091
4.26629067185231,10.1683056498807
4.81597833617707,11.2499635241655
1.62243180697163,11.1455921492245
8.24129543783975,11.4480366691114
1.37720478791744,11.3347440150435
0.695844481699169,10.4627242200288
3.50227637199645,13.9022516368865
0.875514090061188,9.00098642302505
0.970715173520148,11.5832722852145
1.60096269210261,10.5861142446198
3.05852618796711,8.41007348630414
1.26571234501898,6.47488931657628
3.06060586603986,9.25863582712649
0.525321477844016,7.25095644487258
1.09436454970009,7.72543153506055
2.0257963015789,11.9979830521103
0.994771291219315,12.827303735062
2.63441703832688,12.9603191579032
7.36989281657052,11.3583176714639
0.397213167510927,11.8845797925965
1.42981860696118,8.58560207712239
3.17990136129742,8.41300192494779
1.18116645328701,13.5384169906919
1.83677436775508,7.07729710007032
5.26349202890821,17.0194146412979
0.550988776609302,10.4209957515521
0.700759413782186,12.0735244582039
3.94029299066153,15.5811318538066
2.56998368677243,13.9621496201711
3.36370942097208,9.42511190751004
0.225838830694556,8.56136252629154
2.48955467707458,7.71180419010381
0.00880407038413595,7.7686138335557
0.389672924764454,7.35186009627585
0.0830347435522511,4.6628443072054
3.62694812176709,12.780220355904
5.02570455868669,10.3475079287409
1.14383936237525,8.44721681086214
3.1163680482478,8.63789690970301
0.0424145357683301,10.0517786500472
0.999317741952837,11.7539710949627
1.12252281978726,5.54271795835685
3.15110734088306,11.291684343655
5.27998791237302,9.26757056159725
0.600122645497322,4.23902392537049
0.514244821853936,7.08073195254803
0.719274642877281,10.4661733979743
1.79323544903638,6.55017933606391
2.23198550273943,12.8814759124676
0.211711855479062,11.8411112336072
5.309741358952,9.47390283259841
9.38047698834791,11.5864849355845
2.01202903493288,13.3453994374193
1.23498093802482,13.4916113909362
3.80655125139241,15.1918646533374
4.30599105137657,14.546108661607
0.285898148082197,3.45812518724358
0.93358760047704,5.37770418455339
2.09450393600726,13.2725709580233
0.679716636426747,6.99880499471416
0.577463596127927,6.8008232297941
5.74671067263851,13.9376039686081
1.59959350331667,10.2872439872544
0.844367657788098,8.75889641179165
2.93436820043211,10.551549994746
2.53072144082727,12.3565951243702
2.70669558077099,15.1852048168192
3.46676473675256,9.02909112626301
0.943794688209891,10.2104870176192
0.232271230779588,3.92351622304523
0.374996024577826,7.27615353818843
10.0236587211591,12.1897986724185
2.1012630946094,12.1171476725608
2.36852178155425,12.2180481509122
6.91366516020069,14.7738251355114
2.69054317652228,7.41700051098364
0.152908349409699,4.9655559595567
1.21152208372951,13.1912049220957
6.15393739905129,9.65542151141401
4.6236987893743,11.4618846096997
1.15610725805163,13.6429140595836
2.70436454555931,11.1173092134568
0.0177229000253435,1.03881720027191
0.178575048747769,5.63052096042817
1.35084108635783,13.0645414337824
0.549521079286933,4.813858929218
3.11797586439138,15.9479479420261
0.112434952519834,3.42310581478003
2.73816291660852,14.9505578782738
1.27093182876706,13.2823031689899
0.496222411282361,9.181556192743
1.54667792460861,11.1171302607095
5.0576729213161,12.7294287719181
1.57330197280528,6.91557977226853
3.08745826391463,11.4221608042371
3.96095048678073,11.0187460745996
1.59426333001795,7.13221828671238
2.73163977256956,9.11998915438068
1.95324036656859,12.4341929260085
1.80070098667386,7.93043957529079
7.07804740550828,18.6390703165775
1.90526374979856,9.87016562873771
2.60262776344063,11.0119215358616
5.78610380271786,12.2059842853423
0.943974977491391,11.7846301373042
5.73428714241753,15.9579241916567
2.14007059103789,11.0832821808904
0.0472802074252588,6.59798825456079
1.00367922056466,12.9593140622841
0.726454056402624,11.6814624888695
0.698188617825508,9.25591721313921
2.02731025343555,7.45604157183082
1.53485828950118,7.81161377347964
0.257245848886669,10.6451112399931
0.763818218372762,8.48650294890831
1.89381996533814,12.6298904071573
2.85337900353556,14.1129582992077
0.911388663575053,12.1863642398983
0.0647111861035228,7.81815165470058
8.94120406386255,13.6791040572264
2.32325313451933,13.3526882415124
3.04668415320997,11.0279393183344
1.36960116960108,9.92088479597318
7.41253371339303,13.6927856813978
0.98957669921212,9.79111130028089
1.46134520003531,11.0631689083357
2.06759124799612,12.2858002077579
4.30193250228591,7.69718733953689
3.4279285637931,13.99678722451
1.25768836215138,12.5558654750757
1.90025523510508,8.32081065147364
0.121079612523317,11.5664755024945
0.0576983757024993,4.48013134641424
2.96771984769783,9.99151932124661
0.937583282589912,12.3667716595908
4.05013810763141,10.3399759384477
2.28974336004796,7.31867979544638
0.878989141434431,12.7366594833786
0.0693551572321071,10.66382240026
1.98741103550307,12.7098161762858
2.88708770419436,9.28420624810249
2.5858280173594,9.66772818934605
2.3252842555845,14.1714433755436
0.959546426311135,8.08077874808572
1.52421542434933,8.6908411327659
1.19448940269649,11.6659863120692
1.25488747563213,6.5932723888527
0.304673688077304,9.68514360207908
1.08294221758842,8.79977204224989
2.22116625673118,9.00517602819113
1.79258129725279,8.83879163332405
0.741491760946105,8.85629836748216
3.28239076184401,8.09059495969201
4.33939529165802,11.9801512871489
4.15013897774701,12.8628223491028
0.959597603417933,8.07132768099966
1.53436487275649,10.3076507989038
0.102019534446299,10.8234041980215
0.027485015558488,-0.717448068678866
0.206832012161613,6.18035779419868
0.526568980887532,8.38006647914825
2.61502205572071,7.1043407563149
1.05696580913957,9.10616923028495
3.83293047530537,8.73729156643612
1.39037954985144,8.7953478922247
1.70184966168346,13.8974536284541
1.8530943225229,11.2336768636337
0.0623672721703107,8.35365651976666
0.101395353674889,9.00422734239538
4.37936338384576,17.0833837205688
0.0219502998515964,8.35203808789674
3.75737249089365,13.6629682762193
0.519510306417942,9.91664172490499
0.562136958353221,12.5214497750345
1.94792145050035,11.5453369081066
4.91704354037471,12.983677820263
3.09729027358775,10.8315104657502
1.04019416868687,11.3566596892928
1.05779108125716,8.40232456212905
0.252117568627,6.23513404966657
1.91372914603891,13.1602213219679
5.27886934925742,14.0328198270369
1.86000244869831,9.26151211894436
0.588031930684164,8.89239157337678
7.16816611545026,8.25826765198962
1.66046510069611,7.8990609016268
0.50494731310755,9.40729261117002
0.137198180891573,5.60038621219575
0.455729991197586,7.79766093910251
1.74445400103815,11.9534280313698
0.0137801952660084,8.0264211282891
1.94096550895813,7.41911156548407
0.536694340407848,9.35183505620568
4.73613781829305,11.852665152346
2.0002192518765,8.34790816207874
0.0815189378336072,6.21585004735567
0.50071347784251,7.37341899382827
1.5030286925936,9.99567958761312
3.513105375028,15.1147720072877
3.22494338063483,8.14015187614809
0.256154065020382,9.80790947687374
0.563775551505387,8.49836961542719
1.6614943127239,13.3498233694027
1.48323782411689,10.2145182531808
0.370460391044617,6.78993261523367
0.571035576052964,6.33116420273149
0.501949973371932,10.883793647368
0.835853784104594,11.3654002721103
1.61250182977858,8.55711493288975
0.478928432296468,10.8439003274774
0.673013040795922,10.7203584827464
1.29038740601391,13.0292517832298
3.02828966596216,11.7079823806883
11.5755700760319,13.3753932657851
0.206061759963632,9.15510428084685
2.0339166856462,12.6421172709567
0.519855063881154,6.96277719017159
0.713145080022514,6.91785927848429
3.78580551693385,10.1603438553496
4.31852935601897,10.8523926170449
0.00503305795073853,11.3873341846081
0.168672195023011,3.46011961184016
0.380923087814157,8.48138529836078
0.459512133151293,8.05509290220503
3.2177026158381,8.39008364528927
0.150404629297554,10.9230495236919
1.03952078336407,9.62957843843032
0.331649128611607,4.96342825058399
0.6700689336285,10.2114026749866
0.737979555340745,11.8113955341323
4.00291967066098,12.9644455112097
0.410655971616507,4.20738735717508
1.5442969512091,13.5320336034746
1.52942116363885,6.66150359233222
2.65949631473961,13.8536465732974
1.69153583482594,10.1938636956362
0.644981890552965,11.3936608121114
2.22215831447308,6.99213391991379
2.77573602656923,8.62194073898633
0.576138333417475,9.34039674070466
1.14721345715225,12.7520890290756
0.744987935759127,10.1925138350626
0.419593507423997,8.66520847387568
1.29535769298673,6.00523127926171
5.59543321993122,9.70481814137705
2.73653782709482,11.6674375340535
0.82104810141027,9.66181489405084
1.05679006315768,7.14680063654926
1.86756815380397,13.6443190976884
2.21548079132083,7.71701066473718
4.24859635134168,9.10772151789756
0.0837125098332763,6.11134183901863
5.22717083378254,11.2828729160408
0.239463821398312,5.89045405092313
1.71780412170621,7.24604494345615
0.379921375189962,7.27957612307365
0.482460707426071,5.57195180863101
1.93151395856434,11.0693626038644
2.20919188662412,7.58160484551771
0.492562201805413,7.4026828505214
0.402172105232574,7.39748755395555
2.40049872352722,10.0189784928305
0.134216883529653,7.00512319331352
2.9797783231545,10.8415866437684
1.97156096055152,8.88771944590493
1.71683034664931,6.94935133207997
6.97329403045488,12.3984522437268
2.2119390348995,14.6741073852311
2.30838426007869,8.97518727552314
0.0548245242946651,6.12096278605179
1.15799037739635,9.76081461381194
1.32170948479325,8.86475551577731
2.6072373612875,11.1055036911143
2.21320471345427,8.27349582477044
0.588808004511353,6.5701459793837
1.26616667956114,7.68702232959623
8.57435110076364,8.75142451022298
0.368099074810743,10.1700659123582
0.262925390154123,3.41977814756387
2.80611004638087,13.9538089290743
1.11837499402463,12.2896944998804
6.05417282845745,12.7555693655146
0.163391577227899,7.29939955604367
1.47021662062945,12.7498267019925
0.140939462430279,2.691286429346
3.21456068300856,11.3917947514418
0.285422752611339,10.7675554321181
0.662389774806798,10.7883952791819
4.07860996184831,8.7232900362864
0.992367315106094,13.2353923463054
2.16056443742456,10.027294262336
1.88939448437634,12.8223974503964
2.58202529690208,14.2459809070969
7.38102297070337,11.8121659271366
1.18059878144413,9.34616292923507
0.522098487243056,5.66224451768752
0.910063425078988,6.45079520071394
1.4680380319633,8.230728503623
0.320074068382382,10.6350958883478
0.627405886559796,11.4622802683525
0.526173424994659,8.39361715821247
0.24786941614002,4.24074390274506
1.509015917694,12.1505634512671
0.983107920736074,9.18882039203315
2.29358027680757,14.8025696049301
0.265722750686109,4.10980972814963
6.4059224314924,13.6608147682797
0.0184632036834955,10.2819899318393
0.830476300790906,11.8860550532657
5.19198017645432,13.2657296361432
2.0052987038249,12.9879368000977
1.88062755196335,13.998605803528
0.575537029225413,7.18123411442813
2.46139655626359,10.4668079572008
1.31667440850288,10.2966594086599
1.44457306704464,9.65801726093939
1.20760922972113,13.0171257774865
4.02192407084589,9.68858145222313
2.43505970566514,13.8766068578355
1.46266547294134,11.9237376302398
0.382480857507891,6.29325301578591
3.1992143989331,11.5111574285431
2.88119565879429,10.0160267405431
2.33438374466243,11.3053193080417
0.288881397806108,11.3116350059151
0.717337489128113,9.58528566098359
0.506880722939968,11.1909099576375
1.05586108844727,7.13923117481282
1.78151150411906,11.6841501265708
0.372865446843207,9.02688770619766
4.63124632437654,16.1566705051217
0.840235145762563,5.30066076882107
2.5995231027806,12.9879229758444
0.908242243954513,10.9031004919628
0.0685006063431501,2.73997805244258
1.63687977578954,8.02774277917262
2.3848354089165,13.7492244797512
0.241588507778943,6.1457478848504
1.55829398521666,6.1063999414061
0.315931605635777,10.6613537250439
2.8693446999598,14.3641259547644
5.34761514862008,8.49010479964974
0.4512786462486,9.06377247486527
2.27230059310348,10.6533551094124
2.60608943357112,7.08607292233786
3.4613912848938,13.789515095413
0.111241284179537,9.28956608341671
0.943013742566109,10.8224344377435
1.76521522149184,7.02642247818669
1.202725879848,8.97802848277654
2.14164740956369,8.78847128979145
2.6358323599303,13.557402417795
2.92240906699807,8.24511038489186
0.640054725110531,4.54686919195512
2.64493572491453,13.6300638596473
3.18526145329517,16.1745309267743
0.638519176281989,4.90811633156993
2.31009295574369,8.8477901320756
3.62734015269165,10.3489074673238
0.828279110546608,9.38519518492606
1.25874752085656,8.29268166467819
0.286489076912403,9.2977962132291
0.216025393419476,11.5931249943923
0.162489335052669,7.86385049806061
0.00839740340453329,4.64529956744616
0.539843614213169,7.90270841538901
0.564475833438337,9.87750638947643
2.81879135565995,11.5248729332482
1.98933162911336,11.6332055962168
2.858886513691,14.543332712036
2.47340679346564,12.7017692544291
0.307418454438448,12.3510379661121
0.438462420366704,9.10108729373786
3.36765682680492,10.4024701155449
0.687057818286121,5.02213278826348
7.36092070820642,12.8208477628855
0.32459490393726,7.05470067554933
2.61688589668813,11.0014991175838
1.42554749447003,12.3024486810459
8.24033112409425,12.9327128645733
2.88891758762947,15.9571859186625
1.65260539969222,10.2241270071669
0.117717952467501,8.09815143696663
0.153371798447235,4.8445028421946
0.303474400696528,6.66312026831973
0.215835199808609,4.33208989236786
1.22000420332206,12.7953209280267
6.4947581287838,10.1397325686359
1.28522565215826,10.3379073602202
1.77218286684694,10.7408301852983
0.585163798470003,10.4584820544069
1.41365749194267,8.88189785171748
1.22548768855631,9.20442626002954
0.883731830865145,7.90944513035915
0.70727838203311,12.1563879367844
1.35322103556246,8.02624489252477
1.88517763177005,11.5772440206634
0.846033698694241,8.41632975489194
0.0589391347418487,4.49679343591789
1.31770916283131,6.492119683208
0.720922459848225,11.9195331461983
8.13161570909334,13.9563589567079
4.58648663501082,9.20598150557209
0.807522954419255,12.8399392112381
0.944056810811162,13.1702048827584
0.0244040088812551,4.03148662819066
3.26934728009586,11.4790085627416
1.33194602187723,6.69819182631747
2.55245996258202,12.0812335246672
3.27176340289834,16.2747446823149
0.728252463042736,4.89363296959826
0.640418172829409,11.9628347219182
2.2866213954145,11.8316533899832
1.13349520922417,7.60902228020254
1.58712601467016,7.26281990496722
1.66185401949202,12.060850273435
0.204336831777614,7.40017301055496
2.36612397796454,14.2231571200346
4.79267026086278,10.4940771059995
4.61074937482305,10.00877612614
1.74424208505991,12.5179693584655
0.771462156437337,12.0419878068315
2.695723997345,14.186033434785
3.1526855638433,14.4754545885687
1.54600885121955,13.5745811386179
5.39650133599467,11.4380430932166
2.3666257149631,13.8195046649605
2.25520694806221,8.7003300367523
0.631862693466246,7.82991547980728
1.27500978857279,7.21715512466428
1.62468751697781,13.1670592731138
0.38514856249094,5.39827794365891
3.33951202018147,7.48101055625512
0.883672571741045,7.21191514609322
0.966863915324211,8.02286886248209
5.14366515328117,10.2270112721269
4.10120438395028,12.6171276058603
1.01289747622125,6.09791759486498
0.477485236911559,10.6854665256419
0.710065917111933,7.79551485684865
0.95533191319555,9.34579740602481
0.419590457342565,6.84520157683494
1.88020735067664,10.203302695113
1.41902249484303,12.7747204359467
0.127497502602637,6.37454177013164
1.99937714814189,12.8482245033669
1.63337913445253,7.160714055928
1.50827431726756,8.38508185375618
3.00630374178442,11.119105773614
0.00152028631418943,7.52126810280705
6.54514791037808,11.303425319846
1.02160314284265,12.0121462001443
7.74319894283378,11.0131657777668
0.105074073553412,9.9782445193345
1.87379263333025,12.4501998141128
4.12350569276099,12.6016753691347
0.386047062514024,7.44366291533287
0.395979898189292,10.0671035134685
4.08495889073846,9.09069979451173
0.485668551176786,7.21520748913509
9.03455892899885,17.9460057562988
2.29301863714101,12.2576628395266
0.659634868207748,5.71259212385974
4.92344683756061,14.1949212347082
2.55413891366663,8.63572547549858
2.45186698800864,9.80851920668771
5.39787767429776,10.9019643927728
0.767000146210194,6.82074629943158
2.19798286192321,7.95581712532596
0.0401873150840402,9.15172263225165
3.38260646768205,14.0951275657932
2.8286087742692,10.6272706857239
0.902902196161449,12.012382004625
2.23094581431689,12.5581131992257
0.13256874870381,9.89842904105206
3.67623987903524,13.1619509261526
0.189577693506736,7.50305228197679
3.5126556715179,12.0015291173772
1.88267189935029,9.14999507574453
1.95408546633111,10.6153431439669
0.109055462518856,10.6544793406257
3.1933125516582,7.26700070353087
1.60460723555627,7.84867154265333
0.133305496536195,3.92725223428641
4.39964282859988,14.1990331624975
1.41267413467387,10.5821809938191
1.52579888466812,13.5125228914273
0.757736510597169,4.9695218524321
0.423443097621202,9.12600824910857
4.70971875985093,14.4016319213095
1.90459689776702,7.23648455266539
0.350847171619534,10.5666230431252
2.51472317791524,7.21662945252781
0.271958764642477,12.2364598653564
1.16975717103787,7.12294220992718
1.57562809723841,11.9007567439828
2.10148817292395,10.0670591264139
0.307939135469496,3.9180710080145
2.78946099976998,10.7131371539842
6.07151883411342,11.1995279450666
2.04790909610728,9.2928778201537
4.03171684948688,15.4379464409061
4.18119779576488,11.1112775533304
7.37558494093728,13.4148404291263
0.0284343091771007,9.19770695992891
4.63304577925374,11.6310642339249
1.90452089630316,12.1394514221591
2.3947215284312,11.8857830654865
0.804995061829686,9.36142481690655
2.44035325004699,9.49514988352369
0.769516605883837,9.57404667647257
0.00871372009953051,5.54299247470064
2.60909047900679,11.3465853321162
0.0619928799569607,6.663981212723
1.73783375112948,6.39587647862559
0.775096662342548,5.98086202223235
1.14214561020973,12.2924938186565
1.24004573468119,12.3356088250489
8.08017470843108,10.6188872331184
0.129375790561467,7.81805499467072
1.20244505442679,9.7774185545491
2.89953223808072,10.4342826341873
1.28379956725985,10.3652287892377
1.05173722561449,13.5943278952937
2.90030803887134,15.0692258163638
0.259444682858884,6.49630930848664
0.466213958859621,12.420559865858
2.8513489885438,13.7417209174161
0.490250420704451,5.48594027900882
8.77655754187956,13.4511101984077
8.96726707318678,15.3023515743492
1.4937576400148,9.01327913254231
0.307568250223994,7.63057766118055
1.87131802141041,11.4675959138717
1.41154342881384,11.4072494992967
0.611359613016248,10.350418985313
3.87314749864822,10.5949540297779
3.46047696784639,15.8671936944778
6.09967662360439,11.9128426990591
0.890101183205843,8.69292345966352
0.305900027608886,6.50834291929673
1.36105237528682,6.98182632426785
0.436174480244517,8.24040091162105
6.52851958539257,16.7758089509318
2.68733123867753,8.8306939340195
0.325164469890296,11.9856301801843
1.45377758485123,14.1275336337116
1.14615491870791,6.86477142237074
0.478959870593377,6.98142670687368
0.896103153005242,10.0635600040298
8.37261263230696,11.0405025278399
4.44631223727889,10.6869573924315
2.67005182794275,9.77737224541235
0.355452255345881,12.4377859755085
0.0125587172806263,5.68432094709964
3.56195089949255,14.9693424482469
5.37949902911611,17.2412525918986
5.33581669975944,15.1876314168034
0.0446794864900023,8.60022766723149
0.0828260480157828,8.4352900667162
0.0398108446970582,2.87790794918479
1.00009371712804,10.6218677214096
11.2745277178591,9.4917441837283
3.8433237968195,9.69331083258875
1.02663804349639,8.49930143119426
0.967402630056176,6.55202694802689
0.891890835016966,6.70081899323247
2.812798268925,10.0746820301505
2.37718658327105,8.26261714357695
0.745154988020658,7.46650019877439
1.49904064639452,9.42706837241642
0.975222499109805,10.1563358368936
13.9410622557474,10.3000518899278
4.16634108473487,9.60942352690959
0.990034037269652,9.72056141125713
0.151442084919501,9.63850925775511
2.24160449757221,10.7192729170949
3.58634396998172,10.9474433369207
1.1556682260707,12.3303923882516
0.488356715068221,5.26378474020791
0.554425038445584,10.4352504231199
3.08579654974823,14.4174472509754
0.201011939905584,8.18680522958839
0.457275811582804,11.8766464972248
3.80527722446208,11.947219246018
0.271550191809846,9.06827299618576
1.66659288286212,10.0470083152177
0.316326813772321,6.92232835179442
4.8651813228888,15.2921618721
3.16037491250292,12.09405771344
1.64210435180905,9.4311229548692
1.08254972565919,6.03219370768033
0.665680198930204,4.85255106536153
1.06011204703096,8.09959632999647
6.67380242016087,8.8723739388621
0.596754345111549,5.97092058235662
0.275707226737982,7.75636748259599
0.872298894450068,11.5220501511518
0.146438769996166,6.94735083820027
0.774430622346699,12.337450478832
0.884846583940089,7.70357139181553
0.728624803945422,9.0188584448217
2.5796492024416,9.03085993651081
4.75682960797973,15.6385723312069
0.36963813751936,10.1735483939783
2.31162067121806,12.199173891493
1.27168616745621,8.67170641274703
0.24099344946444,6.75075953381806
6.31575787850035,12.1922750959696
1.80015935926678,12.4844641006159
0.389148036949337,9.89704395627102
1.07427974324673,8.96538357361752
0.0750727667409919,6.5777291662541
1.2315594824031,9.05073603154594
3.29896013421898,11.9600941487714
0.743924338370562,11.6511251086377
2.56498051612618,12.8936147631531
0.850309978239238,11.2427387123992
0.511293593794107,4.85286085463581
0.0687631769513798,9.65973573340849
0.744967495091259,9.65407800439532
2.44748497373405,13.0543142896548
0.540526185489475,10.7690671653999
1.45561143188717,12.339467427277
3.30525273067837,8.80662758405534
1.15854221582413,12.9493567912545
0.698702674359083,11.8761342950505
2.7345531246716,8.15714470096031
4.1842937429709,8.4810252208865
1.62184485708954,13.3908861135256
2.4049703105444,10.7277494021864
8.84005484679594,13.078635174797
0.570689640939236,4.45750208241945
4.64583296676107,11.4984936357076
0.74667476862669,6.03721534263112
6.01230905916462,15.4802525431907
2.61777242078426,7.29212906640659
0.28000539727509,3.23081055830288
0.455571248886751,6.33316101853665
0.761570024304092,10.8148137691048
0.568636178039014,10.5331156634846
1.70816345648973,7.79766869298349
0.25164649761751,11.5380136246176
0.797180779278278,7.04128519930566
0.20199170415427,7.82039766430995
0.678588589653373,7.28911825029111
1.02775484589598,8.83770603160242
1.39784457179043,10.6280801064503
2.61054048120024,7.67198104677844
12.1464526348545,11.2913296435567
0.848010406829417,7.24145645011062
1.3806745512411,11.0293757661719
0.328534449411007,10.4354630799444
0.17916053161025,6.42914143045579
7.45129306042477,12.1130660481095
1.63315219779008,13.1685668728455
2.60162123284283,7.84139708136819
0.820350053720176,6.86017731252459
0.927770162932575,9.03869335041533
5.50472057958074,10.6365398317115
0.174326225183904,12.0071633673978
3.82926825789695,10.8901709781909
2.13363786165926,11.0454923109672
0.624668214514554,12.2938288171422
5.41618100156016,10.7422859061157
10.9953709574123,10.5742662822506
0.368035743013024,10.4963334256863
0.661332883872092,10.4545284908057
0.36470832292494,7.33222498004243
0.302097492957909,8.82254507450858
1.16736359987408,12.2743050910102
3.16049243865495,12.3489875731642
0.848810472525656,12.0833946870398
0.873395665548742,11.2788850159107
2.07959560855272,7.83737751418576
0.849534454292471,6.03339862402234
6.24270880869117,14.8119852856276
3.72338848787542,16.5640182635494
6.54768171872864,8.92876430714629
11.8663355999424,10.2452212759624
0.191417477093637,7.42296781109576
2.44680715716424,15.1447531780295
0.827558409422636,11.6899511933328
0.576898724772036,10.9923245124172
4.07388368232136,13.6717313745812
0.153268891386688,10.0436990473089
2.75178063652458,7.40061037156023
0.0997217204421759,8.53374601183432
1.0832927338779,12.4282663824892
2.06999437316301,11.3725610046262
0.232482114834472,5.8134511154456
1.04274919070303,8.04991169556544
0.120747469749773,11.3128995127309
7.1954548466475,9.81937340695018
1.50819719574394,6.74065982323431
0.142516331747174,8.44082510895979
0.117309799417853,4.41938021344384
0.802917596884072,13.0668703012805
6.00724769178575,13.0580644001898
0.701007386669517,7.66241716176843
1.0522119095549,8.81966440462305
0.701238107613604,8.23310822107348
2.93515654636507,15.3255296951327
4.55387395837564,12.9948330914175
2.00717158793452,14.1438940633679
4.44256499475778,16.4748723734487
0.39890144020319,8.34002136366534
0.350056695747404,9.10812897599715
0.607957108877599,5.00561407428733
0.38456224091351,11.9847580158625
2.36514572790804,9.69839482280575
2.77114910810235,7.67769329818815
4.13820947317367,13.250880986003
0.151426668278873,8.2921997538664
1.03854519594461,5.76618687120368
0.114069432020187,9.9111443420697
0.659378231374579,8.86515444920567
2.06770682140234,10.3552181648612
0.703585527837276,11.7842010169838
0.939849480055273,7.14697220717164
0.580901040281572,8.17474052738334
1.04716508369893,12.384588582996
1.25791615433991,12.4799025108663
0.256249040365219,9.40560233043651
8.70000139573469,15.7182033038864
3.31311648694758,8.2810825666693
3.14402682317381,15.0108938199977
0.195966875180602,10.9047459532498
2.2889843507761,10.8083804255764
3.9422657190073,11.3432911148822
1.45764867953005,6.61287757730186
0.192236671224236,7.71982008350259
0.168945900164545,5.79360878204327
6.09928765420819,9.66028828647617
0.0526857559854401,8.02318575421537
2.31647070597891,8.1832478239262
2.58560262798312,8.24778426040826
6.03236924078236,10.4178194475522
2.01310930951479,7.56452587399652
0.478927691535168,9.43308851293669
4.52604887236781,10.3804932625873
5.14181513686605,9.78903641402142
4.3220512976212,13.3344139390154
3.83921212686186,10.6940320286559
0.254296595230699,5.85573834519652
1.30159171205014,13.4852874731456
0.0532584671119781,1.91216254195234
0.846368593163788,8.53391996740038
0.786085345592565,9.20496698480962
10.0626456470867,13.9082825685741
1.07968064953775,8.64768035543247
0.314341426747534,11.36349836968
1.53420120259621,11.6399436690746
3.47220184874045,9.12633202324809
2.17540418345794,7.78906302550673
1.04354130569845,10.7383255848841
5.95119741525421,9.22540325694947
0.79865150526166,8.07014843771422
0.961041669361293,12.4498063534859
0.757182204335526,10.7036345328487
0.717485012505641,10.5887401559029
0.57217445038259,5.15620837986876
1.01741532701999,5.94338017274563
0.51930593047291,7.36548850431586
0.879160273820162,8.31970218089985
1.45746568527634,12.5380039564332
7.16897165737524,17.3946857628642
0.730075193569064,9.27763638834297
5.02497693498559,13.5843645439162
1.49357721541549,10.4124439501142
1.7640098621278,12.1632516381383
0.586646401323378,10.5491164045047
0.919957861304283,6.15257445532027
1.14617629814893,11.1009970847521
1.45049479036572,7.03875428041418
0.534621740810389,11.2611367469609
0.625231420656878,12.2062006967052
1.95317730671706,6.91369275966607
4.81306923528142,8.72726046907356
0.0709376465529203,6.86109169993075
6.76579382982025,9.63010384429237
4.56056909610458,13.6251498651111
5.19834394355245,16.8415816511461
5.57327197458515,10.2320238532416
4.7710987885756,13.3085551442628
0.356986971572042,10.0534435401721
2.72351724646034,12.8472558304052
1.25144293904305,6.26679373673658
0.320910847745836,9.66078882736675
0.312596550432507,8.18323970817963
1.09823407325894,9.20461331784243
8.33252391481204,14.8610032709359
1.26673561986536,13.7589133012593
2.73978795661571,8.98480974273652
8.50750801661863,18.9288888924426
1.6672848078393,14.1810792528063
0.221686688251793,8.41288083437837
0.059604081325233,6.72690237598875
1.52797863437774,9.59784873131304
2.84391059685082,9.31164043838875
3.20382642356639,9.55729339585027
0.735436890274286,12.2809615998023
5.31619093169398,11.8152188042818
0.372662751935422,9.87083177449133
2.29452635339441,13.9121440690699
0.987068793736398,8.71252202082707
2.26501535243335,11.4076136376438
3.10374678282027,10.6758530681818
0.380205701105297,5.69632352119245
2.14697688853942,10.9564109266989
2.46553320577066,12.0776313959507
0.397282861166012,7.73819270680075
3.47364373860841,14.6638800696223
2.1650472524667,12.2069530172401
6.68180635537872,8.36594397314736
5.21767110724874,12.7382440080833
4.56217219282813,12.2961620224024
0.368694636970758,11.3723878517235
4.34841667463012,13.8061008693669
0.235221016317533,11.0761402994475
1.70897307405433,11.0426368932539
1.41874558213216,13.0523203013432
3.10866843892222,12.3731809323734
0.487455820664763,9.04217195589941
1.13269636128098,6.93363460976168
1.70944925349336,13.7947279338325
7.99821887495828,13.8670697004804
9.67912582257643,8.95519571745081
3.91077302379494,8.41913490569718
0.0134470071643591,9.95325316901571
4.94337723751493,16.9892211139376
1.08151728566736,5.97691403188853
1.18796312529594,7.38070241572168
0.860190962437378,8.54088282735713
0.64308122638613,8.03824438865393
2.77886712906842,12.0489930639241
1.3168465513736,6.09961821448682
9.22661630013838,12.4203511075009
2.83879576979165,15.232658613947
2.2175599335784,13.2296331334282
0.413720501925554,10.3192678105475
3.19018704566339,11.5939161714359
0.139862903865296,4.366297827343
2.30472901082578,14.5394862894415
3.32039440778976,10.5434687876438
1.07704966608435,11.1951655494045
0.523960054760132,5.95026317024837
2.45857031448724,12.8457197282755
3.15979074669962,11.4076774268924
0.491668050177395,9.5800729586416
1.66485441358734,9.4531242364811
0.0383998425677419,5.24897557835577
8.03688858034921,14.7881843388091
0.720834611915052,10.2361774165278
0.2217272300384,3.80316478322582
1.7321115861738,9.41245160049823
1.02213305421174,6.0408391215135
3.34903966991191,15.2410147725559
0.454641258344054,12.5894459304917
0.548919819295406,6.97919693824581
0.615506038069725,6.23335303725005
0.498183681629598,9.22014067127698
1.95822029359052,7.07085983079046
0.685893191024661,8.48059884160535
3.410693783145,10.947730482877
1.2266385210678,8.56129920302023
0.662618999445497,9.37083264796183
4.45643237617148,12.2040119154966
0.390518346460952,11.4706023515161
0.783612530678511,6.81115594798119
0.942368130199611,6.98059762930873
3.47093741761667,13.8652489776952
4.24126196254916,8.7128869714608
0.857317371829165,10.2066498998113
1.32141600269824,7.70025284222136
0.191879270598292,6.61553426768031
0.766656792722642,6.50996902250233
2.48149616765731,8.59738992975315
0.444187230430543,5.58962019603575
0.704400458373129,7.30472951747566
0.948472398853819,5.31871586003207
1.1005991101265,8.35694220695239
3.92662208510523,12.8500713472813
0.164710963479773,6.19831086264275
1.15166226960719,11.0372183900303
0.704819832928479,12.1534524486703
4.05683179555421,11.5686133300196
2.17475192134596,7.71384835846194
1.90999390549006,13.0523825333374
0.272069022961181,9.43501150248507
1.24484277796,13.0938958802778
1.85189080392993,7.93621237270946
2.34793374306502,8.38631613035133
0.49779521021992,5.66171734792461
2.77020402244272,10.922139998025
3.70067187381868,13.4220122229565
0.213964815251529,8.42518028949831
0.0272405641153455,4.58716438083369
7.34142960193467,10.8056588476024
0.257972161285579,10.3793771877295
3.18039694646,9.77901184050156
0.143979595974088,12.0119572095965
0.685735964216292,5.01381546446149
3.99744988961105,8.57551970661164
5.01319040763428,14.0170941266881
0.0855253515765071,10.5585488295931
4.5159835921312,8.52420369410041
1.66721148966792,13.6972170769553
3.51508303017521,10.9027837541305
0.739943915194392,11.1804180738044
0.114426176995039,6.89398300754462
1.24837622512132,11.2077071463225
0.823147007264197,10.6794826322211
4.17866206207573,15.8452840982861
0.628577817231417,11.8735373256649
1.45345332651379,11.2923601301455
0.329654943197966,7.54064002756933
2.01099310061874,8.22063529079194
1.82920320224466,10.3264000150208
0.405029741115868,10.4687824719828
2.62983725956621,10.5047962743012
0.167970057242884,2.74202950803596
1.66231263368924,11.5754541715303
0.434603276662529,10.9275262594116
1.85750703694647,14.4629723374635
0.600191243388783,10.060807251112
4.38215423844063,14.4521951404398
3.59650478867774,9.54867869537576
0.703555094078183,11.7749393950412
9.16809508899107,8.96027628223237
1.08071543835104,11.353935068004
1.36353667359799,8.55184128372129
3.38348516805058,14.0850794693789
1.76028263933005,13.9357810318488
0.600974947214127,11.7279839197625
0.924684043973684,12.5122225813912
0.452285354025662,11.4041233082705
4.16484573085733,9.93997448549615
3.63271135820036,14.2692394887658
1.54550406871117,9.652862106912
0.0329744886621132,7.09879311677307
0.132548214284132,5.14200686770889
1.60796181476655,6.9786644979364
1.69217672310493,7.39393469975444
0.766942076385021,11.5755885089235
3.50615044666414,8.02737438128814
1.79627408174239,9.55660961285004
4.07606425119524,13.4825654587798
0.843764519318938,11.5695929822321
5.10267336824013,13.8948027595778
0.936512142105611,5.89261654082038
0.128387687933345,3.82200428718139
2.27984703882577,13.8690591104696
1.52624994761888,12.5153884069303
0.374910319224,9.26160022672429
0.933225926011801,6.30679408739734
0.310420063324273,7.79930737265549
10.1674321623226,13.5384172219709
0.0835174722597003,10.8025503988697
1.92913124143126,10.6716202567761
1.98508212942251,10.8677511398429
2.66653355388882,12.7634797093095
3.82092212123756,13.0971590033915
0.13434466243316,2.84450619012721
6.45861750807533,16.7311790341306
1.74820150826015,7.06303573026116
1.9703051318647,10.3994082415703
0.794150481000543,10.4681223173544
2.53827394536676,14.8418306134741
0.212738236412406,9.19871861720945
1.37885208707303,13.6360503984912
1.03048271220177,9.4542678936426
9.12920698308837,10.0991621122644
0.749832128958236,10.4019067697708
0.335110855288804,4.71091329470184
3.50205314887648,12.5090136204518
5.14431738340854,12.7701570247885
2.99298172427301,9.21534838008047
0.97459143679589,6.7162779906948
1.6179822720347,13.3590847642831
1.38077072426677,10.3168508717407
1.38193087652326,8.72004567854366
3.57896442554423,11.4881556585377
5.48199185331292,15.3431861887612
4.54065647323556,10.6596405482343
0.915887513197958,13.3955664903665
2.19841434611919,7.9622595610283
2.10122854440453,9.06000771020799
4.70004945832718,8.18405550093355
0.182792735286057,3.3345699747777
0.410026338882744,4.27943814395326
0.533572676591575,10.589930839834
0.651752331294119,11.8945963745236
0.254634766789842,7.70832597378432
5.94689238185539,12.9003547658828
4.52734640587993,15.9541056761214
0.603350388817489,10.0285294851715
0.685749978758395,10.3167210552319
3.19254905037905,12.4496810659239
4.76959542532392,17.3565813821969
0.051094119136938,7.32012952667679
0.935728581622243,11.0860433345485
0.405724325217307,5.98014780013303
1.31445093245454,13.8232591411785
3.61114932689186,10.0481520412567
0.183325622944466,7.83649741297301
0.0410543633624911,4.53846418494778
0.611684652045369,5.15109255027926
8.33185033233103,14.2245966088227
1.90933037168326,9.27375827932521
0.927075832150877,11.0631432879323
4.39437572260327,16.4929846404012
3.54642695344932,9.43268608125801
1.98407585724237,14.5586768754108
1.9715804542776,8.02192137826948
3.5911722628582,8.04672298738622
2.43341433643405,8.78551235813525
1.18586323410273,13.4786689010182
1.22484811302274,9.85027732106102
6.22483731772671,8.88687362035087
2.96831396150021,11.3909883814008
2.39936759500744,9.22126354842462
1.35786951705813,9.01185211345151
1.89964042781832,10.7308366345517
3.58581275476103,8.50233424668317
0.753872630186379,5.64633817445814
4.32632200022168,10.8025170627569
0.539757998660207,6.03168349307812
0.385790387168527,9.5014097544915
1.23660873901099,11.7285522982772
1.79116608939114,12.5948571597389
1.85671335636618,12.6201605948391
0.847772288136184,13.3040494031043
4.57005852063127,14.4498408969728
0.733542899601161,11.8058076714959
3.64798776044644,9.24800569064791
1.61099662995877,13.991985909427
4.34396207679935,13.5182478051947
1.37697519268841,6.7241802089799
0.58540468942374,8.79816566611728
3.5380817761827,8.46968480588659
0.500127869658172,6.18172380569318
0.994965470395982,12.3905085009479
3.64236312277479,11.1779669393082
4.0664728207696,15.1278476144901
0.128795783035457,3.82675265833424
0.829553433657997,12.8475921995476
7.13666332843614,13.7274626324441
1.45512187391643,12.8518825526229
4.92638490696378,8.00877622971285
0.662679848709587,9.65769505326338
1.49769942100609,9.77442186025395
1.01265325190075,6.90395882728898
0.729242173023522,9.41724674711493
0.0255625527352095,5.12879192880491
1.73617469138446,6.72759294347533
0.136378926225007,8.66531425760878
1.87705170366426,10.5796493794825
10.8732237549205,9.31231525576959
0.757953665108029,7.04851303388981
0.970910544733116,11.7143011825074
0.752220233002325,8.39375954518418
4.18765538745032,11.0227482610865
2.4523382744843,8.32262592710625
3.85676546880723,14.7371890926557
0.440601225942373,8.84823088242507
1.04866692516953,13.1563760492315
2.11361749834361,9.28671973848781
0.985447620841397,11.9155801221513
3.37423102540855,14.57499010961
3.82935149578338,9.42130012138144
3.00367333723192,13.1449799731445
0.243552561849356,8.4318718464358
1.34446043800563,11.8347298522727
0.586181866005063,12.4720623966296
4.90384561915822,12.7714646863543
4.8752570572019,13.2907100479803
8.09952054503274,9.67702116118072
9.67332468131437,15.5912641008014
3.49693956209307,11.6553486911275
1.69589278838577,10.3346737263348
4.08971210179811,9.85996191193636
4.98874155779309,10.979027418167
6.10612898408484,11.2012299394251
1.27732723737173,11.6512653101819
0.314984942066276,11.445354326873
0.435621628139341,12.5451424315769
5.04496376563735,11.332071558254
0.0319093614816666,10.3862148094568
0.249784848594871,4.60975410128681
1.62982133184212,12.1377391011326
1.8931181616241,11.9285376310557
0.326495646435788,5.08478619188626
1.42698920509758,13.616572520153
1.80878487616222,6.7906606432089
0.0781696187332273,9.91565132266294
0.795824103743796,10.9451070438446
0.00621767714619637,2.45762823030221
0.960069785825908,10.9806284784985
1.71979603349211,12.829787867842
0.454973539337516,8.25868339466625
0.532398982757815,9.82245361819128
1.78448075606468,8.04657890395239
0.456774996973919,11.3695503604462
2.61285602665486,7.0383399442587
3.12463256699925,12.0469433987709
6.73764958944092,8.52032117823173
0.353454638272524,6.6741944581494
1.31060166470706,12.6109620060694
1.9419788288975,7.54280854251052
1.1053348866149,11.531026585144
2.11953514805975,10.1405033126757
0.876493464224041,8.88639802219178
0.06516975723207,5.81046044027374
5.7486755546547,11.9942120090605
0.739572320922261,7.14002443151066
1.47239367096665,8.54128165702885
2.544054554952,11.8787383040747
3.13183132542257,13.559481339623
4.12611086675227,14.6887427623889
0.918245262466371,7.9758070504927
0.550451511517167,4.47967715509403
0.862593702971935,8.62399460842142
0.699642075904159,5.54060175429866
2.12968809708002,11.3684665745013
1.22888561058789,12.9451582516395
7.46685911300492,16.9053002871852
3.66739980487113,15.7722683784401
0.0242486878593382,11.5729600469825
0.209012788720429,5.99787929644267
0.650738175027072,12.4848307544629
2.86232681928163,7.33578387308282
1.09684944590854,7.42605433716324
1.32864026259631,11.2154680355791
0.689552019350231,6.53409971700929
0.457228534854949,8.73015488354022
5.65362334217796,17.5020961737164
0.963565607555211,12.569242185068
1.07648682314903,11.3277267478511
3.16361941752915,11.5015001709519
0.436684615910053,6.25387459883686
0.620291385218547,9.96938389720545
2.07647243030542,7.39402655574122
1.60345742470565,7.63985969174819
5.7061062302805,12.9387367174092
0.755321993261294,5.36880990369666
0.514174076384421,7.04413322962178
4.17141728164055,9.29534483805413
5.59578447010288,9.81983854159912
0.91860462911427,9.89261954014945
1.92986529312077,13.6322659120342
2.38825765243712,13.3838647141992
3.75000362453942,9.99349514105138
1.5706597579402,6.43350779173216
2.91998554584899,10.0079468963021
0.859974455088377,9.93571199258302
2.25094423062148,11.3443164860666
0.762014125097234,9.95583771260258
0.271238659508526,12.0151966410933
0.30737354233861,11.2486973755955
0.0315962303429842,10.521900659117
2.69078068799319,10.574538133718
2.32016789904776,12.7863281733035
0.448006055317819,7.32978345376304
0.0345340641215444,7.5092664538183
1.12620790209621,10.2122506661639
1.96885629176142,12.2490008573863
6.77583153512249,10.262200939584
1.3015668913722,9.13436662223445
0.0911615043878555,10.7190625587394
1.00956026371568,13.191865739458
0.301084092766532,9.0381450320229
6.70526386022188,12.8201578834407
9.23080970523252,13.5099579982663
1.3358876183629,11.4928314212019
0.810010041110218,5.97094866686226
1.0509953154251,7.64139508681487
1.88503704956713,11.2064533964884
0.743573880866326,6.56627865267642
0.821389777585864,5.34912725925208
1.08909959997982,12.8584917111151
3.39367680704962,11.902311921089
0.787496018223464,11.33156317229
0.510380692959756,10.1066567876503
0.836975428275764,10.3044738511161
4.07858287153726,11.0547190608496
1.43908565669301,10.9617735566507
0.330057132518082,8.7536199938998
4.32058564864883,8.28816601415675
0.377710647811002,8.3138436447515
0.130561835906032,11.8021474669303
4.20761818041034,8.33179333201762
1.65638363963195,9.36969763040378
2.29802945061567,12.0302708205068
0.183438820764422,2.76300250696534
0.0338831795379519,10.7295862176985
0.297882493700107,4.21301587631344
0.304787144996226,4.65681546652631
5.13409609205523,14.1867185550542
0.457614671438932,10.1734975306542
3.9638916477304,15.3225615769278
1.61694368711653,7.23629760996358
0.387820916313693,12.1498434595424
12.7615949683602,15.7329544327576
2.8186945806025,9.44990036329557
4.15027888847475,9.75908093773148
3.81074997393375,12.6731451516291
3.74657520262485,11.3209863116201
0.438504468649626,4.35443977928962
2.01792506306412,13.5305098427835
2.69215409076753,11.9378846535122
1.33743567764759,6.86577717707602
3.35642175359612,12.8603071848506
4.12128236500507,8.6698467303144
1.90079972274192,11.161502439431
4.63471018823417,13.0285919141609
1.92495509228649,10.771412539755
0.0458720708265901,9.59601638994284
1.53323467439952,12.0090207571146
2.93358917145019,14.0481302968827
0.599732830189168,11.4009540693377
1.72013705029132,10.7621888226966
1.27481980249286,8.21334979651524
0.573925418779254,8.62322005179811
0.411872854456306,8.2440655439868
3.65480902134036,7.55601497049757
6.48729957606564,17.8946043065487
2.63414494312348,11.9328897489079
0.937893454916775,6.78735554037604
0.227477040553978,8.69016773545551
0.805972255766392,6.98640469016623
0.0922216922044754,8.59440581986582
0.851659576132409,11.6488433096701
0.780722305111234,7.54301758006981
0.0766859808936715,11.8279846444702
3.43766621855979,8.96437804772786
6.97352601173234,8.54422107934056
1.08334126137197,13.3195417257659
5.78980482821727,15.8923220751346
0.763720670968926,8.39767962897071
2.0876225157732,12.134558285373
0.684435175347033,9.03328276290723
1.05175655148923,13.2880535086565
0.385287581942976,9.79341765785144
2.34745714618805,13.1586702443372
0.519837221055586,6.65117807120635
3.28397240845447,12.7404426837684
Rho_s: 0.47953123938281
Rho_p: 0.44331605515594
IC Time: 0
