Rho:-0.8
N:500
1.91088415487649,11.0975291052446
1.33710646443069,8.65419197456704
0.995763778379682,8.49840170723977
0.64735568035394,13.3435093201673
1.29238269198686,9.63791662074481
4.65732387800641,8.59131319176289
6.79353511299858,7.17525397254957
1.98530560723486,9.74439833673381
3.72213303280954,10.1278534117028
0.140156652778387,11.3575130364018
2.95943811519032,8.65848485403841
1.67381304121556,12.6194393227027
0.574124863371253,12.0054912356451
1.70291033142894,10.2755137965842
2.23777751988711,8.6431191034669
0.0181964701041579,17.5557303195789
0.896144028753042,10.9945873914667
2.48880802272799,8.8697949836224
1.77410365632715,10.6242722808367
1.18135465867817,9.00146404227369
1.90424369267168,9.47432496731453
4.38888158251472,5.98855625337732
4.60692885040312,4.95177436819073
0.329469313845038,12.0348771981618
0.462766950950027,9.81129732646288
0.615812985767103,11.7649661787959
0.210638719586334,13.0121231168553
5.10482438255973,5.86621251141197
1.79353626809063,7.30657539613232
0.261570942194075,11.2852404000685
0.0813131177816701,15.8524986793303
0.434140310622752,11.0569177507509
0.00999975659984587,15.5081207475987
4.086361028086,9.49084387190083
0.667097042314708,12.6067775853576
1.64078560936176,9.90458582194895
0.286687191935831,11.4889381105987
0.663977611509701,13.7541222498827
6.62504108216534,7.52236155595729
7.2822794641729,3.78428303248526
1.14668207988143,12.7273653179426
6.14037547609735,1.94613174896834
3.6570273338068,4.87489545560851
4.10704413784628,4.77426234683481
0.641548900865018,13.6843741449451
0.0547285619766271,17.7055365933304
2.18917311905863,11.4073120535492
0.250099760586958,10.6121393562058
0.302597547182062,11.8713620493732
0.427443483844399,14.4893062668384
5.43931383986898,3.22512229280679
4.19302885313829,6.26898636955201
1.76627960833193,10.1995956341209
1.35994033981115,12.3229751321495
3.10804667679553,9.29616772671019
2.54271433866563,8.19821913841699
0.830253224819899,12.8280187574806
2.51980364873054,7.23553152403254
1.37733425758779,7.28876951792941
3.17302924377804,10.6768158311482
3.94078050536995,4.4180204400878
0.650277915214807,8.9667082151347
1.36507405061275,10.7133987740545
0.100026974383465,16.645289909781
3.68926070613747,8.34077346622637
0.0136096533387899,13.3063868090358
2.13001522040906,9.80429939545366
4.074960373174,5.20784923106102
3.94837959838991,9.57545749267339
0.591367944143713,10.4910924378429
0.308910195880102,12.5713073110116
0.795890762470663,8.68814877979737
1.11643568892032,12.1377129059959
5.45510351260133,8.93170820554005
0.554867160506546,11.6697323186017
0.209290437833858,10.7981400887015
1.03093230421332,11.0501097670247
3.78650889901404,3.90034210910066
1.955310087567,9.25279215353044
2.78585887187543,9.80947887695243
1.28404619451612,11.69381444464
0.406070348502948,10.9997294516286
0.317079944454914,12.8675664518678
1.94555857526912,5.79563859450204
2.49041710984,6.92675455699686
4.03211481852417,9.09218668719551
2.83660596806693,4.91344230459788
3.97352336330299,5.73476887651875
1.13548663444817,13.4086603395748
0.570121706463397,9.76934506978908
1.70677454202416,6.56605855519847
2.71608184083345,6.2576450976938
1.68918087511303,6.77661762068452
1.20003250917899,11.0435507086655
0.920280087944478,11.283365462812
3.19855487413267,10.5403884016489
0.527397628873587,11.4956736019161
1.09777519293129,12.663115788899
0.268400750731026,11.9990500395041
1.58316983646693,6.53538515837011
0.463146044775252,11.7462728525537
1.07496270630509,12.3924047543816
3.74031952379232,7.87272445549298
2.95152067171865,10.734126519255
7.72867418821651,9.10430334664263
0.0463051106780767,11.4895740868373
1.18902646563947,9.25580202565222
0.670715741233284,8.95192965829069
1.82428426659646,10.4179975859436
3.70642760751729,7.63509618454769
2.29344196422937,7.60863580590434
0.475936430506408,10.8353610695893
1.28037732839584,8.25297854248427
0.433633881208774,12.6369677735328
3.4953256268179,10.090064271338
0.558025011192768,15.501994377301
0.522436990402639,9.721916306025
0.362215386147976,13.036881377158
1.26991748344153,12.6198451604936
1.42729145379035,10.1907487694422
0.0335927344858646,16.0674691060611
1.97452907255831,7.11430289368257
1.31955205369741,8.4716471501657
1.08443608973175,10.2850228031746
1.28864499554038,8.28940277547278
1.92431298076155,6.06633056924466
1.53803165700861,7.56430214071655
3.04649748931482,8.62334458605306
2.17419122896137,10.397326683436
0.786580883897841,12.9552725165706
2.46271252623739,9.19064708877681
2.1224386486316,8.01505299921131
4.12525351701264,6.62152705227279
4.40018312807696,9.03857128945021
4.29913390775151,6.84644346145657
1.63585086802663,10.9841351824624
0.796003513969481,10.9804125542255
1.6219705249274,11.285842748785
0.493434728123248,14.8704999032047
7.24229378583741,4.07745396664561
11.0477879972835,7.80461684930292
0.00972843822091818,14.6521861635861
1.26650122366846,13.3319410398701
2.73273899211528,8.67831247182759
1.10229178145528,9.86778678747661
0.303491824306548,10.805501476784
2.81182012433238,6.51307343289292
3.63718802092557,6.49592877636916
0.682988495565951,13.110096258694
0.317304979345867,10.057318599424
1.39499514355304,11.076161440484
2.04191944926026,11.6187868153304
6.10941986706028,8.56266290232892
7.63840377543168,5.06628732303064
3.04238969815855,8.53695369023865
0.811006775125861,14.0553463552723
0.856220744550228,11.0829487167728
3.27412780548577,7.6836895131118
0.214253505300121,12.3844560183085
0.0663381555589349,14.0839970416275
2.98949344811921,10.7718010927525
1.92485024678613,9.52634953988423
0.621218132786453,11.4109365660685
1.70769410657939,8.86718634444762
0.983952763490379,11.3711962695188
0.229842146858573,10.9636474157352
0.912626781364076,10.2295768221
0.106339359655976,12.8526547146489
2.39699657625499,7.78747906310588
0.195453336462379,13.1903895895824
3.55204619631297,7.98134898121606
1.10383457876742,9.06685013630188
5.07928131123014,3.62333171569364
1.68488430223408,7.59213681753153
1.06318251788616,10.9484494635546
1.27796148043126,8.16508682214449
0.298427453264594,13.2784636503236
2.31725877497481,11.5342001234428
1.7724312978301,7.93643386150589
0.628885361365974,9.6827653303186
0.092920676805079,12.5101316206001
0.552961871027946,14.4014397259047
0.0731891486793756,13.5044748318567
5.29010012348123,8.23608751274064
0.837580409610487,11.8586590281396
1.64135283968391,8.60418321841511
2.71856831750813,11.3052850023031
0.235178734175861,10.667594050816
2.9515294319201,6.92546064259833
4.95436671723552,9.62368097683802
0.0216823082306357,16.213212778943
0.520722936838865,11.1934141361233
5.00940673400588,6.00292327370793
1.40820645511973,10.2672727572959
2.23507668628337,9.11683492680314
0.243786569684744,13.0659371851622
0.015691258944571,14.1273303531863
2.5910757369453,11.0086180962154
2.80595977215056,10.9695371804308
1.15570223983377,10.2879046122543
2.33218146293404,6.82950030413242
2.02074631655598,6.18511073458343
1.58996642558816,10.8976245829481
0.110931278641709,12.9562031037636
8.25079440493618,6.49998164452235
0.831191268749535,10.8852271505642
5.08092461873717,9.01035273962358
3.05377077856998,10.7135754124046
1.74303432545605,12.2709230051348
5.36049537707992,5.83649325459701
1.40011282937098,9.18589116367642
0.789779108017683,13.4468283050969
0.4823112571612,12.1620495346052
0.466649485834927,10.1533199704798
0.415988378312593,13.2506239255016
1.88819908901098,11.3868348704267
1.96849812552704,10.5460895732536
0.0613963087252148,14.8109588392568
0.407424096949399,10.7710098686566
0.906753371469676,10.1807808602725
0.348955499008298,14.9732417187953
2.85035600496416,6.79747392380897
2.4050949922854,9.11969852089589
0.0395587561652064,16.5346501801021
1.87927935264053,7.14625136908846
4.62217085410781,7.76581185752019
2.97223551535059,5.56348343060264
1.4959320834929,10.4559284698445
1.58487533024492,12.0272233180456
6.96377685907552,3.56314591457776
0.0458178799599409,12.0221075656544
6.34191735674461,5.78969574776247
5.31176352103181,8.50994736008118
1.23497020546347,11.4518422833673
3.58709326369648,9.32191751824785
0.140428721904755,13.4606320057783
2.15091261818054,6.62383189757986
2.51103352374377,10.1216885237618
0.54763071931451,14.4351417401955
4.13571855036502,8.67974479425959
2.68856023057344,7.67281821042614
1.20473573449999,10.2582472512443
0.767488966695964,10.7546325290583
5.08419095327087,7.78880455667087
2.75119583300295,9.47074429674289
1.07425729371607,10.2806463558367
1.94599342313254,8.11909686008692
1.88037084073026,7.88751934059109
1.53085712818029,9.4362762302149
2.59501469635285,6.60396367071993
1.35806211922318,10.9322591467416
9.18324306719955,7.64217533874135
2.82719515992289,8.15295033107358
0.64861761415119,14.2011117563383
0.0100782559947343,13.6735054967409
0.310655230656266,9.90978779912609
6.1234848644949,9.43061733676828
1.47725887401941,8.70313569216214
0.803512391634285,9.7167963501353
1.3289202991873,12.0063791049421
1.06616003625095,11.978587891988
5.65761400725613,8.06784752590602
1.26636777073145,12.2619027517597
2.61121190703454,7.14149875050478
5.38996933747954,8.19643521896885
0.46488611958921,13.3618364980529
0.961643285118043,9.46478043614274
2.34884529924932,6.18365847465082
0.223192646002915,13.6236027175142
6.00753651525746,3.30190076317715
0.0939023178070784,14.6448198205234
0.645663931269214,13.6317042028356
0.389060722853436,11.1978542235342
1.93426502487602,6.12773625312475
1.80141940908847,9.5976454351313
0.256216276437044,12.5453069604807
4.91979399670787,7.31155655591347
3.7296168366464,8.5138027763383
2.99744440225844,10.3279135287115
2.79873587174301,5.30945098497886
2.87097492615898,7.87369649870337
1.63937260637458,8.00988663012597
0.75762649346143,12.4091472239678
4.35958574314542,8.48593112889352
0.652800807729363,12.0253284747042
7.65074874046159,1.55028917680454
2.87867433933501,5.36070884806245
0.870042906142771,9.26982056062921
1.12033741455525,13.0131155115578
1.36453506816179,7.74135008085925
1.8716985693725,12.0001139788096
0.706662431359291,13.4246466264916
0.495581904108847,11.6962759482531
6.83801609244118,8.82592059067786
5.79785250093708,5.31264540078161
1.98743629627034,7.49282123544173
1.10155324265361,13.5994683561473
0.1554367165667,17.1310447712562
2.72393572322073,8.52150847433564
0.263289897996257,13.1934308603281
1.55053537516835,7.6904369688817
1.39768394819441,9.77530687670054
3.51271647570615,9.66482178875568
0.623440845869482,14.5078571640565
2.10884775026681,6.10382269801208
2.42001190586927,7.11831139252762
4.07461168600206,5.46486319576395
3.1064089348722,5.99619717267845
3.32611047022316,8.75745954165024
3.49543492106681,5.00937522844027
0.655548941344023,10.4965501127699
1.44739171924172,7.18213809564819
2.52170573166552,6.14931832205709
0.465374406427145,13.6399588615865
2.36429045713487,9.03896935150193
0.224612332880497,14.3663626786335
1.85873721531572,9.17239445334908
0.0589822577312589,12.586741604403
1.00691797304899,12.4747612445019
1.81970107174459,12.2197572247167
0.273655590601265,15.181724999692
1.28339093923569,11.3887359497392
0.910676221363246,14.0417849213846
0.72288912627846,11.8655893955078
0.173253771387954,16.8019608174722
0.17738092797533,12.7088396113733
0.477829531766474,14.3037936257349
0.843339319386115,11.9548782800921
6.77101677077942,9.23950603623894
2.45934121674838,6.11281463608167
0.336894423551095,15.8884900017522
1.24957208428532,12.4959884775175
0.729430312653792,8.79709753603242
1.79247638414974,8.05474832182867
1.01833123527467,10.9252919578851
0.292109174653888,14.3372866519758
7.99734700620978,5.47635635791686
2.5017151608223,8.04500311903296
0.231969614529387,16.5253142307399
2.61201350568774,11.0085194448866
3.27048074710995,8.79550758632861
2.91476675176606,9.76333146393204
0.42258755251326,12.386135950965
2.07537556431236,6.82141144839973
0.0296478736188606,13.5186713900744
14.6485242462697,7.94730059404751
3.26347404701595,6.50344064011537
2.11257063739263,10.7544496684829
2.24169456950369,7.30438427585847
1.10295481607318,13.4268449265915
4.14623622206931,8.29151149931502
1.40601163393548,10.5193798984986
1.24916424788535,8.76865538024592
0.252794806845486,15.0127242950801
5.53934300293155,7.6734665139072
3.43383249251132,8.81833066152398
2.85978864360735,5.79392070325003
3.66709505377297,4.75480646023886
0.152897970723601,15.9549474463951
2.44559804341736,6.28090721945552
3.80584949238186,6.93250009227204
7.42912579658342,5.73327790079335
0.475353664718568,11.6393272653996
0.953287037089467,13.3860660201377
5.92480187084446,4.95134514923924
1.63832371487262,11.116600230397
0.665486468933523,9.63815879345024
1.24558687210083,9.15423192656699
1.30179334245622,8.1661177001734
1.18392780516297,11.9726234892156
0.275686474516988,13.9461239504432
0.713352068327367,12.6829312908287
0.437563383951783,13.4140967282248
1.09093409962952,12.7067918485692
1.77749081338598,10.0797475021943
2.62654107800665,8.8198063550597
1.98235286364624,5.50377405091175
4.6337393229117,5.21624934015952
0.171658667735755,10.5776539644132
3.04720495218425,7.76727208216956
0.0515087218955159,16.8329711433333
1.31459525320679,9.58935724924615
0.781414506025612,8.84699764129788
1.17797703768246,11.09130794038
4.78171882871415,9.4537098204112
0.833954190835357,13.3476370856077
0.12902383133769,12.9843705866409
7.98739561341493,5.39839804028795
5.92028046662078,7.7573737815069
2.72899213238599,9.65256349274134
2.47742891489508,9.04405152074685
1.34652731195092,9.79601206702682
1.42671433876526,12.0005632580828
0.0596304719317229,15.9179284247461
5.58354921002872,5.42388272164091
0.87438536901027,9.28657849417751
1.43533581673148,12.3193434230893
9.46547134122198,8.61906531646223
0.973682878274546,9.35361539670647
0.562164530158043,10.9030315269288
3.70750165333363,9.75042587246021
0.916813537478447,12.4000665338153
1.691547896629,8.20472256514064
0.740212650969625,12.7267541833566
0.646911757397308,9.60755424318416
1.2296144310385,11.2411688147172
2.16355227670612,5.41353040167036
0.285786795429885,13.1255555639491
6.96700416090799,7.84333454950179
0.448886463418603,11.31915268339
2.01014509974959,8.12435049767394
0.755944930016994,12.3807167939464
4.10023868575803,5.93534847630616
1.50931027146182,11.7432848805435
0.280292818322778,15.7530048946734
6.35885198249118,7.14467413487161
0.145888806320727,11.118429271941
0.683526341803372,14.1700123833089
3.53569673713425,4.52916740957514
1.78144507474246,11.7794362634783
3.58155436428723,10.4259977841064
0.721940374442033,10.2751146349899
0.144302184693515,13.7050704819583
3.15013065917378,6.05263866045104
3.41497668007139,10.0412671962562
0.0939785037189722,17.2320331694292
0.209136000834405,12.0321613135375
1.43872696152868,12.7045155348746
0.209511272172496,14.593290024098
0.977521021850407,12.6345739273165
2.77450657991653,5.7287899727194
7.47177406040033,8.11224168366569
0.672105003385641,15.0303537813256
0.865889996428689,8.5609483498039
4.11813007278328,4.70692694266327
3.27848262238999,9.07519714472783
0.694611327062937,10.5813737851337
0.218549002893269,11.9289875740307
3.00009675307159,6.27477945890228
0.766154674813151,12.2225393515227
1.81276055603268,9.66094461191182
1.55563362120631,9.79475599775803
0.765959833748639,9.87601521883532
1.23181661125273,7.79296583643358
1.28003538772464,9.40093883954165
2.20492823341903,5.94696946337462
4.77444552232452,3.81694883741465
0.130605328828096,11.550134760108
2.70167095578256,8.50575730355002
3.16215877218132,9.72534987971284
0.548043578348485,14.6593979638922
1.68467802173438,8.43427980418264
6.08177942003975,1.4861863960187
1.01994688156992,10.438216671406
1.44920367366614,7.92298389988787
0.120875921309728,15.1356980390109
6.33370460536251,4.44493309882369
0.0976386601105332,13.2037615777298
2.44868938670803,9.75218284532642
0.735789546743035,9.73877758747211
1.98311150456806,8.21566765418135
3.17573549954181,5.14046024060295
1.33046028297395,10.4399704881892
1.04231568612158,12.1283043590628
0.318197051551099,13.6832612227614
2.59060353218558,8.63114974406668
1.03234311379492,10.7784216793261
0.0201750064913178,13.3308429743541
6.00780536200771,8.71720311614388
0.240449765697122,11.2992033519322
1.86394156847539,11.0609728238409
3.0722674912024,9.8426456967848
0.326878893189132,11.8464427492715
9.19896043363105,4.57207863147072
0.979332054033875,14.0533201249615
0.933216195871277,9.01602544886739
0.642996780574322,11.0862657927727
0.694464884698391,10.5635948631239
0.0589914502420967,11.746435978278
11.0726079674144,8.2257715309085
0.763662798330188,14.4118904502985
2.72717445149067,8.87926468735724
1.49781139474246,6.95245078330998
1.08466374222189,8.49324602256828
0.434644921682775,13.5109489104728
0.706838903422857,9.31080579340355
0.950744325295091,10.6387734278833
0.18522419873625,16.4013563588506
0.237001855221907,10.7829012714392
9.07703337767973,8.87123605763419
4.89913871413693,4.54076615035808
1.0052181690806,10.6653060362376
2.6548478732908,9.49845856160831
3.80588267354255,8.42163764905164
0.101895446889102,12.679698123655
0.550316322594881,14.7039984369515
0.136208783887851,14.7099201207943
2.01544016218724,7.06227064576036
1.59965231447461,11.190532423292
0.619958384893835,12.312465658883
Rho_s: -0.794389449557798
Rho_p: -0.661059801253659
IC Time: 0
