Rho:0.8
N:1000
3.3612038754372,9.55978507734863
0.560377516783774,9.91373900517372
0.150930621661246,7.67342939381247
0.473744352348149,5.2636289287291
1.45596699967029,9.7121088511327
0.735381411388516,8.14716657906868
0.83861212903862,8.81746547948881
2.82221263321917,10.3942782151617
2.6172502952719,13.516608431971
1.8098218341768,13.5088617598237
0.26513393303854,7.80009006887863
6.58430103924046,19.8900950477207
0.330378128215671,4.82545990613511
2.11639681798351,13.5846687064186
0.970767562277615,10.4044650891326
2.46894579186084,11.8968852805282
1.10638455301523,7.39743762566548
1.07901256810874,8.19305050669475
3.8280361293066,12.9780071836306
1.69601575614646,12.538078197573
0.941197809763253,9.13290742502076
0.929065178148448,6.11083589506835
4.30731328924127,14.1967128016045
3.75163322670345,12.3145439106754
4.42848399037318,12.097444003574
1.54947402878645,8.51750827834381
2.62480019397082,11.2052238264921
5.14863795389361,11.1660419397754
2.50709796593538,13.4638414575071
4.87859867115445,14.0635050986278
1.05271600931883,8.81252164365826
2.41234612270238,13.7013057394744
0.447135984897614,8.30325642485264
2.20784561700168,14.0862125709883
3.47689461386072,12.358194377827
0.38200700170311,9.44420762492536
0.444996389560401,8.96952782331138
0.232222997822728,4.99234126208243
3.06126415494705,13.6512769292989
0.271799569018185,6.3121652875402
0.0593903829636267,3.57634133470342
3.97184303758626,10.045588923721
0.573455597131916,8.264547954672
4.31725600709148,15.4005470382896
0.289359815778528,6.53701597347349
6.36618943878185,11.0825451753313
0.308559591881931,6.65726947862215
1.03071397748886,10.8154100957071
3.45261529816275,9.99851230773426
3.32431228442078,14.7513285667989
1.41194103855851,8.38758295360873
1.00173716619611,6.22979856870604
2.98878851217228,15.3444016856279
1.50661485633793,12.9866997470399
1.77249246082249,8.46102838002324
2.01713625333252,8.89494049358639
1.4117160848433,7.67486858786385
1.61411592542174,9.49362153196948
2.26694617970827,10.1450176338938
1.59687857326263,12.9183892386453
0.0966825345531106,6.33815408477296
0.346520017832518,4.22733385452305
2.61134201838615,11.8088302894446
1.86420959970894,10.6875282603219
2.90368584154134,14.4893743466848
1.5216575487152,11.1722643022654
7.34005258562875,12.561206449809
2.6997301596308,11.4322031146274
0.0430581097698467,7.58010728039638
0.0191360153257847,6.17943814560172
7.79661355498147,16.3769377570232
3.60873235000258,12.624329290306
7.93188969376397,12.192492236623
0.0948322955506533,2.69136068581952
1.61353147828771,12.2754233236403
2.23610654651167,10.0491197211302
0.54804605852706,6.326389395573
0.00542937405407429,8.20225349716841
0.483513679355383,9.45079620295605
0.874468043446541,6.3499152014065
0.173108209855855,5.99175301545271
0.0470533827319741,7.37186025453654
4.07358931733256,12.7216505670005
1.79080429106,12.2669099905075
1.07335327938199,10.7592327647596
3.16008453471877,14.2387277456137
0.749857840128243,10.6335528219052
0.209973873570561,6.2114523525254
1.26953482162207,9.95203522384882
1.69386847495081,8.60369322498905
0.659784270450473,11.0774141285061
0.254477339796722,7.15447877474766
0.14573854600206,9.11771781559695
5.00770040203757,12.8140295551508
4.10635251907592,10.80241923224
7.42543653729272,13.6026664503988
0.443073679693043,9.90428513579254
0.482601242375477,9.30437380825681
5.5404961441917,14.1377355658179
4.00602832047229,11.6455938089315
0.680817753555887,5.79785574641931
0.215981274063759,5.70116949415255
2.10112201972845,13.0380975792182
5.20002612818904,12.262246596787
1.2874550120905,9.72454187382686
0.0642416924238205,4.5818410816727
2.90443885309582,14.100605307997
4.55557332612509,10.8815452201841
3.86533222928854,12.3018097625355
1.15332808159292,10.7470800458143
2.35008005789461,11.3527790479955
7.69406346562219,17.4886794267718
0.743550462648273,7.98798174887029
0.879936248064041,7.45080647684652
2.14683298944476,9.55885855985693
1.13149483868817,8.39345565744997
8.19479649440728,12.4179213258578
2.96798464936667,9.39653922329796
0.701876654289663,7.58101903894534
0.265748904086649,8.40388999803284
0.00604333435655309,6.60445691450422
1.3725966848433,9.64900560413123
2.12300764574649,14.1437826368115
0.749306289462626,6.96951489674538
1.82800201212408,8.93708135036379
0.79944980237633,9.65577720190693
2.32010858683827,11.9976684004742
3.11078485829716,12.3270715591037
3.8794028869081,13.1839303281806
2.46343284472446,9.27250944692801
0.990427288461766,6.77596971399101
2.02223623163047,12.3310138518409
6.2164885398365,14.8055881073994
10.792872879066,13.6648075678017
0.876581226475537,10.7164812412514
3.4055829940546,12.5463914937728
1.02320140167632,8.06246179753775
2.19680811456385,8.80721610060032
0.587485516745172,9.20220857424062
2.51283512069824,10.3721149474562
3.02473030967598,11.9837648926353
0.151542865575095,5.89463848079816
2.63115112847629,10.9813369820935
2.2390771563256,14.0967510409653
1.90720052636209,9.89287309581627
0.736044452525675,5.56853032998131
0.31192654168096,4.44343273882194
0.757294355919158,9.91357728845739
0.35509820561856,6.78194183079447
2.01546367808225,12.1374147527137
0.252627811708957,9.35834845859936
0.678997040067848,5.25018187290785
6.92121975090275,13.3790516693828
0.775770345513985,10.9625325567888
4.015738684516,13.3511464568638
4.45899894333061,14.9383009883938
3.09873400116865,12.4739379438847
1.58386553629282,8.77273936700645
1.94783454938772,13.3144668724551
0.14897683635354,5.54992107238414
5.8747206177927,11.5133796633925
2.16198463170769,9.86086221640819
1.99211293078008,13.0666106219341
1.95635262868347,10.47783871872
2.43182907787926,12.5888414360575
1.46210211445072,8.5326961535525
2.93292791379576,14.3390182800594
0.111325990476301,7.14273425772605
0.602661081969595,6.47419953309875
1.1193976637527,9.59026725477153
0.625030265189707,6.94234544119146
0.133272744035694,7.64565765333723
0.107990818098187,4.68494321200203
8.89529041150465,18.1520765184034
2.64276554799619,12.6094349046792
0.911107688210905,9.91551451019529
0.157345031291853,6.97287164513623
3.22043700126891,12.4992831042944
0.156016695313156,5.07292162887501
2.41933243571214,11.7679457500311
0.96968643181026,9.21745101515051
3.56954561529641,15.206353361062
1.95094181588831,11.2577333429327
2.51627664259615,9.97142632177214
1.13397378753871,9.52735631269337
2.02217848031762,10.015843822007
0.192300205928453,8.68007479714606
0.426171436905861,9.90851854881794
1.04296716395766,6.6629505370093
3.71776430664544,11.5601157867592
1.17364937998354,10.5921725207033
1.28088571503758,9.15445418161709
0.466087295455484,7.02572020581219
1.3638819064945,9.60031791871364
0.518375324085355,10.4571070619024
2.54944976448562,12.6050123205163
1.27805735263973,9.08203956167586
1.50882487363162,7.92413238872679
2.11240838087144,12.5157151809333
0.229707592254637,3.18827734580542
0.028969363380652,4.25271418139119
1.22227481659502,7.40608068756647
0.475187154486775,4.46284564174776
1.92887620805743,10.231584238547
0.142515468408416,4.99998708176292
2.74105708851459,13.6370530587471
1.76117709643188,10.1233808494998
2.31896049520912,13.7269364641499
1.31833799742162,10.3130174773256
0.505896837696435,8.3847072568417
0.195141780155448,5.19842145811379
0.00700724459209197,8.92356469087904
0.945009346120059,11.4137131259689
1.69767955896142,9.42865532885243
0.136068711574478,3.7820095401646
0.0580693615497714,9.00868516283543
4.41359702845044,16.5095040149726
0.428201647475362,9.38307838487479
2.06129488340559,11.1227622045799
1.20454228576273,12.1275680682428
5.89966307546864,11.3326681250614
1.32263897825032,8.03592103444841
0.971614997833967,10.5605085542825
4.27835631456427,13.585411996268
2.18119259619071,10.0660683565542
7.03496447933504,11.9931939453516
0.774661492556334,11.1720493251639
4.07188894210343,12.3058203245814
0.90622291713953,10.104121210417
1.83980580297876,9.91067114159614
1.79559122576358,7.98890397288418
0.348550335504115,7.28059559218765
0.77112996391952,9.14462047829616
0.0202758042141795,2.73174399122681
0.865016954019666,11.5559104468665
0.0985970374961291,4.45234802099554
1.63272616817596,10.9636147120478
1.22359151765704,7.45950902497426
3.30473400603343,14.6546282650315
0.356060397811234,9.73239871777199
6.4611061957098,15.6111875303808
0.127697228037246,7.16592303281758
1.2769026979804,7.569964475474
2.0698084886277,10.4514616160957
0.756222873926163,7.84257756139796
2.44825069818286,12.8104302214353
2.28888094044271,8.81557175347237
0.771408464759588,10.4088227757967
0.518253546019282,9.94497485109593
0.843596863560379,7.31600180580557
2.64319869494977,11.3840000248075
1.67153802133145,13.015575194501
0.560177681036294,5.14732588326741
2.09208193412962,11.102333312455
2.09418239249828,10.9856801850836
0.147955678403378,6.5276114419111
2.41522238767686,12.4069114880214
1.08452894724905,7.03106432663771
0.757276088930666,9.37204366341677
0.482336991466582,5.86383010938259
0.293620096519589,3.9751657171859
1.67633086434546,13.1317668464421
2.14279269232395,12.6280682938165
0.548862574622035,6.8267107151486
8.70321904506673,15.6073852797007
0.205931893235003,9.6576364039044
1.74914942673388,10.3303835301854
3.54595271481161,13.5518125932462
0.0145022900221752,2.48710387656637
0.592438250780106,5.3900409102834
2.29500863506439,12.6923680318966
3.22705325094943,12.7524700126081
3.55243956280832,12.1568365540965
0.0447747877713767,7.02755843247615
0.531032658182085,5.38074908715115
1.64603435612264,10.8660956461611
2.09488155804291,10.7224165687572
0.836517735384405,9.45618660925049
3.00343412966151,11.3453698229601
1.90225384748521,13.4535627525593
8.47034463981047,14.6209396760973
1.37331772502512,8.68959599894122
0.0946290353313088,8.01702527539963
1.21300414763391,7.46815938339037
0.634344420395792,8.14655928498036
1.62475691886959,11.5206916072232
1.81580659552457,8.69659129459337
1.40004761508646,9.38249135208168
4.23941228886075,13.6572704974662
2.08534521042349,8.13894635841448
0.489396443590522,8.01511570847987
1.02579918596894,10.9275530009053
1.07221660763025,9.46201900650421
0.276633119210601,8.71105124182521
0.720229870639741,7.49891158307606
2.96154075471644,10.7570563794711
1.43090122588964,8.28847303495769
0.305311161093414,10.1140241373868
12.7814348754195,16.8327120062041
1.29978071898222,12.3525635744995
6.9585745563726,17.8611564833584
0.095309317111969,5.11512831807117
0.980087345466018,9.00470253469904
3.55068281276112,13.0271388459666
3.15169864876156,9.99101759112466
1.45569497338476,8.71388025326493
0.547416113180686,7.68059166024784
5.2404046540422,11.8887805576682
0.611564672552049,8.84097890851326
3.87361061556225,13.3569363022658
1.02911679819226,11.6954038933068
0.917364690452814,10.5380971536491
2.41419124791451,10.60474972073
4.61389579971261,13.6406400158102
1.76009345874717,10.4403467923798
0.610434414818883,9.56418726591524
2.12798229782822,9.79987173206917
4.14016255347018,15.3020467969432
1.86957578911426,8.4578997493621
5.17238299150891,12.3826213837511
0.187876996584237,7.56239330352788
0.400167525745928,7.43783742448725
1.46437215695937,8.5136547229522
0.762489404529333,9.274318182427
1.66678572483552,8.85343306472102
1.6288765798414,8.6510468752719
0.48807364422828,9.45143693002073
4.14185100031977,10.8676219286555
2.49140885091367,9.55439452450458
7.44885469558549,11.7636119614368
1.36987609602511,12.1004932599669
2.31450018278303,11.2267765983586
0.774376933462918,9.41548758257779
5.64110497578589,19.7348267720205
1.63759667045417,12.2429835790628
0.45235554035753,6.51152319910823
6.64554432000885,10.995528643112
0.13495856828006,7.28240787999514
0.247174084186554,6.97606161867347
0.554985282942653,8.3759336906254
0.162123953923583,6.63217795736158
2.46415411300006,8.86664318343301
2.72202059618177,10.9341901599241
2.37416357538643,14.4606639823987
0.0845359532964573,8.29832827830873
0.4377027656883,7.99349588739109
0.745524659450592,7.55322264346391
1.53697105861249,9.06869986616566
0.146175503824793,6.66668746255019
2.54515514886918,10.054805929172
0.809021202695458,5.83415454409212
1.0248139873147,8.19546072618022
2.63882843210342,14.6969928481358
1.56844731225612,8.40049239798046
0.935294404765496,10.2678859663685
0.679277254268527,9.54821666519833
1.83857901013436,11.3421383187462
1.28766225650907,9.90385750880473
2.54159944309833,10.8468826938329
0.289603731206413,3.74197434115224
0.490735501221641,10.6155933837899
0.453797577775925,6.53748376492464
1.00674318149686,10.5707421133495
0.116859223693609,4.21301289097045
0.0198845005667506,2.62117332560001
1.92087420292183,9.25390296648681
0.0909059168770909,6.65103621761794
2.88110110146885,14.0512339815202
0.733203169889748,10.2227135220671
0.243322214111686,8.61331388323347
0.603736091405153,5.67283611584194
0.926996839232743,6.71010223686764
3.94752067683225,11.6537428271017
0.926580238156021,11.3929555531613
5.09002940704055,12.3276762042607
4.92245558996625,15.0079231628082
3.43787543649154,10.0274233842952
1.88854811053375,7.65354677660143
1.56279896686315,13.0145464379751
7.26878097962732,15.9304239541295
2.84754676103257,12.317553353151
0.51692280638963,5.1192313736249
3.51577575115447,11.3185187194348
2.17797419943383,10.7811264275338
1.37364775128663,8.86591706241039
0.772618849992605,7.57720022040604
2.13143492481651,8.2178828025761
0.213331540115178,4.406752666357
0.966610740870237,9.63051263362648
1.1972896354273,8.48469212634474
2.60265280484202,11.8998582325017
0.964419101364911,11.2665853381337
0.0682289511986437,7.25601290706299
2.03954863912406,9.79982043930197
7.49465308668924,16.021456954049
0.0644502025097609,8.30246761928732
0.273594287274408,9.73379581202539
2.96802403015976,12.2638390173774
0.101816755719483,2.93119464092252
4.90306878437228,12.8583091425775
0.458063156343997,4.72577354644815
0.219800865277648,6.81726996982514
2.17753321669045,13.9190187579896
1.46199939950349,12.2224433860944
0.121769902296364,9.3627574259048
3.43115759251599,11.0288272297388
6.52400441420693,17.7983332116164
1.19902997091413,8.83548781279238
1.09163750521839,7.86082400261996
3.75635114667897,11.0052158033249
1.66434701151195,12.2180003672286
0.328838671557605,9.26754723213291
0.625583120621741,10.0562841282587
5.22340581913419,16.7224464716584
0.196831509293152,7.1717045851042
2.23304906106534,13.1268147342999
2.43642874721792,9.59704497768209
2.07098735860529,8.52103204040704
4.26200735503631,10.3520903065417
0.717128604650497,6.73912922189059
4.76685396718298,12.900271681636
0.158032896102612,8.72722900752605
4.0648031940866,12.0155440377656
0.0523064319740418,1.93258230252855
1.48621564903905,7.69653633117796
6.21715791378669,13.7174089663248
0.484920091927052,7.04792141756217
4.85129034121461,13.506264478236
1.17191913857082,7.33043749504846
3.67283270491247,10.045316812933
1.87023575527153,7.84150321081673
0.230715575627983,6.60912350548039
3.03498679755216,13.6328207567022
1.60537394985356,11.1237773545263
1.90490703531852,9.67935985332585
3.87842309085612,15.1183324905525
1.63350600055736,11.5970909117417
0.365581884980202,9.86595822291266
0.329874903894961,6.50355752775477
2.71494913651588,10.6959764794707
1.4444487978946,9.20725870230339
3.32704768685584,12.1497048914437
1.54490402146223,11.1271330907006
1.10644066985697,8.65593872374476
2.38524583904984,10.8548659771258
2.20944592162015,8.63551306075319
2.97725443750998,13.4678362213158
0.411791347898543,5.25636867564769
2.56771416208687,14.1766748708517
0.0556205002315586,8.58192488914638
2.18636677592042,8.47207800238611
0.290845667071775,7.56424629452527
1.51567793070319,12.9041958322629
4.612470049159,15.0893815277142
1.14585368242115,6.83958341923009
2.73096348523142,11.7772108415438
0.114871048441863,2.70473320742015
4.13443816063886,15.8927269511132
4.95093845923371,17.1886922616014
1.92174969046357,9.01257977887142
1.06199659574509,10.1379618755337
1.00769344717264,8.28525411360039
1.01757650263608,7.28155210948011
0.284224996591442,5.86160574188896
0.897442544810474,7.37636935444886
2.64698936570978,13.6650357447725
0.806174539960921,9.43254918967487
1.9289909707637,7.79661948052757
2.27263135827127,11.4575265961409
0.228379090316594,7.60727975459303
4.68236146413628,14.2767798134277
1.51457685968819,12.5440376794701
3.44595799950843,9.91613206304482
0.41351382403566,6.61507329241736
1.4776040400605,8.17682232044
2.67528878702762,12.1458727258685
0.813749812916138,7.70865035303654
2.87414555607324,13.3360865573257
2.34102894943217,10.7944505035682
1.33014039043337,11.9878198405492
2.7615241165364,13.3241613260648
2.57894370137694,10.8116178443991
0.672698314454535,7.92522669018919
7.38686699750734,14.6487226612908
0.020927120644397,5.97090877179103
0.144961951221173,3.1238218840655
0.0472799353301525,5.93052072831182
0.0698915429737849,7.2264186183872
1.46248635718171,12.5155761359334
1.07967601064593,6.74752958240716
0.730082096740722,9.35443546490076
0.235599814856427,5.20199352243671
1.34025391470641,11.3047774444654
1.17301263101399,7.00868532580895
3.52670208347921,14.8228282488781
2.06556509070109,10.0377385847698
2.4343900605196,12.547380685396
1.86865672647002,11.237566895327
2.57633002839031,14.1139890266753
0.0778653080570302,3.09483766644669
2.13925946868005,9.259496331705
0.545520002022386,6.74946150803438
5.84071572658272,12.1650510283365
4.4580273737473,14.8129449087643
5.78760952061591,15.2596115355987
2.06250455550303,13.3808523820279
2.17381487405839,13.0481302708871
1.92194607659223,9.0199553626259
5.12875300993152,13.6644160162139
0.103154510259628,7.51759282308371
11.5027274780705,14.5898762735336
0.492920114101899,6.68698738588945
0.35583411436528,7.77176248101498
0.517379816290377,10.5010285917376
4.4656284486217,13.1765741034975
0.752161979675293,8.95156480621695
1.93490060109466,9.61912025837933
4.38812956865042,16.9705273236255
4.0422518288899,15.5894541590627
1.07763010449708,6.72185318915546
1.01828552037477,8.71133937525544
0.240725736133754,5.98949105257183
0.0464786626398563,3.16145372016076
0.529951010998706,6.11856749623407
0.0437111854553223,6.52601386849954
1.90895861565115,11.3887037581979
6.25204703178177,14.3448497300249
6.80677173998127,11.9468778151298
7.72976074698281,16.1324592667226
6.68590144176412,10.8952708390246
1.4790071655848,7.39625433463998
2.26146396427395,10.8844286048677
2.24873867250028,9.81723138495584
0.772357258014381,8.99350161626702
0.590571618638933,7.40617540774527
4.2701185007853,11.0518886932311
7.99904179511835,14.6469093839812
1.27591802552342,7.25022494392403
2.43380418038907,10.298104167534
2.15036056867008,9.1461595325623
0.0590694658020444,7.93216897570963
0.256234136410058,3.03725382360215
0.428018496113782,9.19391033122636
0.339801695074742,6.71218873891285
2.34560399680378,10.4181930432286
0.733961399115835,9.60120994870794
0.959349849261343,5.99192045275855
1.89593510135057,12.2296824417736
2.02110858691888,9.84300262632887
2.70434962949696,13.0541887469205
1.23962500877678,12.2088124536774
3.84582531062846,16.1539965844459
0.0748735805973411,5.83455830900924
1.64870401090922,12.0802437852006
5.4295477827353,16.4659282213566
1.8783371335918,13.1220850254533
4.46797129114099,12.8922197707894
0.307166607119143,7.67975172859607
2.00290222085061,8.50659766109735
3.61699888093357,14.1468720387136
1.52901273744348,9.89291881767972
0.912793460302055,9.63041245184753
4.60771284924652,10.8158319009865
6.95639569642854,11.1107454130757
0.588023879565299,9.25394685612617
2.15829950003865,12.4568811454922
3.13460002450233,13.7734972374072
7.73960546734643,13.3032916815038
0.356597908772528,9.39115451597377
1.41075096829774,10.0545975350866
1.2435662811622,8.90503673804596
0.111924282559741,8.60088155769892
0.0163560779765248,1.26013030145475
2.03943906129933,10.8817222932608
0.613254425285459,8.28326981457007
0.17791026737541,8.4997291806271
1.60103010750356,11.6943572658068
0.89637887717052,10.3522190249503
1.268081555143,6.91253549581341
4.33473637529453,16.5082607730478
1.04460806120187,7.53535568326895
0.455174390619633,5.54054840515664
1.6028274706656,9.94626200784749
0.121745495125651,4.50202727416565
1.62291501379847,12.9266964344472
11.4118759327366,20.0152019263742
1.32385106384754,8.89585682783931
1.42071975586264,12.0400381431405
0.724276688781148,8.74286058391184
0.158455666154623,8.29606793056901
2.94049753740528,12.2650028925084
0.229274129495025,4.63542364916644
0.609972001576037,6.0114632104898
0.487786803873017,9.65117591691146
3.06607670692687,9.96787876392385
1.63584967507961,10.6505146827585
1.77312692991438,9.35804111342405
0.188115430054474,3.19191870676336
1.24599691480398,8.6663922544535
3.62779082713609,11.3004649686339
2.04608162603697,12.9600861937687
1.61330942225778,12.6485254749067
6.67424833111829,16.6770352878081
1.65396902182043,13.1253187021573
4.96733953406043,10.5481809570136
0.992188746109605,10.9086437816933
1.9776283520365,13.3896577588275
1.21717203781009,7.57370729196059
0.127247983260083,6.9774303900454
2.75753798327389,10.7038784211289
7.84616307499719,11.0511549088303
4.53981174130864,14.9771834084158
1.71749985182342,11.3124546385525
2.32739401568677,10.6878708145101
3.70908141119366,12.5039255109908
1.1639330945909,11.1549045447878
0.638963934965432,9.50867737629504
2.29080870739164,11.6805111180414
0.168725018389523,7.4713431940279
1.18103813845664,8.75338511434707
4.88463676323123,10.8153946135199
3.63440342975741,10.2992835187634
8.28159619453264,15.9312172911427
2.67167017786744,11.1509518079712
0.492587030056999,5.78578502612905
0.725843457505107,6.61030148214707
0.761356458999217,6.7090301778831
1.05022474005818,7.32378119822678
0.300615172833204,6.0491230409202
0.398266726123061,8.30304861146009
0.516390020027757,5.94387243951728
0.669866730459034,6.46846126131944
2.92626412598266,12.6957029929266
0.284961356781423,10.0812318606084
1.46403946992379,11.7041486369654
1.02981514669955,8.20701994028664
1.26702928636223,10.9410112286692
2.11646155818346,13.2979621377057
2.62683525859358,13.2283321481902
1.1091344403103,10.2980882781452
1.36017198301852,9.522173555421
4.23021992231729,13.7070732906541
2.01239776416662,10.7202408788518
1.62971238990135,9.69458033310844
0.105307643822066,7.35281855073016
3.46476816481331,13.5925834104367
3.48524304090028,15.803878505527
2.40360928682369,12.4709439630897
0.863904788158834,9.31681062691162
0.940859835594893,6.93341017867074
1.80461229003015,12.7122298381896
1.98034261145133,12.768681114361
1.61571517707821,11.4217001485314
0.16156680136919,7.32660170358974
3.72895795462613,14.7633725794759
3.38912202028518,15.2809154752272
1.41354890904369,7.75532630205261
0.202082895673811,7.82632538367216
3.64523580653553,10.8143042820211
0.471943307667971,7.55962899797144
0.560650527477264,9.50482493964381
0.251287893942351,5.78325154827448
1.36705118324608,12.597654034529
5.20428765167422,12.9193399926314
1.82639736240735,11.6842998376544
3.01863962842068,9.2642496175982
1.1608258523047,10.7260747818584
0.569280336610973,10.1433867164781
1.25449062511325,10.4105069793879
0.955969993025064,8.83007731764763
0.205000349320471,8.22856743239009
1.50669724194643,9.77109603396812
1.72545471220257,8.46930233024747
1.48524046664364,10.100868156206
0.749075568281114,5.87952952663963
2.17667029789629,9.43975313106441
0.400246820412576,4.22374427473561
0.95393283944577,6.52540476845864
0.200231805443764,9.50230321312655
1.27580033801496,10.1647172970976
2.63582529119196,14.0309395368755
3.1597137651286,15.0200399973033
1.71763205333593,10.8634973602154
2.0268546668379,10.8579710346365
5.86952806975613,12.8923917799526
6.32874771760454,12.7348879498612
2.42539432822707,12.6552688094435
7.3457176792891,12.3488377060633
4.86866068442292,17.1155216683968
0.493848283775151,9.67927012490913
2.77456484345679,10.132629019578
0.949612892232835,8.64523505994825
8.00077114584756,15.6088304315632
3.1353558696873,10.8412869391868
0.554000689648092,8.44380210209019
3.18632439134603,11.0674161500071
3.54865212349181,14.9008884352775
0.895083364099264,9.8031112046853
2.9887431043115,13.3311175002536
8.60104540685072,13.5348860744005
0.207786640152335,4.01421233060714
1.7639974336231,9.11265079413958
1.56242247775655,7.75427441992207
2.44991007438841,8.60544060316064
1.45355973550627,8.2341194354928
2.89164355726003,12.6933140350389
0.217293198154195,4.80796745205108
2.01518938495758,12.8034570002103
0.861643645912409,7.56820240622419
1.46399327545407,7.74290134093214
2.3812379836196,9.88396964606308
4.71726380264171,14.7209477558081
1.78062547548654,12.8502208923098
2.96344226954465,12.4602246186061
1.48950158423724,8.97356478944887
2.1131823658103,12.1642870898995
0.662173196384126,6.73221503784211
0.0102642893997635,3.19931455318379
0.238544783554971,4.85806101298599
4.10244761018043,15.3428297420389
1.70895058467033,8.78875150595252
1.25085406005383,11.9836771333327
0.0115258544683456,6.73698169262582
4.89768357361294,13.3642028280176
1.05173485632986,11.4000622638981
0.530305087799252,10.4671769196871
2.07004228039625,11.4293898697217
0.379894732497633,6.84332851704557
0.0176317319273949,7.42665612969568
7.86075974752316,15.9162264226588
0.155250174924731,5.34186419175191
0.0152590405195951,8.95759389060643
2.49909779048505,9.0189196315187
1.26147779263556,7.41974883470327
0.908515308052301,6.36370624286268
2.49874323784354,10.9016153418245
2.87235362205342,9.7146335180282
3.82515822334175,11.5621844287407
0.162753136527528,3.64292128194199
1.23259594663978,9.55774365766671
0.0854213256388903,8.45107145768858
2.96071084571962,9.91407806129929
4.5374532395737,12.669233594112
0.643027996644378,7.62256066601259
0.640238611958921,5.38958515240531
0.73718902650089,7.78267957617575
1.53450260116699,11.8640176957706
1.99610462590101,12.4206120579961
1.21173290442675,9.37495469277864
3.62881581156944,14.4845181864769
6.18501368131409,12.1355578979243
0.515446653589606,9.30471924928938
4.62100124706454,16.2417033762892
1.73368678419831,11.9820542302752
1.9977340492511,12.6248868709226
2.49616632043364,9.92963480493611
0.978647728409507,7.85349989171712
2.4029742387778,11.2660406822889
0.379096427578319,4.77837815393844
0.109253860078752,2.06275682932287
0.748434040695429,7.79023406333151
0.190683091059327,3.67122790673306
0.387338032581431,8.31722753131969
1.67961088187041,11.1246164283702
1.15111942123622,10.5875540487907
0.284737793201047,4.46189351141635
3.46496242631728,10.3442010695893
4.63575234997584,12.498253542785
1.55118304598508,11.5995752653928
7.06612146976304,13.7614125512715
4.29502147038407,16.5193729492329
0.780886106193066,9.86537560160556
0.315636229084621,8.07258352631032
0.569346423775844,5.85306235269242
1.12252466101199,11.8784532219266
4.88221155454345,13.7830390230895
0.330170021392405,9.80964624943705
0.334390254637971,8.63151708379846
4.61832525183387,12.8561604739722
0.645089952275157,8.50927470475147
6.76404812898407,16.4782586343512
3.427648095749,14.6096912031842
0.0895259744681237,6.97111838106585
4.48797533635847,10.668515613443
1.08916854485869,12.1604156746871
0.639460089593327,9.60945768904268
3.31771319715266,9.45645568163881
2.81376237851318,10.8631842854448
2.51536360291348,10.156237621695
6.58906353976498,13.6676635330452
0.0507090920704572,8.97191140895491
5.06729317803807,13.5368928387975
0.430806954689216,5.55807375292187
0.14615139644593,9.05886445140605
5.26453949113317,11.9523916636007
0.318857599981129,3.85928073094665
3.72008893660275,12.1970166467602
0.705513175576925,6.50184351631467
2.56116750641706,10.1202420273368
0.48890589736402,7.49155580327142
0.588003577762972,10.9345253113472
1.08604553336586,7.08097829292945
0.769896638071441,9.11553508137906
3.71337308717852,10.4269170632089
1.47246539398077,8.36929345447327
2.38716335213723,10.6787983953443
1.69895025669986,8.79348009473821
1.18335753172656,11.700872217095
3.10902186093812,13.2979097198484
2.36747022896054,12.0416513704259
2.47386936834993,12.6440839416589
2.97705059481745,14.7358987568924
0.691119346767664,7.92287274315958
0.467610094696283,7.50352195329112
2.64818120553138,11.0874929864444
0.593641003593802,6.91979096782465
5.0117041354341,12.2900587595033
0.158504764549434,8.49198118179195
1.56438617772403,12.3597763564037
3.97026769427543,11.2990556300976
1.67472604281249,11.1254339412713
1.63042221933367,10.3494557292633
1.03990720491856,12.0623510978465
4.38239223112292,14.3700621023369
0.189529595020164,2.59059324652413
0.527442908142781,8.0605609336641
0.41109611245636,8.08980316154131
3.61348495663197,14.7384971171829
2.29540693006458,12.456670118488
1.69591940931025,7.89813872446763
4.61781629790367,13.4977870879016
1.27938841097057,12.1286273147938
0.924738776044356,10.8563085979873
0.994730424135923,10.2005894718049
7.51195363921667,12.3803014341133
0.0696549028224614,9.13774653928028
2.65020715064349,9.9871187028747
3.18667088804727,11.6212768015149
1.44410637757721,8.65517990283531
0.351213659159839,9.90564825516173
0.74586670473218,11.2211891854667
0.4314045002684,5.27588310492056
0.74306614138186,5.88655930921862
1.75637950397743,13.2147115457398
4.32193367315217,11.7284901994638
0.712631916627288,11.2875013743855
2.87415851068524,10.8990848156944
1.29031346924603,7.22331767323076
0.240133636631072,6.10161813180494
2.90460091357775,11.7677642293708
1.10471575800329,8.55462159306563
0.174065815284848,5.41653123740921
3.25617936220388,13.9194389821847
0.153691617861897,3.25236510218506
0.207244570367038,6.69834720447852
1.28770809341222,6.85886026224468
2.12409461281242,12.2008826850571
4.78905780215688,13.2016777905045
2.45965836375001,10.0876340644808
0.0744253988179443,8.3930124781351
0.274760900996625,8.84735973328979
1.67744847937467,13.1867315403591
0.17861398216337,6.04700418938698
1.84936657912078,7.66042829017105
1.33785082492977,8.00537415111053
2.99098192219817,11.8685482799767
0.227979716976302,7.19851666206864
0.351347672753036,9.77051072513995
0.0589503814027404,3.8742259614647
0.190920362249017,2.91339610696738
0.743059111152657,5.52040212687528
0.862241541035473,6.94135006176519
2.58392567924204,12.3807212226191
6.39098778333435,14.0920687384742
1.88119264683666,8.15075879461387
4.63031859212792,12.2025706736031
0.0726033129041755,6.73447195379909
2.83783895505552,9.74699332467906
4.84382964272924,12.8051023250714
0.933572045527399,11.5029290378923
0.547798592597246,7.46328628207686
0.147382842102786,9.10419688784288
4.09452259896283,12.2286916820454
1.17436988778134,9.19011435458196
0.8833794509992,7.16605022929923
1.1222956078127,7.02092496572529
3.24838164804463,12.7965471078755
1.6077117053688,8.90928615142439
0.895208111032844,9.72127270242116
0.905377919479375,11.0498469996049
2.51451330251041,8.75885511779698
2.18317305288258,9.60325376902223
0.381358195186112,8.72822510843214
0.0773386415094137,4.00878281101292
2.19459424015616,10.6507373077096
2.28938213168624,14.0349993966088
4.65057867367692,14.3130545143673
0.496229049749672,5.06675754942712
2.79519513939149,10.3565920129443
4.07104369981175,11.8547656354922
1.92512286760202,10.5129719591591
0.026934583671391,7.0118808941864
2.57871318413856,12.2021804773363
0.262332355402954,9.08161355812297
5.86617595714562,12.933810563272
0.224665539299143,7.83442559269353
3.95577354684096,13.2510412297559
1.31776937656105,11.2993664875273
0.0738314186430922,5.53774655787292
4.95455822695918,10.7892717588581
4.63291872640081,10.7022229726302
0.569866819307208,5.0471257578045
1.83988583079519,13.1696438957006
1.47291704445126,11.4425344207035
8.05287457588029,10.9012674079989
1.17659360449761,11.806932317734
3.87423088012223,13.3884524047162
10.2798851357717,10.9396209589114
2.71150757550242,9.78743893458424
0.953031400558483,10.5533076028262
0.328435779549181,9.1006532032617
1.22513156756759,11.6862078260779
0.81512304302305,9.55281917631318
0.629808829069459,8.23920941769009
3.45119684545283,10.0711067460924
1.6417503709996,10.4141656697443
2.32071916564348,8.50566134329295
5.16003506977983,13.0001356541152
2.60319693564417,9.24332862437617
0.36224255990237,9.13544880660508
0.294524984434247,8.84200208574126
4.84220876146979,14.5636589450744
0.620736743323505,8.92825956027823
0.00534598360511677,6.37636299298414
2.03051909795942,10.2354632328324
0.146301102824509,9.35861606375596
1.41751154578404,12.2670503819849
0.439208357594907,8.15275699793455
0.543491735123098,10.2100835489681
4.23321403165288,15.8537215071278
0.626136439852417,7.54681663007179
1.30034021567553,11.8702840077033
1.08984604850411,8.21155821260666
0.730290580540895,6.36094541989876
3.88602422533517,14.5749900587085
0.297139443457127,6.09796633819092
6.10924002494583,11.764535626549
0.523971049115062,6.11906298879371
0.126990881748497,7.46779573967171
2.88530914468651,12.4052022224627
8.93256995776549,14.9185604022545
2.80447154564796,9.245089962781
2.65020919023993,13.592873339461
1.71673911159376,12.2382736714644
4.08233982307797,11.9444891458574
0.0592291013147241,1.83023912044573
1.09846252932985,12.1575883055511
0.734910415046276,8.48970682872099
3.55984830094462,12.5487769936494
0.289475691504776,8.07709507297631
0.240143056259231,6.96766191181628
3.07350003329997,14.1972159105569
0.0457863993942738,6.37720414034308
0.0977943301531715,9.34736296506927
4.16123741191619,11.0007226340977
0.192080300527079,8.07686023975807
0.343472588807344,9.92897309405275
0.308929126123893,9.89172396558735
3.47386581061368,12.0629516247961
1.53654411426725,10.7297856996519
0.801540084183216,11.5664650011997
0.467781244777143,5.28450258259145
3.16209615750198,13.7604557071674
1.97247113837841,11.7647018987322
0.656326569173534,8.97214331672933
0.0256080031394958,6.94237351870065
2.11896252810004,8.99443143542322
0.075159558143638,2.50075882951789
1.82286825581434,8.53543024337737
0.973726297728717,9.86838435249663
0.968580394051969,10.4568770943408
5.02491759215073,12.4010363267873
0.886551457457244,9.53954781431949
1.47156197548824,11.9967934197662
0.809779091738164,11.3956035788826
0.664027043043841,9.49874338093526
0.0783049035817385,6.83592519642978
0.633075738325715,9.95408850017476
1.52877220143643,13.0491889990002
2.12176791383865,13.2309347150577
2.6737632229084,12.396734721784
0.809163391590118,5.67374410370126
1.08875752985477,7.11490022766056
4.74198843886085,14.3949925746876
0.708225760608912,9.40556773697811
2.2323874811733,8.40406678927561
1.92026178157868,12.1505366765773
0.61297447886318,8.99204169594572
4.90129283417888,11.5936872928981
3.6255331559289,14.387903904172
Rho_s: 0.80407032007032
Rho_p: 0.718342546660384
IC Time: 0
