Rho:0
N:2000
5.01097634537699,0.575157888699323
4.18408412299609,0.809943868312985
4.65800696457717,0.93697622558102
3.38285832462792,0.298337015323341
1.05756899900734,0.0170770981349051
1.16014558356255,0.410041767172515
2.43522272064331,0.0172878727316856
0.126123134978116,0.898938805097714
3.49111664596324,0.1756724298466
0.0814213618897893,0.840267357416451
6.15377548303375,0.296042430913076
2.3699058330709,0.939779193839058
2.47210434629562,0.700636499095708
1.45875828727801,0.0679560624994338
0.266778036020696,0.806398777058348
4.28940165390201,0.105818597134203
0.759072383865714,0.482366700889543
3.38718207696457,0.241970799397677
0.498762196861207,0.445509357145056
2.81669308940278,0.510963382432237
1.42235442045261,0.120802342426032
1.6987446899617,0.182341675506905
1.09719438571483,0.819044450530782
1.03603282570839,0.970580781111494
1.00055095925927,0.712632437003776
8.22838978054834,0.638092025648803
2.63571280977669,0.545868202345446
0.706947188824415,0.895149594871327
4.52259312246534,0.105498655932024
1.0465742405504,0.68867730954662
1.9710357672626,0.590592253720388
2.38919067560675,0.630695533473045
0.978268858976662,0.875740882242098
2.34402908935192,0.066076340386644
0.514814495675978,0.584067268064246
2.06198638110402,0.129844014765695
1.50241372985349,0.885776028502733
7.80449299099755,0.57678211084567
2.55305496036055,0.830172511283308
0.684368777088821,0.822240332374349
1.61278810343685,0.183551996713504
0.648292414453254,0.709835991961882
1.43074960415541,0.410940968431532
2.60627751230242,0.82883463986218
1.05869230441749,0.299327097600326
1.00051826890558,0.491896885214373
3.66447791440373,0.654883431969211
3.23500105349307,0.824630860239267
1.77796094343577,0.580792396096513
0.490349314758824,0.598742806585506
2.09295231156598,0.180040845880285
0.790310798460926,0.205509239574894
1.97546575396302,0.979757968569174
0.996416125380646,0.0416132844984531
1.42766525549888,0.34157412359491
1.03001777734607,0.418509603012353
9.77337024396507,0.470353361451998
1.57082322088098,0.394358457997441
3.97875713540201,0.449522466631606
7.06365270498109,0.471067182952538
1.5407383068098,0.611194003373384
0.209306161850691,0.457658314844593
0.0168067077284139,0.139938310487196
4.70141197625303,0.697458988055587
2.6458853445107,0.481616383651271
0.400976807810366,0.286030729766935
0.661149028688669,0.10966903087683
0.595491038378329,0.582512645749375
1.69481203510406,0.386862624436617
5.14679774244256,0.066535851219669
3.45408084226732,0.51599901006557
0.437655167351909,0.837869071401656
4.38219441075749,0.442989225732163
0.399347852877449,0.456044470425695
1.17219364549965,0.387238119961694
3.13320806505853,0.653553165029734
0.338512379676104,0.404097629943863
0.860834215767682,0.337055769516155
3.609634026717,0.913042581407353
3.84529266117101,0.119553289841861
0.472693282179534,0.81237074919045
1.79476940995994,0.590838458854705
0.842493552714586,0.740448039257899
3.05345176143532,0.915329075418413
0.910631119273603,0.967163702007383
6.36632862653504,0.81252929661423
0.110460584709563,0.654949467629194
0.810103950090706,0.307776783360168
3.27983363328462,0.854725364362821
2.39663746199551,0.488310324959457
1.79941023527418,0.632468431722373
1.68315598173978,0.285116819664836
0.118345213122666,0.0752450423315167
0.778605789877474,0.977554944343865
2.75052963188829,0.5419892645441
0.184554084204137,0.990673205116764
0.504347720223796,0.813408584799618
2.58865018180552,0.437239209422842
1.0820720391348,0.993952542543411
0.454019337892532,0.604633529204875
1.16129027550853,0.879439687356353
0.00503773242235184,0.504799361806363
3.30661780742889,0.262893254635856
2.42066345727983,0.537496831268072
1.24253978207707,0.0262514075729996
2.4114020334075,0.742330990033224
1.60995756453815,0.298767183674499
2.07217518790605,0.151605060789734
0.295895448798222,0.940718521131203
0.849425706081092,0.725196011830121
3.93129530532246,0.22239672834985
2.96289012191777,0.912790103349835
2.20336324154379,0.340682083042338
1.35011543799192,0.340644848300144
2.70057059443536,0.198628638405353
4.61873148729034,0.85689038108103
0.994270016439259,0.394100011093542
2.15129392213168,0.0871857423335314
0.0790585499218352,0.807449499610811
1.2294475864619,0.377638761419803
9.62555680373564,0.0782948231790215
0.129205458391057,0.700328188948333
1.97563690124991,0.152733687777072
2.80787738023286,0.455045214155689
3.19800142554526,0.674377422779799
3.4564166998673,0.198260215343907
0.214751507663888,0.85799052612856
0.407782432623208,0.566010164329782
0.940452233888209,0.576051654526964
2.05665439813717,0.295949192717671
0.726100412197411,0.239353821845725
0.183151267746237,0.0577763130422682
0.711247318424284,0.756868573604152
1.91537045679035,0.208900382742286
1.51645025660566,0.798779554199427
0.738999011699562,0.166863740189001
2.42932168944719,0.0173253116663545
0.974771668203175,0.0913891710806638
4.71580492307372,0.281769910827279
0.176748630590788,0.301520040258765
0.447298465296626,0.966698078904301
0.654097577556968,0.537781613180414
1.0564766023308,0.950113183585927
1.49836942731383,0.0421088265720755
13.2090310707577,0.834822094067931
0.816610633395612,0.835605029948056
2.45898435815218,0.791083524702117
4.73639545937009,0.590236934600398
2.12678466542604,0.22927677561529
0.815578154793097,0.996658559888601
3.55783013982658,0.683161125285551
2.29424818877452,0.732305215671659
3.65781910310873,0.936739771394059
2.97440182400827,0.499295418383554
1.27016638964415,0.0809607033152133
1.20512129626462,0.825414652237669
4.10056699795609,0.181400274392217
0.65643260255456,0.0524026905186474
1.40259907282895,0.802430389681831
0.486006610095501,0.803719678195193
2.80152916146402,0.210654244059697
3.30562851968462,0.56138085341081
1.87554505086484,0.493413767311722
1.70316321766915,0.11569016170688
0.0299989147505484,0.974343230947852
5.98446969654331,0.493723515886813
0.0204622282127347,0.572168564656749
0.126054173639667,0.0221916162408888
0.211652968078852,0.209244343219325
1.07061849627644,0.427391885779798
2.90567388368731,0.136164475465193
1.6655636220067,0.20462714554742
2.31011392533705,0.111218263860792
0.916736278682947,0.318297796649858
0.188656151294708,0.947485455544665
3.81961426867132,0.110557972220704
1.41242146309237,0.717375345295295
0.020535278134048,0.86420783912763
5.31179420252271,0.255992571357638
6.31895547681021,0.093614092329517
1.43891659690453,0.74963247962296
3.20139403996949,0.24414503457956
2.12949346183779,0.881785963429138
1.03441859595478,0.303373360307887
0.458217547275126,0.804465059423819
1.32818586099893,0.827210723888129
1.16111254878342,0.330814789282158
0.345924537628889,0.70334400027059
0.78861260227859,0.993285275995731
1.05340026132762,0.341183329699561
5.19490190942712,0.395751207135618
3.71933077080104,0.311049699550495
0.345653630793095,0.374690627912059
1.08900351449847,0.936728306347504
0.050441243685782,0.631915530189872
0.0083249911631793,0.249248911626637
2.88518819210196,0.169044360052794
0.504887494258583,0.57319312915206
2.11155863738535,0.711732746334746
1.64195070487933,0.0212239064276218
1.12179735116661,0.176771334838122
0.256372624076903,0.195886765606701
3.69156089459691,0.906279959948733
0.783878609538078,0.936581407440826
1.76535348399522,0.922447920078412
0.981456812103497,0.777760325465351
0.80386988567293,0.344201573170722
0.106878152673534,0.767313022864982
2.49511941700223,0.606626240070909
3.14394885284786,0.165917821461335
2.74914276777747,0.994304031366482
0.132285137507842,0.756296862848103
1.21816254969018,0.918016666779295
0.558794400415804,0.00279465038329363
1.86246472961249,0.122470851056278
2.68598531286913,0.816290824441239
3.9488875827003,0.914189795032144
1.35584813822061,0.782522621331736
0.581654156558216,0.92174867587164
0.201272923499346,0.0416259623598307
1.76232286944949,0.548077244544402
0.0992009723559022,0.619819439016283
0.338229879642994,0.231657748343423
1.91153953588548,0.632386617129669
3.38261453116736,0.961033028084785
3.23747481388931,0.824372691335157
1.49431570633885,0.522062001284212
7.69764075758767,0.27924885135144
0.863124633207917,0.686410846188664
2.93751783652191,0.184624574845657
0.470988524146378,0.585968313738704
0.772611933760345,0.648965227883309
1.87130479163952,0.618596234126016
2.41955152704361,0.507151676109061
4.32330602009721,0.561283591901883
2.24488657332006,0.223885686136782
3.21731550602202,0.855486935470253
1.30673824436963,0.480125670786947
1.86507022558692,0.122915708925575
0.323031285295585,0.398173800902441
3.573924369942,0.217449340038002
1.2631078530103,0.535676773637533
5.36515693713851,0.970920119434595
1.44856441012564,0.305438913404942
0.351410616968917,0.704103840980679
0.42170615773648,0.612753448542207
0.457821704956519,0.846656954381615
1.99577447007972,0.675349859753624
3.03839767334943,0.488074674736708
4.48426332499779,0.982992126606405
3.63483424095397,0.478480341378599
0.693587733432651,0.334077799459919
1.20788228604943,0.228809116408229
2.42353888965192,0.0974986359942704
0.6863079687119,0.317214153008536
2.96548789722805,0.48053298285231
3.41753857566004,0.1976547553204
5.53933359284825,0.136054951930419
0.624458592385054,0.114839516812935
1.49001087775014,0.617822757223621
2.13997008456829,0.485726613551378
1.12052579689771,0.814132911153138
0.27397233992815,0.530526430346072
2.15169982417467,0.91682585910894
5.43681800712772,0.00814341474324465
0.987035010941327,0.805822010384873
4.87125624318547,0.262616687687114
1.00349306608932,0.63007737393491
0.714511842466891,0.818057258846238
3.40006687102799,0.33306093653664
1.7868302836174,0.30683031398803
0.904721194878221,0.666968789417297
1.5647936911519,0.878829619847238
1.13082129135728,0.557991151232272
0.419399563223124,0.169805613812059
1.28492110036314,0.0985773301217705
0.779185348389248,0.617806900292635
0.177004536991355,0.585910902125761
2.43380556805971,0.483551881508902
0.0203775186091661,0.0313130898866802
4.61343548049159,0.603294635657221
0.591632286086679,0.0176897898782045
0.968171789310873,0.631307150935754
0.0914692398930049,0.900839424226433
0.192069438287411,0.255905207246542
0.972291083075106,0.957641809480265
0.359612288966666,0.176228325348347
4.12659625319724,0.0653662388212979
1.53440301889712,0.0790914280805737
3.80079921690707,0.265704008517787
3.86239565892105,0.826858385466039
0.917188760824502,0.316928450716659
0.168375248089433,0.204276137752458
0.813392497100495,0.385559915099293
1.43730325243416,0.266761249164119
0.641344470903277,0.949630151037127
0.0658013705485301,0.560890130698681
0.525912052951753,0.724922195076942
1.10342435352504,0.0802186348009855
4.96059749622769,0.933458239305764
2.77890839038377,0.124902392504737
4.40588546983376,0.835288028698415
5.99339318241844,0.420014981180429
2.46415036535802,0.515500705689192
0.0295344339683652,0.171247984981164
1.01567909752147,0.937718708766624
0.316179482764838,0.778636685339734
7.56927425731935,0.778227206552401
2.31713988996091,0.632926529273391
0.590250439768653,0.0558475200086832
0.804190458436992,0.820607374422252
0.477165654734176,0.297500976594165
3.32604068500881,0.464006879599765
2.2924680392349,0.348553800024092
5.24679847408958,0.320328876376152
4.03752981482034,0.156615684740245
2.04026363804617,0.24596352991648
5.0266994719667,0.902809752849862
0.89200431574136,0.107306701596826
2.12040949045661,0.168405046919361
1.1276119351387,0.952285828068852
0.708777757361531,0.826489249477163
0.23121539461303,0.0849443268962204
0.658475928008556,0.0529718378093094
3.02401094494348,0.511401699623093
1.02412218786776,0.201430123997852
1.48517556982108,0.42536528990604
2.32433107300642,0.38077402790077
6.71406206455002,0.189518159255385
4.13009013218765,0.512206003535539
1.05361776892096,0.054308207007125
0.24578919634223,0.64171960321255
1.87431798680666,0.0535658958833665
1.38882948062172,0.34279901557602
0.783332603331589,0.216861433815211
3.31036511205212,0.901621369179338
0.190532450564206,0.534385933540761
4.36164130617805,0.804996164748445
0.178499005000799,0.499424182809889
0.824077283032238,0.0875152011867613
0.871983089484274,0.849057502346113
0.65087678957859,0.248000286519527
0.458616075103665,0.134865985019132
2.12923866874518,0.607190824113786
3.83084017394071,0.894085406092927
0.970485615544021,0.915014766389504
0.189725425517894,0.618189923930913
2.57483020230177,0.935547839384526
1.9026791974062,0.528132383478805
4.67560294617839,0.832253763917834
0.703583211674606,0.544774359790608
0.557027292437851,0.912715187296271
6.67263088123996,0.684409290086478
1.54142407692018,0.164818726014346
0.848004326224327,0.111265550600365
0.920391534455121,0.876634946092963
0.927577179361105,0.135973720811307
6.67183856632481,0.979950637323782
1.50296301200035,0.0121846406254917
0.113114103674889,0.91021370771341
0.185936850495636,0.651430719997734
3.37212405336981,0.452152358135208
0.134817623514489,0.258746003266424
0.527901328999685,0.696051565930247
0.316889225371542,0.65730594820343
1.80160931303146,0.197588609764352
2.07559087820174,0.153934827307239
0.964201990514994,0.902196499286219
1.06182534899563,0.682618856197223
0.715960328536126,0.619797268882394
0.125678651880172,0.376636001979932
3.44235213084107,0.588609242811799
1.5755571964288,0.971473368117586
4.83134553683403,0.682061155093834
1.26599418092519,0.041359880939126
2.04920156291666,0.431216472759843
2.87937604246621,0.460724452277645
1.08995157293975,0.00597634701989591
1.8966751526201,0.298250106861815
7.77400772206936,0.167968412628397
0.766307621262968,0.944459025282413
5.90919595402034,0.178950389148667
0.86231573112309,0.307230312144384
1.65553652082479,0.543364678276703
1.8624449943799,0.57113629207015
4.3092217760799,0.634639685740694
1.53278686139711,0.277313341619447
0.126733751036227,0.581779325846583
3.9600373765636,0.414987313793972
1.8063796403909,0.672335083363578
5.88968755271206,0.833543392363936
1.8663837070668,0.134541113395244
4.75941009421773,0.245403892593458
1.03514951933175,0.355427382048219
0.965437790378928,0.852417295798659
2.83202707750683,0.986066357931122
0.0436410453389592,0.751305432990193
0.122815130278468,0.064281887607649
1.31788661517203,0.526223391992971
1.87477707481923,0.724542298354208
1.88888155288043,0.70914448518306
0.943348129279912,0.443923995597288
1.90272946274819,0.636472971411422
0.439629003405571,0.39529957040213
1.74469278185608,0.32953242212534
0.562812760309725,0.639822510303929
1.43197970642688,0.472690601833165
1.83411591677907,0.415178614202887
1.44970537154915,0.912103787530214
0.386000249534845,0.742322671227157
0.143904795870185,0.612410679459572
1.42061953424456,0.293532009702176
5.16817913551755,0.949766186531633
0.30378251709044,0.470323604997247
1.09164028987288,0.238959165057167
2.60197785115781,0.464960737386718
0.239668487128753,0.266273686429486
13.2558607712277,0.224570866674185
2.83100556937938,0.227168558165431
4.23368532859261,0.447770797181875
0.0436271214857697,0.44425062998198
1.1246766904369,0.745433227391914
2.4960611629391,0.875601264182478
3.36191679250464,0.123142027994618
3.01645622385626,0.89585908013396
0.878148022112697,0.148703157901764
2.18924170724096,0.558174940058962
2.73893625467064,0.334000519709662
0.0736550902947783,0.750516426051036
0.413873005795128,0.987772080814466
0.293656131252646,0.265271909534931
0.801346299776128,0.511240233201534
0.00793916080147028,0.719455173704773
2.34181392929497,0.226119615603238
1.69405806508114,0.516968783922493
4.61397656400628,0.623638118850067
2.45592070548775,0.728469329420477
0.17425153683871,0.0088028444442898
0.513345753774047,0.455629354342818
0.579324543476105,0.631200458155945
0.88605060858844,0.120891855331138
0.0996378855779767,0.492473810911179
0.988617272116244,0.0792253117542714
5.69888088192231,0.271032247226685
0.915968442335725,0.474518805043772
0.553710752166808,0.703177050454542
8.06281010392022,0.0569869524333626
0.896462703914106,0.0747053816448897
1.97926920152534,0.679106849478558
0.0739036807790399,0.143321206560358
1.06097557813903,0.891904281917959
3.27330022660976,0.787883074721321
0.195104526355863,0.661190457642078
3.31915891526227,0.320268605137244
2.65120725325289,0.777924252673984
0.554713223129511,0.491418820107356
2.82449884078552,0.439294311217964
0.372783668169549,0.36732044746168
0.202121956135373,0.459098445717245
2.9872890075851,0.21866872953251
0.0127291363145587,0.606960405828431
1.62335315457989,0.125427895691246
0.680722500197589,0.283830369822681
0.544910421107398,0.413481292780489
1.86175076870511,0.873947609448805
2.0643434691334,0.166184614179656
0.961795985621755,0.961758226621896
3.2594490124095,0.341324353357777
2.65574243842604,0.955039291176945
0.0674931605842304,0.245632404927164
2.47985780230703,0.208915498107672
0.957217480055988,0.431305604055524
0.413797323875355,0.799838818609715
2.94753679243808,0.042208164697513
0.419895743951201,0.345493965083733
3.88145096210723,0.685501111205667
2.58818625836613,0.974094803910702
3.7705990744937,0.712836057180539
2.20583055905047,0.866579884663224
1.12481564749032,0.439463951392099
5.13608098439192,0.853697521612048
0.818051856942475,0.107888393802568
1.17207902856171,0.4418785860762
3.54309807700996,0.0906605059280992
0.868215904571116,0.84081950946711
3.62718606350904,0.448890418047085
5.69341808523903,0.230079616419971
8.90928725102797,0.405426300363615
5.62627400424252,0.436435961397365
0.43816421367228,0.897530155722052
6.04049706425438,0.897384151583537
5.78991366889248,0.183978676330298
4.58098779221006,0.872205056017265
0.697970999749262,0.66823894251138
1.24197888281196,0.735693299444392
1.09980804266852,0.148680562153459
0.377826016396284,0.023463622899726
0.440103559682685,0.133257403504103
4.13362658752089,0.705305276205763
7.15938289048982,0.0430185494478792
0.56007665488869,0.643993518780917
12.3966023617222,0.221304831560701
0.0762676957340393,0.569576005684212
4.09537054208999,0.00136794801801443
3.13884901238566,0.567390572279692
1.50592757753077,0.129775163251907
2.75087906411829,0.387006476055831
0.122542456388053,0.964072605827823
0.715698564795552,0.56595342210494
2.63456327459755,0.278277674224228
3.74492485804443,0.475015841890126
7.78255174639535,0.711874307598919
1.94382299288156,0.853193796239793
8.52327092956486,0.212104328908026
0.550336154848161,0.480311524122953
0.32068220153451,0.74935040413402
1.50300930432024,0.395428862422705
2.15280965399193,0.64658971875906
1.07889890912869,0.257001920603216
2.39238032706078,0.201587644172832
2.07059153538024,0.782640685793012
1.1526999771595,0.497012875042856
1.00904081203043,0.268706291215494
1.1353372130543,0.661006309557706
0.456226277165115,0.440577765926719
2.40256866059246,0.903988510370255
0.400926435366273,0.303616531426087
0.668348448351026,0.273353771539405
0.521546511910856,0.610326880589128
1.9390591456646,0.131935926852748
3.64039692638402,0.414109297562391
0.324678824283183,0.372063406510279
3.04887907190209,0.102885277708992
2.57505710414591,0.427470041206107
1.83941474137055,0.318657383322716
1.35990737378597,0.930801511043683
2.20030595391519,0.422202337766066
1.68590040979768,0.0228284986224025
3.64430446160917,0.904378952458501
3.27910775674467,0.187337712617591
1.70010022325723,0.158718610182405
1.80170393167975,0.111845471197739
2.31772044106367,0.709321037167683
0.298305646572595,0.995128405280411
0.448898600202709,0.571492361603305
0.292756065611723,0.0979264853522182
2.23705884433332,0.108972589019686
2.84824375027958,0.474531539482996
1.02168680261821,0.388796492479742
0.539266737639648,0.0225444429088384
0.525021445937455,0.405990385916084
0.231408310122788,0.106702348450199
0.18205787986517,0.612652224954218
2.35175986952128,0.049887336557731
0.309515605680645,0.423718887614086
1.6259397842663,0.807219402166083
0.870809057727456,0.996420291019604
0.708062588801857,0.297389298211783
5.07371902084954,0.181193047668785
6.66511905159722,0.0454772014636546
2.31651519230547,0.257633527275175
2.09894507742467,0.260640032589436
0.103404109024624,0.851898954017088
0.648999466111392,0.288967852015048
0.469450432807207,0.33866183180362
1.63058645083549,0.993339960230514
0.696747414767742,0.568207314936444
2.39495550706284,0.874604845885187
0.462525268084867,0.344138421583921
7.92725346586009,0.732673172606155
0.453477691870271,0.82378295972012
1.91352790026906,0.629157870542258
2.80060622736145,0.360028152354062
0.332725735381246,0.384623961290345
1.01528526470065,0.342457799008116
0.129351650135145,0.169440951664001
2.66691105245593,0.249064886476845
0.254073061980307,0.722717641619965
3.6265453717287,0.42775754770264
0.818470131605864,0.742190615739673
1.32587550678084,0.331676844507456
2.22164086220291,0.258467339444906
0.757301762700081,0.00596939772367477
0.637513411502115,0.765575978672132
0.811314418911934,0.462897280463949
1.76753859268144,0.665077462559566
1.7005018889904e-05,0.475717712892219
1.58166640802267,0.570253125857562
0.744360665790737,0.314583899918944
1.4678481928164,0.720960547449067
0.148374908603728,0.266979460371658
1.65811224372903,0.0882858438417315
3.1004746815372,0.0410977941937745
6.60025225546131,0.0775655242614448
2.19466832790597,0.182167983148247
1.78253232892641,0.210482992930338
0.639252456836402,0.0428869321476668
1.62227850714678,0.0899539869278669
1.47702862797947,0.910440765786916
0.164402164785737,0.612093221629038
2.1660862471212,0.667709334054962
2.68792668721619,0.883298460161313
1.51201383427344,0.185211654054001
0.843748674727976,0.442819274496287
8.13546369555307,0.843380989041179
0.0357621370803081,0.202013758011162
1.60625771424713,0.475324168568477
0.041323396247979,0.581422897521406
0.354969896376133,0.593060184502974
0.623060935176909,0.892443550052121
0.5168862368687,0.270683424547315
1.41303039405738,0.819289581850171
1.50738394381036,0.898358286125585
0.417216247878969,0.0460997980553657
0.288889839313924,0.56174390995875
3.26167018694763,0.167468489846215
1.06954512279481,0.809967935085297
3.35701178742533,0.30514376075007
0.289782763458788,0.57452780357562
2.19477372235599,0.268035389948636
0.766733598895371,0.757302646990865
6.7525107261158,0.304065850097686
0.41455533797432,0.451132343849167
0.0469398237764835,0.709939000196755
1.55356421685758,0.847296916414052
1.4293838226838,0.445686183171347
2.02166592507603,0.911910394905135
11.4418289041211,0.764828090555966
0.716295122303294,0.124846867984161
2.01726751105458,0.585335721960291
0.0611592292814601,0.711138313170522
1.85378746679964,0.207384275039658
4.28411471016441,0.913159749936312
3.5915057955492,0.104272867087275
0.700560309924185,0.542243537725881
0.363194586729622,0.925529642030597
2.00821657220328,0.648060312494636
8.24396897437883,0.602620258694515
1.49588721050861,0.319587061414495
1.73801823138239,0.767133233370259
0.335788393393159,0.439585160696879
1.13008265197277,0.208916177740321
3.02388700826054,0.0820969429332763
3.3324809631515,0.232749781105667
1.32846217695624,0.574661075370386
3.26744054986124,0.953870627097785
1.45848908687498,0.42672419315204
2.15983263394775,0.253930654609576
1.59573064736071,0.470071173505858
0.145392993465066,0.140903652645648
6.38635010983715,0.0264696250669658
0.408405450172722,0.59135325672105
0.855394007638097,0.290083317318931
1.67119324571433,0.112977673532441
1.24791080038995,0.384701080620289
2.68227208956125,0.208105207188055
1.59075123808327,0.248974570073187
2.3569969627166,0.312874343246222
0.144874891272382,0.160661579342559
3.3419074116457,0.891006475780159
0.555806535296142,0.210715931840241
0.184147583320737,0.182493036380038
2.44544752492549,0.948400247376412
0.812943188473582,0.426882886793464
0.456156151369214,0.285748513648286
0.162197185972685,0.979242100380361
2.62072950034382,0.351176471915096
5.494620706634,0.510376369813457
2.39706064752283,0.770702169975266
0.269079159013927,0.612785014789551
4.30079319776025,0.335593619616702
0.450400928996775,0.1392946629785
0.215981963090599,0.63331292476505
0.809296771709048,0.756759003736079
0.161425972120616,0.778166773030534
0.059752804060963,0.559906877810135
0.954255000080183,0.531797521747649
0.65689258556813,0.652387223904952
5.34349876989551,0.212579642655328
1.08606501761824,0.255491340532899
0.913092283532023,0.0211767735891044
0.619855087250471,0.861417945241556
0.551647654734552,0.942950747907162
2.32402035771849,0.205602139234543
1.11932611092925,0.889775797259063
1.42343121199849,0.52829428599216
3.26521947218065,0.175494691822678
1.30180857051164,0.128618917427957
0.828113656491041,0.580291400430724
0.299279141516984,0.415939254220575
0.213688788262961,0.219918062910438
2.79265685801702,0.402682598913088
0.114800581223427,0.215899677947164
6.42987450923691,0.460272805998102
1.17822108790278,0.810237746220082
0.529302012109711,0.0193859245628119
1.96438152390057,0.307185020763427
0.587680269964039,0.946524015627801
0.437974783591926,0.509824093896896
0.337484518066049,0.765170733677223
0.703382323665411,0.474825669778511
2.96788452974774,0.863363161450252
0.374845114536583,0.691417924128473
4.49343521193281,0.657371869310737
0.0556516638025641,0.753330477280542
0.784652721136808,0.10579362954013
0.400874154579268,0.711120702791959
1.08194339182228,0.722725242376328
1.93413417964222,0.834182120859623
3.00460588915234,0.980740746017545
0.88525386992842,0.711167635163292
4.28165938856845,0.299491400597617
0.97795451618731,0.0619009910151362
1.11374272871763,0.81851092306897
0.606082393787801,0.309561117785051
0.971489616669714,0.199407576350495
0.809816451743245,0.616399706108496
5.69028837945233,0.856139354407787
4.0618301144052,0.277971127070487
1.50179131315954,0.70454527088441
0.858898783102632,0.16509742802009
0.301553029567003,0.4355132591445
1.66345443009379,0.402087097521871
2.34523607402616,0.292344557121396
1.43622238739374,0.0913309615571052
0.558652426116168,0.817200178746134
0.702873663976789,0.0323478674981743
1.65056572101059,0.0916453441604972
1.29204870760441,0.00338401738554239
4.18187661071248,0.967145311180502
1.15913869477238,0.492655739886686
0.531096063678062,0.954769560135901
0.453555432148278,0.424166130367666
0.0280757900327444,0.4248214175459
0.719571346417069,0.822379430523142
1.0521988524124,0.704191712429747
3.82155648602133,0.60906942631118
0.36360370926559,0.151209732284769
2.06114036022666,0.410845107864588
0.550053561106324,0.693764421157539
1.28973803203553,0.122291333507746
1.67488909690621,0.817698295228183
2.73081468223574,0.875410045031458
4.97500150253005,0.148690112866461
0.316641206868429,0.661070676287636
3.53236277384644,0.812556514516473
3.44909037260299,0.195456035202369
6.08190712114495,0.231521589681506
2.52246506317499,0.797335315961391
2.151623243382,0.681497969897464
0.361861697398126,0.357384486589581
2.45521775810959,0.608333910116926
0.463959828019142,0.756746973842382
0.39353986736387,0.23220374668017
0.182588692622798,0.258445302024484
3.03968732886617,0.128600706113502
0.0886689396575093,0.594879334792495
1.28182962723076,0.912003840552643
0.846071639098227,0.433463096385822
1.50324863852591,0.146130478708073
0.240994301624596,0.437589334324002
5.83713653650055,0.246820219093934
0.548531361855567,0.303192032733932
2.58552587768974,0.260709473397583
5.59207088864878,0.133896037470549
5.49276017744966,0.47536173183471
7.85789792323845,0.389367088442668
2.24724965161624,0.00584572274237871
0.583881594240665,0.920364269753918
0.167011748068035,0.951124074868858
3.25151563791518,0.431153228506446
1.36934704147279,0.304740750463679
0.941761939066283,0.552880462491885
1.47443616195562,0.22132741427049
1.64685008852723,0.103184429462999
1.82813760629835,0.582933092489839
1.64769462158169,0.904726448236033
0.791130949743092,0.0481304549612105
6.39708822932015,0.572381454287097
1.17260791733861,0.238710746867582
1.27798076439649,0.657191870501265
3.5760427083683,0.374910025391728
3.008449524473,0.628823280101642
0.687940587574142,0.881415835814551
0.790752983652055,0.552999049657956
1.29065203480422,0.719481925480068
0.211570230312645,0.0560654692817479
0.247969029295762,0.800068826181814
1.03457484673709,0.699936137069017
3.92547464726453,0.262217086739838
3.54754693416839,0.966373994713649
0.000331393443048,0.9495470225811
3.60271790234332,0.641837666044012
7.34426856688657,0.33171881409362
4.82278823195284,0.743699587648734
5.93779052760372,0.0977001320570707
1.31310515664518,0.824490402359515
4.97176970888801,0.75644781626761
2.12544870094235,0.568475316511467
4.76701204081006,0.601969585986808
0.17292229474666,0.0278438047971576
0.724894931539893,0.0303813025821
0.775363242253661,0.713853016030043
1.7722258697355,0.505334819667041
1.65357931881192,0.432054016971961
3.74657508341556,0.879664461826906
0.945591816678643,0.611446532886475
0.00418385565155369,0.244492658413947
1.97333070999923,0.110478981863707
0.813917245715857,0.400235501583666
0.450810355134308,0.031490643741563
0.24272131001722,0.688708998728544
1.20776921045035,0.0896190993953496
1.66347688800635,0.610559938242659
2.61289217179723,0.354847656795755
4.36547932376094,0.0880754881072789
0.350924454629421,0.860303331166506
2.28472232810202,0.271002140361816
0.949859703717931,0.799469900550321
8.70122913220778,0.282574028708041
3.47558170912747,0.236440230626613
1.24325107876211,0.71345504000783
6.19439572062264,0.89922669227235
4.59248681348551,0.340145014924929
1.02742424687124,0.203123266110197
2.58594636051896,0.178393944399431
1.37413379829377,0.37314439797774
2.50444366774502,0.494520558044314
0.70373124289523,0.511186630697921
1.10129707306623,0.604399157920852
2.20366463429275,0.907258045393974
5.10503469513499,0.462712075095624
0.109650457165502,0.400507319252938
1.11079845577478,0.660502366255969
0.081535073928535,0.587772046448663
0.0158171793445945,0.0338103948161006
1.99573024167659,0.27685064310208
0.788489667698741,0.56191507470794
1.27593942824751,0.219971103593707
0.278005918795111,0.78489822591655
1.99714949444484,0.417351016541943
5.78323326294878,0.446494586300105
6.91374559666882,0.281378262676299
2.95561154391318,0.610826255986467
0.104594419798637,0.750924926018342
0.229410511441529,0.680602693231776
1.35183890908957,0.871951408684254
2.19395339294317,0.796287565957755
3.27683518437629,0.178323071217164
1.19424421992153,0.099898291984573
1.86975055984758,0.771529637044296
2.4000149424279,0.157070803223178
3.76888021064882,0.270908594597131
0.811156672425568,0.033852124819532
2.69787447518649,0.0595299291890115
5.76659567620526,0.573903260519728
0.531570266000926,0.0220988055225462
0.676366584375501,0.870625358773395
4.23566735883184,0.92888140748255
1.06903859972954,0.224447119049728
1.74424090786817,0.299523141933605
0.915721577592194,0.119517825078219
0.129075318734544,0.114571284037083
1.4226841328232,0.49636126938276
2.43320319048109,0.0302981736604124
0.0725053642484286,0.375455272383988
1.1150472775371,0.973927422426641
2.12781183040681,0.580101338680834
5.47396138657756,0.739997015567496
0.545684393495321,0.0436163393314928
2.07863555840197,0.119166577467695
2.83862448096073,0.113298943499103
2.21958667590263,0.619661807082593
1.57932065578774,0.569281175266951
0.0080159010062002,0.774821332655847
3.45934550353739,0.728808018378913
2.54538382208886,0.572860091226175
6.68013407256375,0.00918332603760064
1.02301092073321,0.763681444106624
3.0066425540606,0.532142148353159
2.82559833680629,0.610002282541245
0.86217790748924,0.82320572109893
0.68000147677958,0.830873100552708
0.938973029144108,0.442407235736027
1.23592695128173,0.551513658137992
1.22756378911436,0.716480065369979
0.601269132741933,0.387114078272134
1.33699475135654,0.670537513680756
0.218407955794386,0.609604503028095
2.30233093528988,0.875179927330464
4.28025704224534,0.093093853443861
1.64979358195307,0.943431676831096
0.020197456238907,0.0697133145295084
0.370625521056354,0.947790064616129
0.257767358794808,0.96043785661459
1.07293888833374,0.680055242497474
1.05560003476893,0.382320452714339
0.98208986222744,0.567873623687774
6.54512208666573,0.0557818822562695
5.15024698127933,0.984420881606638
2.45829236499014,0.809156668372452
0.886123343370855,0.0354336595628411
1.29548651352525,0.0452762991189957
3.40741768462544,0.445549632888287
2.57781586787643,0.46636431873776
1.22347152718469,0.27868846221827
0.538207470283212,0.132107778917998
1.81338432236555,0.519119729055092
0.897572311572731,0.861390761099756
0.142334624193609,0.6890375521034
0.723479890264571,0.86234938330017
2.11369953921623,0.75930228899233
0.292363286949694,0.663824787596241
1.23042897880077,0.188831260660663
1.56115696018286,0.476532316766679
0.995670540258288,0.0109329221304506
0.798069186508656,0.673297565663233
1.94873857489767,0.638059118529782
3.40369509888773,0.0244426266290247
0.990021442994475,0.360717834206298
2.02379870592597,0.546896432293579
2.58766553728821,0.609789626440033
0.023714691400528,0.665248542791232
0.208154178224504,0.747867929749191
0.372890251688659,0.869495651451871
2.09568748055937,0.811283299699426
2.96542122943287,0.463612137595192
0.680359972640872,0.831337378593162
1.04052831232548,0.863625987898558
2.74716498508098,0.601172883762047
2.68336176389772,0.405317035038024
0.415981254093238,0.376416055718437
1.41259700237753,0.255756685044616
2.86642696809174,0.154150026384741
0.206012197770178,0.56381159555167
3.06760073491528,0.503350463695824
2.26333166650477,0.921508670086041
0.0446846531704068,0.522161850007251
1.55562124259393,0.611352211330086
0.122277305461466,0.475200756452978
3.58972727490549,0.359629615908489
1.51544130398872,0.54621424083598
1.69862506248905,0.751635362626985
3.21183627591633,0.353994218166918
0.414971265922649,0.215369437355548
1.59168313236557,0.0622481021564454
3.83795922232752,0.487315746489912
0.144882775843143,0.744686325546354
0.368953951634467,0.377249666722491
2.39936623482248,0.236656462075189
3.37777823938017,0.0744328699074686
0.372491993941367,0.617898628348485
1.88972194735743,0.271535342559218
0.485598082654178,0.273624561261386
3.3226714877594,0.119637254392728
0.777928117662668,0.346710082376376
1.96684538248809,0.975883863866329
1.39552861596036,0.124539834912866
0.119333820417523,0.492953542154282
1.08894875552505,0.548223271267489
2.33428890808466,0.108279434964061
0.990035860799253,0.399147385032848
0.186752184923732,0.986292446032166
1.17616125289351,0.731614184565842
3.87365352345591,0.834583510877565
0.728570918189213,0.698412819532678
0.54090980719775,0.25960653508082
0.492460219189525,0.16116311843507
0.859694989017198,0.587384184123948
2.1761040612215,0.735380675876513
0.426022258993566,0.207049802178517
0.957285821437836,0.51796919410117
0.140269565357777,0.0263943681493402
1.61828354078522,0.923533211927861
0.848774051293731,0.35848236689344
0.176790574787289,0.451026283670217
5.96069960409113,0.515240328852087
1.76963822907748,0.312139177462086
0.635709002614021,0.954423571936786
0.745776114985347,0.679913100786507
1.31405189095891,0.62540078163147
0.881584048271179,0.704759095795453
0.0687859362371332,0.0322531124111265
2.52704939610305,0.231543292524293
0.627017682450405,0.718409084482118
1.6080886834747,0.307081375503913
0.54001591168344,0.193056418327615
1.50805136739256,0.491353148128837
1.85453783584149,0.120314037194476
6.42985071208248,0.171341051114723
2.52475284922585,0.296055687591434
2.94062245913274,0.253761755535379
2.89756315155672,0.121514371829107
3.16160999966745,0.229774603853002
0.302973864600062,0.905995857901871
1.10939208604395,0.613379725953564
0.0683051563315181,0.652241983218119
5.93503995206127,0.327220573788509
1.303591536358,0.306080341804773
8.04810539963556,0.997802620287985
8.80411443808928,0.498411244014278
3.00774043781643,0.449184827273712
0.199115219525993,0.527870343532413
1.81791320248487,0.215686787385494
2.46115683197024,0.81322181946598
0.110581746145454,0.0485699118580669
0.383105905726552,0.370486228261143
0.0422822124988379,0.0515515028964728
0.785194698747639,0.276141425129026
0.000742411240935326,0.0515748534817249
1.1866489732638,0.971257086843252
6.31926968660126,0.0329241545405239
4.63025071074195,0.01500718225725
2.99320974098993,0.684283453505486
5.24951419384704,0.613414043560624
0.31832582362346,0.125450821127743
3.75585384650116,0.904494658811018
0.0428723227232695,0.33341966336593
0.713226065283952,0.350013721501455
8.4962056500165,0.965795544208959
0.500598576851189,0.631263519404456
0.0408933376726503,0.603639253415167
0.719127263873816,0.401597524061799
1.64420360917327,0.0330538309644908
5.46986329157777,0.892367740627378
1.08737975545228,0.819782850798219
2.21363951071146,0.168602790916339
1.49504220532121,0.140332194278017
1.63524854129559,0.376702689332888
1.27258664090186,0.650188706582412
1.64094522587004,0.0569216371513903
1.42776256977561,0.636176643194631
0.264772043563426,0.436010086210445
1.20740816357655,0.288293808931485
2.2261575553017,0.271930318558589
0.180719147436321,0.417711388552561
4.4227900829665,0.0429075106512755
3.47656179947739,0.966937858844176
0.159288323184022,0.01913349959068
2.18006312838736,0.0619389547500759
6.00470866229305,0.78050406393595
0.270764347034475,0.224379721563309
0.22887837793678,0.525796538451687
0.780761808156967,0.506758596049622
1.18761015776545,0.140013318043202
0.930184047669172,0.777772738365456
1.95233832477572,0.661602539708838
0.621572658419609,0.228309186175466
0.756852828615933,0.11252974322997
0.512289983424086,0.10566029837355
0.826207276433706,0.606178026180714
5.79806287812125,0.378707564901561
1.88900318360868,0.463886715471745
0.289797171019018,0.280584971653298
0.525065704248846,0.694342881208286
6.28849437799225,0.974492284469306
3.85809912143235,0.985708267660812
1.9647985472435,0.161910531111062
0.0489497762358102,0.0258240385446697
0.345833003520966,0.750995119567961
2.18798570140245,0.245427762158215
1.21180272009224,0.60093024931848
4.22112591166921,0.790221608476713
0.45988120790571,0.318164444761351
0.338962914422154,0.271550128469244
0.684385484949902,0.881323785986751
1.28617158354489,0.688020048895851
1.65683645187857,0.788609985727817
0.705869140103459,0.826616744277999
3.36743299646263,0.420756089035422
1.32746443524957,0.0277858034241945
0.325371146251332,0.544911065604538
2.94467196037351,0.627193119609728
0.410068249329925,0.812681878451258
1.40530832352538,0.0742470847908407
0.355839600379268,0.358476061373949
2.20175578995588,0.954037612769753
0.711314554326236,0.0829023628029972
2.40085787317696,0.316760096000507
1.95412519938293,0.116044235182926
0.872111218050122,0.309074802789837
0.308746013158186,0.311132778879255
1.6445704851671,0.689189857803285
0.46779103204608,0.138856455218047
0.581230681642364,0.754642714979127
0.994907406158745,0.159175592241809
2.54374050605173,0.129856317304075
1.2204243093729,0.335375625872985
1.85691741806429,0.519456245237961
2.95015060512309,0.976812345907092
3.23863551209271,0.556635030545294
0.202521494054043,0.548926212824881
0.713371097631704,0.176746684825048
0.212475215970261,0.597340020351112
1.91504387549105,0.775258696638048
0.0258815129727657,0.211914303014055
0.609758226200938,0.249475458404049
2.93200210092549,0.4319647483062
0.71203174600685,0.457971876487136
0.268248462473021,0.280887300847098
1.49852223864657,0.102054631570354
1.16813176497817,0.245270122075453
2.48047391875627,0.816363299265504
5.94079865481625,0.801411456428468
0.721918622031808,0.686554339248687
3.79128963483458,0.124221090925857
5.29043226291366,0.859714441932738
1.52669817387106,0.104269939241931
0.880049664527178,0.878490305272862
0.124481966362943,0.0842996095307171
0.268991842865944,0.0144908442161977
2.61558306767585,0.849908584263176
0.0363628057325737,0.178750761551782
0.431442059576511,0.221891128225252
1.9452865551317,0.164673568913713
1.21055554132909,0.0202744160778821
2.41689241285436,0.113475417951122
0.669783218763769,0.516902269795537
2.18303430824429,0.81567495688796
0.26580982748419,0.442920562345535
1.48697214998377,0.913466474274173
1.46914065620842,0.683895714348182
0.533303853833565,0.631088493857533
4.83883169635623,0.77016574377194
2.19858294717016,0.949296972481534
8.56504080394163,0.0808238186873496
0.57170226238668,0.174607064807788
0.418097690143812,0.353354124585167
3.6948280444551,0.573536654235795
1.57305777269266,0.460383120225742
6.83041571236032,0.435696380445734
0.752291625930308,0.716270307078958
1.59942070945146,0.485243622446433
0.568787263706326,0.0760010834783316
3.08660780249124,0.978152982192114
6.71861901845703,0.0562124419957399
0.179142839275301,0.460454550338909
1.0676754117012,0.254108163528144
2.90817645540398,0.864655021810904
0.97175366897136,0.625707103637978
4.41695820142455,0.445808747317642
6.01044948774298,0.897306548897177
1.31070750579238,0.660350757883862
1.19411141611636,0.0670802239328623
1.07265751995146,0.162207210436463
0.608657190291775,0.0920733576640487
2.51516631796005,0.963510049274191
0.0510741397738457,0.138387012062594
1.1311073275283,0.98229805752635
3.06389430148487,0.801393671194091
5.86378659274349,0.658155744662508
1.42165389462354,0.0705093289725482
1.99529465279522,0.820444393903017
0.424014822337143,0.847668193513528
0.20173835195601,0.329803122440353
2.51764152563157,0.306189960101619
4.58640020188489,0.673141329782084
0.175240423476548,0.523616169113666
0.237628047700465,0.252560209250078
12.0249824219181,0.144468550570309
4.40466856556769,0.640784666640684
0.132100714411365,0.0151679120026529
0.416117506101727,0.559303438523784
5.33916715134807,0.201309200841933
8.64860797428776,0.655907453037798
2.52168804398718,0.709592333761975
0.0273668197914958,0.818500167923048
0.634123486466706,0.586919277906418
4.27761125975341,0.54580759932287
2.05807473129573,0.681649391539395
0.541281735548455,0.296599148074165
1.59797899305632,0.786556880688295
1.09099746309221,0.558378359535709
0.262700247482442,0.647162946173921
0.921918979845941,0.306685022776946
0.0984539398923516,0.16633213008754
1.01622079592198,0.254707627696916
0.805667039006948,0.744340614415705
3.39965553564911,0.643979905871674
5.37249216039605,0.159494052408263
0.175981954671443,0.428148843580857
0.738153345882893,0.995549891609699
3.81480324033667,0.717433514306322
0.511511629447341,0.390651564113796
0.00147787574678659,0.164967113174498
5.53209365506597,0.271707177627832
0.902860341593623,0.194051573984325
0.041403092443943,0.716194337233901
0.668475039303303,0.673544608987868
2.46482197000625,0.841538071632385
0.971176251769066,0.81875853263773
1.76916733561995,0.745287414640188
0.32729235291481,0.566454104147851
1.03507486823946,0.930467230034992
4.70010338325925,0.761256025405601
2.54755759190137,0.931873750640079
0.172261225483118,0.285929610254243
0.280759977176785,0.486753134289756
0.819453535490738,0.796559256501496
2.09467641493296,0.125543165020645
0.4478142214939,0.734391453210264
0.281470443580621,0.172586561646312
3.88357854317935,0.383605756098405
0.558262390491533,0.146409585140646
4.39388019938893,0.916429655626416
1.53285625604483,0.135119884042069
1.58504616126337,0.571032850304618
7.9829678344996,0.332904535578564
0.902387140756232,0.223440845496953
3.52732256264845,0.298056769650429
0.423361191349925,0.553776052314788
1.92605527295711,0.810618725139648
4.07995465008502,0.380415744613856
3.28525781890527,0.776225457899272
2.2263991254473,0.383095687953755
2.30842254861238,0.43276473833248
4.14977625740652,0.74939377233386
2.8515391012836,0.557235709857196
0.257659437134862,0.238222410902381
0.920292876163527,0.87384964316152
2.49663466206732,0.092104826355353
2.81270652285476,0.324476999230683
2.18588308286479,0.904529516818002
2.41709856121781,0.0289441759232432
0.092040129005909,0.575351636158302
0.651430252939463,0.388798149302602
4.18957402861394,0.922079809242859
7.06007592397288,0.6342900947202
1.96976831733229,0.451213189866394
1.87918425529244,0.0775799120310694
1.18173419684172,0.904088504612446
4.50883968521781,0.91904710046947
0.30577605497092,0.783950636163354
1.70135407886448,0.0639885554555804
2.152604855513,0.890006747562438
0.254896124824882,0.0113629314582795
0.666702291344112,0.931849161162972
1.81181396349313,0.760900335386395
0.710173510296085,0.259080465184525
1.78338200963082,0.936142083490267
1.12672078609467,0.0740967162419111
1.59625734533725,0.147635899716988
0.342903888493478,0.348922458477318
7.30767511487515,0.717151894932613
7.13644466535817,0.748279790161178
0.152741621996246,0.0140935678500682
2.08209492961384,0.910623949486762
4.56874620516725,0.164737146813422
0.140146505055338,0.854944051709026
1.0786520652473,0.0371230191085488
0.47424984460511,0.0800039407331496
3.55602954683786,0.623338175937533
1.53476669630947,0.88903735531494
1.51980533814969,0.17948507447727
0.721401679329574,0.750017689075321
0.134499018690142,0.7244729003869
0.486371487379074,0.134625810198486
0.582832426412817,0.203785007353872
2.43272212698104,0.00881953258067369
0.857129098847508,0.410809430992231
0.893779289487083,0.706310408422723
1.22517546957897,0.172665511723608
2.01948147072437,0.216032835887745
1.73459688193145,0.180106702959165
4.21286429067082,0.930357248289511
0.919088676571846,0.866229674080387
0.513771164231002,0.976700847502798
0.81173150986433,0.783847631886601
0.111958314973674,0.120395468082279
2.10309582195225,0.0408198330551386
0.0403132247430022,0.146069407463074
0.774780169129372,0.71035032835789
0.57338441722095,0.175739643862471
0.256725680627983,0.0697107235901058
0.0562832036887666,0.352058470482007
1.93148041508141,0.195721459807828
2.39448618694189,0.731972767505795
2.7398148010576,0.243181403260678
0.398260583169758,0.0364902410656214
1.80231751120629,0.778622082667425
1.47002141695565,0.502283080248162
0.843337264843285,0.451176838949323
1.71239196128192,0.0982150223571807
1.64717062181773,0.287784839514643
0.406232606859343,0.367524393601343
5.20030513753123,0.421135273994878
4.88433540959783,0.563786601182073
3.93741903437262,0.178018684731796
0.372545457445085,0.67451577167958
5.79133570160637,0.463162385160103
4.87676057566829,0.658433882752433
1.2394302347675,0.888698139926419
2.15968177086654,0.928224001545459
0.177765431828709,0.842941701645032
0.565769797191024,0.680874495301396
0.227948258344769,0.248781795846298
0.360323671899701,0.754330595722422
0.30449874792248,0.869705204619095
1.841938117435,0.624335116008297
1.00892522651702,0.298519918695092
1.28625750727952,0.607893222011626
0.604802574031055,0.854688247665763
0.469182514585555,0.197036672616377
4.69162834037967,0.375251438235864
0.663669532596798,0.560214522760361
1.57421684629264,0.915600593434647
0.438401454505532,0.682670136680827
9.90281912620255,0.699224449926987
2.63939454025569,0.376243250444531
5.54219655294843,0.911757112015039
0.0224710730835795,0.157774234889075
2.16181372283938,0.240109333768487
0.442034204490483,0.845925578614697
6.01498613975932,0.681786102708429
2.05463216497551,0.307923916960135
1.35749640036374,0.877478984184563
2.29262109278681,0.166827391134575
5.35434458007045,0.389400163432583
0.265596802982051,0.000215625856071711
1.27695754449815,0.349839331582189
6.0467123534895,0.967305580154061
1.39806036642733,0.835573793854564
3.06343785284047,0.692723071435466
0.111185799705674,0.742574283620343
1.28260964527726,0.393979287939146
2.0049321669245,0.961216038325801
0.456520618897865,0.246305189793929
0.873918996192515,0.565705810673535
1.26196724642068,0.1210862910375
3.17824595865566,0.608632331015542
0.882002355530858,0.54273850354366
2.38631193703952,0.60718283825554
3.52357884107118,0.440657390747219
2.13011449939551,0.618299426278099
2.00870276420357,0.303728421451524
0.0320911935906668,0.856829956173897
2.86251115861124,0.316715973196551
3.81427417678719,0.16051745438017
0.695024493150413,0.231104554608464
0.155267606733128,0.21755916532129
1.987855033865,0.322796626249328
0.753675218595851,0.887981656938791
11.2677294903233,0.349714124109596
2.81807698292618,0.491828782949597
2.77529392747169,0.332312094978988
0.91342590842396,0.534006407018751
0.741687278263271,0.801853485405445
0.465882726233814,0.377647767309099
3.12357901317171,0.921021787216887
0.278645100072026,0.0677679379004985
0.908971891738474,0.785644381772727
0.0888046927692695,0.0689938666764647
0.705541006289423,0.0360307595692575
0.0788164818659425,0.281116758007556
0.0720613719895482,0.837802856694907
1.83616881995442,0.106657536234707
0.270871003105296,0.868311635218561
4.88919709970183,0.928910331567749
4.56441579361386,0.412781220860779
2.06301329835298,0.135624907677993
2.79837462858904,0.957590318517759
1.13958759047091,0.735553922597319
2.58139679572525,0.0841317262966186
2.01341188690605,0.417895434889942
0.050049789249897,0.056132179684937
0.192376201905196,0.0977341511752456
0.174076726660132,0.465358564630151
0.919081865809858,0.685296924551949
0.0232464000582695,0.0234862589277327
0.322051114402711,0.649221355095506
4.50958136071391,0.305499052861705
2.37091836324873,0.999164391774684
2.99993467160595,0.133007372263819
3.9207970125783,0.239403178915381
1.46553612245283,0.162809713045135
0.833776840008795,0.885560227558017
1.55020498769287,0.994806111557409
0.751710544340312,0.551771603059024
1.88164802259746,0.0796640291810036
0.0665946177725555,0.488768370589241
2.20615187651458,0.666776254540309
1.13411824434889,0.384827986126766
3.40207093192225,0.824687113985419
4.48400076820688,0.891332166502252
2.41035184981806,0.588816883740947
0.734919550133997,0.396987858461216
1.21422078087926,0.980234897695482
0.361291685210468,0.469227145425975
0.460820182226598,0.109875401481986
3.03778233255797,0.261154581559822
3.54156259803062,0.539029434323311
7.07501810936402,0.900995674543083
1.23077634908259,0.558166510192677
3.44234167648342,0.283102019224316
3.16113277360805,0.378161518601701
0.438463242067269,0.429907768033445
1.2973603233695,0.442470197100192
1.40194407425758,0.778111496241763
0.26228414196521,0.993128556059673
0.463135127018833,0.019480207003653
0.481262073852122,0.645214591408148
1.9614725037569,0.599868092453107
2.99548944954592,0.981925214873627
1.23054502159357,0.53549167746678
4.36599612484536,0.256695253308862
0.734059331007302,0.452415482839569
1.72691001665392,0.754908059025183
3.42083462683444,0.0171743417158723
1.04409062955528,0.701618953840807
1.42972904714473,0.0517711015418172
1.54131375342742,0.867251624120399
0.47374033671746,0.670292361173779
1.09961234685034,0.325870577478781
2.83893268478632,0.734999530017376
0.72063756454736,0.0727497939951718
0.354706015437841,0.566671083681285
1.24874465353787,0.932914667995647
3.97955327836757,0.0723980378825217
1.22244388051331,0.52591894636862
0.461136062629521,0.127449084306136
0.466397286392748,0.554151947144419
3.30160236341839,0.0761455488391221
2.19617192811313,0.721812489209697
1.77937578028979,0.451016763458028
1.18555377982557,0.668737126281485
4.79048875321574,0.575945051852614
4.3998432641191,0.465887211728841
7.87129495623422,0.60982478945516
1.66193877291347,0.659674771130085
3.65186909569388,0.316002526553348
4.11882880313282,0.37526084529236
1.96876870933005,0.701089223148301
3.575478721242,0.134566478198394
0.475516952798265,0.462361274752766
0.957582681439817,0.51786370575428
1.65025302014294,0.716420790413395
3.70052115602379,0.918256122386083
0.991458627395332,0.280644637066871
3.0098573909672,0.00553113454952836
0.8378559005133,0.702505361055955
1.31391994375736,0.938738952158019
0.719620056450367,0.0898335129022598
0.595424640989625,0.769467875361443
0.940687132067978,0.748194764135405
1.76484091198983,0.889054184546694
0.939481107518077,0.155101678101346
2.29730710192564,0.998811437515542
2.0683356168771,0.184455889975652
6.50403669442902,0.784102133708075
0.342996694147587,0.698879715055227
1.08827553596348,0.218692660098895
0.117834266648603,0.0716269193217158
1.38741183101159,0.441657067975029
0.467812678935458,0.562234171200544
0.830126927234232,0.39590825769119
1.49318877040389,0.870230879634619
1.1724078822881,0.845588374882936
2.90668290836697,0.376414760248736
1.3344686832279,0.961811470566317
0.0502067271229277,0.291768080322072
2.97847746295815,0.61885971412994
1.41070335714836,0.621309759560972
0.698295281268656,0.634480947162956
0.727377727627754,0.114123774692416
7.37632162454438,0.924356541596353
0.471900408156216,0.59092957014218
4.17870742429919,0.691329091088846
3.47386715171819,0.877544725313783
1.05504899518715,0.0614488874562085
1.29289721418172,0.886952697299421
0.966911648400128,0.773186574690044
0.137277321889997,0.962747892132029
0.409662140275876,0.637437814380974
0.132670162960464,0.554891278967261
0.41863495670259,0.146301693515852
2.93529547904062,0.41224851901643
2.64917247547748,0.423548958031461
0.679366284050047,0.393139382591471
3.37978013990419,0.244616218842566
1.22769115865231,0.23481815494597
2.57309920518639,0.0536223719827831
0.36630145739764,0.630412416299805
0.159789619036019,0.262561403214931
1.0914328666218,0.158241385128349
0.491516480534773,0.00489143072627485
0.0728770969435573,0.32327914936468
0.686664761044085,0.694126987131312
3.28093580139761,0.152415701420978
1.45710749543252,0.157561407191679
2.47754762313309,0.33210105006583
3.18287633342629,0.922991610597819
4.693809274332,0.226474294904619
1.973131544804,0.170556843746454
0.49905879702419,0.96707073552534
2.76155580571833,0.458798642037436
12.1553673439457,0.623733424348757
1.09511429341701,0.871220451546833
1.704641232183,0.580405169166625
1.54828425860944,0.763837170088664
1.92077232839258,0.794605073984712
0.477113556116819,0.290788822574541
1.32314016390592,0.31867571384646
6.69635392358954,0.945264141308144
0.256729294545949,0.680694964481518
0.00534696483141428,0.384142391150817
1.8397300633693,0.81608665199019
1.12651437986642,0.80153783550486
4.42202552755303,0.836583749391139
3.07795428095346,0.367371274391189
0.335859885439277,0.5797472987324
9.5581083069171,0.832443990278989
2.44011636069956,0.0504420769866556
1.59574405654314,0.718529120087624
1.39748523768267,0.644021290354431
0.146011630641041,0.47182189906016
2.21563802837374,0.854322685394436
2.78650560585742,0.84988308371976
0.19704850576818,0.891878211172298
1.13245488610119,0.485482973977923
0.675271422907126,0.0934101196471602
2.41699258229675,0.487158025847748
1.60374973147156,0.940705133369192
0.240149598568678,0.207562199095264
0.454151856631623,0.770651793573052
1.9004688746387,0.96020754892379
0.434893328696489,0.401775947539136
2.34139362527969,0.95836826460436
0.586006535972638,0.818972771055996
2.23226677245441,0.467928772326559
0.285690976115534,0.582927352748811
0.614566952636404,0.931730603100732
0.534543696790934,0.0318303741514683
6.45846348967323,0.284634181298316
1.11878852639347,0.487111939350143
2.08521521641853,0.943717361893505
1.25642450153828,0.0353844943456352
0.512196265161037,0.745523009449244
4.12806225923782,0.686583936447278
5.56335732307205,0.723299337318167
4.20601998616881,0.582968234783038
2.36486959401292,0.244357430841774
0.62932445542253,0.554641541326419
0.513458368368447,0.668187038274482
1.53783727987649,0.891539681935683
3.9783014206398,0.401769983349368
0.136294905216223,0.854469725163653
6.47740483250389,0.0296801233198494
1.50364290073937,0.6794495920185
0.0429724305868149,0.791352747939527
0.54297051186378,0.24889332964085
2.79850517752021,0.996373401256278
0.429603373631835,0.451131758512929
4.4854039886261,0.678556252736598
4.3155109172029,0.71104527474381
3.27847755311017,0.800827622180805
1.43913279837909,0.943976178299636
1.30422562733293,0.399744618916884
2.53217941327932,0.451537338783965
0.109630670608104,0.829443664290011
3.84881920581869,0.60681493091397
0.35183491371572,0.294053479330614
0.318666708417425,0.0148979439400136
0.413813293911517,0.970867172349244
2.3997961822057,0.894622834399343
2.51879165685716,0.795644502388313
7.95674345952214,0.786777019733563
1.13092845026404,0.734163374640048
2.48384247339311,0.431071582483128
0.0382390143349767,0.654482301557437
1.2063468368724,0.819564868463203
0.123575233854353,0.171973179094493
2.73781464054229,0.879137084353715
1.0716209243983,0.316275045741349
1.56482486232164,0.711627807235345
0.0152978477999568,0.518992810510099
3.23893450183754,0.896224733209237
2.52668649322333,0.190587942255661
1.89826386861146,0.870793976588175
0.192724877037108,0.923624185379595
0.732301301322877,0.601803269702941
1.56490189717295,0.659154059831053
0.867041547795635,0.731133432127535
3.14558145759587,0.109132017707452
0.745630526989886,0.209924039896578
9.29003057578459,0.263165660202503
0.756879039108753,0.293978567468002
1.03368014842272,0.332658582367003
3.55076581222897,0.902697690064088
10.6014191837688,0.118239658884704
1.84579841970446,0.829172555822879
5.62398193743,0.542196483816952
5.29677427907415,0.437220007646829
1.64283550535849,0.741891318932176
0.0466931844130158,0.926184103125706
2.35191200852722,0.0876788694877177
0.524964108771025,0.0299080170225352
2.42409908878648,0.687826319132
3.81653800962453,0.255818537669256
0.563920579850674,0.0689764709677547
0.0261456072330475,0.830486217048019
0.995197243988514,0.370066591305658
1.70839503848404,0.470297679072246
3.53204612417107,0.599738291930407
5.56608751405764,0.414574387017637
0.497494434937835,0.31525430153124
1.54343993767145,0.729072307003662
6.8781590160347,0.679133438738063
2.36528780489209,0.671786290127784
0.865789783205935,0.138733846601099
0.990684724800704,0.480878338916227
2.17062630123439,0.80971973342821
2.4502053837383,0.00456335628405213
1.25723293982446,0.824640952982008
2.11447131066563,0.408732370007783
2.70350794858279,0.0359614887274802
2.47318042247536,0.318347548833117
6.78165249492893,0.382881329394877
2.90626451659696,0.227241532877088
4.73110674668975,0.41368270944804
1.91087674713674,0.754558029584587
0.820147041231394,0.991532641230151
1.64454583637518,0.76477391878143
0.859101071782848,0.833720485912636
1.47035636185648,0.208429786376655
2.04545531786027,0.924548908602446
0.301245988327415,0.270698426524177
1.86727979025784,0.27703768783249
0.538061152335347,0.705969623057172
2.97452108511985,0.592878562165424
1.39712554766777,0.702115259831771
2.0527207943702,0.406023785937577
0.108530642336617,0.017787329852581
2.48292366034331,0.0617321331519634
0.938231681473553,0.865813455777243
1.4623099339845,0.291621097596362
2.07745271726492,0.278735514497384
8.51819289239431,0.370393281569704
1.47262105896118,0.127634334843606
0.660528000072827,0.184636942576617
0.607497502118349,0.756557219661772
2.9486848444437,0.164450982119888
0.806856030598283,0.34202465810813
4.47712543044696,0.479098136071116
0.854764833115041,0.307187283411622
1.0375319570303,0.404338727239519
0.0751826521009207,0.28846777533181
2.27048088229241,0.98184277699329
1.54586964393462,0.127788024954498
0.97473319247365,0.170834539458156
1.04677544347942,0.368957736296579
0.532429420462118,0.456608105450869
2.68692718437853,0.856687595136464
3.83501872030978,0.38907157513313
0.951398906297982,0.393510901136324
0.0769540686160326,0.148264305433258
0.134986363351345,0.681284044636413
0.58794261328876,0.364422919927165
0.677775229327381,0.322367582237348
1.10575386602432,0.862803997006267
3.50662334991579,0.283524165861309
1.73599433704259,0.600222395034507
0.113007356596449,0.517252716468647
0.6986899975148,0.847069567069411
0.875099438242614,0.113323396770284
0.97678701300174,0.979402438737452
0.560358673334122,0.851269053062424
0.327326388769707,0.101671817945316
1.95508976693967,0.746602417668328
0.341354304924607,0.993778925389051
1.7463725785816,0.693944607162848
0.624554074369371,0.681162877008319
1.53010051426543,0.9673280576244
5.43737139900155,0.60621672985144
1.01919709146023,0.989781286101788
2.73456059201601,0.0552307735197246
8.81316405636082,0.63833835395053
6.51830880310307,0.147608168656006
0.0533628637801412,0.682161807781085
0.362668476067483,0.166758070001379
0.717481884174049,0.64959314907901
0.0198836289346218,0.808135614963248
5.56614585187206,0.60080193518661
0.966148948296905,0.258348591160029
1.15194450877607,0.922136789187789
0.83351282402873,0.903829957358539
1.37041975092143,0.457729270216078
1.05639681965113,0.835314237046987
0.147472880589824,0.411775584099814
4.26474804778524,0.34151296899654
0.254856766980252,0.359650443773717
0.314853248909049,0.512077027466148
3.26009363916383,0.81890794611536
1.15379325393587,0.861515898024663
4.68152963717408,0.534368630498648
2.33344889610055,0.896938622696325
2.95630621148233,0.773200857685879
0.251598919116322,0.275080556282774
0.86847013887018,0.769551168195903
4.84469909568257,0.216517359018326
0.218368332972731,0.213183204177767
0.643584449775517,0.643535820767283
13.0284366264828,0.351180971367285
5.09356248726077,0.916180945001543
1.35032750014216,0.967131689656526
1.30731739290059,0.100661010947078
0.603349170647562,0.809534228872508
3.44621331754689,0.701493215747178
0.126213790848851,0.626734534744173
1.10656838491559,0.0999626533593982
4.12863471377146,0.360515867359936
1.5623084544192,0.201850240118802
2.25411927691641,0.314438801724464
0.85236404184252,0.235238974448293
5.23224511344857,0.345596412196755
2.07787065572085,0.643404399743304
13.6253718986996,0.927201142301783
1.70646924144568,0.820340261328965
2.95815593359952,0.10430898447521
0.592949313111603,0.872764377621934
0.728443391621113,0.549802500754595
1.65748080416563,0.417855427134782
3.44293026475521,0.936720038298517
0.220125955529511,0.308997581945732
3.16273786855822,0.0227025777567178
0.345208053477108,0.759795427555218
0.696089338511229,0.495745678432286
2.26860944732072,0.442317059263587
6.44401164319286,0.244364558951929
0.072811808437109,0.444278897251934
1.00941321719438,0.634669679682702
10.8828586073299,0.263758161338046
1.23838646523654,0.6996866511181
2.32316665007268,0.229845114750788
0.078062640411984,0.85214223805815
6.10450515117417,0.102200686233118
0.405138561502099,0.89645683276467
1.54443956825541,0.867120689945295
0.477308860048652,0.333268257789314
5.61170117523441,0.618276859167963
3.96054452667139,0.0932679753750563
0.540430365836577,0.0844324203208089
2.45079362384024,0.423121747327968
2.01660964257064,0.787086386466399
0.136178840883076,0.360349082155153
4.03142763284927,0.115866938140243
5.24910052468009,0.370072501711547
0.418513826279958,0.52918075886555
0.0653753224760294,0.335959591204301
4.4540951535525,0.797550265211612
4.11100257916336,0.81461991253309
0.572712628170848,0.325539773795754
1.29831472784281,0.786491084611043
7.10729495258404,0.349333692574874
0.800000371411443,0.807203732430935
1.29470873065293,0.36284115142189
1.49640158182921,0.0123454423155636
1.33551681693643,0.219286890700459
1.30603581201285,0.46919876569882
7.5668386626513,0.699385197134688
0.317558825947344,0.33253616373986
0.481763947755098,0.231376177398488
8.37890431979551,0.66845333063975
2.40668567447903,0.957166242180392
0.0099112396591121,0.776537123601884
0.645338821224868,0.175649886252359
1.54963160616928,0.217450418509543
0.623404466698695,0.47603100258857
1.0108897946775,0.102571961702779
3.34367510748433,0.48681773035787
0.42771674040705,0.992387709673494
1.18150089215487,0.162783554522321
3.89958488785645,0.632515255128965
4.45862495312334,0.0157471552956849
0.0243176054503227,0.318297942169011
0.386116754263639,0.185592843452469
1.14961430057883,0.892927147448063
1.5604823157826,0.389586211415008
1.88276539891943,0.435295501258224
0.151406232267618,0.785347131080925
0.716069261762056,0.292921519372612
3.12502573774357,0.0972894849255681
7.54540858748269,0.093830720288679
5.50105598171182,0.883061143103987
0.54078973736614,0.468156564049423
0.133814498782158,0.986262833466753
1.24483114667237,0.536920330720022
0.711973143234547,0.195791558595374
0.107417803897598,0.809182208497077
3.51050582138782,0.75256499578245
1.94231366544011,0.467016238952056
6.60606805946598,0.516974869184196
0.244277987629175,0.112027160823345
0.585826650261879,0.905231536366045
0.0337751654476242,0.467353219399229
0.461824386380613,0.611510634887964
0.587563741461251,0.859185834182426
3.3349133840013,0.505948651116341
3.50392464904075,0.452187133952975
3.23813370225911,0.783229952678084
2.34336220837178,0.268156772945076
0.777370567433536,0.225244017783552
2.61667840174379,0.59992476599291
1.83486782005968,0.696146916365251
5.29499524434037,0.308996363775805
6.37538798119793,0.0913289426825941
3.28612865863328,0.518018837552518
6.73817060854206,0.748609786154702
4.48707621126646,0.440613703336567
0.80154700348262,0.936183066107333
0.290262824855745,0.0753742889501154
1.0101420134306,0.680091462330893
1.67437723417103,0.767575984122232
0.815598244755995,0.246654387330636
0.326049630345024,0.11691862042062
0.363102005794644,0.226670308504254
0.52946900203824,0.662115084240213
0.0134020574361332,0.538418234325945
3.50240730065238,0.657804406015202
6.42849385704765,0.0471832097973675
3.64729318750982,0.209734084550291
0.596457906817492,0.371791374636814
1.86173140249195,0.508827814133838
2.04069939061048,0.527038427768275
3.2909622749496,0.805242620641366
1.36084624286741,0.545315399067476
0.672843191772699,0.843875206308439
2.21845545797589,0.813633678248152
1.53933544563562,0.340986822266132
0.0216668978134158,0.201182691380382
2.98533883301501,0.515892827883363
5.99028880860577,0.193603985244408
2.15233904914481,0.95811741380021
4.36289231081433,0.160767688648775
0.312828226014972,0.638671467779204
1.2171964244917,0.905484842602164
2.12415864869001,0.98991196998395
0.993411437608302,0.766574481502175
0.248020151508634,0.758757972391322
0.381229359204933,0.405888778623194
4.79618822385497,0.519387294538319
1.38820496193113,0.0082035562954843
3.47504429445132,0.143333234358579
1.90010272865334,0.922736073145643
0.767406274564564,0.595848432276398
0.541936270619508,0.768744772532955
0.700956156477332,0.265726880636066
2.12388273320141,0.479879954829812
0.401034522138409,0.510458999313414
4.9203466211719,0.403501935303211
2.95356010256295,0.588706472190097
1.61386667358301,0.591269922675565
2.2687375554571,0.676309450063854
1.37919189408422,0.61074211448431
0.020689501427114,0.967484040185809
2.62738757199588,0.144975698785856
1.62385608061197,0.253605651203543
4.91295349945254,0.586902055423707
0.12406859186239,0.734637836460024
3.56930392890507,0.401161780813709
1.35395510215312,0.829893407877535
0.0207641847899765,0.115681867813691
2.75605918458643,0.930632634786889
1.34813830442727,0.568562354426831
2.17031666441801,0.166814369382337
0.639697263948619,0.100514851277694
2.85356010479813,0.948298656614497
1.2331524817273,0.262037079781294
3.67186690008414,0.239642286673188
0.0736435577040839,0.979359831195325
1.92116610773942,0.928559053689241
3.58150627074723,0.839233147911727
3.78322885541205,0.417256086831912
1.25869412813336,0.982854325789958
1.76747980519178,0.622790737077594
3.00092292077248,0.287062435876578
2.12906833170893,0.471103247255087
0.752499604597688,0.849056924227625
6.78990265693436,0.645000477088615
0.0827970928023955,0.914657094283029
8.45282981494322,0.823878944385797
6.30817446079025,0.381772350752726
2.02756300373914,0.554244477534667
0.50110100895557,0.723401178605855
4.38122954566903,0.84812632878311
3.31848395226483,0.4192395855207
1.55872645780234,0.73059225990437
2.01615063837709,0.595355937024578
0.263621844916075,0.989099206402898
1.45147809936645,0.793042531004176
0.26306008733809,0.155992663931102
0.908477865159512,0.590377885848284
0.470959181499735,0.770937925903127
3.47599313763862,0.161683165701106
1.12546652089804,0.958770394790918
1.10001603979617,0.672232191311195
0.775953089818358,0.495762716978788
2.6081247422004,0.971119278110564
0.395009899831904,0.160059837158769
1.65764937541428,0.972883020062
0.182774260640144,0.232386654010043
0.352709018211668,0.677523982012644
0.126816253049559,0.21064813202247
0.164978367657698,0.323777378536761
0.517716210682943,0.0593521418049932
5.3189902489347,0.60412752465345
0.635288413735963,0.125069144414738
0.154889835044742,0.041167322313413
0.757932870648801,0.208304775413126
0.362991201691329,0.490031363908201
0.0378989836061859,0.0520538000855595
0.460690415464342,0.541544175008312
0.0539881221570857,0.137926170602441
0.234529626515854,0.921960167121142
1.6282785347754,0.549466705415398
2.25340874527904,0.871032549999654
1.39779008357766,0.99743032688275
0.645997862331569,0.925460345810279
4.62689905960984,0.777064488967881
1.56204693197253,0.378330998122692
0.835501162036589,0.364075367804617
3.35622957034765,0.0330513508524746
1.07759622018784,0.79064823477529
0.117202993482351,0.296486735809594
1.17530366662303,0.946748703718185
0.654217629693449,0.486248609144241
0.703684861771762,0.188646062510088
10.2856406898876,0.639998089056462
3.65637938010294,0.114580162102357
0.899673742119296,0.171609959332272
3.74687979555962,0.744656519033015
0.0885750651582551,0.0676046239677817
1.7380563969815,0.971486983587965
0.525303796865046,0.186136828968301
0.365642563330308,0.658492719754577
6.77923199500809,0.568154066568241
2.9191811045814,0.511107941158116
0.738390462896366,0.00383122288621962
1.19112549722195,0.626806610263884
0.881616401761914,0.439559103455395
0.847220061969037,0.907830266281962
1.89510053574088,0.174447286874056
1.32987864967436,0.781435767188668
2.06957066050711,0.525529015576467
0.261408300062,0.59125943435356
0.176299837371385,0.421755954157561
0.235979677573973,0.907669814070687
0.29692992195487,0.858728346414864
3.03882422833568,0.123090283945203
0.50633393689322,0.166034035384655
4.40045900245137,0.0415341164916754
0.116864165972551,0.937996908323839
5.77798046138058,0.380164478207007
2.23734096615555,0.613739169901237
2.55222415356877,0.218417169526219
2.28204957014861,0.767402712022886
3.29017502797728,0.618431136477739
0.696869535788771,0.684305004309863
0.379087046215708,0.913505156058818
0.000105277635157108,0.471842461731285
0.735224345489293,0.406869374448434
0.453522481024265,0.751039813971147
0.701600030064583,0.823321925476193
0.0688707502558827,0.71345866844058
0.541721782647073,0.563425078289583
0.497635003179312,0.448819753946736
1.83883951037171,0.411339042009786
0.83276208397001,0.407507749740034
0.111294151296805,0.364321007626131
0.317863713949919,0.937670733779669
0.842457988299429,0.771669598296285
0.76044675335288,0.894145129714161
1.02041533496231,0.954609815264121
0.395990548690654,0.0482573609333485
0.140548042953014,0.52241673390381
0.301039638050906,0.0344739663414657
4.87290838941736,0.592522942461073
0.0405112523585558,0.777527209371328
2.49754615431062,0.214028464397416
0.145976330153644,0.480361681431532
1.1140011260286,0.47256937250495
1.01041566487402,0.838590854546055
0.635189947672188,0.836810450535268
0.382162418265482,0.466642448911443
3.95841252786999,0.133221867261454
2.98268283886795,0.171030655037612
0.657900146939357,0.42743700183928
1.52538310261265,0.206836783559993
0.39277789928019,0.149043031502515
3.57763370109682,0.245275507681072
3.47681210918312,0.797393704531714
0.440791317261755,0.647571031702682
1.29370169434696,0.24878921918571
0.305337531887311,0.880829491885379
0.928085690364242,0.765596897574142
0.079036691492199,0.823751506628469
1.1840518862009,0.0910423775203526
4.78879090815662,0.246612569782883
1.57043080556781,0.700429738499224
0.0555009236559272,0.985527859302238
1.38675092958939,0.483485087752342
Rho_s: 0.0068778872194718
Rho_p: -0.00398366688362494
IC Time: 0
