Rho:0.8
N:1000
1.91088415487649,7.86532457469904
1.33710646443069,11.8377119482451
0.995763778379682,9.6275849880916
0.64735568035394,6.39653481066924
1.29238269198686,10.2288426092929
4.65732387800641,13.4641826754648
6.79353511299858,18.6831951786928
1.98530560723486,8.96841229350341
3.72213303280954,12.1573479856496
0.140156652778387,7.12074080306794
2.95943811519032,14.1949699820294
1.67381304121556,13.0517496719853
0.574124863371253,6.88734669552093
1.70291033142894,8.87562900416236
2.23777751988711,8.87642264694345
0.0181964701041579,6.2319906720447
0.896144028753042,10.5291328468662
2.48880802272799,12.4080079549132
1.77410365632715,8.44173296078489
1.18135465867817,8.86898483285832
1.90424369267168,10.3789016235885
4.38888158251472,12.9383452044158
4.60692885040312,15.5144072303424
0.329469313845038,10.0512139278918
0.462766950950027,8.33788295403657
0.615812985767103,9.88104282857075
0.210638719586334,8.52766527590376
5.10482438255973,12.9358478429802
1.79353626809063,11.4875303724061
0.261570942194075,7.23365149487634
0.0813131177816701,4.1201657611197
0.434140310622752,7.82128162844024
0.00999975659984587,3.43044652454703
4.086361028086,15.735973959184
0.667097042314708,10.0375782276555
1.64078560936176,10.7312450674293
0.286687191935831,6.07912312362937
0.663977611509701,9.0105603012856
6.62504108216534,13.3848683698733
7.2822794641729,16.4818722325665
1.14668207988143,10.5732770152007
6.14037547609735,12.8009992400853
3.6570273338068,10.2207380605941
4.10704413784628,10.87168828483
0.641548900865018,10.7981341450331
0.0547285619766271,8.00870529240032
2.18917311905863,12.3834616042763
0.250099760586958,6.2610541621322
0.302597547182062,7.21319469776353
0.427443483844399,9.74878437755794
5.43931383986898,11.0562560867021
4.19302885313829,14.380178026837
1.76627960833193,10.0721975173614
1.35994033981115,9.44976813065113
3.10804667679553,13.7956746155752
2.54271433866563,8.66886221223711
0.830253224819899,11.066422192791
2.51980364873054,10.2165250232615
1.37733425758779,11.8180322362015
3.17302924377804,15.5304024979426
3.94078050536995,10.0282157605828
0.650277915214807,6.16611106883055
1.36507405061275,8.37248244538095
0.100026974383465,5.05518750672084
3.68926070613747,10.3375273302884
0.0136096533387899,1.90616724129015
2.13001522040906,13.2485116216519
4.074960373174,10.6347020798073
3.94837959838991,11.4524226641977
0.591367944143713,8.35137591353852
0.308910195880102,8.40674943735702
0.795890762470663,9.34433167357261
1.11643568892032,10.2151554167697
5.45510351260133,13.0420553162277
0.554867160506546,9.9390180910356
0.209290437833858,6.09428216456818
1.03093230421332,10.1334046644443
3.78650889901404,13.4010586556084
1.955310087567,12.6614804809515
2.78585887187543,12.2838439424119
1.28404619451612,12.2092598603771
0.406070348502948,9.76640866331337
0.317079944454914,9.73346974384592
1.94555857526912,13.4179685117042
2.49041710984,10.4556608795465
4.03211481852417,12.7908048750959
2.83660596806693,10.5231845452474
3.97352336330299,15.8936190773505
1.13548663444817,9.54734360078532
0.570121706463397,5.30942623619335
1.70677454202416,8.87353207294013
2.71608184083345,11.617269094298
1.68918087511303,13.2266651489674
1.20003250917899,11.844349966796
0.920280087944478,10.2710458016329
3.19855487413267,12.8083299833637
0.527397628873587,9.50902028487208
1.09777519293129,11.9301975747608
0.268400750731026,3.34866803693779
1.58316983646693,9.95274022981003
0.463146044775252,8.30978006503353
1.07496270630509,10.5825572493098
3.74031952379232,13.0306147558224
2.95152067171865,12.3049391484315
7.72867418821651,11.9427096693795
0.0463051106780767,6.05366955816594
1.18902646563947,8.49926054685565
0.670715741233284,9.96053498865507
1.82428426659646,7.74578100988682
3.70642760751729,11.9554198922029
2.29344196422937,13.174465805304
0.475936430506408,9.25915715033406
1.28037732839584,6.99059935699781
0.433633881208774,6.90731766760067
3.4953256268179,16.1078183721986
0.558025011192768,10.3523479469675
0.522436990402639,9.34696915884317
0.362215386147976,10.0635316055775
1.26991748344153,9.11529495151057
1.42729145379035,12.4732618320638
0.0335927344858646,7.15813607419846
1.97452907255831,10.5333603603405
1.31955205369741,9.54657904742467
1.08443608973175,6.88347798727547
1.28864499554038,11.6772103707055
1.92431298076155,13.311104826144
1.53803165700861,11.0350645458283
3.04649748931482,12.082082585979
2.17419122896137,9.5631011760177
0.786580883897841,9.44309631465546
2.46271252623739,9.77985907154298
2.1224386486316,13.2822586085715
4.12525351701264,13.82357939473
4.40018312807696,10.5068226539899
4.29913390775151,11.5274711381131
1.63585086802663,10.4871121823414
0.796003513969481,9.16492792452089
1.6219705249274,10.2521273198141
0.493434728123248,8.33759466486219
7.24229378583741,11.5462925257098
11.0477879972835,13.832272084406
0.00972843822091818,8.99260262012864
1.26650122366846,7.64905630377717
2.73273899211528,15.0182202754411
1.10229178145528,11.8894435974596
0.303491824306548,3.14271484892453
2.81182012433238,10.5195925120035
3.63718802092557,14.6293380284027
0.682988495565951,5.40217839261909
0.317304979345867,8.93819730247282
1.39499514355304,8.77010160674207
2.04191944926026,10.3456227481509
6.10941986706028,13.8935180822502
7.63840377543168,10.9212906140966
3.04238969815855,9.46578631879308
0.811006775125861,9.04385860430552
0.856220744550228,11.3278658462437
3.27412780548577,15.7118181853835
0.214253505300121,3.41170357847731
0.0663381555589349,8.37628319840423
2.98949344811921,14.5341801766934
1.92485024678613,11.1289689285511
0.621218132786453,10.0771895263602
1.70769410657939,12.0460905843502
0.983952763490379,10.3911864543555
0.229842146858573,5.16206496406951
0.912626781364076,9.76591413063939
0.106339359655976,7.54545080069757
2.39699657625499,11.0924997450952
0.195453336462379,7.36518189875295
3.55204619631297,12.5901090985995
1.10383457876742,7.43479127911388
5.07928131123014,13.9386466533762
1.68488430223408,13.1975998063401
1.06318251788616,11.3319550840408
1.27796148043126,9.72390243184357
0.298427453264594,9.39958185347564
2.31725877497481,10.0347110878982
1.7724312978301,9.16131742609976
0.628885361365974,8.28049967240273
0.092920676805079,8.42484213034773
0.552961871027946,10.3745360219172
0.0731891486793756,2.47365983490324
5.29010012348123,12.8882089670594
0.837580409610487,11.4242616433513
1.64135283968391,11.8352748725474
2.71856831750813,13.5067732052067
0.235178734175861,8.24905626849795
2.9515294319201,12.7318629801144
4.95436671723552,13.2321222554706
0.0216823082306357,3.00426734004268
0.520722936838865,6.00656013558275
5.00940673400588,12.8557135074306
1.40820645511973,9.70400184817058
2.23507668628337,10.5018823306067
0.243786569684744,4.16197708744777
0.015691258944571,-0.380370485406196
2.5910757369453,9.56061117177523
2.80595977215056,9.75184327242923
1.15570223983377,7.13648173090058
2.33218146293404,10.1120800339384
2.02074631655598,9.75293440097469
1.58996642558816,8.98982291596217
0.110931278641709,4.732117015163
8.25079440493618,12.337591533995
0.831191268749535,10.8350340972167
5.08092461873717,10.6649883007811
3.05377077856998,13.3256285048133
1.74303432545605,11.7496574442009
5.36049537707992,12.1827616458547
1.40011282937098,8.26905793918143
0.789779108017683,6.69302889472277
0.4823112571612,9.81052727847724
0.466649485834927,8.09837724545918
0.415988378312593,9.93158993169027
1.88819908901098,9.28214937164438
1.96849812552704,8.54172188609254
0.0613963087252148,7.26195902212594
0.407424096949399,4.93026725816815
0.906753371469676,7.49845879296005
0.348955499008298,4.10724072732816
2.85035600496416,10.0748510332953
2.4050949922854,13.8979389206339
0.0395587561652064,6.38082326867554
1.87927935264053,9.78323645694826
4.62217085410781,10.7324881580804
2.97223551535059,12.7569734044003
1.4959320834929,13.0361609575262
1.58487533024492,10.9782821767804
6.96377685907552,12.5920651897355
0.0458178799599409,7.38406097004927
6.34191735674461,20.9083163616346
5.31176352103181,13.5550093364792
1.23497020546347,12.000009840827
3.58709326369648,15.0941309881558
0.140428721904755,7.21358125003084
2.15091261818054,9.761964226451
2.51103352374377,12.7143514530679
0.54763071931451,6.66279102427959
4.13571855036502,10.2541502251668
2.68856023057344,14.1985367142109
1.20473573449999,9.44888992104805
0.767488966695964,10.4801118601359
5.08419095327087,11.4315627509167
2.75119583300295,13.8424763761734
1.07425729371607,9.52323089963985
1.94599342313254,12.831668596176
1.88037084073026,11.3168171461907
1.53085712818029,11.6606694177683
2.59501469635285,9.93630904395656
1.35806211922318,8.94733644770843
9.18324306719955,13.5256654563543
2.82719515992289,11.6031990884595
0.64861761415119,5.75566859954905
0.0100782559947343,6.86763927217098
0.310655230656266,6.2887147375333
6.1234848644949,14.5677006076159
1.47725887401941,7.76768328967723
0.803512391634285,9.20870551976931
1.3289202991873,9.60800645380866
1.06616003625095,8.88911566060077
5.65761400725613,11.698588809465
1.26636777073145,7.26257273401622
2.61121190703454,9.0688363333771
5.38996933747954,13.824069118636
0.46488611958921,7.49174797832612
0.961643285118043,11.4048470197681
2.34884529924932,11.4002791071708
0.223192646002915,3.08812252301867
6.00753651525746,11.2901473931464
0.0939023178070784,7.10326371863521
0.645663931269214,5.41691368291851
0.389060722853436,3.78154758203138
1.93426502487602,10.3607266872253
1.80141940908847,11.2923305317879
0.256216276437044,6.91670177846123
4.91979399670787,12.9625496176368
3.7296168366464,11.4225090118995
2.99744440225844,12.1121419116896
2.79873587174301,11.3822957386251
2.87097492615898,10.297648129286
1.63937260637458,10.3335229826949
0.75762649346143,5.52131794365185
4.35958574314542,15.3724107643402
0.652800807729363,9.58754167462357
7.65074874046159,16.2283536931717
2.87867433933501,9.74759567010545
0.870042906142771,8.90922307916296
1.12033741455525,9.59609836597631
1.36453506816179,7.75245579218743
1.8716985693725,13.4349432052586
0.706662431359291,9.55025026906192
0.495581904108847,6.42420084090831
6.83801609244118,11.7750861607992
5.79785250093708,15.7063446669379
1.98743629627034,10.0206380206722
1.10155324265361,8.2344053382956
0.1554367165667,6.45626362688093
2.72393572322073,11.0805302409697
0.263289897996257,4.71996998703327
1.55053537516835,12.2243498057602
1.39768394819441,9.26206509111571
3.51271647570615,13.6029778813741
0.623440845869482,5.9539869209964
2.10884775026681,11.9324454396261
2.42001190586927,11.8159514644249
4.07461168600206,15.7826346382674
3.1064089348722,13.7429654399487
3.32611047022316,10.920040193753
3.49543492106681,11.2824909448955
0.655548941344023,8.92525243826607
1.44739171924172,8.34413623079909
2.52170573166552,12.5697273072994
0.465374406427145,4.37506669691512
2.36429045713487,12.7313223674409
0.224612332880497,8.08444673350105
1.85873721531572,7.92118155701922
0.0589822577312589,8.30889187052963
1.00691797304899,9.77893797403718
1.81970107174459,13.1976571359303
0.273655590601265,4.94426508917075
1.28339093923569,7.25598117340824
0.910676221363246,7.23166331778517
0.72288912627846,11.1720900786369
0.173253771387954,3.43902666223336
0.17738092797533,8.84299060565206
0.477829531766474,9.45375570920073
0.843339319386115,9.48564311625895
6.77101677077942,10.9523263298399
2.45934121674838,11.8284129660163
0.336894423551095,7.63769612433109
1.24957208428532,7.47354456933487
0.729430312653792,7.54377830820475
1.79247638414974,13.4893627431211
1.01833123527467,9.05241218286749
0.292109174653888,7.11519455178444
7.99734700620978,15.9885326521796
2.5017151608223,11.589452317737
0.231969614529387,7.23176768106405
2.61201350568774,13.4467372816315
3.27048074710995,9.58715750832102
2.91476675176606,10.7579089251659
0.42258755251326,7.28808480525282
2.07537556431236,10.951558299577
0.0296478736188606,4.45302206606989
14.6485242462697,17.1673301410642
3.26347404701595,11.8651920156405
2.11257063739263,13.6640710737577
2.24169456950369,14.085833710409
1.10295481607318,8.64911003991077
4.14623622206931,10.9235066352503
1.40601163393548,8.83358899543739
1.24916424788535,10.3283469850914
0.252794806845486,5.79207312068025
5.53934300293155,12.2390788677344
3.43383249251132,11.8340032630972
2.85978864360735,10.7088972865545
3.66709505377297,10.6480259024519
0.152897970723601,9.40637596751437
2.44559804341736,10.3344364668163
3.80584949238186,13.2229456541776
7.42912579658342,13.3075387284963
0.475353664718568,9.81670803268042
0.953287037089467,11.3179252048499
5.92480187084446,11.4098177315224
1.63832371487262,12.0699229631611
0.665486468933523,7.04353049563729
1.24558687210083,11.7567136021834
1.30179334245622,8.0275021243135
1.18392780516297,11.5119677868087
0.275686474516988,5.16609145418204
0.713352068327367,7.66226061601559
0.437563383951783,9.45944265490245
1.09093409962952,7.19169473085469
1.77749081338598,9.38807637299109
2.62654107800665,9.99247467290794
1.98235286364624,12.8533874444385
4.6337393229117,15.5406013234225
0.171658667735755,6.03833522963778
3.04720495218425,13.4538086864077
0.0515087218955159,8.65233058702803
1.31459525320679,11.2468968507546
0.781414506025612,7.95196691665933
1.17797703768246,9.25910163431047
4.78171882871415,10.521929920772
0.833954190835357,9.77658261587344
0.12902383133769,2.97566731183453
7.98739561341493,14.8977741747103
5.92028046662078,12.9436399335098
2.72899213238599,10.8401803862965
2.47742891489508,10.512401392908
1.34652731195092,9.63066350175919
1.42671433876526,8.61961297736439
0.0596304719317229,9.2070713470799
5.58354921002872,12.0747528666471
0.87438536901027,7.36125556721906
1.43533581673148,11.5183075332161
9.46547134122198,15.4598564356865
0.973682878274546,9.19325424354185
0.562164530158043,8.05509447471016
3.70750165333363,15.2333640436718
0.916813537478447,9.72290936669013
1.691547896629,7.97098876150272
0.740212650969625,10.1570821893778
0.646911757397308,7.01591587667147
1.2296144310385,7.5080263052066
2.16355227670612,12.6654628065492
0.285786795429885,6.17608394036632
6.96700416090799,12.2090413705444
0.448886463418603,4.83336546382239
2.01014509974959,10.707479594273
0.755944930016994,7.8242146953822
4.10023868575803,10.731514273935
1.50931027146182,12.5328294296552
0.280292818322778,4.94340592354134
6.35885198249118,10.8672671701498
0.145888806320727,3.77912336745279
0.683526341803372,7.70783586853856
3.53569673713425,13.078098278547
1.78144507474246,12.8968089365671
3.58155436428723,15.6854399803212
0.721940374442033,9.47559513928024
0.144302184693515,7.34426969825031
3.15013065917378,13.9321389683363
3.41497668007139,13.7238059871019
0.0939785037189722,6.62640273721606
0.209136000834405,7.53747000368191
1.43872696152868,8.57448737224429
0.209511272172496,5.51825703724033
0.977521021850407,11.3585837220837
2.77450657991653,13.7292634004806
7.47177406040033,16.5944030945444
0.672105003385641,8.11816001272028
0.865889996428689,7.80423117893544
4.11813007278328,16.1449705450966
3.27848262238999,12.5456157979228
0.694611327062937,10.9311396865775
0.218549002893269,2.77690801033656
3.00009675307159,9.88864831840499
0.766154674813151,6.01490140320248
1.81276055603268,9.82886104570891
1.55563362120631,8.87347259171443
0.765959833748639,7.86258028939315
1.23181661125273,9.561495133502
1.28003538772464,9.81009585482314
2.20492823341903,13.9395820329425
4.77444552232452,11.9930533659781
0.130605328828096,4.28153980061148
2.70167095578256,12.2248017067264
3.16215877218132,10.0028580782947
0.548043578348485,9.69748172435099
1.68467802173438,11.0225613730707
6.08177942003975,15.3349895811018
1.01994688156992,10.7927776785906
1.44920367366614,11.3975149081972
0.120875921309728,7.20583663269775
6.33370460536251,18.6725014971803
0.0976386601105332,2.94031548985991
2.44868938670803,11.312641949072
0.735789546743035,6.54528345387629
1.98311150456806,11.8516450629995
3.17573549954181,14.442648651947
1.33046028297395,12.5969575995845
1.04231568612158,10.7930927538699
0.318197051551099,8.81794506192529
2.59060353218558,12.6835702008403
1.03234311379492,10.421414658634
0.0201750064913178,2.90825872345858
6.00780536200771,11.567123528114
0.240449765697122,6.66291752764457
1.86394156847539,7.7333163656191
3.0722674912024,11.2924118815817
0.326878893189132,4.66205486362731
9.19896043363105,15.8987662068201
0.979332054033875,8.73523413816462
0.933216195871277,10.9203560551168
0.642996780574322,9.31408264519653
0.694464884698391,9.03518715005997
0.0589914502420967,7.26447112400624
11.0726079674144,21.23404990854
0.763662798330188,7.60308866354647
2.72717445149067,13.2458990173719
1.49781139474246,9.75032313668716
1.08466374222189,7.16978198547782
0.434644921682775,9.72814781816027
0.706838903422857,5.87511796022887
0.950744325295091,10.7070877717215
0.18522419873625,8.5266955318484
0.237001855221907,9.67140810289923
9.07703337767973,14.8822567517978
4.89913871413693,15.0387999253564
1.0052181690806,10.3940683492652
2.6548478732908,12.6031075697334
3.80588267354255,14.699244277765
0.101895446889102,9.35906180332473
0.550316322594881,8.36805597860086
0.136208783887851,9.41822832468701
2.01544016218724,10.7333049889012
1.59965231447461,11.3658785259299
0.619958384893835,9.53587988940401
3.79996816806124,15.5879174224033
1.59646001449766,12.1399467995127
1.71922691952669,11.2535845014011
2.69687760612907,10.646650675428
3.72689123434906,10.8719659324105
0.0946292709559202,8.04765359766114
1.86394141606035,8.14672691825802
2.09370277441087,10.5394801108261
1.84140177435222,11.0998186362812
3.34803873656278,10.0236102453489
0.352199448272586,6.17535512279737
1.04818237852305,11.8291195255007
5.07099499155707,14.0794993548519
1.7859283107424,12.7686777708564
3.70164015872364,11.4212104380805
2.3637813515121,11.4827410489428
0.438671776093543,9.19336904582192
2.75277788556161,10.9412184935975
0.552809013985097,5.06201455912089
1.60246439642253,11.4127508265015
4.17981569071241,17.0538645360167
3.17877244560008,13.9064938466629
2.81451221712501,10.7977080766127
0.320403331890702,5.99606193098174
0.305945673998028,7.88142264554171
2.88875159231906,9.7042813030226
0.663592054508626,9.04263896975785
2.57274972452762,8.96306154533007
2.18921766980531,9.77455704432579
1.61794411007825,9.6999066036373
2.61709777629914,8.86995897397973
0.663749878294766,8.28966755002285
0.146346381865442,4.94788728945129
0.855191474368571,5.77899842027517
1.44367573617393,11.7865926214799
6.92567484047184,16.43255573391
0.93193625845015,7.38947962025744
1.03720636489612,7.29571326075279
3.99906004948502,11.6329621589823
0.262317923828959,7.66773229328482
1.47443927894057,10.059403876617
2.48866575575414,11.1554204302888
2.67101451187375,14.320283146219
2.52808322562816,9.60364730950859
2.02441336392405,13.0217144990463
2.89506239724655,13.341703464487
2.32107710271123,14.1740779117228
2.19692774831717,13.0825636828406
2.18856897327435,9.21925236451162
0.760652373544872,8.01498668557521
0.148946424594018,3.24491465546762
0.332699369008878,3.77414538482587
0.766966770261803,7.09654244852681
1.27342831995338,9.23581422451241
3.13270813025994,12.1645991744006
0.770037996953242,9.0231437961126
6.54249745573769,16.8195001665681
6.50189322199593,17.0646965218489
3.12484347883207,13.2727026547612
1.0376528777327,8.82249758464047
2.8592753002223,9.26961544040257
6.34735532071362,13.8436153819641
3.67814620939975,10.025280251821
2.15840699388343,8.2378584841657
0.167136338539422,5.71547650429939
0.89383234269917,6.33051579945884
2.8285844287086,13.7607675545726
1.62764381236377,11.4355540451521
0.815734087489545,7.65480617629225
0.989625196903944,8.91350267757003
2.95542585832958,14.6424593468245
0.54737750440836,5.83241725857197
0.0579864795592685,4.70787108725299
4.64049370934196,13.7670345155571
0.176429510116577,7.1101227206497
4.04356842471247,11.7313948010463
2.5116532164717,12.5965367465838
0.0304872095584869,7.65544727935702
0.581966611556709,6.94457587653915
1.74299961095861,8.46520258368237
0.581333000212908,6.28946860440604
0.694843970976501,6.774980543038
0.447282750304228,9.77685072996455
2.46305666669252,10.6994200490945
0.233934269286692,7.89808558277263
6.03067412938843,11.8506574391871
1.01851095538586,6.89217547202634
0.298034970648587,5.80858183479308
4.53527546276279,12.7266455089799
0.0531890692365427,4.03614987470727
1.20543795824051,7.53111809685079
2.6443377881402,10.0352320466303
1.41542759832984,12.0116028245923
2.1609440165663,9.32098918403785
1.0701621985063,10.0755589670445
0.351012063212693,8.92774179117435
1.05285238940269,6.63563675052653
2.79983039206263,13.1059473989718
3.76293188689237,12.1484727750084
6.29362943765832,16.083187600249
0.149064837023616,9.18775894899542
5.64053390498568,17.1532694337854
3.23887924833183,15.1422797081036
3.11199060923585,9.98942438707964
0.758422398939729,6.03742744528941
1.14656202122569,10.4477207435387
0.0219531888142228,7.04854768888355
5.1954014112515,15.5179994626759
1.75526767215672,13.2410692633929
0.106091249734163,3.09164486095906
2.35323138526621,8.89983853889334
0.512409777275824,5.27302785114039
0.176058353706305,5.05382946572752
0.00368263572454453,6.37630789884337
1.24032020475715,8.78906344619174
1.78214579253438,12.115084359791
0.473187055438757,6.55466431659428
1.73019105560126,10.7114329169386
2.13008805733426,14.2143420910611
1.55224269582611,8.39867441513108
4.1174956744719,13.8821837503586
0.641504736997681,9.26026955207885
0.480288156308234,5.24149821617873
3.03351839242463,12.3976289374549
0.667275785468519,7.58439128067838
0.503906283527613,7.15233785208471
1.88640366486254,11.8652584606448
0.690392436790985,8.55872362384738
0.0530417239060112,9.05811871506497
0.423122104265522,9.81571874380629
0.0866790467479148,8.30301917097812
2.62542753099444,10.1288187142727
4.73340066869683,12.909941668648
0.86995661444962,9.51831066392652
2.06206686786356,8.60411715109545
7.4171043145926,16.5333828764348
4.8504856934113,14.448582745072
2.4344691260809,8.54145060350929
2.04842250972035,11.3687624252153
0.787097458727658,9.83464780058554
3.61545816172425,14.5835143541711
0.866081618703902,9.55908649805062
5.79808297719727,11.9382879590716
0.753282013349235,5.75108975987154
5.08275957007833,13.3761369786323
0.731120465323329,8.85666847253704
0.174078065901995,5.2801308278527
1.45209403259762,8.18383622021447
0.623954094476584,4.97337871840621
1.03221189205567,6.28390786427165
1.52989128680103,9.79531679167027
2.076871342873,10.8461452796533
1.04777742363513,10.6768232642468
1.01343749091029,7.96243100330534
4.96615600933261,14.6959334969394
1.15128808002919,7.37206423846242
0.990269735455513,6.10028938208507
1.10546715650707,8.78119080787339
3.54384230060463,11.8791970225603
6.17595240929618,14.142503663196
1.68991893753294,10.9941814615862
0.329997689463198,6.45718857604223
0.810021587436433,10.3182090684739
6.62370800938378,11.7390833163046
5.8970279988266,13.0098909364307
0.375926934182644,9.78132045397492
0.268478038720787,6.52984932165036
1.08130179625005,6.75152145101027
1.03596141282469,8.29199530101352
3.6881827645275,12.4570346825638
4.08094787580853,16.174902019787
1.10186951607466,7.96409820406297
0.288938006605078,8.70148371674446
1.78415854639354,8.02006271170749
0.0331591951522381,6.44277416876844
0.151382426731288,6.66097755184301
3.2359243070889,9.51924159238713
5.30750389744468,12.1455180304994
3.2218771475119,13.9768789332652
0.743153658695519,8.52041393256735
1.69585011891069,12.5181213707073
0.55078230984509,9.35285128088336
3.19577838463669,12.4517452061191
0.565428365953267,10.3531493549269
3.60517195967918,14.2435901840632
0.0479000667110085,1.75155150174626
1.52735307740467,11.0683099464121
2.44388034558835,10.6185574424581
1.54940422615948,13.0477900440962
1.29590616934001,8.96993569929215
1.57715275502744,11.5017192895087
1.14904427621514,11.0531929726231
0.141980688087642,7.71522341852903
2.12337500859404,9.04602325625346
0.221625227481127,3.53447679945139
0.454378969036043,6.97892627045022
0.397118941880763,9.33764258700123
2.19952007747235,9.4933671992209
0.356983132660389,6.16732037128483
4.78689702202506,12.4384760154841
0.21073095779866,6.16633236882276
0.482105561063784,8.16027027595084
3.39226758835797,10.0438904085423
1.122020740062,11.6794928214709
1.66237223885002,8.94497403322556
1.86917580096962,12.031181926054
0.879062394611537,9.35714348309178
0.973333043046296,7.02927724687244
0.376018268987536,4.51558987395316
2.27422856158557,8.72860819567299
1.36032334249467,10.0350750216961
0.0557256734886927,0.664896937039591
3.19140200300102,11.4413651723496
2.49830554417315,12.3213129851415
2.76533348104897,9.99411932293761
1.53870881340447,8.58695805697786
2.84788889793639,13.3190057236194
4.38581733752914,13.2058351375672
5.6992842437186,11.7407178526554
0.523854744970523,9.50108991826303
0.408675921149552,8.70765224523001
1.12109072040766,7.14753676616431
0.49321061372757,9.03475302110935
1.00482735224068,10.3060051082626
0.135713183321059,4.69666321574927
0.542490993995936,10.4678771674143
4.30425523946224,14.5817303497926
2.35796668558362,14.0119573240157
3.4067505149353,10.0057591439493
1.87482378064635,9.69785683182591
2.57214428289774,9.34228707049031
1.2506013745442,10.8304816832695
0.740086023695767,6.35216452804004
1.04275082572779,11.5044688040993
1.21459933556616,7.44421665429032
1.23022463452071,11.4908896647733
1.2976359706372,11.7747060101494
2.46013900815489,14.6218075777812
0.480981420725584,8.02388934317602
6.50277987088928,10.7475949467649
0.107549978420138,7.37781649514626
0.934465524740517,6.35972707486854
3.58223462087994,12.6569181659319
0.470437590032816,5.1824533296655
0.541385715827346,8.04478357181015
1.7583042687678,10.3444000742758
2.79432190192823,11.8545153981178
1.04389058798552,8.21481944934063
0.704805850051343,5.17625288576423
3.97696453989416,11.81745802149
2.44042084171417,10.5164283105322
2.21177650048378,10.5873108065622
0.881716019147911,11.4204273837797
4.26629067185231,15.8104446347906
4.81597833617707,14.5075435709625
1.62243180697163,10.8391324118791
8.24129543783975,10.7711591225911
1.37720478791744,12.1153993627991
0.695844481699169,9.52755766458647
3.50227637199645,15.4020818748588
0.875514090061188,7.6475252261776
0.970715173520148,10.1734707659395
1.60096269210261,12.9942950533046
3.05852618796711,15.8101872919943
1.26571234501898,10.1320620357506
3.06060586603986,11.6676105662179
0.525321477844016,7.17103364118269
1.09436454970009,7.20399206006573
2.0257963015789,10.9750011736665
0.994771291219315,11.1627483798839
2.63441703832688,10.6982696291685
7.36989281657052,12.2246816465728
0.397213167510927,6.40899686910188
1.42981860696118,7.8049356669829
3.17990136129742,10.929046725862
1.18116645328701,11.6090554542595
1.83677436775508,10.5137750924816
5.26349202890821,17.7162387128825
0.550988776609302,6.06418237894055
0.700759413782186,8.00625073868027
3.94029299066153,11.1750373248799
2.56998368677243,10.054150301546
3.36370942097208,9.91485029670379
0.225838830694556,8.79870361527319
2.48955467707458,13.8685678431409
0.00880407038413595,6.49244852753445
0.389672924764454,9.11806928033052
0.0830347435522511,6.96475725308589
3.62694812176709,11.2075900250857
5.02570455868669,13.472876994783
1.14383936237525,6.96749131273282
3.1163680482478,14.4004168835718
0.0424145357683301,3.33299245962375
0.999317741952837,10.3481345820417
1.12252281978726,8.3899036760168
3.15110734088306,10.6981473079194
5.27998791237302,10.3894297533999
0.600122645497322,5.10707662650638
0.514244821853936,7.6338182631756
0.719274642877281,6.40216163405264
1.79323544903638,8.62051932099916
2.23198550273943,8.46774506732699
0.211711855479062,7.63577409960156
5.309741358952,12.301474621882
9.38047698834791,18.8348884312231
2.01202903493288,10.1608622231561
1.23498093802482,8.97845366144709
3.80655125139241,11.455677119129
4.30599105137657,17.3282879755976
0.285898148082197,7.06664088472209
0.93358760047704,10.0599926986849
2.09450393600726,13.0783401280164
0.679716636426747,9.61723568201569
0.577463596127927,7.51167454735633
5.74671067263851,14.208961517494
1.59959350331667,9.52500115336169
0.844367657788098,5.89837634980185
2.93436820043211,14.0611241030776
2.53072144082727,12.8666953251094
2.70669558077099,9.26571283738025
3.46676473675256,12.2202899634905
0.943794688209891,9.62490225188928
0.232271230779588,9.52989729440348
0.374996024577826,6.62944391181892
10.0236587211591,10.8274129964126
2.1012630946094,12.4963725730215
2.36852178155425,12.3430391886817
6.91366516020069,13.9151314910547
2.69054317652228,11.9837778553854
0.152908349409699,9.12292652342503
1.21152208372951,7.65366356019356
6.15393739905129,10.9394528943221
4.6236987893743,10.6853993170643
1.15610725805163,10.454796783745
2.70436454555931,11.7224400766274
0.0177229000253435,7.47821935236058
0.178575048747769,8.296858426731
1.35084108635783,8.8074766035778
0.549521079286933,5.03270677775807
3.11797586439138,12.4140377090447
0.112434952519834,1.85936042570848
2.73816291660852,11.315851998082
1.27093182876706,11.8490752951004
0.496222411282361,6.4894985256913
1.54667792460861,7.81067132463249
5.0576729213161,17.5583313214497
1.57330197280528,12.976813636765
3.08745826391463,9.33708582918357
3.96095048678073,13.3495765460864
1.59426333001795,12.7135289351345
2.73163977256956,13.9987982469278
1.95324036656859,12.3428885745142
1.80070098667386,9.01347088515687
7.07804740550828,14.9055446621719
1.90526374979856,10.1574493265221
2.60262776344063,10.7831125350649
5.78610380271786,19.246911705301
0.943974977491391,10.3835851159395
5.73428714241753,16.6064438912851
2.14007059103789,11.9708209923756
0.0472802074252588,9.03507056060343
1.00367922056466,9.26546009259437
0.726454056402624,6.87464975800608
0.698188617825508,6.39449639315901
2.02731025343555,13.3900106713574
1.53485828950118,9.10182647105901
0.257245848886669,7.90612781950955
0.763818218372762,11.0811143497666
1.89381996533814,9.06744968435769
2.85337900353556,10.2739172674418
0.911388663575053,9.54735693796265
0.0647111861035228,5.65954541315557
8.94120406386255,16.4336711588872
2.32325313451933,9.76708999283981
3.04668415320997,15.0497393922736
1.36960116960108,7.81404103576888
7.41253371339303,18.5564074570009
0.98957669921212,6.4417344781803
1.46134520003531,7.41927836887421
2.06759124799612,8.10767004008644
4.30193250228591,16.855510621776
3.4279285637931,10.2509026775993
1.25768836215138,9.96017860495846
1.90025523510508,9.08004212574335
0.121079612523317,8.66439773790904
0.0576983757024993,3.47987743080647
2.96771984769783,11.5773774033683
0.937583282589912,9.91453164078181
4.05013810763141,12.0255067271333
2.28974336004796,8.41155832868259
0.878989141434431,7.03493688450844
0.0693551572321071,5.94028846217978
1.98741103550307,9.7678706901306
2.88708770419436,12.1596103516435
2.5858280173594,11.70800242422
2.3252842555845,10.7404665916126
0.959546426311135,6.73126342236549
1.52421542434933,12.9709305709788
1.19448940269649,8.91995360345063
1.25488747563213,6.99548674077029
0.304673688077304,9.10917475346658
1.08294221758842,8.1838678684976
2.22116625673118,10.0423929336206
1.79258129725279,8.81469953862192
0.741491760946105,9.6113824207191
3.28239076184401,14.8732028301503
4.33939529165802,11.8360622405361
4.15013897774701,13.712540170404
0.959597603417933,6.18575551188442
1.53436487275649,10.5728280912181
0.102019534446299,4.54197506174013
0.027485015558488,7.14072634747355
0.206832012161613,3.50517169460089
0.526568980887532,9.64254564292031
2.61502205572071,10.294457408523
1.05696580913957,7.55273572253008
3.83293047530537,13.2541032692941
1.39037954985144,8.29617521358533
1.70184966168346,9.48434523661694
1.8530943225229,8.432050393127
0.0623672721703107,6.83479953009983
0.101395353674889,6.30829823022531
4.37936338384576,15.5090757357595
0.0219502998515964,6.07866014520458
3.75737249089365,16.5815246007056
0.519510306417942,5.20012118644897
0.562136958353221,6.23053523619525
1.94792145050035,13.1212038771581
4.91704354037471,14.6037662989552
3.09729027358775,11.7568458131616
1.04019416868687,8.19171497177086
1.05779108125716,7.36504034527275
0.252117568627,4.49522262690776
1.91372914603891,9.61980983067129
5.27886934925742,10.6058225689492
1.86000244869831,13.1616965362969
0.588031930684164,8.4132900299382
7.16816611545026,13.7327828128381
1.66046510069611,13.1686466301983
0.50494731310755,7.54543290964576
0.137198180891573,7.51451917201275
0.455729991197586,8.85082954380437
1.74445400103815,10.2374785952291
0.0137801952660084,9.02411337021141
1.94096550895813,11.5763424032681
0.536694340407848,7.54234508713508
4.73613781829305,16.5849741161281
2.0002192518765,12.20243621911
0.0815189378336072,3.16594021696385
0.50071347784251,5.68252188426732
1.5030286925936,8.00018781424824
3.513105375028,15.4388086651976
3.22494338063483,14.9160167333359
0.256154065020382,4.86285367918166
0.563775551505387,6.22020732124643
1.6614943127239,12.0043950479307
1.48323782411689,9.04091573391746
0.370460391044617,7.75918812290393
0.571035576052964,10.1526107393206
0.501949973371932,4.7449471207434
0.835853784104594,9.64538898844817
1.61250182977858,8.75742418093348
0.478928432296468,5.73821327215212
0.673013040795922,9.53779075261626
1.29038740601391,11.1789970852474
3.02828966596216,10.5815598162756
11.5755700760319,14.7992991163181
0.206061759963632,6.61972766714835
2.0339166856462,10.0237820346547
0.519855063881154,4.69195446392775
0.713145080022514,7.97193890119566
3.78580551693385,13.3674650341346
4.31852935601897,16.9707863733741
0.00503305795073853,8.20765422527147
0.168672195023011,7.74858654260984
0.380923087814157,8.07449613087704
0.459512133151293,9.50011293425176
3.2177026158381,12.8347632354872
0.150404629297554,9.09739430882328
1.03952078336407,8.05995771019189
0.331649128611607,8.08488799729707
0.6700689336285,8.27969186066402
0.737979555340745,9.38688495415555
4.00291967066098,12.1568691445645
0.410655971616507,6.74247554470805
1.5442969512091,11.4361289182729
1.52942116363885,13.0836164712763
2.65949631473961,10.0649281076232
1.69153583482594,8.66792650594075
0.644981890552965,7.46197742592757
2.22215831447308,9.61626459176872
2.77573602656923,11.0464572337452
0.576138333417475,7.7626234073477
1.14721345715225,10.5415175885753
0.744987935759127,8.13032364277967
0.419593507423997,4.43040782595885
1.29535769298673,8.05302855626644
5.59543321993122,12.9877283743857
2.73653782709482,12.6371282868856
0.82104810141027,9.47843314952292
Rho_s: 0.80407032007032
Rho_p: 0.71867812446579
IC Time: 0
