Rho:-0.5
N:500
0.927573741413653,0.576649233233184
0.580028620548546,0.205581401009113
3.83704382164364,0.282454724190757
0.214367017149925,0.949366545071825
1.21259713172913,0.401801583124325
1.74407358459177,0.0893806698732078
0.574085717089474,0.276404704432935
0.361482825833821,0.424712002743036
0.108749522614727,0.409654256422073
0.929963425733149,0.555649077054113
5.04852721442409,0.528866350185126
1.03050576802343,0.338508431101218
1.28598071634769,0.394705947255716
2.16470173552432,0.674403090495616
2.25971990629079,0.856673271162435
2.37324151716535,0.151230066549033
3.57363919229313,0.203135095071048
0.0445337258279324,0.414609073195606
0.0239914374369615,0.97791701182723
1.98027697903181,0.0594120395835489
0.213274138048291,0.421022830996662
0.0903176907449961,0.766753302421421
1.73497799961808,0.820319870021194
1.03992685768753,0.950795878190547
0.554979050432947,0.956992641324177
2.61785219601336,0.359623000724241
2.2486752270812,0.387045067502186
1.28774753864855,0.606802198803052
3.34804105741863,0.826756332535297
1.50010124188372,0.394968233071268
4.91048078586288,0.550248665502295
1.19362905994058,0.771868587005883
0.928697848692536,0.445468852994964
0.138114507310092,0.87449181615375
0.0371037445573309,0.387510426109657
2.42417048840764,0.682680040830746
0.986629006452858,0.875057516153902
0.584437999874353,0.688909779535607
0.635482085213066,0.922401542775333
3.40824274701958,0.404689596034586
0.0131551781669259,0.854889737442136
1.00482131075114,0.904670474817976
0.714439033670598,0.759631385561079
0.260081624612212,0.439361841185018
7.97894291165185,0.132801270112395
2.050404490819,0.419791088206694
5.3400889446301,0.00147253181785345
0.172694819048047,0.917755441740155
1.66827625586631,0.48978817765601
0.744405901059508,0.896609182935208
0.882869710491946,0.332144803833216
2.18553222990906,0.532085826154798
1.34794176742435,0.827442000852898
0.121128402650356,0.39872438646853
1.13294995110482,0.901038654148579
0.330520487390459,0.967856013216078
6.56822945143948,0.399489058647305
0.031010190024972,0.445724866818637
2.73821773371639,0.800507399952039
3.47502910287339,0.0265625072643161
1.13157606031746,0.311885900329798
2.68373739897254,0.498212419915944
1.53050888135078,0.689500259701163
0.166371196761311,0.55399176501669
2.80810606462841,0.752840467030182
2.20312139197233,0.342215103795752
0.673060753382742,0.345825328491628
5.00901595105357,0.43230815930292
1.2109683053568,0.20833795517683
0.00309548815718827,0.886813789838925
2.43665637440028,0.456232800846919
0.0635751940197332,0.921442397171631
1.23390604462475,0.839060836471617
0.0896940771490335,0.992607867112383
2.29515596843305,0.221309367567301
1.53951450987699,0.605142765678465
1.27529152296484,0.465643978444859
1.8635757639164,0.0836227450054139
2.98235262541061,0.0871984616387635
11.8437461355001,0.65864424710162
0.196745340712368,0.334299882408231
4.33302808900304,0.802389418473467
2.0625842927278,0.884840299375355
3.0687360321395,0.796237654518336
0.620548631995916,0.988289520377293
2.18890338196399,0.479977312963456
4.06308291835671,0.104272580239922
2.32437959863784,0.494811158394441
0.159001151815007,0.990642299642786
6.22868768945127,0.38962409668602
1.92338870829883,0.0975724800955504
0.325357930682409,0.991264087846503
0.541538247791706,0.55097692925483
0.650741747341079,0.850747891701758
0.181142603978515,0.653577118180692
8.07952157738519,0.00589372985996306
1.91470972440186,0.144866910530254
2.16330237678232,0.135503147728741
1.48029321982505,0.101790780201554
0.0429192343726754,0.991079726489261
2.12854060149732,0.18341654818505
1.40371358322594,0.782518685096875
1.95061119383699,0.138903442071751
1.6580307932315,0.834073639474809
2.69230423114243,0.114328480092809
1.59392651534619,0.550668749725446
0.275990317575634,0.715528921224177
3.96934522671585,0.0923758167773485
1.13839095830917,0.953172688139603
1.45637270427289,0.343676576623693
0.182481829077005,0.510377696715295
1.98147005020621,0.71002231631428
0.634532758034766,0.425352004589513
2.96377943439369,0.867177128558978
3.31635074384694,0.0489506267476827
3.48445067736454,0.75154157797806
1.04116391763091,0.662292869994417
0.335233827121556,0.829155200859532
0.696490356701915,0.797438438981771
0.386555299162865,0.287798671983182
1.41974213912226,0.558723473921418
1.36565012671053,0.132028742693365
2.41555763586404,0.53506732149981
3.9764205997992,0.419584912946448
0.795312767848372,0.586490330751985
1.4100520647222,0.728113807039335
0.0431884657591581,0.999661558773369
0.390532510978992,0.882462655659765
0.841145343147218,0.957942076493055
0.236644889228046,0.889000995317474
9.34683213332548,0.0896928468719125
9.05989728072539,0.451491376385093
0.0444434102210281,0.62809403333813
1.65108595035019,0.256906042108312
1.09308819565922,0.691207835450768
2.35974944374504,0.428995617898181
6.99725664737535,0.0269316355697811
2.23159850192334,0.719894158653915
2.31056140727344,0.859905773773789
1.08050703638889,0.48538964195177
0.215619931347034,0.684491044143215
5.03773588289447,0.189474961021915
0.80133149959147,0.307948689442128
0.82484152655563,0.411209418904036
1.07487410400063,0.358012564945966
0.475816033801466,0.989704833831638
2.83500839380508,0.66059098020196
0.045540458522737,0.977886270964518
0.119727828119938,0.923012053361163
0.287857080809772,0.281461856560782
11.1903862927401,0.529218223178759
0.937626284219964,0.593965683598071
3.0150336379159,0.59399019065313
1.16675520595163,0.235034039244056
1.7627421337271,0.51599501632154
1.63710623971167,0.904673480428755
2.77842935041354,0.353052426595241
0.264380792155862,0.837114132707939
1.63284447037568,0.78601188166067
0.18845755327493,0.875739343930036
5.25007935215659,0.0228178091347218
0.88320111297071,0.879085203865543
3.75918600691443,0.633959370898083
0.286305541172624,0.26096955081448
3.05548680844572,0.658003789605573
5.42901235421128,0.0033142720349133
2.24823201998117,0.131329395575449
2.08342429209677,0.284941987600178
2.06698061970044,0.11951853800565
0.537489540874958,0.729417821625248
2.56110219649019,0.223967124940827
0.226542391814291,0.566752229817212
8.48198084724077,0.24525025091134
0.812838485464454,0.563511257525533
0.728189077526025,0.223586072213948
2.34751726864817,0.297195339808241
1.30476147960871,0.563551964936778
2.02199688917937,0.0939910730812699
0.194397335060536,0.991393316769972
4.31652407695479,0.388418559217826
1.87118703863564,0.343992783688009
0.618874200619757,0.204014125978574
3.1671252248991,0.754440811928362
0.124507015570998,0.830819701310247
1.028290823102,0.954594149487093
1.46623788323549,0.934623124776408
1.00276176165789,0.908944408176467
2.06916712370072,0.501151269534603
0.339843454645769,0.402176721952856
0.0657043913379312,0.871393627487123
0.455678446245895,0.541605456965044
0.7660095943138,0.356436271220446
3.11183571053629,0.602664389647543
1.02288013976067,0.427598271751776
1.38808935937796,0.758434195071459
4.12866634858732,0.630050659179688
1.16883398778737,0.73986720200628
3.87883318198805,0.576699261553586
3.92156489176636,0.696176283759996
0.903653456829488,0.974889025324956
0.63928191177547,0.272616690257564
0.921278623864055,0.512386561371386
1.56122109658065,0.878398846602067
0.929686107672751,0.622235362650827
0.322176085785031,0.636335929622874
5.3297834282083,0.684234652668238
3.6517682893384,0.0535875554196537
2.05325838231354,0.211154530523345
5.79359648933157,0.245459049008787
1.26282412186265,0.901828086702153
1.77811789671472,0.0869047776795924
0.52921780610925,0.622266754042357
5.16317136187978,0.434528083074838
1.27056402806193,0.699457726441324
0.00715715111692309,0.825151763856411
2.46995810224655,0.0859561706893146
0.164566115476191,0.780575136654079
0.223637906834483,0.820513698505238
0.93662207107991,0.818689980776981
1.04853388201445,0.331242802320048
8.32071617940321,0.79683702532202
4.16448337499936,0.0160986511036754
3.0132357252944,0.837017349898815
3.57075573859696,0.752451545326039
0.440618361350763,0.575486592715606
7.50474549415422,0.575522377854213
0.868761422206384,0.487304021604359
0.168073229314807,0.33952425327152
0.477603155188262,0.42914776573889
0.604324084706604,0.821861720876768
0.917729428969324,0.188852466642857
2.51886080942097,0.389481268124655
11.1271551153692,0.701918160542846
0.107120813801885,0.752609364688396
0.708357147872448,0.372028851881623
0.088633643463254,0.913037891266868
1.33381424285471,0.617279755650088
0.268410270102322,0.378588769817725
7.44440491669334,0.247849465580657
0.784611454285906,0.92629062756896
0.342636356130242,0.385345363756642
1.32896306365728,0.188877180218697
3.31595350040083,0.0577245748136193
2.63697766504231,0.727683456148952
1.41083212747219,0.765692460350692
1.29112708568573,0.866340438835323
1.20701564569026,0.430401789955795
3.34366748837714,0.772827515378594
2.95268273318122,0.750055541051552
1.26297848951072,0.13774834247306
1.87229587874355,0.620592027902603
2.66960753119531,0.240514816483483
0.592401082207165,0.932762201176956
3.30989099277144,0.241327709984034
0.562894461676478,0.475148595869541
0.214334822815668,0.335481693968177
0.0883659766986966,0.632813108386472
1.1260891566053,0.358901397325099
3.36774314550643,0.545599871780723
8.9534189197855,0.756408483255655
1.33436151780188,0.100717760622501
1.51593760578873,0.917104302672669
2.51827087989988,0.188911214005202
0.527581479400396,0.386115691158921
0.374627932906151,0.458076772280037
0.699540093541145,0.824281619861722
0.574141218678607,0.909080261131749
4.3867841621203,0.235715264687315
0.263127692975104,0.916138166794553
2.62128836094382,0.0886185839772224
0.0235533760574155,0.802281150827184
1.21834996063262,0.258326453156769
1.62883354133433,0.438094164012
1.24703008960932,0.675777944736183
0.00425348172665763,0.950725173577666
3.53659941981714,0.166785985929891
0.448768299072981,0.453553105704486
5.58316922154198,0.0641418637242168
0.096011376939714,0.746049700304866
0.245824672838218,0.988297165371478
0.764071946032345,0.527546153636649
2.44451386659386,0.640488900244236
1.37863325607032,0.691371350549161
0.620698945307743,0.889305076794699
0.844063809436744,0.42353411228396
1.07189294323325,0.808210647664964
1.37600253522396,0.0888124501798302
0.360394238209082,0.755864070728421
0.662613446824253,0.683093145256862
0.34348468214887,0.859660230344161
0.626163176260889,0.419127733446658
0.0949491746723652,0.723616918548942
0.440107263166414,0.679885321762413
0.0110540455239093,0.75276292860508
1.89444466485622,0.328916989034042
1.3190614618361,0.10418349201791
1.49469197596062,0.0985213422682136
2.24390221208356,0.228933008387685
1.90605974027191,0.109996515559033
0.589948055334389,0.400648797862232
0.218783558346331,0.42136360774748
0.194043595343828,0.367311781505123
1.14492212515324,0.913167804246768
2.44987935750725,0.104001954663545
3.18778689738927,0.0185622910503298
0.154035354033113,0.992673576576635
0.771486037410796,0.893065456766635
0.40482157561928,0.549573627533391
1.37256829161197,0.524361809017137
0.318347796637088,0.556691462639719
1.60472681723116,0.91642967495136
1.64215740739348,0.141261663520709
0.403662821342518,0.32945007761009
0.353555737063289,0.939645649166778
3.06705972162967,0.589155117981136
2.05936837560477,0.241759611526504
3.54425547627692,0.685107773868367
5.2043902238173,0.0997806540690362
0.97972718346864,0.441164802759886
1.41608669997644,0.214088660199195
1.47916549249532,0.329176197759807
0.231149520114655,0.972179637290537
0.103486500079206,0.938940692460164
1.5282624608303,0.236646682489663
3.16179952785146,0.0879108102526516
3.01496919227724,0.22968246624805
0.904566868807942,0.663656704360619
4.30237266320663,0.0532493598293513
0.77340922318399,0.496821113629267
2.1223467308817,0.530809332849458
0.427935255691409,0.926742512034252
0.0904590758117797,0.990072338609025
0.992145476862788,0.211090608732775
0.335806970484555,0.434474754380062
0.790048291906714,0.732081823749468
1.98906828454676,0.877215705113485
0.0268047465366955,0.983536728657782
2.75670877835693,0.499874867498875
0.460540714013028,0.941263111773878
0.572482844814658,0.922937028808519
0.879156933839306,0.336080184439197
1.85085123436865,0.148451049812138
0.752270176075399,0.932393172057346
1.15983724687248,0.388405385892838
2.45906663677635,0.715913693187758
5.40775902916617,0.798985571833327
1.03831939026713,0.828447785228491
7.20207302666691,0.0487515656277537
6.45698416199455,0.426588351838291
2.78314602730756,0.861098761437461
0.766387210227549,0.952114591840655
4.50820585508203,0.723130037309602
0.264557581394911,0.561133696697652
3.33025348169689,0.372263169148937
2.74374030708315,0.198636981425807
0.9870294125042,0.446240801597014
1.31064775027335,0.897856408264488
0.789650563150644,0.723090516170487
0.155554300174117,0.698867566883564
1.37830909434706,0.880702504655346
1.79588710319756,0.307756618130952
1.10750361066312,0.731988192070276
1.26657623238862,0.102928125066683
2.1773828267211,0.551405782112852
1.32928135525435,0.341691030189395
0.252669000998139,0.826114054070786
1.28993552550673,0.573770003393292
0.214207230135798,0.81739427219145
4.95724667080292,0.00137381837703288
3.66640189273243,0.293363623321056
3.5510227641273,0.158892870415002
4.76047441047123,0.622594167478383
0.508933485485613,0.675642388639972
0.361716377548873,0.891177432145923
0.387954722980722,0.552845478989184
3.4458077958036,0.540088637731969
3.26277081279794,0.688200097763911
0.556391462102174,0.309296683641151
2.17679026341977,0.11080753011629
0.465052251154952,0.953074984950945
0.666056495965315,0.199639182770625
2.75333195543828,0.456007406581193
1.31223154813051,0.928271511569619
0.498716555783407,0.323818444507197
4.43750816950493,0.00624726829119027
1.60718505262377,0.660771164577454
0.685372023748612,0.877639681799337
6.72996863689194,0.743081237655133
0.207833694294095,0.347007434349507
0.578591483645141,0.940814376575872
6.46739742126236,0.790018653264269
0.414986988782979,0.401738633401692
0.146633033640683,0.989646527683362
0.967865308746696,0.77902708039619
0.473954121719803,0.937913011293858
0.559148928128566,0.924878655234352
2.25476500569823,0.434153536101803
2.53842679402771,0.0442989226430655
0.19027254357934,0.906249038409442
0.455588442273438,0.288088595494628
0.75721413642168,0.191718658432364
2.733245735904,0.862887158058584
4.71816208560891,0.590721801389009
1.04112849392586,0.473388157319278
0.624294141307473,0.941675731446594
2.33498744099381,0.635264653014019
1.13345034979284,0.868794343899935
1.23527227714658,0.573710397351533
0.151560438796878,0.293081740383059
1.9385970122483,0.318961807293817
3.04322037456517,0.359529393725097
1.03979541547596,0.929709912743419
1.52482978804948,0.63389455806464
5.38568195302911,0.674409755272791
1.93679818130078,0.763712795218453
2.92514664995829,0.166246471228078
0.701272875301717,0.975213264813647
0.0718408865145899,0.97705774824135
0.805015539750457,0.325308892410249
1.94861074002587,0.649021229706705
1.19663646165282,0.244338509859517
1.01017189770937,0.960587286157534
8.7985177407588,0.368352101650089
1.90553160003367,0.162024399032816
4.69248708684869,0.23503033304587
0.0189659126574591,0.755006849300116
1.5902222598994,0.483473986852914
3.22679872104834,0.835855044890195
3.60655812902336,0.0712233455851674
1.07971743680537,0.658219376811758
3.42814195139294,0.318457342451438
3.22245059145575,0.405936231138185
0.177658953927926,0.768742294516414
1.56441414765567,0.26298780948855
3.84587068093901,0.330868424847722
2.38259289219024,0.433806761400774
3.42779529450421,0.0176502987742424
0.796943689696491,0.169883012073115
0.392781744711101,0.914517358876765
0.603734457865357,0.328815111424774
3.76175846268658,0.559239956317469
0.85988737270236,0.648208103142679
1.88216876788976,0.200002986704931
2.6675188410187,0.844816652825102
0.0147654410359811,0.996591348666698
0.347499528899789,0.704512716969475
0.66159485373646,0.393383033806458
0.871121140196919,0.935983193572611
3.90043957887178,0.213887948775664
1.91411207421663,0.879870285047218
7.07907379910867,0.490874389884993
5.12640051891036,0.147077480098233
0.287464887835085,0.810096533503383
2.19533398552778,0.17584933526814
0.150518861599267,0.997054789448157
0.0928545724600554,0.678437858587131
0.466381639782397,0.963131566299126
1.47946271478179,0.162532750749961
1.82301692283692,0.461201291996986
0.865756838855768,0.292189374100417
3.32496035615908,0.525386199122295
0.440254060430415,0.975320785539225
2.81792230741335,0.149526537396014
0.849601610563695,0.83716302504763
7.16933327315691,0.0688304798677564
8.43345790702656,0.174912530230358
0.0213999380922708,0.981988837011158
1.23621770739555,0.326398588484153
2.50167170717361,0.872259496245533
12.5236636742864,0.56845143251121
4.99557264496512,0.72003754763864
0.292936450510106,0.902600619243458
2.04292856148424,0.504293699515983
1.23671840969473,0.449981037527323
2.37717071539702,0.900934661272913
1.35040476545691,0.427717703860253
1.57765550157967,0.151040436699986
1.03994443104574,0.917505955556408
1.14772659540176,0.18040751456283
0.92495090700686,0.873291143449023
0.141964107023144,0.38552127359435
4.80795175787945,0.240132766775787
0.0670093130320311,0.821872614324093
1.76650494142416,0.0937643402721733
0.47395417110389,0.578187010949478
1.26504838932306,0.647895828820765
4.52181119819112,0.433375684777275
1.36710091959685,0.162610167171806
0.374161187559366,0.885521977907047
1.49142010874095,0.289258680306375
2.27292351043763,0.16887107049115
0.721548905596137,0.448478371137753
2.57149568936768,0.124322542920709
1.83283982895841,0.704450750490651
3.12538126466756,0.815754189854488
1.49386563397477,0.638716036686674
2.06302556387129,0.164246489526704
1.09829145478428,0.130155977327377
4.28932696183152,0.755219967802987
3.55146853236442,0.0952789613511413
Rho_s: -0.431284029136117
Rho_p: -0.319082615831816
IC Time: 0
