Rho:-0.5
N:2000
0.109668850962547,16.1021307592941
0.251535307615995,10.0748482235871
4.91977072854467,8.55693388306133
4.19533031036086,8.94349327504595
1.02670540101826,14.1794312261604
0.30752982199192,7.97542688713943
1.7772711868489,9.45753338567056
0.34209932295322,11.1060113535661
7.66091037733828,8.4024077167877
0.333587086699643,10.739266939647
3.18837324627026,5.15185906299495
0.333619833923876,10.5857393901537
2.36115179438539,7.46125240085025
0.165755109299758,9.43737974209392
1.49839575394037,11.7648185705002
0.584585105068982,7.52259217726374
1.68267795621398,10.0661359610592
1.04962869267911,10.3244189401438
1.19524603802711,12.6441577726958
1.06311215925962,6.6184804628233
6.06810238522045,3.12126786091486
0.758506187237799,7.39908329630376
0.00246703065931797,18.2463166112637
5.21739378553445,6.9123169042356
0.0757038191946688,13.3918838489969
1.01816579606384,10.0229447272497
1.34370610304177,11.2806660459787
1.35584088787436,9.06953920902914
0.706367243081331,9.7600777640732
5.46408295978732,10.9998961557478
1.23341201152653,9.39622236474226
0.0854716219670772,12.0342490790135
5.94210280444393,7.97452508583516
1.19830632023513,7.99806669371587
1.3500417964533,10.817284331118
2.91271331889515,11.5061235001848
0.107626312412322,9.36380575430382
0.540340235456824,8.12456092571361
0.348043718375266,9.55291647514511
0.16218588128686,9.73963566618663
3.6555551959384,11.6610251442573
0.361416064202785,15.2139721828482
0.671043786810254,12.1376251209279
0.0800634445622563,12.5581480385365
0.680977792479098,12.1737304857468
2.85149617848878,8.29655835857749
1.27439373079687,8.09614106545493
0.441860485821962,8.70475914963013
0.0987442405894399,14.7490696826773
2.66909668772461,11.2959052602109
1.53226242821827,10.679463620183
0.388551267795265,16.1242419639273
2.93245683203115,12.5260685630413
1.41139314501526,12.6744723869185
0.500387039652035,8.42354098137545
4.87750133574202,8.84429248688478
1.64121334991398,10.9643383961727
0.744753785431385,9.8317172967998
1.09419351350516,12.4527946188968
1.94738333825227,9.21915066596307
0.575274743139744,8.3508234344721
0.372522430224251,10.4463348832498
1.41085911347511,14.0485375386488
4.62158797556977,9.15031197381282
0.623839310370386,8.65066843480407
6.15146873857746,11.6234220633096
0.670627452169447,15.5604054107456
1.1996982479468,10.5959791943059
5.92547458060293,8.08152709927786
2.32194808675888,6.30467131753057
1.55414574584904,6.73290537157193
5.0590235512545,7.81198978113425
2.45716999462786,12.6324209487719
0.623899368569255,12.1047493741117
1.96296281731668,6.6100938876182
0.0987176999268044,18.4783727127174
1.55231613222241,11.2095820808021
3.23998939601665,7.97228210392971
3.91411342827563,12.1337408026995
1.87907095021838,11.5330404800315
0.138124166347293,16.7553151750531
5.25931693215795,6.42580960278481
2.10479618041756,7.40797415739581
1.22621522378176,9.02598164921115
0.636050446666714,14.5890921137063
1.65988123781028,9.54655052338475
0.710108996368945,12.4006633363628
3.80265479518061,10.2723656121605
2.11163580036702,8.56540225970623
0.673462764360011,15.2363295161562
1.48651497438051,9.77171744366936
4.03018712235575,7.5111428643452
4.54204145421214,3.69962269434684
2.06669052046835,7.59901109693116
0.310758995823562,16.1091976634231
0.846961725503206,11.1016381994105
1.64373926809969,9.01746522840086
0.334908447228372,11.9974378500967
1.80873391396346,9.61850010533434
2.26450587428155,6.38840595771137
0.0565161323174834,13.1136439772592
0.898292915895581,10.0185287176999
2.05948910295012,6.35900183719177
0.188826614059508,10.5791667388439
1.96303225575745,10.4770485679439
1.57861564114249,6.7740010027304
4.17929744774094,9.80829599044283
2.22140710375829,12.389769045346
0.00296487467166023,8.72141055774803
0.322374584153295,14.2595043331103
2.4184445812458,7.65270765306033
2.44244828998091,9.32691581267952
1.92248109160903,10.5271930333463
0.0746016055345535,10.5436760799282
1.24672349728644,6.7245242413643
0.660304151045498,14.9336025866399
1.35673085507005,9.62067161482256
1.28016895242035,13.5121345305301
2.51365591204705,8.44072914546497
0.0262705702334642,19.1837376269141
5.80279644353473,6.90038871945386
0.676282866857946,11.2716964012588
1.03305466570875,7.07612422488298
0.195628806948662,11.4563494946019
0.680399435572326,7.37716739992442
1.30631331261247,11.7370061679296
0.337100942314488,8.42085808497365
2.33329142062905,6.88778291171209
3.00406632860065,10.2078459462684
0.50656424555275,8.49284253380566
0.142105484948482,8.57593884370421
0.636543764732778,15.6327453841097
0.889558698982,13.1426399904578
2.64622291355374,8.84761495172093
0.713049952872097,11.960027334662
2.89806490001009,11.9191638419297
5.46118989934154,8.11574479396864
0.798838317394257,13.9009867936902
0.12487961348436,14.9007864777201
1.85995550577416,6.22571930565829
1.55930753975155,7.3049244749325
0.0869529234689136,10.1979040055134
3.05405765010004,4.64345044209769
0.412658571265638,11.1214838520602
4.41197967131562,7.82741969097181
3.51456025226002,6.776888030464
0.128189725527821,15.6760861880359
2.75685944399777,7.44166167049749
4.746383677916,8.82417159086077
0.558688371442258,12.8745137842152
1.55746999688283,13.1228614401853
1.24253390356898,12.6800576425374
1.42954201831144,9.95795243890583
2.42405787474456,9.7257466513016
1.39150751559975,12.6953844499027
1.1518111648038,12.9845484192418
3.30567521411382,4.7911860654052
0.527835608460009,8.61214834664856
1.65780610023978,7.85794477325504
0.474613284692168,8.56291958976153
2.4579433350915,3.71931379262557
1.15155130811036,8.45292621243245
0.713713704608381,14.0406190201949
1.08243068959564,9.30998365183189
1.02967627128922,11.4046952224113
2.53411811768057,7.32513905453449
3.2697359806109,8.36254600647958
4.57716604669519,11.0676981856179
1.29123837593943,8.1696037209641
5.02799461384244,11.2389644263276
0.606305908411741,8.40090920994254
1.50426188733731,12.1443696432875
2.70469271196964,7.59816983823865
1.17195590119809,11.0522308968781
2.01402782454135,13.1510914028629
0.128981374204159,11.2612634498617
0.156120989895547,8.24034624890365
4.1040601840425,5.14212015372152
2.46680824220774,10.7209069369726
0.671607977710664,8.51742185137733
2.37360652714016,7.66500492962057
0.749989084899426,9.39459721473249
1.22081407811493,13.9092304290089
0.397736486978829,12.5472497653985
0.205310404510009,9.44948747318742
1.02436895668507,8.71034974921146
3.09403718991165,9.9932050080188
1.76455874360147,5.68665140810829
1.27917749527842,10.8509525053207
1.99996579208875,10.6573059580392
1.15021804720163,12.0363632389125
0.492898563854396,14.7807593227708
0.651002512313426,13.2090772765995
1.97138456991854,11.2956704143736
0.187016969546676,17.5412520053989
0.629977510310709,13.2426118029258
1.24149272125214,11.952138075326
5.21034497369952,6.56903756962383
1.67843331388178,6.05761852776831
7.68677441361261,6.78735390921432
1.98829879224923,10.9529799148618
2.18873048379066,7.26587416097442
0.419375338591635,15.493545661492
1.3557005180046,8.20809274662344
0.571731342934072,10.8306756377698
1.96929620570483,5.99772146565257
0.962337024119051,7.59005638400374
3.34276357276325,7.19930956280872
6.82195228598238,6.04249477735606
0.221612671222622,11.4636563481781
0.848112484440207,12.0460070913791
1.7871564030415,8.14707666478567
1.88099854989889,10.3784001039172
7.14935634615731,7.60364185074195
3.16920623538976,5.64036702806702
0.491335107013583,9.46246607254039
2.69518401837888,4.36666001587209
2.91312300397043,8.79975747713269
2.23763911790195,11.4068203825972
0.444977241952049,12.2908997185078
1.13558616116643,11.7213278939676
0.984047220088542,10.7312405979408
0.621044268214074,7.64844516330386
2.59436046137455,9.75688535337183
0.690541436895728,12.3404231724671
5.25483056830308,10.8051974630411
0.203282583200027,12.8391794904646
2.32223257786574,10.9082988714979
2.78053163227478,7.33123824942622
4.0852400845099,2.13364612854512
1.90229946925285,7.97246318542223
1.12729239184409,13.172589946067
4.06544566137676,6.39142266055099
5.4007733647985,7.05765064114375
2.30511307894232,10.4927671817664
0.663242301903665,7.9985284088842
0.372480514459312,12.2487019926513
1.18294307310134,14.7011917613338
6.44056139852772,5.26814440310713
0.110386612834831,10.39614196124
2.76171983025017,8.377943104649
1.87023994690719,7.81771220638049
2.36938853553476,5.01215413542517
0.134584467684837,9.06746862665167
0.533764422414083,12.2858028458616
4.00978709740524,7.60430055537799
2.13144507995787,7.04748055195834
7.55060742380929,10.018001606324
1.06273881718516,6.33388452783532
0.998243901878595,13.7358508450628
0.244305443066721,11.271476631909
0.077748341363561,14.8677542820131
1.45108903351087,6.30966559727799
3.3353830425251,6.83725216795524
3.90471790341621,9.17608433725956
3.01438603275557,8.73654539034852
5.45104841490216,9.91553385329473
1.03685206361115,6.80719462990089
1.89144118494334,5.67941812894822
0.0579241011291742,12.8972512431956
1.83764896203044,8.95711566438301
5.18915454645581,7.38386812939272
1.12222075462341,6.63415202372403
1.85829923107269,9.68482280047506
1.53806052410529,8.55766802343664
3.70512878878002,6.88931881130179
2.71345011881533,9.14664631010377
2.13319517205475,9.10867122055136
0.435914438217878,11.0703632999727
1.30282155610621,13.3295297290091
0.655415928922594,7.82975147573359
0.409624013118446,9.47139378342089
12.4359759979679,8.73593715328047
2.02821981153431,9.6846043293292
4.26301478749972,8.56406947424352
0.857046284712851,14.9486350807799
4.22496673302492,11.6003457211056
0.471122540830768,16.2673744018074
4.333348121242,8.70627706038413
0.194343107752502,11.2639396869264
0.322281656162659,11.7084130740563
0.227705937086846,12.5341606139196
1.19715019874275,14.267731534985
3.74892863241916,11.7725000463853
0.303922095200696,15.3648633145879
1.233876244165,13.0718554827069
0.503373581672421,10.2181286705432
3.77591652173946,9.0011380832891
3.54318223626533,10.7910167717016
4.21803212513156,7.89323583115815
4.39649569288454,9.36575060987283
4.73368898408667,9.6794070553274
3.3600828505368,2.86616920239784
2.95643671423737,3.18586224685122
2.95300396887546,9.7040848174544
3.22235844901676,6.61780048990532
6.55812965299854,2.53058274997192
3.78593831865077,6.82087909179818
3.8337965531457,4.91776747360454
1.30422808788717,5.96517630899336
0.111255483701825,15.2781673442587
1.09743437822908,8.10549067758643
7.00884312011858,9.04816813509328
5.54089849789567,8.77715989405957
0.253803107887506,8.33447089927246
1.40827045270004,11.3011200937959
1.08387321233749,8.55894526225661
2.56522025366966,11.4727835958909
0.575429293482892,7.29312411469795
3.09936196824661,7.46156534164432
0.493397097888276,8.46753918925106
2.89298194863875,4.79865022484332
4.02214075608139,3.70875619672955
4.17485067928117,8.41953216104067
0.664172749966383,12.9219177283748
1.27935176342726,14.5960153102774
0.126745801646941,8.2600320437207
3.26938366897279,4.66936475456375
0.591625587083399,11.0515179835753
0.578280925750732,10.9586403677071
2.16158553018215,10.6148775533388
2.58760684906485,8.72510671482125
0.0346594173461199,10.8092511299861
2.04851379795911,8.68229090383629
2.5334402117038,10.5698768580068
0.238827362656593,8.6762656082123
0.332990842871368,12.9174016976508
1.51243804200532,8.37197085962188
0.00916497316211462,15.1346521840248
0.722530799930959,10.6949812745258
0.0723971824352685,8.63329000094375
2.88270505873447,9.43729841604584
1.11340595688671,13.4318500257487
2.22993188342991,7.16801848903566
6.03423415788226,11.0270257324533
1.09117584023625,9.56923409357866
1.17209556233138,6.74937862154416
0.594836345873773,15.7577271093991
2.52191812292555,9.04538208590886
1.93722135378959,12.9442431543073
0.220217459835112,10.5331536684757
5.48713743288941,9.80108696699591
0.864176584407687,12.8662831097097
0.9648541429599,7.40022256475025
0.257590246219704,12.4145579011327
1.22370442189276,9.5408082344588
4.3364304153725,4.68073788973608
1.75963255754652,7.03181976210698
1.85979631534758,10.0417842450207
0.139512692579927,10.4487704107119
2.32488971567693,13.1948755229906
0.548914698883891,9.52355796684517
7.38833678844285,9.56580977864586
5.00999877204127,8.67225636261908
0.808622779307842,10.6436836847906
2.7705717216337,4.97818256731587
3.32467500103598,6.35447195230341
1.28873056452721,11.7783212812081
0.0628521616065903,10.9037708910288
5.19207520693014,6.74660496375004
3.90068223683124,8.35387977386682
0.823600511066616,12.5175494583648
1.47296213536503,10.9695322403394
0.728375508449972,11.0004338143347
1.79407267450335,13.0861916415538
0.82752173844077,9.6579903513022
1.66111042342129,11.4014493070037
1.72348861574175,5.97124334587774
5.55016903545628,3.80923541924796
2.29980207785013,12.0124083979064
1.09423393011093,8.08630014903496
4.78807659794517,5.7952389836175
2.75028076945784,12.8203899872399
7.59088697853027,5.72433766208199
5.03904314686484,4.87824826881851
2.28093430743209,11.5493836600351
0.411358711853146,7.91474957335803
1.24562470428646,13.5569067116555
1.8161220922226,8.18175791561183
3.65154681337957,9.55467835789327
4.30075133006067,3.80519503103873
1.10467367898673,9.19746902925859
0.48783048056066,10.7096431064481
0.1320436373353,14.4941312414826
1.14337799604982,12.6563989155476
1.89981830439518,6.76199262546681
1.39098295188489,5.84680018896711
0.810591048561037,14.4877068141655
0.0771645978093147,13.8685298965872
0.278874262430849,8.29140775246487
0.188110436312854,12.9161804224875
1.43019152610543,9.5443672789017
1.01913929451257,10.6215316723076
0.900138327851892,14.0717414700376
0.0146915856748819,12.3896826862186
0.630196009992218,15.2958016130467
0.644632452167571,14.7368572518913
1.75018480597975,9.79547474700172
6.65518110956917,9.36916832535502
3.69744258729701,7.75469481595779
1.99811455226483,5.89068595194892
2.8144609751638,5.31690250786738
2.91393509117847,9.45873531868142
1.01885123817326,10.622107264776
4.19368109233347,10.6109278824678
7.0190085280211,7.26449901317458
8.97162303642672,8.93177226234543
0.480287377722561,14.5592419350826
0.0978706600144506,10.7237152014734
1.05207860935479,8.90661416199013
1.8064311350504,8.24587793944894
0.0362648796290159,10.0126753700698
1.60840195643154,11.760090061433
2.72960810354891,12.2454015507319
2.61747276774588,5.64258785663159
4.19474196036286,11.5305889335739
0.863012070672318,12.7523676118548
2.68646865329685,4.13871131137324
3.91803418083077,10.8650957697359
0.458769937045872,10.6111497987447
2.03891838147285,8.87925556648553
2.0053353178406,8.79568096628967
3.75808677805548,9.6059668433219
2.42350142627003,12.7557745858156
1.26217328291386,14.4354961016583
7.90758414151979,6.35235282824242
1.1214762814343,9.230099036746
2.35535359001699,7.26472204511051
2.50876607923749,4.62089255409343
1.76676779604497,6.35701848830581
0.520765365915352,9.26652599075318
4.82457969069526,9.55019519613669
1.93645230113509,7.03462858402613
0.508778053335845,10.1622190930104
1.9065761937851,12.9242823854562
1.10555326286703,8.98800037193224
0.670398616963222,7.8618614180193
1.77382211574258,10.2204610824496
2.15133188656511,10.2150219897458
1.16069859080017,6.03474990123348
4.17140297193952,7.11212671612223
0.0110710675407686,10.3190249730141
0.241228781543573,16.1417742855473
3.06262996403461,7.65692291784229
1.56784828371348,8.1914246035393
2.91868136061316,5.7385763037951
0.333977174945176,8.56530269393191
0.169063832610846,10.8335466933875
0.488978801295161,9.77434703382029
1.69529833822491,11.694242386905
4.53657833834119,6.55130150049517
1.34891026839614,11.4843582584288
2.43566595009508,4.35677290335296
0.319041214091267,15.7521898923932
0.24362748218613,9.50628804016114
0.871050295419991,13.1088246504441
1.5467078219259,5.37389986319732
0.461290503886315,12.9993000881807
1.33454688824713,6.55878245308033
3.81820197759156,10.078607935478
2.94556296599989,6.96769702136528
0.621350067066922,7.73296590828008
3.78686286670297,11.3223123626422
2.71228681496325,12.8231375118818
1.14299788605422,11.7044149812145
1.26410848647356,11.1403793969737
0.655549926683307,9.21330774355695
2.59024066097083,6.9823563781976
3.49032515270596,8.19555057006726
1.38630522034111,10.9744669648769
0.612057554535568,12.2758183484026
1.22112592495978,10.272280962155
0.415588322667942,9.92879522694987
4.28121503044791,6.58189720161163
2.46282147980275,9.88393929194582
0.795899078793308,11.1679265785261
0.406619884073734,11.2638531509672
5.81872101094494,9.21599412164035
0.680363830201362,10.9424019324924
3.34438655723112,11.0603332738466
1.12261546496302,6.66779148888537
0.5574024883069,10.5218470417366
0.17229660321027,12.0929182870333
0.94232639297843,12.069108735114
6.37464023864941,8.42764836357176
5.41256871421762,11.7047918316411
2.8833496494401,9.58981887447941
2.19132016031983,7.12156272952818
1.66475737459006,11.8763087935377
0.0485626885941047,16.1785671434067
1.08225593928222,7.13182039373625
8.31220750096155,6.61114960319756
2.32633977561238,8.64184181402734
1.26628761329222,6.782530338294
3.34824381379371,8.17471248004737
4.45876371530595,9.56869016017798
0.488451183773577,12.0978785180281
2.32585702641847,12.0125556126463
1.7374905217211,11.6901107376841
0.171294305473566,17.3883858737414
0.57845837069496,9.43024749420797
0.89580993892365,11.4097777923793
0.945002820430106,13.4973317766387
5.26223201651998,7.52450496166893
0.621056300587952,12.6138191791838
2.41312402292135,12.1105550244766
3.68049210665708,7.88303497829293
0.787201838453999,8.30756865793946
3.41765516607051,11.3942793733256
3.30165825022345,6.94368265838719
5.85670037534008,6.49216841374275
2.49374429873171,11.3769976461134
1.17843329254538,10.1381548060556
0.380589407868683,9.00162978050339
0.026062123477459,16.3419323099437
0.455199152058914,16.8082493228456
1.67889453089776,6.58227692288436
2.51597164190354,4.9741621522126
1.40945987230109,10.4739032054473
4.32415221233792,9.342663905171
0.633050152100623,15.077698544657
2.19836935020032,11.039361856081
0.705056292004883,12.5013060219944
0.794921886175871,12.1925686970051
0.568357293494046,12.4999614315276
2.76284023738446,9.63034104844468
1.43804330370369,11.4742145609399
3.53387266008143,9.21313443945465
4.33403261719992,10.540887748597
1.72522488973084,10.8188345204962
0.420246975496411,10.4097554029684
0.568558249622583,15.9038661330526
1.79103309093955,11.0833555393856
1.28277922794223,13.6833407222471
2.68252856462243,4.5213124086532
0.0615877585639606,8.58743438229138
0.227776202895674,9.63155329789312
0.483238869690891,13.491078214009
0.413863679949268,13.2697836795887
0.493010954676881,14.0650215975565
5.8440759774662,10.5556899707572
17.0451226150269,4.84968439936329
0.902914839796722,9.64249698696645
0.666043758392334,8.13082350646443
4.14491543529515,7.21526584899962
0.543831334593611,12.6277156688483
0.0126479088523457,15.2126565475413
1.78199598371031,11.6367624975574
0.569007496349514,7.29952240036235
0.114587716758251,12.9077045380195
5.62198631104734,5.87166838898516
0.707199924013316,8.95749064298454
1.99597348601243,10.0925955156748
1.89960432603004,7.74065310743629
0.181466164896863,8.04910114690013
0.118481948040426,12.7222353110725
0.812824870459735,11.457474390775
0.965928092598915,12.2411081605601
8.00634257080865,11.6849168445842
0.691892103363176,14.0675610486996
3.06820795454417,3.43075720660309
2.25040308750215,8.59334941778672
2.01713963403347,10.1006903675439
0.199749336100477,11.8292900283174
2.03025683938506,9.56050636800058
1.41892783149126,10.3042130755902
2.66097176252844,6.37664444269784
2.99619331194048,4.99006654418879
3.29077800719028,8.6326518390078
0.856212061397033,10.7633186016799
3.85380594043021,6.17888743845794
0.21929930369968,8.23668762667116
2.85955935716614,5.92125292381246
6.4220166650034,7.59402410151986
3.29682996224297,3.29656712260735
0.366832274012268,13.0756162672721
1.98253860688748,13.2820783660306
3.31284802017694,3.94832825757939
1.85062823436203,8.26144071388436
3.4798435604382,10.6773028332518
2.61396673499587,11.6096506121
3.1967411186365,8.77150106998069
1.46462539388778,6.74678546895438
2.13443041025641,10.0960368974168
3.68226028589492,8.05696271403581
2.63908062308075,7.92705531506258
2.10711399084868,11.2916559395386
2.45318396008554,4.34238260060843
1.53540019682589,6.8847995978965
1.57904712088209,6.07061547908022
1.75718190178223,11.5072067706291
1.78192543368319,10.3087144619121
2.56131625539603,9.5005196445666
4.51407102842755,11.406528277529
6.05911119248638,11.5542973698443
1.99827413997593,13.3322853824452
1.06828464567661,11.3842736929226
0.898103658109903,9.96633762922
3.01491195552631,7.59896932331391
0.29223330632748,10.0421393240973
5.69188815321694,7.55906008872474
0.607394467921952,13.9426319712521
2.02830295815113,9.73287967265231
5.96338769257671,4.68741926845897
2.72710230379345,7.98193985845939
0.955102014309279,12.2422318078703
3.95292187092786,9.43052682755167
0.523607770912349,13.9546496529052
0.373573570512235,9.0882038593006
4.17903766383357,10.2256915402516
1.59617139540071,12.7739563682937
2.59387068255785,6.06962924192011
6.4906976666666,0.615117701788298
1.32077316287905,12.7598981722248
4.42557020337781,2.62317382641283
0.0562850562855601,15.1343869310628
1.11857281439006,11.9234822991917
3.17309177348284,10.7520928661371
0.438514696412332,10.4657666806967
3.01122589765077,10.9600972003961
2.96209395287519,8.70401029317301
0.0554134698748499,13.5975682975675
4.49187822987266,7.68602741273409
0.732237345455711,13.7736230029084
0.0694650729754219,14.8964949023929
0.126215229671076,15.2438734067735
2.29496052480283,10.0940326976823
0.340660843066871,10.6259047306956
2.87218844128733,3.8853410081334
4.19249152232076,11.8480238281647
0.234369020909071,9.57376240410574
0.979799835011363,15.0669695402356
5.42792047907538,4.45357085812966
3.39691731980803,8.66646360347409
2.33450577399674,8.2675945988378
2.32131355321187,8.00920893270192
9.10538933375731,10.3371173396413
2.25170471138301,8.00420423364001
0.325343053787947,13.0008982818619
2.00480838297846,10.6377431411403
1.43901325940135,14.3224182510555
0.172330705448985,13.6800577821659
0.226039223372936,11.4254465381468
0.32641269569489,16.4179805695516
1.27422375883907,6.6660527862765
1.2090717330575,10.2020556342993
4.71639390582803,10.1926647561427
0.0875028735026717,8.41125530252015
0.356905838474631,13.3621083546092
1.14726189989597,6.48290710748105
1.62085382724389,11.4951516819411
1.32542064972222,6.95281778007633
1.98166362746599,6.55352261795993
0.401974342300028,12.4326667838181
11.3419393437024,5.40441596235097
3.30607378093486,7.94692244616792
1.89574246845188,11.0878693100139
1.53315153866939,12.9030371247375
0.532525350180204,10.7677699655611
0.989557793363929,9.27891892051436
0.84535470418632,8.45656945855317
5.47989411254354,11.2368411926988
0.0633065755742649,15.2726496096262
2.302646452477,12.4923321163697
1.69208924774882,5.18674890115311
1.64421644612196,9.49439517587147
0.167096100605399,14.5974250952409
0.190788239240646,10.2903335789674
0.774165404960513,7.80062743280917
0.664378549903631,11.370625511573
1.45052719592102,12.276228935322
2.4154868274087,5.94351819696062
0.994644677266479,11.9631387329919
4.59495830883212,6.79401444402513
0.19134817143606,8.18207049606866
2.52571988469901,7.42892683426097
3.03164125030974,3.68150255104674
0.992322972803284,9.26620001460068
1.74626382291429,8.04576809833734
1.6740035227591,8.27330696537097
1.36178441438824,12.2687474649002
2.74209258696976,11.4942507510001
4.33837394763656,3.52399643303746
1.53954235083404,6.47696731276426
0.942050587116322,9.26730372788756
1.9716630167419,10.1683044178747
0.838412549223565,7.5966519559558
2.86787930859213,6.67956447915083
1.52571750937642,6.77449878625401
0.228990862606597,13.0032800942674
4.98577079524226,4.39739937159105
1.93879254579596,11.7621859860294
2.35734403870049,4.89855865951734
3.8246028794158,4.526547549837
1.29823550395668,10.4336235490137
1.69787675897994,6.17643488413272
0.112145380925719,15.8378972687592
0.255537134124675,13.2615091135715
0.694958079606295,7.71196072983824
0.847096906043589,7.01232787415956
0.972673097000686,8.27025382596396
11.8452584438755,6.40850711841524
0.214325572821183,10.0112916545198
0.495209189818541,10.0354942817287
3.27656459094232,6.23070292307967
0.748951272107661,13.5637669026644
1.99989602851285,6.47649043726615
1.16737435758114,13.4241759827029
2.81019062861015,5.03498583965843
8.40852565335417,4.68133421981917
2.28228601059856,7.25429193621914
0.238188932790715,11.91522484964
1.99603817561549,6.64438835209046
7.48812917950463,11.1612945179676
2.37558706282618,10.36325279063
0.973577342927456,11.2430878433807
0.699341223529273,13.9308127322998
0.438018611635878,9.28488434597658
5.56044286130615,8.32280572872845
3.77288449538832,6.05150605901799
1.01410218980163,12.9482331365683
2.75901764436605,8.95726198103558
1.82770393780413,6.11419671464303
0.471133792656009,13.4200649487822
0.510167331756797,13.6506859803277
3.90156042186503,4.40626022078283
4.31215153608375,6.84496184944349
1.05209280364215,12.5398118490539
3.36809010414367,11.8641736862346
7.26514033558679,10.9586134668857
0.177508856322184,10.1942756915762
1.31158053874969,13.8307874181882
0.538009520143017,10.3833995704055
3.84031392432927,10.1264142018219
1.13551211170852,13.6612067721157
6.22156645324001,10.3080436325156
1.11534315161407,11.9081683231558
0.474334802478552,11.8160950256366
1.41007795548978,8.90971253655854
0.434105696127411,16.8154941715505
2.54808729319813,6.7185100806611
4.93785196145005,8.76376618438339
0.955601403489709,10.1799574704399
2.45505557759645,4.11307590810151
2.47938700075063,11.3455061021209
0.0817643850469848,10.8724393268185
1.64355177237632,11.2991674867775
2.31224891348722,7.31978868663883
6.57073830034504,8.03781999408246
0.805697676901184,9.32021633770604
3.63729908673053,7.28126173864644
1.15731877088547,14.1655784171036
5.72283815654553,7.65320013862742
1.90372735626044,12.384215761695
1.52853315501454,7.68724440040233
0.698776781816466,13.9132605331026
0.73494144435972,9.12389192832044
7.06784819068544,8.96417467439912
0.0848159473389387,12.5597974659982
4.58453462731151,9.51522169014826
0.664598982781172,11.6692216617044
0.824455303139985,10.7318172855258
0.778356222435832,10.5327349991182
3.4069833306778,5.71002722067162
1.34452822711319,13.4842156829878
1.35569563694298,13.2136225009292
0.522700071431875,9.59282200055936
4.9459112002165,7.25825937452562
0.675345614552498,9.12625412490721
4.36253763912039,7.78234653266319
1.21980737429112,12.0135521509399
4.68580165852733,8.40524558468968
0.428586773574352,12.6124919536016
1.10195935331285,9.82594031440437
3.34126985056286,9.64075521962923
0.98369134683162,6.59702638013283
0.533871182240546,14.0575422584447
1.06449765898287,10.390645181894
18.7575673561797,11.0746199636428
0.212934793318554,12.8820774878233
0.507886085659266,11.716083528216
0.535947755910456,8.6959107290143
1.86895578718724,6.39029477693994
0.903993871062994,12.5999805895916
0.531002053059638,10.8296821556493
0.0909142140793924,14.2452754444042
2.37836399852278,12.6400457096853
0.185487280939255,14.7785559695089
0.86808324046433,9.38782482415769
3.11539867876058,10.7305263671264
3.94598687050824,7.35987667747263
5.17465080668159,11.5558809980902
0.811731660235676,12.937021764973
1.66380962534788,6.77784570302024
2.25311361803653,12.3848684670779
0.600374379195273,12.8933752641801
1.37927799392492,12.6491781845684
5.58621638979683,7.41458187611095
1.02406014688313,13.4573471654954
1.43489143057706,5.63473451559305
0.302130859345198,8.4490103048067
1.37916139606386,11.2698151367162
8.86594120001946,5.68966692248531
0.14954889845103,9.49160616487697
3.81730403734331,6.45135618858462
1.06995469611138,8.73103164646877
3.70180525613909,11.5076107094134
2.78056297180351,5.63361737411899
3.16965575126891,12.1532557273647
0.770167597903607,14.0922350323328
0.875051928684115,9.90946040854013
0.642486916854978,7.52847082683902
1.13127597777637,6.21787850260124
4.42830122609563,1.84934195941514
2.24065178251805,7.38018778633166
4.00679263083224,4.54925852653818
3.09666145691966,6.46929957533381
6.01216489434636,10.1469473409971
0.831431635655463,11.6717282237386
1.35276525747031,6.93342032926938
1.17616845015436,11.4648822496168
2.89067254701302,10.7638567013027
0.031588071025908,8.42513212466444
7.05236373427224,5.83425277249134
6.54636005347934,2.17488465249457
0.238158940337598,9.91196942241702
3.89456543682103,7.4160674808432
2.330244442364,10.2011104646809
1.00269289411892,12.7928938394754
6.20422837104569,2.91640366061419
3.1363967618156,8.086678288819
0.181997444480658,9.73623975342419
4.62610683937497,10.3036011799824
0.986768784932792,10.3764606083734
4.14104419929867,10.6448982114073
0.754926488734782,10.156400535221
1.51157297898112,6.09459204384563
1.5066137499172,7.03935862517697
0.696233808994293,14.4212720183472
2.85745601564506,8.10198839886663
1.85445219642463,12.0635703980666
0.0226110883053209,15.5801861791641
0.583303882740438,13.4330586993739
0.838508804618405,9.10894091755488
1.35610505193472,6.08400535162429
0.895789917558432,7.28924427333779
2.65911685294452,6.80638437756039
0.0698158275336027,12.3184987214121
3.07275002060418,9.48238375204818
2.16865506759825,12.6202507954147
1.61932488895001,12.5306790785848
1.6839740856967,13.8619474702943
0.963313320722737,6.72942242193794
0.0412890249863267,11.5562475964739
0.179178231395781,14.9135783967368
2.24359648746823,12.8613456072435
0.749682486057281,11.7626012467022
1.77848145558269,11.5145262457228
0.985298224941567,7.4975382534486
1.4724566211531,8.80432152881762
2.37496632515433,6.97854745312743
2.75271993308308,7.76128699784429
0.507905721664429,9.02827583296494
0.950463272631168,9.27862722906954
0.64857913274318,9.70562779616166
0.349037393673511,16.9847841227973
0.0772001277655363,9.32602077248499
0.353128067686156,13.9400031148681
1.36811237875372,9.29658604209925
0.384349778294563,9.46559881048878
1.17368306219578,13.2720134897989
1.65369416951182,10.2602364108479
2.75332421987298,6.37209164740827
6.61265619415475,1.66595448283959
0.261449975892901,9.06613557308437
0.696689129807055,9.69495059192538
0.0723917512223125,8.39795631412781
1.88462462267818,11.2538077378902
0.645118323154747,13.4145653763014
0.00327981990924358,10.2972885033005
5.85341501328321,4.60511206569233
0.376040523510169,11.3121764813971
2.61604077947925,9.62840872215746
1.19376349728554,14.363632016993
0.168151434510946,13.5566484275039
0.263713865540922,17.3565736285233
3.93606168014889,9.83585748703155
1.02577531157131,11.4685867598055
1.50904424666407,9.37074770019273
2.65199326901677,8.34681447322827
3.58816988376861,9.94848776880367
1.62601067334749,9.63194304399717
1.14130140282214,9.04554536630704
4.32922361614156,9.95465858942273
2.84418094513898,8.92106050883406
0.00312091037631035,9.62841948535022
0.177304062451336,11.2413136429765
0.319136654026806,14.3043000989057
1.47517687818947,5.98212510839638
4.57157819320388,4.65128719360316
1.26677919272333,12.7659134727927
0.0502630885677939,11.9015173727974
3.03972653655295,11.9127130031302
3.69394082931762,8.33363998768532
0.0944543452560716,15.8672355682756
1.91582408034836,9.66533523651664
2.62670128784123,9.23204544711911
8.56097856858626,2.3977535137455
3.60273226333742,5.84532510970842
8.10445440891099,10.4708464568009
0.333652554182767,11.8296134199333
2.08713326035979,6.6412200298869
0.402506405481648,15.2380854630272
1.01253050100058,11.3301879915723
3.58849821595435,7.62105668865154
0.803317819721997,14.3137607480754
2.49188322565498,7.70797923731656
1.29451913759112,10.5264667131223
7.48816199186158,2.71564983478179
4.7915406708879,8.71713260645433
0.392348246648908,12.8853022111339
1.42286544843557,10.7436645068015
1.72199837771097,13.5662235736657
2.40742451502922,11.1304935607008
2.13154157528437,9.89683380344526
1.99563182136955,9.10038391521806
0.402493448775715,10.4603769275056
2.00140243946555,8.10390990323296
3.63033933920746,11.0976925991337
3.42210530203372,4.94766485481492
5.18463363100715,7.17363384379089
0.204670729115605,8.38082144028532
2.58946572794559,4.83908995916915
0.168053016375849,10.1679183967459
4.75240744997687,5.7633861943652
0.265952463946632,14.7726207705299
0.952595840208232,7.4910469139239
0.400381858460605,16.2980625851777
1.0045369816944,10.1384273139345
0.264293714426458,11.2139951894258
0.251547848805785,13.7847699681256
0.217102681286633,11.9725635798696
0.69714460127834,10.1916721256922
0.774360226467252,11.1713834600289
1.11117271706462,14.8206439555438
2.05225957176628,6.13120455681968
1.83215365321252,7.22747534565396
0.193147166632116,12.0057671574495
0.724690346978605,11.2387840011506
0.942742993649197,7.80177206015132
1.03702628891915,12.7492932988457
0.157826680099176,13.1337318792677
0.459838356102528,11.405492220019
2.42665857813301,10.8647246383201
0.13232296539547,10.9642177607244
0.675259714946151,9.48178490164728
6.02330610310604,11.0328190373529
2.41112281746211,6.88444122208458
0.252445488888637,10.6230692844831
6.28834219243298,0.784087480344898
0.216825772932152,16.1178733033857
1.67626264496686,10.3528742920645
0.34334899391979,12.1412097963904
1.59242226361277,10.6087362486989
1.02704244816838,13.1424905027946
3.60419904423838,4.76704867079347
0.663754564709961,12.4900511602069
0.216675316081387,13.2313179457339
6.19320036437283,6.83503268069064
6.39148560132752,1.77427148446716
0.0995435919612646,9.32171865148675
5.69122301586734,6.93068719035493
3.11105509936896,11.1236902511886
0.192014991305768,11.6075261918104
2.51550873546841,11.840344334029
1.3259920720011,10.3194129474532
0.282886633649468,12.2803084346695
1.55014740667286,6.92035406103712
0.06004274263978,14.3914000411578
1.13811053521931,8.27528820839342
0.0955507058715001,11.1115326576312
0.528787310235202,9.97679643542827
3.50673380477314,10.3842089135286
1.22714212350547,13.4179694197367
4.68164919680849,10.6685305948775
3.56026709937783,12.0544031138274
0.784106938168406,15.793917323436
4.73411110634878,6.15676941860117
0.368220046954763,11.969934177208
2.86965298258607,9.74692146373879
0.39990315772593,10.5534991559751
2.90757513023386,8.45911246345817
0.861208425034734,13.4501792120835
0.347217647855353,13.9667957747111
1.41558384700658,13.120677463926
1.79098343413611,8.36914405148198
0.0525782993063331,9.72451315264877
3.40990544466262,10.2853810439196
2.30977471536937,13.1135385165971
0.0777782890945673,11.0110879347322
0.320507648400837,11.0371404242753
0.113167415373027,16.8316239082488
0.587380052544177,9.71566760706079
0.739413523115218,7.53521158885166
0.633607504889369,13.9408740838749
2.9211378876841,6.32805531092077
1.39691848299446,10.5338905648455
1.72800446775133,10.4537280760232
0.519762741401792,10.1033907835394
3.0678693501461,6.34365691311525
1.70583698703887,6.0343161342541
1.8055574799979,11.4041630267607
2.51425523302498,9.80267652202597
1.80329704462531,10.5329510295608
1.53127431138819,9.36246247003368
0.973009712062776,11.8146308504104
0.303301194243165,16.6340547419107
0.614911244250834,12.2458960910911
1.16805791854858,12.9226614826932
1.16965814307332,9.07415509571297
2.70697717918994,6.655366067979
1.42017733041489,8.52874013468586
0.362920269747877,13.3572841141731
1.16731969453394,8.35004449856177
5.1071099467939,10.7534229748165
0.518751164898276,9.73371311974515
2.66430976978483,8.20218563666511
3.20786809159403,10.8750185433128
1.68102606377544,7.81858565047808
0.498606462962925,11.5622750633531
3.33782204743159,6.27926383846994
1.85371205574813,11.8951119603574
2.74224334201756,8.08716496274182
0.26469792984426,7.74154303756034
1.0454354500398,6.94981327580859
3.04109891682174,9.90144607431972
1.4183512534106,13.6263210147101
2.24014036907795,6.57113124074537
1.53509368739071,10.0736310614414
2.32828944540563,5.54119342921188
0.967754333280027,8.06234760090016
1.07727148663253,11.7484192226459
0.74938995949924,11.3134477237113
7.34987738615743,1.6231899922294
8.0389362085135,1.7074174698495
1.14060103707016,12.8600841096318
7.26563871763906,6.54702011372885
0.504941360197162,13.5030308276974
3.96631565673237,6.27707066167839
1.4608771315867,8.08895307448069
0.189911686815321,9.57866724453469
1.85465786038878,7.08814649209413
0.869848736561835,10.4302466185207
6.41522574391136,4.49272569400714
3.18410852907186,11.3229528242391
1.88908482334557,9.50870603206918
0.806117045693099,8.55644118648929
0.319508856861509,10.2697617704266
0.138661878183484,9.87701943164386
1.47490181206706,9.54561910691827
2.61689433074536,7.77601878611795
2.44801382525804,10.5001815478436
1.05962058249861,9.47257496991912
1.55870539686623,9.83632873023913
5.55825453558178,8.98109765055463
0.944223071448505,12.4509444032428
5.43612449218459,8.85563384981527
2.24124829648974,10.9389989641265
1.15315208118409,8.22760095087876
2.56747425339165,4.52612750965768
0.460924674756825,15.3707426683631
1.17124138232756,11.5559606131021
3.48119124380832,5.38845062559512
0.60516388900578,15.237570943544
0.788070044480264,13.3623157385364
0.317512339912355,15.4446454353968
4.7126002047959,7.01596157448783
2.76114525823834,8.83674550190896
3.99709503808973,11.517766765513
3.36902425421362,10.1224433488997
0.479035082273185,7.60026062600044
4.41867875123535,10.7656577569334
2.18065782255473,12.2805872620559
4.17559244085975,9.96539655722679
0.790247551970615,9.50600318304305
2.11338495268467,6.49523662187011
1.4629759348785,6.2188841696584
2.60088875136318,8.70765620862616
0.516556179150939,7.95870607116611
0.961257820017636,12.2729285670449
0.452577484771609,11.7186218513951
3.11802699772601,11.6903902328833
0.568262489512563,7.2853116866602
5.47320818503327,5.89682080302708
0.241770219989121,9.93166440368845
0.0232719983905554,8.84437783619713
2.00194082028213,11.8159432332278
1.00137678161263,7.65232861687884
1.01044827140868,10.1454773003601
2.00344904317501,7.63760548037595
0.403434515930712,15.8589950586115
0.785117763094604,6.71963639821655
5.27736574758716,5.81590149422152
1.1886412287131,9.82837089412845
0.123334298841655,15.9328281010681
5.11212701697774,2.77396726633835
0.642179906368256,10.1145916957846
2.48730382501128,7.61825076358502
0.751084147021174,7.9333467154
2.09309208012166,11.6720184229268
2.04000096182969,7.9285152872635
0.000215885601272033,12.0975381196957
0.504286150448024,7.41680852831101
1.79287513150814,12.7349872505397
0.645907074304161,10.2578151158665
0.167308090254664,12.3577413484966
1.81419126494768,7.21652226597391
0.0237024072557688,8.47936646850233
0.213925936259329,12.0278570948072
0.489968925600458,10.8593081434972
1.2653857152909,6.5281718325872
1.28839981928468,7.59503701068518
0.26946375798434,7.85298879911128
1.17638044338673,12.8751868121596
0.0561737213283777,9.43401797748007
5.0404195745749,11.3139901697526
4.68047238080101,11.5413698030403
1.27915066760033,5.94177527412759
4.50015030403562,9.43911095291966
1.41125532405354,13.0870358102923
1.94732940002325,6.27543477701903
1.04820971190929,9.70066763226977
6.75528802567335,4.56267345709704
1.77684541597011,12.0779648959455
4.80025867677464,10.0184824383849
0.329043913632631,7.72526231116252
1.07846840222332,13.2427874046682
2.75349683119896,8.4701571075144
1.18522772751749,12.8179352064586
1.58319647974315,13.0425717909265
1.01723404683514,10.6585009237382
5.59348497582647,10.6998379723886
0.840561665594578,15.7195667249854
3.04769491387491,5.54110766078448
0.690826609738556,11.0981381956722
8.16405789139581,8.9490806332706
1.54802950183103,9.08601620532749
0.325664244356292,10.3414925411384
0.542596832849085,10.8848442843006
1.72676785840633,8.9599193865176
6.0325404849268,9.39841463258868
1.82612800030949,10.2378660947789
1.38650188015312,10.2411361561818
0.79699417296797,12.5907969061439
1.64477909534218,13.1789743018478
2.04386426686289,7.77364354384352
0.514915727078915,12.7396130279728
6.11765859987507,11.037621905072
1.46230397178772,8.41885472694339
0.270175084169602,12.6729401509826
2.15189399781898,9.21536081673054
1.65668800651076,10.2634464001975
1.67659230708125,13.2016570119256
3.78594974039083,8.29336058225099
0.9163763737306,7.54511187901087
0.420546907000244,11.8373696680794
0.441107589751482,11.6158136001722
1.11607331316918,9.40857818055085
0.940686486661434,11.2797250502364
1.29385038930923,7.70378820806798
1.23543438408524,8.24918150425752
0.53290359582752,16.1368210065469
1.13656484987587,8.46670032825756
2.91812758875971,9.65652098356931
1.00921974839097,10.8277501200972
0.201946071349084,11.2264024630269
1.69790641210022,8.09415068954673
11.0395108194728,8.9208174253509
9.01424614289656,5.47227051220364
2.99693504704123,4.62098085720938
1.53195293425562,13.2605215974101
1.94208583786132,6.92691362192045
2.05937578505359,6.34577425893252
1.33619517274201,11.2565563143775
2.49294475943387,6.54755793166292
0.255847641266882,9.73174301411095
3.11614418012981,9.06042437908086
2.94674339873676,12.492867534759
6.5149281468607,3.80772864973387
0.732475419359408,14.7278305464547
0.673764582723379,12.7731741961165
1.2923367805779,9.22456334467844
0.0706456676724586,17.2397622800571
0.32528955489397,13.069790382362
1.1488002901872,8.46989006999078
1.12301863078028,9.49575457238494
1.42047094731572,9.04986895203748
5.43463217814393,0.428303565785491
0.458519462723205,9.30195419774373
1.00375596620142,13.6491536658588
0.805178560316563,7.70547976204932
2.93303139425401,5.0393923632471
0.20364013463909,10.0507987661097
7.53105751755548,9.42298554834379
0.171393732540309,15.7914568897174
0.953735114075243,7.87207554149492
2.44337270959261,5.03749165324346
1.26883653737605,8.58602298828891
4.37846976865954,7.99226960771782
0.0531948229667991,8.62590743409985
4.27283107091613,3.58946862894094
3.81222120655661,11.4785800146535
0.167655028730175,18.0105629536222
0.172924858523134,9.29266808967767
2.87490208802705,5.67135680790211
2.08149713828209,12.9237117405062
7.63357554007848,4.19183176208688
6.76311922039757,2.05283911863164
0.468961486592889,14.8799975529553
0.576489102095366,8.85536805221426
1.35495660733432,11.7410591342106
0.440750244943357,7.85486610503828
3.04562223313336,9.14982013192011
0.689583218817881,9.33799670777837
0.632856977172196,15.275715504447
0.668045151978731,7.30865642233242
6.49760992791424,10.1336779072779
4.29969889272876,11.417804763961
0.106934816232813,12.6516219565246
1.70529480083826,11.3246582944355
6.79124425318012,9.81910210362397
0.463789794749099,10.7636350020395
0.582448203048139,11.5639431242604
1.79206068991663,9.97584411648511
0.952169972471893,11.0548214294887
2.33669800675454,5.48668861959967
0.351475300116547,13.2574888177913
1.52536885126899,7.59267216571365
4.71478261400886,5.56359140414455
5.59989368881951,5.22041718619577
1.70254811822417,13.33282688388
1.06610460206866,12.0931676691162
0.573230963446321,7.40817486662968
0.410508944652975,8.84967806097225
0.0521177612005663,9.91211117287811
0.465476547607958,10.5617423446289
0.701916310936213,14.6149843239926
2.92453124357348,10.1895593727258
0.755601489916444,7.54551018441867
2.1201468063524,9.79368536151072
1.40344347982647,7.8711799621098
0.571792389266193,12.2274650087756
3.36079826561694,6.69986637943661
0.755461876280606,13.6463907367573
1.977093160496,7.99710159212065
0.783336200946166,10.1729139269365
2.47505592546406,11.2515463879443
0.75286743276126,11.9775092183324
2.25088373079421,12.9142147325361
2.9106849362257,8.67117144600939
7.7401188719542,9.61842270430645
0.781575410367126,10.0975185696943
2.25534848860445,12.0046373018532
4.39132903118558,2.60292354241188
1.69634430169696,11.1403968738486
0.946189538575709,15.3813976585079
0.423624963499606,12.1008237210852
2.44066668683646,9.12716617928176
0.276870528236032,14.5250845437652
0.280411850661039,9.18278769516277
2.38407787113431,9.9470007243442
0.303238392532405,9.96064417258437
0.882708241635394,7.5484295717198
2.05237231022658,6.51507160172567
3.44004043646563,5.06140575972017
2.38327867343071,13.1541451299551
2.77641369758134,9.20048736654591
2.43096588916125,5.4635444502396
1.61724964707139,14.0017954490196
0.24456415977329,13.4325693742933
4.45035108449581,11.9393396152602
1.30683305300772,10.3272873247896
6.20687574114571,0.80380523468949
1.15140887070447,14.9641113675005
2.05833920828047,11.4316900021241
1.56779186522272,13.7785131216563
2.06714000667883,10.3832337680935
1.82947011842372,10.7868362031998
0.120832940047407,13.1641348215326
0.718900240957737,13.7109954342695
1.43722893673411,6.82533903793628
0.864078919403255,9.5789602139426
0.64353306312114,7.1635954203144
1.26641550710249,12.8644343399829
0.226700064726174,8.31995877726749
0.82916213478893,15.444374243465
2.55492951279743,8.61488164673488
8.91268078187361,7.78039659902804
0.418996340115728,11.476495873666
0.87580076046288,9.98404811322271
6.45800910856495,5.88704184127879
0.684479068033397,8.56658148885086
11.2314859351784,3.07408959426199
1.59749734020772,6.99733831034631
2.95906623808627,8.8310395751402
0.145772797986865,17.3962769459478
0.524382414582287,7.24352275170567
1.02914166171104,8.22147636715228
2.15908797076883,5.37082272512469
0.245648866519332,8.70938634708002
0.280115967616439,11.5751919911944
1.03021775372326,7.93054919678271
1.92988085457607,11.3508380777283
5.90751660361013,10.2813559979766
1.06989181693643,9.00820109430484
2.18584047435763,12.7252141743354
1.43894470847192,11.0693154839122
1.50202837205472,13.3038058761511
9.23839316466704,2.23774113393833
0.645457690581679,11.679570499742
1.10781402420253,14.203420755352
4.14538911713247,3.28511950026385
2.77385721318736,8.67200188302933
2.4525953926404,3.92456704425621
1.1838554115966,10.2375849654238
1.04107900429517,10.9254350637919
0.174693676643074,9.13574123284205
2.40187691791624,6.56724248579634
3.01811535639649,12.431951359164
0.113051225158471,12.8223705412279
0.348435136983948,9.92467011802369
3.04056441703574,4.53111881328968
2.03948275491903,8.67022554638164
0.885708261281252,12.640654596468
0.189128308556974,17.1544326321847
0.286153786991804,12.2271708823743
1.14089676551521,9.82520215437149
2.28013959708346,11.8797878615641
0.665340051647553,14.0961298366735
4.34694930330147,5.99189445181861
0.706144456751645,14.5978255996247
1.30823309067637,9.27663168683629
0.960209489800036,10.8594067366982
4.05739932117944,4.82383016327797
5.38139192362256,5.06628528427814
1.69214517801049,11.4740333411291
1.70669475341711,9.18112636385406
0.710564875043929,12.2490599873374
0.407417580485344,10.4752716057543
0.0283924750983715,9.53275170100725
0.193120973184705,7.98965513428879
4.20178327928166,11.6294023666215
1.60149997278097,6.65427256300591
0.564496662467718,8.88400296598727
0.138692108914256,17.1817564374128
0.115816850215197,8.64380180445015
3.92393139360433,10.9517030319286
1.66650848082247,13.4180188035657
1.41373279263713,12.1636148127605
2.70717799096348,9.58257364867111
1.66721807315406,9.57599778182457
2.74024573891404,5.19643400811125
0.67600464541465,10.2032309572059
1.52373123905602,11.3027639760409
2.61390362299028,7.85064943280797
1.69809937986053,13.0360281538024
4.74353532840438,7.40071021541975
1.00027390569448,9.14775874568246
0.967096026986837,7.05119952907342
0.142226608470082,8.60143528620636
0.271766951307654,15.5382872637818
1.54277749549733,11.3952259552592
1.3885241857821,8.73600403580327
0.550676012905003,12.0162390571291
0.645778032019734,10.1366911487509
2.69836033872309,11.7603169284785
1.42024539775195,9.69119582672927
0.775082102091895,12.3939015338231
0.0871221432462335,13.4687295705248
2.60000017090681,8.42800175828039
6.06470890309582,5.19500531917292
0.903910900952832,12.9237275219133
2.0571683346385,9.53200222296292
0.271087964065373,9.57041404151036
0.857681112094882,9.61334310815052
1.77755418597701,6.00023355124607
4.355699237184,10.9235989049337
0.657050286508455,15.3655028557694
3.50606219883265,6.65065084316932
1.64028122031222,11.3572369073386
0.87132070957014,10.1976266868054
1.33001204859465,6.07093218675674
1.93695780253949,11.6800908840662
1.28341889102012,10.3165656010122
1.33829899225384,7.94938649886369
3.70261481133487,5.73300438828052
0.730505889281631,7.15019667570463
0.534618099220097,11.7317486115357
0.773286116309464,6.9876951403504
1.81440014756265,13.1428205736785
1.10928117670119,9.3645420905813
0.304181253537536,17.2946039490246
6.67553083565006,11.3295082896164
0.253172452662406,7.86510921659343
0.223385848104954,12.2501570457932
3.4308539828389,6.13051214657999
4.60328496594853,8.98640943092883
1.46598591647091,9.98849117138208
0.442038413137197,8.9379897754096
0.273317170329392,11.8340621269869
4.42648235310741,10.4525988360769
4.86189120610185,10.2307548185386
5.99460296299229,7.22513555319834
0.506111288577018,11.6786056368126
1.68905056775268,5.75208049672746
1.81107284306529,9.22348730389144
6.08326920833359,6.02782739844059
5.33299859215446,4.94854827894782
2.76974487855079,6.49835157219059
0.349890037439764,10.4104722172864
0.591557581909001,12.7833116199399
2.60464624307098,11.4129498949921
0.915360593236983,10.2010266936501
1.85374573609772,10.4728566552266
1.84021130765708,11.0422553621673
2.45674635461512,4.55534666798287
2.51992466745278,6.59477779362275
1.37155924551189,9.89227407196697
0.703135499417989,9.62981628224118
0.658489636145532,14.5496151216541
0.688127334229648,11.3420472595912
0.228968364766008,15.6042264212118
1.28327309526503,9.01490861549934
4.9826540534658,10.1043365629764
3.47587702779059,12.0976842998761
2.02658741540256,7.00992011263453
0.57471833191812,12.9847597176418
2.04548895534735,10.6474266067588
1.47555457978489,9.27252325878941
0.297877239994705,8.33059006688903
2.9616818232603,6.68598240783619
0.514449144713581,14.0985621491103
0.867552444338799,11.605137549559
0.454407546669245,9.16172991551365
0.583406548947096,9.29805170803052
1.586428694343,8.65202181394551
0.3298113130593,13.841346597884
0.24041887671206,16.513530975679
11.9769046001865,9.82426513925978
2.17917318074944,13.0188419440759
0.924897377379239,8.69192321718607
1.56568030632081,7.43411846334411
1.23574412427843,14.1099100654674
0.29971105764407,13.114943401977
1.03702517226338,13.6823018855848
0.969156927434746,8.454479092245
0.25326763774593,9.41051216217689
3.17605743023059,10.8365074116995
1.85913647330346,9.57830167940145
0.548926933132715,7.68302624247709
9.00856975415602,6.87740907904518
0.199903801777102,11.5129559605965
0.429828513413668,14.145202065866
0.70967407617718,11.3787241503114
0.773436550050974,8.94206821267411
1.34542438294739,6.65649456238807
0.914003932848573,10.2684974840748
0.117728584446013,16.7036820940968
0.171084046363831,15.7818550082079
1.49532941720429,8.22484177751244
5.65858027305374,8.52654866842718
2.74734519599917,12.4160906925118
1.04580324795097,9.46452230910719
0.145352054387331,11.7691936523119
4.77391378928847,8.94570570134419
1.11154814343899,9.64966300467927
0.517635321485586,11.0066027051452
1.0200890399773,14.9366598285964
1.4026764060493,13.9943450092003
0.878843269310892,8.84156967632391
1.3993045190322,12.168232348783
3.21444027481561,9.06388607751146
0.648522535338998,14.3742067904544
0.152271087281406,14.3041960250174
1.74767476684394,5.14460655026938
0.00623242602446678,11.3156403726513
1.1758323861286,6.9328504248615
2.1184639867908,13.2461240744034
1.00473621673882,7.83015712100907
0.266767154447734,10.0767925543605
2.40684050313177,9.08056951411987
0.193955704147561,11.306349062192
4.86560513693245,5.24213491495927
3.7787791264864,11.6705905776266
0.381567891315187,11.447446702739
1.85975036427808,12.4493936134533
1.59788959333469,11.5144098768121
0.927907743491232,9.29058963166662
0.161021071993892,12.6430065856583
0.34809473156929,10.7535452111538
5.33208841271574,8.86017469144207
0.715047560632229,11.2264376180755
0.0129585694521666,13.192785661261
3.35090910254006,5.71191870958077
2.18104709065949,10.3488797329094
1.23262041062117,9.80363689863657
1.37483918480575,9.981532755901
3.14556064067369,7.34364110281265
3.58278710378294,9.45184607960481
4.90527903367538,9.38854930674931
1.22204590216279,10.2338757961253
2.65512238248231,11.0192855047856
0.25591311099242,16.8537156396665
0.555460224859416,7.41095557640878
3.98057917861228,5.07658089528069
1.12967846170068,14.5791538383568
3.73681057227736,4.48724664979503
2.3283453079963,7.19743283353645
1.02211885340512,13.9982183251187
4.40219771025568,10.7560536165735
13.8201322212704,6.41829172674433
1.00678283814341,12.4647859751105
2.31155313223072,11.2138644810686
2.94797712547665,9.00789238145741
1.38559275027364,13.7932604909343
2.57495507589521,12.3815724430371
1.84352450064364,5.99790762003865
1.52450806639137,9.98067686500754
3.82945396734362,6.37786075398847
0.317354708152842,11.3908918487002
6.64682212438355,11.6128816112089
4.79602902141733,8.33062089844875
3.31038023003808,8.26303063095863
1.4871122649962,6.42473667601832
2.2353605031127,9.61734165524409
2.29199155970457,9.01826029738581
3.29363446665888,8.49633975017287
0.198627991010448,15.4689506248771
1.45472762166503,10.8497585283652
2.21045616413808,4.98632906147859
1.61454460799631,7.56118219998646
0.184589696116745,10.1439820668883
14.6913709259572,10.3198588538567
0.440000664871746,11.7668596734614
2.6219103372747,7.08399812292918
0.931555613875389,9.99081816695129
1.46718568522116,10.1771661021963
5.45615997512765,7.90850643502119
0.321757411584258,12.8308040402797
4.92884398599095,11.4125842813335
0.999169073067605,13.8231372186641
0.836509853310052,14.9910020500014
5.44089365352817,11.0688861157767
1.5001087206507,8.4509216755079
0.832165668831975,10.7559946351103
2.56386497049573,6.60233430187621
0.77594255656004,11.5371158523987
3.959611729056,5.92512885340345
0.467192352749407,8.50852870638981
2.07360711871626,5.87390619554532
0.814809264615178,11.893753812539
0.40846599959746,8.78733857423622
1.19580835103989,6.64920484084169
0.443143552169204,10.2964438204005
1.35549743380398,5.68034121347108
0.00709835905581713,14.6626761091044
0.453094379045069,14.9484784197004
0.61244147800688,14.4657384756076
0.165722525678575,13.855104189514
1.2214031079784,13.207600303007
0.0279448805376887,9.20025268231702
2.59570025457981,12.75985052816
0.17158278496362,8.23114026566294
0.197095695113375,12.5128166943819
1.1327916495502,8.94303525744109
1.51503092973473,7.1121607403994
1.0255525354296,12.7432702721688
0.407843908295035,13.5493100057536
2.69029206215384,11.7324867817906
0.111217035301888,15.6078567170678
2.3011330941364,7.77220385595828
0.945439727045596,12.8266463088669
2.3998200687671,10.1324031281427
0.07208909190258,14.2266200831811
2.33079488008263,10.6613159135161
1.34466092661023,9.29609887989112
0.428803448747875,14.3988443633028
0.954729003831744,13.9208507055661
1.66638941979928,9.63562292354226
1.4367317817265,8.91060460136662
4.36552990517602,11.4468944172069
0.611150129698217,7.05828326550427
7.3437260794909,9.76170898777605
3.51149858145003,8.01288611051769
0.0474204830825329,19.2282779880801
0.329033518858373,8.71460854654723
5.81593062167284,5.60419525305555
3.82296163944488,7.68937448352681
0.510925962589681,11.8577700728461
0.166266756132245,8.13817177741864
1.17585486080498,11.149596366942
1.10570890735835,11.8857232998277
4.06868219731336,7.28258585138437
0.544578924775124,16.1473076688991
1.49885815565963,13.6488443974924
2.19793505026939,11.5421279239616
0.00460861173161414,12.3064301814746
2.40321045546773,10.8139710814551
0.0139787085354328,12.5306912622744
3.08150709776168,11.9153538525593
1.31636046711355,6.05934512532115
7.8096784460814,10.0661319309733
7.00040788533998,6.77971008260533
2.73088281220737,8.54628893194776
0.172594855539501,12.9363096350755
2.67256818144562,11.6556561422293
1.22009524703026,13.4817515622737
0.533789629116654,13.191216834623
2.48221451594474,11.668507850851
1.18464173749089,13.4833133292934
2.29180815807524,8.32326053389365
0.869820998981595,6.88363432927058
1.71427437151643,9.98557966595772
2.07735387227478,12.5443290421581
2.04855268998983,6.05865853502466
0.967400734312832,13.6677167185451
2.78443006036763,8.50787547096582
1.89592029518428,9.24309499854606
1.84504732108655,8.91870365664634
0.237298802380682,10.3490204020561
0.839187750592828,11.1906843062648
2.10485191262307,4.89384097086169
1.96097201845589,12.164203949171
3.38048966212158,5.68507146578926
0.877920250408351,15.6327025953482
6.66544245149861,-0.134680232330972
0.759773686528206,12.9312469441553
2.33426823831143,6.62694571672108
4.17134754707046,9.79341984307279
3.17410222192603,5.6773803721606
1.44497756092789,12.0769234447837
3.55668830175237,8.76807140646281
5.47333648403115,3.96103484418908
4.25114506830402,6.93381282299969
0.742628046311438,10.570737034962
4.21277539779372,10.4804089491068
2.01652795401593,8.7960384883756
1.03425187431276,15.01649415379
1.6740964128727,7.1763118733275
1.53923334193838,5.83777490495769
1.82614103696289,10.5650037597776
6.24671871926556,2.85260014100356
1.64589352711084,13.6843574703126
2.52729912280085,11.22290245605
0.142842389771178,11.94559900677
0.908439420163631,10.3090689769722
2.30412597573342,8.75518856899086
0.948697053519582,13.5658538952715
0.390543712303042,8.81856303248537
1.00166827067733,12.707723012227
1.57924772045555,13.0020956846993
1.3647770350799,6.98785740695905
0.666155019775033,15.6203681826526
2.01725035338643,11.5235191289512
4.03743489814882,3.43955743667984
1.76303714861396,6.73837498403182
0.204654082896997,9.86191550065345
0.175244380658919,11.7601758646943
2.4320709182972,9.0510917481637
1.69402438580039,5.44395296571742
0.403299680911005,7.66941776758965
2.7787452971745,12.3074387432579
3.60527641309385,7.39545129763868
0.237041236832738,12.7129379859645
5.70092147555123,4.65658515826909
2.65594941741767,12.4864607822107
8.61026821235075,9.03428564258057
0.080438590483627,14.1814347438454
2.95656955225353,11.7305836168041
0.0280756885185838,9.92916196232227
1.20817612297833,14.7623081210547
0.720184283331037,7.07795274548399
3.64391119761353,4.27604108491859
0.00049500381366735,12.0376053567576
5.5228250135941,7.24984504142364
1.04126313237584,12.9461009784285
3.20701311511879,9.53293376595602
2.05583583107864,6.70219356602261
0.718325906012934,9.21185685091559
2.28398377998712,7.40769912766706
0.310676586550017,11.1157475159854
2.29853042206707,4.25350878448667
0.210828085429966,16.9198998056012
2.73578771381619,7.55563870893226
0.622031300328672,8.62131703893381
1.96363677475462,10.622419401129
1.00589864701033,11.0774662246452
1.25217088218778,11.4250897463424
1.11553770303726,11.7864323166654
1.78655507399812,13.4761597114503
0.0965562943395696,11.672328157445
1.21881468873471,11.4127835742755
0.119815099053085,9.47031081943297
1.0905354644857,14.6816365833228
0.46869400800382,12.6301272359845
1.64822905129733,10.25920264401
0.805736387148499,6.71493462089745
0.242834996703573,10.0269516811063
1.02974624143907,14.8395440634826
1.18605441506952,7.76972735550305
8.25915772798372,10.3082045374263
0.727479444816709,8.52707271618753
7.72813007886823,8.67925035960894
2.3359571843634,12.2247715703381
1.6231574209137,9.00937254305775
4.62574478586145,10.9500755440377
2.3423942028636,6.81938191811613
1.78031589332802,6.99530736581612
3.16382586086063,5.52742813935085
0.207060770131648,17.875087160209
10.8455997438808,9.34788084461238
0.76964459686328,12.3650223723517
0.0767003009095788,9.34232448815761
4.96064992596335,11.4599584760482
4.0320109388042,7.95254893085529
1.05383796151727,9.6329933538873
2.19271885036471,10.5250984267629
2.14640011081087,12.2518583675821
0.26583887077868,11.2758014201824
2.46253265059533,8.42462087325731
0.412224879488349,7.81156296077879
3.77325736341958,11.5256355121097
4.66965791943009,1.7516482211134
0.734810799360275,13.7294475129337
1.82901264777491,11.6915466928641
0.903771746903658,12.2802334405901
0.459151112304728,14.7986558803414
1.32291348744184,14.5085293114442
0.181826813146472,8.31710584666335
6.98445349491742,8.3921341207322
3.36239890737419,9.19226538298628
1.5294941790313,13.2363757082682
0.0222801361232996,9.45706424548352
2.3383576645607,12.8193724033442
1.65836119270864,5.84285700254551
7.47562612178636,6.36590300440566
1.05726782698184,7.75784128159185
3.23247988505249,11.6860279269128
0.153461158275604,8.70678614349054
12.521984066058,4.83044304261006
0.210805980488658,17.6454858531739
2.81766670570937,7.81668574678874
2.56168654738905,12.3777002953294
1.56319726243313,12.081829866042
0.604624639412526,9.00524683107614
0.631391767412424,8.86587300514248
0.895977834239602,11.2701346087441
0.920198778621852,9.61059404759873
0.683356780533231,7.36008041822102
1.8902843183929,5.65209354590537
0.223802532069385,14.078113714108
0.745921635068953,8.42002298704848
2.76986005893889,12.72449910993
0.941975047216144,13.3980036401454
1.22875101305544,8.31662865006752
3.21049306897407,4.14686719345878
1.16384887117231,7.56849798496213
1.53871912706945,5.40963082660916
0.221815518456694,12.1035299188019
2.21238466157558,11.6431043234117
1.68110349020901,11.9897037808314
3.00345020531143,11.8624074555048
5.15484028656907,11.792505021185
3.88059784082656,9.20780079752199
4.86832623531051,5.91107690182349
1.17010072246194,7.45613034827897
0.040868847630918,15.7777914928112
2.61182041644099,12.7108048386441
0.933561588637531,8.0469449778501
1.37742610175176,6.64978635666129
0.248859364343121,14.7710969962553
0.183058812282979,8.08617738421718
0.523745574988425,8.42364632626339
5.24937893797584,9.01791157132281
1.30198844894767,11.6644026861498
0.740978921763599,8.5343492148017
3.15825711918955,11.0656427160477
1.2101840255782,9.40202856202226
1.39017306259813,8.80674888529689
0.248400866985321,13.0626170607533
0.402401779645501,13.0537780967063
0.854503428563476,13.2492197449864
0.646881883898126,13.7194255527478
0.915440159214205,14.4041189940241
8.20801166775537,9.11458093928634
0.130769951744332,8.43423056074529
2.44880175454878,4.14385123998839
0.121563436235847,11.9739092476757
0.441072180867195,10.3152527161152
3.11097009838153,11.1409265834932
0.0212527321991605,8.53380652750497
0.402889541350305,13.1719804801411
0.623836102982623,9.9075279183522
0.539220899343491,13.3123061432021
2.68504186152461,6.22104433974443
0.89294754434377,15.4517783404477
1.5179583839232,11.5953050051875
0.283687450485113,12.0722632830134
0.147247338667512,8.51779753148822
1.68561564191225,8.79919907743266
2.29725235445842,6.86368425614144
0.355307345278561,10.5587786826493
2.45386797181311,9.0151804636004
0.502540655434132,12.1753357313198
3.48261437548285,9.7123010373287
0.153695077635348,11.0223842958411
2.53886291340191,6.33679625338722
1.56763718827608,6.4463014179139
1.86525542274124,6.23964290274859
1.46119584507289,12.4444560106149
12.37047883801,3.53720875129643
0.577762679636162,7.87210534967068
0.238665606393384,8.44917611690656
1.16204106528312,10.629617919675
0.736849553883076,13.0881975860155
0.505494445183891,10.3605996544213
1.56430101013722,7.24923140571068
0.356286550248873,13.8159474143232
0.257925764657557,17.3636415937771
0.923217934556305,12.4796359975091
1.83049802287462,9.72149358078244
0.429834510689835,16.5758660621286
2.28145584018347,10.1494174955157
0.928827399387956,9.11144160763604
0.520732004195452,12.4472219282594
1.67274062140825,8.33320054622885
0.518938345788948,9.81942380484827
1.72017028919401,11.8235983199366
2.52553214683178,12.7017642570766
2.01436565808001,10.5268045081435
3.62379452639764,6.1389629096835
1.08311991021037,14.4086144477267
0.701233199797571,13.743523325825
0.512313397601247,11.9369846198145
3.55986791553984,4.00668363517468
3.96694580821281,5.81478599147447
0.173093256540596,14.2812926187774
4.04729291407352,4.31893017793812
1.94314735721306,11.9952368616338
0.708223801106215,10.9524781273844
1.7288200649524,7.23365193544475
2.88089269226406,12.5043665403432
1.14174312260002,7.62785239830564
1.26377442851663,7.26975614163391
2.95868297072314,4.46609949243132
3.57414651695227,11.5355255099478
3.29249222835948,11.5334518654837
2.46684385268929,11.3246373668817
0.309340303763747,9.97795872580143
2.25649024165216,10.4322594509454
4.56214025218911,7.41477168344278
0.414933057501912,10.0326786001208
0.227145299562573,9.56623199289388
1.30384101718664,11.8866476168233
10.3620382280727,7.52790573147771
0.940315925237943,13.4673391902517
2.19570899134091,6.39531814746249
1.01714706141502,9.73131756898059
2.99110130948906,4.96437578279011
2.11736356086078,9.19313044406653
2.67293779729846,11.814372658957
2.55775402477922,5.57899513424985
2.0240383221859,9.99921281199546
0.834133785103927,8.58896851447403
0.81138162615203,15.1332712340376
0.898506620898843,14.3178668954715
0.134872839786112,12.1499621419505
0.129691954585399,13.4300378698127
1.08971715345979,15.0725614896098
1.63755905099694,12.8382410946664
0.102936907671392,10.4895940408461
0.307137547060847,10.9935389942778
3.87400034053211,4.27257598976381
1.45694527207854,11.6549388952101
0.156517349183559,16.5467358921083
0.0246084480258861,12.8653357554106
0.881329882069181,13.6162244095757
1.81043934254887,10.1883512861073
4.43083651711173,8.08456616882971
1.93452172904255,10.4494861842031
0.215336558409035,8.58907664841775
0.238379911519587,13.3668230582179
2.36700275718215,4.62923023750253
0.114306963714676,8.60467690079879
8.25921092512918,11.3531858333839
2.01582061024931,7.92391139385736
1.54457828021588,13.0553920339175
2.03023705064299,7.29557277471626
0.458481130343241,11.0376460276871
0.0329192616045475,13.7303546113755
0.603443337604403,11.1131230273862
2.95262548379111,8.37478450023431
3.34698023980433,3.10592398614887
4.4361390804214,11.2402003680074
5.88521139290104,3.09724116659482
2.81499245746021,6.48294910857259
2.48378828162498,10.5372533584273
1.07633026689291,11.4255603340248
7.04058111789537,9.25628438086603
1.44250793582861,12.7083274622478
1.73802899289143,12.0404993761829
1.83043205681417,11.4903547160225
0.734179404564202,9.44503123864378
0.365646883845329,10.0362396504406
2.57881822614911,8.40511634778699
0.406037485226989,10.6941319297537
2.82963180209808,11.5940845414209
7.66001294138742,9.5115232810496
1.34248474892229,9.03363896500176
1.75292358539047,8.79964453677628
0.407938555814326,9.10140236225752
1.29446012247354,10.341512325271
0.583877649158239,10.5058448254896
1.36779089272022,8.5978604543306
0.215971109333969,16.6527132333728
2.40433198950234,11.9622162044829
0.376083109377024,10.421884640004
0.374780117996386,13.8188744449273
0.666768973693252,13.2392781756833
2.03531047693434,12.8076186550806
0.688941029831767,15.2684857301388
3.89294822497253,11.3711997195076
1.93592329550026,11.500271850074
0.547622331418097,11.7754872753152
2.29279492787066,5.62374713086479
1.60052983826938,12.7631878760833
3.10075760988479,11.3437174216913
0.167725942342022,14.1151642025061
2.08791459529641,5.99165933246727
1.2956415778026,8.37596709600744
0.662402542215352,10.8876418338856
0.941434471867979,9.48481041246304
0.0653960239142179,11.7143244607911
1.73733754633906,6.34317020479715
1.72124805429589,9.0800466069337
1.2431930936873,7.48371829528006
0.500211055390537,8.27827068568427
0.0775948885448711,19.7785608482189
0.790983824059367,8.58877201470726
0.260875228864023,13.0636050038489
0.1762545921876,11.7095202498148
0.163167633116245,8.97749773694269
2.53398182979765,11.2392703746117
0.123430430359633,14.6485992834105
1.93542037990402,10.407918796513
8.16561953308893,8.54658194356115
2.10494467571706,10.9430384295175
1.18764577526599,12.1352276953186
0.581156016453787,9.66093214044143
0.659944051876664,9.04541328374805
2.02673596944199,12.6444403687241
2.7710782791579,10.5894847065382
1.28730584029108,8.46730957174635
2.78593732705059,5.82478223818126
0.0448555517941713,9.6321984092858
1.56184869623723,10.1739292425517
1.85690589799526,6.21077113497706
3.25389668701177,7.15369831739298
3.19102974219208,10.6369731163181
1.88377921833637,5.32226777464721
3.18097323907499,5.78070524130993
0.488839538973595,13.7069625275563
0.825816877186298,8.72032517065163
1.62034950769486,10.5897973002192
1.20162662717438,12.0024671314001
1.83427560026895,10.1717768519999
1.62718119756411,8.91565743939057
0.685019989770842,7.92322603201056
0.682254645973444,10.4133721648018
1.9139236806983,13.2081343239144
1.15547898598015,10.6081185489036
0.0407696082642517,15.9361506289273
2.4816782157028,9.12980589538961
0.2498030467922,14.1591181994848
0.195420915260911,10.3540936325037
2.42126219711247,12.220397409553
0.52435299715967,11.943288837131
1.80509230437924,10.7589376787356
0.700288744057926,9.40177676758306
1.6310803554112,7.35222294381957
3.33377670510558,12.1130668029957
0.997283233329654,13.6804929229097
1.82732919595184,7.0486112222214
0.567602339865607,12.8739570413815
0.823010594584048,12.4804153206963
0.207667646929622,13.1741688570307
1.89476755998077,9.03149956529166
2.91981345844549,8.91075317988289
0.565117622472744,13.1547364747838
0.977125303819776,12.9261237238327
Rho_s: -0.477199112299778
Rho_p: -0.444203255191554
IC Time: 0
