Rho:0.5
N:2000
3.33795978112106,8.89005276173392
1.19554533157498,13.5896843160609
1.95465498072566,11.7911567736304
1.99684371528107,12.1779471928125
2.71673365301433,10.7949480053123
3.83280153555756,10.8799396232248
1.57823709576371,14.4901569700683
0.427542936988175,6.07757057320579
0.186903322115541,2.29534527961115
0.574727284488717,10.3548143103657
3.57020784425349,10.0262596240937
0.510042044334114,6.90404319817291
1.12534413207322,10.9159994607021
3.59591853601818,14.5927118407821
0.516714873723686,11.0576749373716
2.76252615443411,10.0534566165615
6.96350031109504,10.4964624624842
1.37402209732682,13.7657721667946
2.68955446398797,15.2915054997421
6.51750136878262,8.6644329227563
0.314694217406213,3.58959219211762
4.71876654376216,13.7543661446555
0.854102823883295,8.98764744161515
1.38807169827292,9.15254844276093
3.94689152000432,9.93590329320046
0.0518480091805069,9.12182183298668
1.7592918331826,13.8437635256861
0.323516474105418,10.5381786428471
0.486478197388351,6.49612326802616
0.700908127987957,9.36681404198918
2.96675753204112,15.6798610160636
3.57237106544857,10.2329767106043
2.11827784622553,8.28802983607722
6.80044341053734,14.6129673815123
0.819297468289733,9.11333723699081
1.53295226806972,14.2874517585604
0.420718952082098,10.9155673822374
4.16866253663726,7.65934395138705
2.91255160886876,16.5609264653943
3.35461729375606,16.1833451059042
0.801953507587314,11.6845307077555
4.57735879609895,16.6710781582891
1.57259440786185,10.0253057899691
0.634142671711743,4.67212887149427
0.222712779417634,11.601938400308
0.282472956925631,4.94549531090359
7.84921399834466,15.1392503292213
1.96762243649902,12.7883008720134
0.662329017184675,5.17784766925321
3.06380924193149,8.09908751462464
1.95032046229493,7.5246675971683
0.712984750047326,9.70472916766657
2.11170695341172,11.9707831455245
2.61000035135987,15.5339510822435
0.240785417146981,8.99892690021874
2.3386890850121,13.1543711233102
9.29281661609068,14.1712218749911
0.167747733183205,9.62031074529683
3.57088712213521,12.925302402927
0.1097403278112,3.10062044492923
8.85573283532515,15.9833458762961
1.99324261057315,7.78994520047244
3.51894725469832,10.8105358187164
0.157657510600984,9.72418727260026
1.06955436710268,13.412248040637
0.936684637330472,12.6458943533989
0.643148160539567,8.14995652551171
5.07884572135733,10.7672064971001
0.959810672327876,9.18485704213901
7.45192090752435,14.3461806353225
2.22873492079168,13.4413323334933
1.93147528721931,11.6807179458104
1.7231342426908,6.6291502710399
0.438383530825377,5.22269490083568
4.51039588956035,14.7348585106558
2.39115831525361,9.49966305483801
2.25779518542841,10.2182810592408
0.993404518812895,5.85232955045246
0.899592404269125,12.6276764164945
0.0226293094456196,7.89831530101897
0.584618326701919,11.3946836388243
3.40524516610389,8.01676655030722
1.22709251474589,6.3098740473743
1.46203099620155,12.0577819983986
2.4501903130764,14.5845369214265
0.35255988035351,10.4386604761289
3.41576616449242,12.0558951257744
1.47288677042731,7.99517670171064
0.00495560078601935,5.18506517349534
0.146178781054914,3.61595494507056
1.24599697440863,7.2830152217403
0.107730742140077,10.6054248698617
0.19538823127866,8.39572856680855
0.193200485780835,6.23057855935653
0.607055283151567,7.88120150900967
0.115225630703061,4.69183995835142
2.11137236125593,9.15127500473897
0.27778441645205,9.59950926521988
0.586962659661071,10.0165109475002
0.100621526129544,10.6574372546978
0.353029670193791,6.10922882358594
0.800605930387974,13.2944936176925
6.39785040881405,9.4921358058402
0.19370231218636,2.92589547520972
1.00822209473699,5.46196353696417
0.519391142347091,9.60524407897966
1.93987903363051,13.0863054122678
3.74350781721954,16.9723549949147
2.1554938777441,11.6226151481462
3.72446374950891,11.9713204182923
1.24170183669776,7.74977976448783
6.87451396913021,11.3572279419616
2.37216172917726,8.6688370323887
4.40803935128737,14.7687048572584
0.507026729173958,4.69154689801542
5.58940868484838,10.2959717741131
1.87170226801465,10.9621979115237
0.863195114769042,5.8670679960379
0.704027636907995,7.47827856157328
0.127199482172728,9.967232259951
1.37804181501269,9.83966511728148
0.668584959581494,11.6240808719678
0.482857940858061,8.02395764626419
1.75750920756621,10.7244679650851
1.04332424327731,9.08221737853247
4.05748597888236,10.7526924335618
1.89957234068754,6.71267080835684
0.620833326131105,6.61310998436303
0.789774593897164,6.78036133380418
1.2665807294724,11.6726335485298
0.61397793982178,10.8734594550076
3.8300385212708,11.3095310554911
0.139818523079157,3.48482205920544
0.235378716490449,7.83771011205627
5.69199840348167,13.4735844581956
2.84111680446153,7.51949544176168
5.9013259556509,16.9474241230157
1.08766614366323,11.5031099345895
0.270551780172936,9.80830737136661
1.06335229426622,5.76062372039865
1.11359778698534,10.4500712486759
1.23783324006945,8.23580697150852
2.78512192089637,10.1840672085481
0.226471687667072,8.48077450511925
0.538648251444101,12.7922073279708
2.9410501130581,9.25196687553036
1.42913561864736,11.1954428321615
0.516134653029702,6.75793793010527
3.18226846290712,10.3342016674189
0.712614432908595,11.6564266734966
0.573753695003688,8.18680087738842
0.239075412973762,3.60172730043673
1.33473679516464,11.3088426988821
3.7587409725595,8.78523422402908
3.28740277539561,10.2807915487266
0.895725172013044,6.04328583967292
3.94118517620449,10.9446495922642
2.68605726762655,14.0135623109613
2.25566163085221,15.0512451907619
0.632963284850121,12.8233706205376
0.406990019604564,3.90750333214416
5.04891810168452,17.6711410266001
0.870924915187061,7.66370844730264
2.40417195661905,12.4613018683997
4.68907243360705,9.87644003715359
0.101590607315302,5.98875049119973
0.262095882447427,5.54722556476571
1.18036268317368,9.51282512230591
1.63536927840653,6.21262458995702
1.12522815354168,10.6030976185999
1.26485805213451,11.5128997990185
0.657484738976411,10.3577516001807
1.26523074574418,13.1493558096446
0.922172330319881,9.42874655132128
0.950228770263493,9.14439550144981
2.19354376155329,8.86844970708066
0.353415592573583,7.53310539554479
3.09288112802391,12.4556705744015
1.68904417372289,9.75666305968327
0.927890842549065,12.5226992191659
2.91222518973893,15.7343243537491
2.12385265341709,6.78211195168128
2.92066299223132,9.07002250847051
0.950441527180374,6.52869757860069
0.803705655038357,9.49703302658649
1.50618547192755,11.6209780534261
3.9097834600318,13.8705899931895
7.88574538710427,10.9177360210862
0.375502389855683,9.3462986061326
2.38236743948402,7.24595496459942
0.89012286812067,12.2732741413166
0.401284202933311,5.16664532706307
0.601857122033834,7.77577840432236
5.6014907530949,11.1355171945987
4.05952258763795,13.024774690834
0.582466489362172,6.39931080728695
5.66401261972778,11.1404026214343
3.32290491106942,14.4014681572513
2.03589403948421,11.3696250265535
1.27091341093183,9.11714870808845
0.468867246992886,8.0404774366096
0.492465253919363,9.66498763182003
0.706002472899854,11.7784390679002
0.972273432649672,12.4789925911877
3.72258355566638,10.081528502127
0.124940576031804,10.6809654912391
0.170401387533096,10.7867986872341
0.0831060539931059,9.72029892099742
4.29934633125491,14.5305612827909
2.56679504356327,12.8900597655178
2.31528572481299,6.6590801117714
0.47996910661459,11.210308098005
1.85512089470943,8.25448523280664
2.09834142207148,13.1254982889372
0.130457513034344,10.56580921595
5.95304021205673,8.95654066700516
3.21251255257015,11.9864715882544
1.08075551036745,9.22917833003267
4.93359556944785,14.3544893271608
4.21568100156813,12.0308924654323
1.55845639846268,9.57917810115521
0.129136667003849,10.0827218074336
0.134115596301854,4.10925771894376
5.30594823856778,9.87262434572917
0.878359618596733,12.0664610802891
3.26435246018174,7.47834165821433
2.36538632764461,12.8173021096748
2.20144078499618,12.2911984476941
2.6795521955097,8.97060777413224
0.769392044061803,4.6275501379135
3.37030203251128,13.9785056748594
1.0334524223581,7.58962368876942
1.05368890799582,8.95395656219135
3.28133892792232,15.6036671260359
2.10018604449048,7.95257973311139
2.30341570257189,9.27161023361383
1.06452360283583,5.79931377398393
0.400020083412528,10.3805959330945
0.656630608274484,12.6981162548311
0.689983903430402,11.6818034333986
5.59490693895905,12.8761984815249
1.17412962857634,8.62558793728425
0.0424956008791924,4.57885862367058
3.71975471062546,13.8612730423387
0.488819754682481,10.9349419437101
1.64054246610942,6.41152861101998
2.82870884967928,14.4601293608506
0.0344886489795877,9.21642402035953
0.388423016294837,7.30840674054019
4.27324798203178,16.5032241890435
1.49291511199107,8.92256069718747
0.0186829743906856,8.65572606486194
1.19008212443441,12.7977502811045
6.09535695784634,8.89720092589443
0.994033890776336,8.57634681947239
1.79990539691391,11.9326586432
1.57228037969709,11.956577388762
4.87511006344981,17.2343358347324
0.569909975863993,6.7285941750168
0.300163568928838,3.91360277393466
2.18430309361758,14.1731277427995
1.18095153849572,9.05025373497921
0.611053230003544,11.8286579617322
3.00277449285926,8.47875817541883
2.95822425711221,11.0608381463818
0.0841345675289631,10.571940222025
3.72369067354088,14.4744334458995
1.82329640715363,7.09089626464317
3.02170778049116,14.7454047474799
1.23443680349737,13.3483986934955
3.24991200742816,9.45748888257857
0.0523374574258924,10.0263725730348
2.2400049361603,13.2808798012162
1.28808068856597,11.1569208631505
0.801490101394975,10.5885832372875
1.89376264243367,12.9384695737581
1.5895425415689,10.1112391484369
3.22879658995156,8.29291228631891
0.477365024387836,3.97579311392664
3.0224292835403,10.6966607249864
0.070420821197331,9.92277246287695
1.45806121281925,7.28168660833405
1.5075699152432,13.5168224897223
1.12284792587161,6.24259669620732
0.259046033024788,11.5186953143555
5.72615310516129,9.70542413953504
0.689279859151588,11.9143125783554
3.85868064669852,16.4916570125039
1.26558251213282,11.8542994202953
0.493074617348611,10.6444566734508
1.32843787316233,8.62101431577702
0.906798182986677,10.9947475968607
1.08101592492312,8.392860410631
0.443178212270141,7.26078348953465
1.17422540485859,13.048433284263
1.43169944605891,6.22034136906707
1.1901565156877,7.72651996088318
1.45107730721107,7.20530614357964
1.47009452610257,7.76648853320735
0.99302511382848,12.0640665920767
0.945313914677243,11.5931133336057
3.02762100930172,10.5868126248358
1.55385023757824,13.1588237063063
1.30643557570875,11.4814709467872
3.96586447564845,9.89223624161943
0.253334769047797,8.5108045497923
1.01191486329605,10.5768305114172
3.60392640886788,9.30898791648081
1.42665963217145,10.1292115958566
0.181686458177865,10.3102517826763
0.270565120977321,5.91550423413764
2.04748229526781,8.80523601976447
0.322899298416012,8.56301795331022
1.1271285591647,9.68793424173077
0.501468082485752,9.47500341635593
2.82378623245244,9.38570894413751
0.116510472947685,8.98904201162754
5.34288628001638,18.6034281499866
1.08586532343179,11.038978015938
1.68201370529668,14.709123968156
0.565321265984867,6.1576726086666
0.572182403877378,10.8602234625299
0.415051220916212,7.37512452317206
0.0115773541657701,9.95533479803843
0.0472289556637406,7.48225614084531
0.845182566903532,12.7541785312666
0.514235288836062,9.93379543237248
0.763229766860604,12.0749590352326
6.84157989885578,12.9552084688068
0.161304384469986,10.075997645644
4.98957019812344,16.5731326400474
3.43176449818497,15.3748695877684
1.31295384746045,6.70294234060698
0.0525156671849737,8.66905161349839
0.038297131023906,10.4099799667751
0.914788243360817,11.7620663964048
0.571019865572453,9.40994340353729
5.01874023278184,11.7876563390245
1.52435799806996,7.55774277444074
2.14140646151247,15.3678033386467
2.65734932563248,9.66251578393064
1.9758799877948,7.92167636578799
0.196092148822538,7.41613340788458
0.392333155497909,11.8558846690143
0.183434375561774,1.86184367695406
0.307418212294579,6.48286643660366
0.0863010594621301,7.33785378293966
4.56380403389163,17.8558113420128
1.07943375315517,12.2615761180934
1.22914790920913,10.5911458840526
1.12704827263951,12.4346414182539
0.906461062912021,6.14171376930384
2.24607712022009,8.43443668212768
2.0700199510062,12.3016375624458
0.277105555873209,9.06609031414834
1.55666127606275,11.114854308162
0.293050720767887,3.03367644539434
1.00412764027715,6.61325544067645
5.09219161768384,10.6363474898689
0.543913342989981,4.15813346867583
2.1406481861228,10.6093391464973
0.74081567209214,10.6736860215235
0.788495743647218,10.1632121971042
0.979038593359292,6.88999753361525
1.15780796483159,6.06477050599309
2.11479066189075,14.920046679362
0.109125073746457,11.2913084596783
0.845821021124721,12.5401616493209
0.270259861834347,2.95723858931552
2.45996128200533,11.7191479004231
3.33390906436329,10.2187539965082
2.53229668968407,10.3954639766827
0.178819598630071,7.96110580984338
3.14060117398717,7.17033288854978
0.00193477142602205,7.46142239134514
1.50950238472762,7.64930824692131
0.0318177884392801,3.69394915225514
0.445194379262394,9.62561797825686
2.36503408282044,12.1202602625746
0.483811810308185,10.6993213024152
0.0226408736780286,-0.360471790568033
5.17046730567641,10.5469747207774
0.0564264943823218,7.2582679294892
1.27466921322048,14.0754875445897
0.380620509386063,8.54968066888609
0.213637495413423,9.48527613401721
0.321285747621123,10.5697907605457
3.37268838642125,14.1144995904945
5.90620791878472,19.0036855801901
1.55814525229012,12.2249106057179
1.50678522566813,6.95151225946486
1.95412031213,7.92571046708577
1.88686622670832,8.92062297035269
1.6604216104954,14.2618392147272
2.51528443760219,6.84579871145619
5.37093560744948,8.03481877959037
1.04292897041887,6.96353281638858
3.65590903379603,15.2265314233326
2.76387190065327,8.40923243687112
1.01412099599838,7.73618854683738
0.763875937089324,12.4435682142832
0.497855867326648,5.2897987376049
1.36857001576573,14.0418091721354
1.55269296831431,14.7504435120676
2.09847791122703,7.93431865225211
0.51790794262425,5.33075417897841
0.290926650195729,6.46850721176147
1.10807689558715,11.0012864028443
1.4432785357687,12.2093888101887
1.70830511813148,10.4932023500811
2.02102812557461,11.9341339519353
0.38201418757188,5.1306144269421
1.35396854765713,10.5196891357
0.270126549527049,6.91409304672066
1.4492203182632,8.76196216943723
0.416746546696482,9.39564773570086
0.00377492513507605,1.37291357100607
1.62405648790679,12.9813086038484
1.55229728660526,8.0175012034513
0.544649240938254,8.02431756819576
0.492039115168154,4.93912603286562
0.296696143336183,11.2503403263722
7.84432895067048,14.58116898486
1.40518519273939,14.4631059078203
0.306399881839752,8.93726487756166
4.63489561805591,15.497015470522
1.44926282547834,13.6395322373441
4.68209629853196,12.3109219409186
6.30382029678593,8.46698470742807
0.192810509771382,5.25764275203168
1.09009929187596,13.8947997361147
3.11273150874262,11.4866220846097
2.21600907900896,13.3592906740938
0.107641843037522,10.291307480459
0.645803987979889,4.79684370653601
2.21738394713941,12.9297205311663
7.9263646114142,21.0666387921701
7.46016601803613,10.8753278096182
1.99014224662426,15.108930704023
0.679243495064321,7.74679425566532
0.176231684104043,10.0213343099989
1.03264518545006,13.2701356122492
4.78701965858169,14.1523399715834
3.37722025794869,14.9019193331523
1.64229075043442,12.6306754094235
2.67472303836587,11.6755866791933
0.135946982705748,11.2595348979001
1.82285300447586,9.91353553448712
1.42319072588327,8.6137628027004
2.19324436216595,8.96899153071981
0.454933421686292,6.01211458548858
0.801046831446757,5.00382767943717
4.99562039573617,9.62581638390379
2.71728146999123,14.0432588188029
1.59173848514854,7.33926671310256
2.02501159978827,11.4295957044005
1.05718715582043,11.1343083557936
4.8703549315495,12.6083936514888
2.18987542941215,12.0744867170588
3.84899014217739,9.49927411282451
1.76805172497372,11.8409494090678
2.94885258217432,8.14418003418342
5.74147954549561,10.7473101154074
0.16246359601344,12.0612518948
7.65641934755159,13.0471275732133
2.88682166695504,10.3181599046009
0.221977853216231,4.05164995107721
1.36007074359804,7.75232387624252
0.370650203898549,11.3738662367292
3.71551059169655,13.046481325011
1.72159273355248,7.90063578278426
2.45495672888103,8.26632232331008
2.27539485601889,13.9324315521415
0.0700282726623102,11.8041159794557
1.13622724730521,13.0508726004979
0.466544667304011,11.8502276537498
5.82013474771673,12.281809617613
1.10537338629365,6.7019444086385
0.971565973944962,12.9770367599169
1.3452348317951,5.86155839208256
0.46902887430042,7.73320858581497
1.20058225654066,6.87007607826514
3.57025644911413,9.6340446630211
1.92354930403816,14.8652202287257
1.73866597554627,7.92447715345924
1.53966993830147,11.065282391394
1.61048866326193,7.76140133019873
2.86291255412583,14.8123714900682
1.33985207788646,10.9041623474453
0.656661476008594,7.03481114374583
2.4008759408349,9.03847554199335
0.88241817895323,10.7754321143331
1.56959098196569,13.4385277773071
0.869628870859742,7.89217565886643
3.60593812895899,7.52273148583266
2.79465015960817,10.9909793991075
3.82460442913656,11.0280182327765
2.49843785145501,6.9327666637307
0.809526844881475,11.1595557923478
1.61081596828046,10.9236659073971
0.159518399275839,1.61588192083588
0.214523213423214,12.1617219575476
3.85674283314308,8.64327615207057
0.786324664019048,8.06004367127969
0.847745151259005,10.8703447848991
2.34949282736787,8.33844740152934
0.786740577205181,13.1790867512166
0.526758780384019,10.4869211282061
2.82447061298375,8.92373873283447
0.195548833170134,7.48035736219501
6.67870473828087,13.9275473968178
0.333529999479651,7.49993376425757
0.583323810249567,12.3003814247403
2.09258461735191,8.31330498818168
4.33936039970276,8.59089512087845
0.344388782978058,7.39481438418471
0.216989802196622,9.22417873042052
0.836091385222971,13.345946789255
0.729258086532354,4.76644139704818
0.808833113556781,8.09909275610541
5.335351627068,11.1627897416087
3.82306272519713,15.8719741201033
0.61842207778921,11.886729609507
1.01583737134933,10.6272004910609
1.90179068319164,12.5113105305268
2.84517586959486,7.27730650380154
7.17611078503442,12.1532115158663
0.53868533950299,9.55916427585857
0.509513640776277,6.84349046156465
1.41276255986633,10.9512854113326
2.18292750660338,15.0732445203046
1.76031080682751,14.1486925251777
3.9406807271946,13.5836566637794
0.0903039787934978,4.3299997892724
1.10032319650054,10.1288744200952
1.22192812245339,12.6761437198042
12.7042905563073,13.4605874386446
0.559559906048442,8.56842634330065
1.56975444770398,12.0970911495356
0.585568885481604,3.98604457272405
0.890142308548093,11.544186497911
1.35951343551278,13.9507886306865
3.33112845925574,15.2301912236414
0.373070779256523,6.61992425538872
0.736394471405497,9.63213494519528
1.01411884732639,8.04008179775879
0.231745869434581,8.62764487618978
0.472629590808075,12.5046700721996
0.983868651092052,6.71026594065724
1.96190099124421,7.45499733900007
0.266668317839503,9.51396795207749
1.04929940286532,8.63441628816276
4.3713265021605,10.5695030593186
1.80068444864315,12.7812867270189
0.563327071256936,10.4171869430214
3.53528927622323,9.64830081084415
2.35407849765363,10.3756389276951
4.86828707435568,13.3164782638984
0.380141282454133,5.36519413698704
7.37069670441461,11.0487486234924
1.04145989277914,6.95315090105003
1.56557834885063,7.86659501130307
0.0245644552633166,10.1788783949887
0.0209651226177812,8.00668070998545
0.10027242297744,4.46651249668072
0.7845559110865,10.8690901677592
1.54173653382124,13.2903537858121
3.6545216849256,13.5201422544197
0.520857281982899,8.41538396473518
0.701745938701709,11.7705561917315
3.78245063854342,10.5958158953302
1.43242234542015,9.5702599919369
0.789931250768664,12.9874801670272
1.55933753765168,10.1454078461699
2.37199984109941,8.89876743321559
0.615554705262184,6.77447096479919
0.171306109165499,11.8154078444107
0.295294756069779,5.85661696377701
0.658732074312866,9.32132537080762
1.40275844550672,6.83257421883446
0.689167954958975,10.1574970891373
4.36223341959,10.2577849254003
2.27075519718979,12.3034040009794
0.154465143082886,9.11696131033555
0.658937545493245,11.848225013361
0.425717832520604,8.25701479187216
0.167754133231767,6.73651589601962
0.151427020318806,11.1897203127358
0.469286853312993,5.07386447572167
1.32760522700846,6.77771850183607
1.44510524152758,13.9466662403493
0.0114336153492332,5.3651849796156
0.157629950036417,4.10105859233736
0.28315345197916,7.72752535729395
0.326259100533832,9.72175342240264
2.71889859988334,15.7631230494549
0.578739850781858,12.5579619618358
2.60635056897047,14.5025737507548
0.717631722800434,5.84715558646006
4.71053589482732,14.3541631571102
4.40965760846562,9.23496238924704
0.894316645339131,9.92052963732212
0.474197958596051,10.4267414208775
0.197890060022473,7.68353089368944
0.0278006345033646,11.5664493569452
5.7020439651228,15.5098912478623
2.25108849062564,12.8491716602313
0.139139209873974,3.30949973278532
0.304645327851176,8.85887296891414
4.06314202753787,9.8177218450143
2.48979370101335,12.712292849446
0.322829462216461,9.62609737823132
4.63455783187131,13.077099174772
2.99274475237227,10.9033030899953
0.788583267480135,9.44735366615963
0.825451601296663,8.49559128589209
0.137847970239818,11.5480694116383
1.2258258620277,8.30012851303375
3.89562560228591,16.0739978882403
2.4584712461927,14.7684900542206
1.748098606671,9.34357363731078
0.952664001674318,11.4712776594873
0.719395589083433,8.45310469732663
4.58385499169059,8.77979691568507
6.04905281927357,11.2355724955332
1.205874979496,13.2202033934562
2.90142295120244,8.25920340372651
2.93489585849236,11.2402873407521
1.47240945031271,6.9137512243304
7.20296229785839,17.4549833261413
0.698337979614735,9.5466182801905
4.49858300138225,15.1711428111937
2.58222825816813,8.85920243586014
0.630712673085315,9.47787802259313
1.90225445098224,10.5103555175151
1.2860087743029,7.66201866608939
0.817480432800949,4.94974012597623
1.85682162455591,10.6425657453565
0.463542005047202,8.78058393663106
2.11386499204522,14.3811090706902
0.569984703413083,7.01404553996191
3.13572320697789,10.8932035435481
2.26797877616229,14.0454091029939
2.41952407724204,8.68559239006646
12.236012905164,9.62836872085146
6.70053784515629,18.1509957835201
0.385062829274342,7.44618990404805
0.595405452884734,6.09506585927927
1.23714608326554,10.0889096336671
1.40037170230391,9.70990854186662
0.972711498849094,11.7255109036518
0.0799294098865914,5.52314134520508
0.483200201764703,9.5939769981025
2.83590847432758,14.8322364461711
0.547301728278399,6.09462614768787
1.06938330642879,12.5103993655076
3.60019056482201,7.55704766479428
1.91731238356772,10.2702289858277
0.8799934303388,7.9285980778276
1.07363216020167,11.0991609780071
0.483870794996619,6.77635142511118
6.00635309483776,19.861769304786
1.16936075408012,11.7224913540244
0.868073301389813,7.04276377771704
0.636719164438546,6.17182708307103
3.16889612359886,8.43605175515317
0.918399839662015,6.15501837507376
0.848057101480663,11.4874824779882
4.56605095018573,11.4680811506115
1.73000303011965,13.1387772444159
0.75380012858659,11.5716049371915
5.40354609091706,12.0524766892378
3.60936564562802,9.93706161245649
0.0539564518257976,9.66516770506315
0.694463156727664,4.73278117339923
0.37415902223438,9.00086198783586
4.09684664739256,8.88724269531285
1.26014806423336,8.05711271631271
2.47351383968237,11.002596361231
0.034403664059937,4.31907307739899
0.365002213977277,10.3822393873576
0.966235813684762,9.07671843821773
0.840004656463861,9.95400974953766
0.0653481995686889,8.98698045617593
0.707969586364925,6.51910903529409
3.17068198306446,8.155240248513
2.28979428027958,11.8622469458078
0.915800673887134,13.2969123570289
0.632549684494734,11.7249325018686
1.16849578544497,10.9681157414277
3.17015281674185,8.48480790894182
4.80362940181918,13.5825165082623
1.84119556090775,11.5464582226944
0.591359305855026,10.2354406383102
0.133305361418019,3.01573441736313
0.817357379943132,10.1927685473086
1.05521553382277,12.7671430372723
5.48491712261863,13.045871065953
1.09861756674945,7.36611831694124
5.67978643959412,10.152058682363
0.760368876159191,10.8509145442537
0.766345853917301,5.77516337174462
0.966570172512867,9.78992198241471
0.799021121114492,9.80072534945137
0.522687603719532,12.6848859559073
1.26349859591573,10.2184096091639
2.8253012295527,10.4080265415843
0.715172872878611,10.1013718650663
0.492753022350371,7.36221449754184
2.04472217141631,10.9325378672663
1.47644744151079,9.70399827786112
0.574597689025473,4.50615682633825
0.906791826710105,5.98401240912982
1.26609878055751,5.7841912941393
0.746189557433325,8.55076691450548
0.614457789808512,5.03517409898657
3.08486558852677,14.7979661169832
2.711657397365,10.6039754517946
0.390469646973274,3.69386520918613
2.78344959003811,11.488987912559
2.46123275106273,7.83249807234852
0.746032782647183,8.46819353522616
4.37419360478349,13.7676779239841
0.00644444740164873,6.61460496983828
1.34086393658072,8.77048957434073
1.23987864237279,11.660508036475
3.16846311820631,11.3768133591602
4.41852494659539,8.5611955445396
1.36263423040509,11.3995886730307
2.89193556068425,10.8321542299999
0.163267282000521,5.8618058353373
0.258258327841759,11.6380221692048
0.314398143440485,7.55677636808141
0.877823076210916,8.18005749104286
1.32624134328216,12.367984791932
1.94998052645008,13.4192569260125
1.62036625331448,8.51603435727712
3.42461634410505,9.79525342411432
0.814693310298026,11.3693086982606
4.55756008972354,15.9987340936491
4.10117164609914,11.0358735102349
2.76580154514852,9.6115506473953
1.39183293274584,10.8181570925054
5.88552008799827,13.8501457741717
2.60878419681432,11.0511550038438
1.74676469705048,9.03192415568992
3.72195016203408,11.1152418491633
0.231896452605724,8.76195300816173
1.13331575598568,9.81792893621253
1.17287466395646,12.9349266085265
0.782121705203322,10.8013004820503
0.551996467854335,10.1101860697191
2.12807828738334,13.0395907066429
0.551744824275374,4.05747191207044
0.321405339740482,6.72168015617336
6.77143506672154,9.86992079072444
1.69632884106579,6.99109670348246
3.95267346857076,9.07558693449953
0.662547572303702,12.1169922419518
1.23209033068269,13.2376853516464
3.03312919961974,7.50677427060162
8.17639286401582,13.541630644135
1.07712942361832,7.42138306066055
1.43366817562821,9.97773030486237
0.847219854593277,8.36376530096184
2.81870480610018,13.4871515051563
3.01345902566643,10.2677084132658
6.13928479658852,9.6875891672181
1.00423034280539,8.6420663114692
10.9219269027636,15.0215526724034
5.52733453710504,11.6006039497023
4.3074367677135,16.8120817586245
0.856505990959704,8.91025073073023
1.28101960755885,11.1104369943764
0.0985580151900649,8.51836076422054
0.423600064590573,10.7983155590869
3.67651547474747,16.9069414092917
1.5311461034322,6.76320219022091
4.55431791550504,11.8243076085765
0.00209632236510515,11.3754713442565
2.54381596661153,13.4637457846419
0.491922967135906,9.03616918462821
0.0717542913572033,6.53693090673571
2.38116489901187,9.34750031134742
7.58399210455728,15.0695295720915
1.37551750987768,8.65609117864604
1.50376233534609,5.9851598568316
1.73810897735941,12.659062258012
8.28983856323076,15.7014538295073
0.0896745631471276,9.93276198994957
0.17375707719475,9.06153573387363
0.840704597532749,8.596409668627
5.99495671655903,17.1470846645066
1.5724322202706,9.61836880389263
0.946295084431767,11.7097763068211
0.140762252733111,7.7667933827791
2.58448678060415,13.8438793855211
3.65327600745444,9.35627102513867
5.0338847224874,8.56030073459325
0.156303429976106,5.22774444462796
0.386979385279119,9.92131706296004
0.133171888819813,9.37798356879956
3.98169451562648,10.7639963857646
1.30975934956223,10.7210714011229
0.796462895348668,7.42589139360583
1.12949858413828,13.8349107456076
0.226429097646439,11.3479492562231
6.08337259258995,15.2707645192313
1.58872294466334,6.5418438683068
1.99762973209382,13.3251083536321
1.07179356366396,8.16339863008177
3.45259902236943,11.2517641246317
4.07780282927637,9.68466309094538
1.90420166497873,6.86451848116929
0.0257385326549411,8.38537373587768
1.98991706772687,7.34707328561043
1.02482756510239,8.53512409023164
0.13873786944896,6.17481869208454
1.77769312223667,14.3013029685584
0.633560297079384,10.9615286350905
0.270509065842901,3.71835206163634
2.38095811746063,8.8795967099504
1.72290848930981,7.54095294011386
0.519614395860434,5.7100842337568
2.60715579046848,8.91837766009443
2.95630896664273,13.2518372621698
4.812314601473,14.507960334495
0.902802252210677,9.02549086199699
1.34346305535328,8.80630678110173
0.549026898108423,10.3239760518047
0.638477576896548,12.5767209607277
0.148481398857598,2.04073164063295
6.68593378331432,8.2690012879514
0.602822525426745,4.29902452306307
4.98778889675565,12.761918383173
0.216375716030598,11.8074793221509
0.0763453756113063,8.38600490024276
1.24737170524895,10.1625037548358
0.0830703552886429,1.67899114262864
1.69172206698897,11.2732961873048
5.44140036751456,10.2722428781568
1.36326127778739,8.90047158707945
4.14068119211083,10.0838988040718
0.00972911663454162,9.95222369053291
1.43884017841949,8.43333565697802
0.0442125441345849,11.6088162611222
0.0891215642914176,11.7918531784614
2.30366511954767,9.99166686035806
0.606094317510724,9.6505145549637
0.0344098722562194,-1.13047439584449
1.87705468936803,7.50848560990631
0.51555080724409,6.47257466512022
1.94481448261979,13.1902642854428
0.70668247948967,6.96159853042592
1.65680099261781,13.8735088653911
6.79841312732468,8.72133137102622
0.624206181615591,12.1952156733
0.909498894587159,6.98263407100223
1.17306064534932,9.88371641271343
2.69207944340053,10.5021711315871
0.579712873324752,10.4250962910915
0.594314082287889,7.48208969689366
1.30132770817727,6.51666073018627
3.97907220927959,15.6248922421942
1.53029541662874,7.85152157534156
5.46921526242919,14.1515652817191
0.379458963259648,7.18901490874441
3.15451229614526,11.4868941942263
0.373576091357147,9.9014293748567
3.20293704046052,15.4971308361049
0.567393748089671,4.91821075081898
2.01142299767656,10.0495077897378
0.066803646273911,9.46911511583577
1.43676823517161,6.55154863631881
0.998743687439406,11.7045912494752
1.21856779791415,6.42239851095533
5.56188847090969,10.0094000112039
0.0515282533518913,2.18213368278605
0.679929228499532,6.72036838772573
2.47434915221276,11.3329074715506
0.189563853697135,12.0576182839983
3.37036471808925,9.00495548359672
1.37258893903345,12.4326622182322
0.265323343282229,4.49757429616065
1.66236288603209,6.82201408007987
0.983295822557039,13.3030873031409
0.0467355223372579,10.6183864102332
2.56746066725793,9.82728988016141
5.37677920211978,13.0479015718453
0.999050392769277,8.8389965566868
3.12778120098596,9.83164228401595
3.37937880663161,13.9014619004236
5.05140404005475,11.1701768646937
0.75135806761682,13.2690732109242
1.08608859125525,5.5723456282119
1.9858029334897,11.3752580599712
1.46492219401191,11.65060153126
0.0538664484823347,8.53708127654008
2.37968922956827,15.2487032331356
3.13860370291033,12.5215015994865
4.5036062185926,8.20204542193185
0.316391419253035,6.42240035439195
3.83212557045703,11.5498478030715
1.98933067350628,8.02275738441636
1.95373809701743,13.6603828899459
2.54792072801831,13.8015666904542
0.755524739145018,6.67071387420921
0.653680375500368,5.43636470571451
0.411518409848213,8.74421183670482
3.05505420995836,12.0855201103751
2.35294578013851,14.2526822591307
2.94094910517115,12.2460081938664
2.58936998984757,7.38415362178447
0.282539336010814,12.3269083437313
5.04005592663713,18.8639090366023
1.8360297536913,13.1534370939873
0.872334309853613,12.1507903293847
0.375694546990926,7.17186724106783
3.96446036530619,13.6953954643051
8.44974765876188,13.823146367609
0.474793091416359,9.31911877059246
0.567599051143652,8.67898759459806
1.45615619294871,9.67517220713839
0.335762158036232,4.75586665221393
2.6428189369941,13.0021356332559
1.07106202933937,5.21361110940329
0.32185678370297,7.72297590201696
0.110087011940777,8.75911984347352
6.05074493066429,8.92344205593059
4.23624518500307,13.6525981904725
1.42604367317308,6.82082571315384
3.46829642711167,9.59148236127052
2.30682738112272,7.59233678946386
0.741503094322979,9.95810745324543
0.701064773835242,4.78447791692382
0.595754747787364,9.96017018502311
0.487281911622228,11.4552530706703
0.269251151941717,10.0642875234946
0.457478325814009,8.28227736349352
7.72752646687341,13.2321960261296
0.142342995852232,4.8957785231196
1.72653288385811,7.09876528307945
5.46262000103421,17.2262614421776
0.331826201548463,9.70027337670207
2.02131041774453,9.37457312685413
1.13847307488322,6.94425054636345
1.14746489655226,9.43153653753591
3.08444426191931,11.2263422826402
4.25952686724522,14.7688328387816
5.39767330487199,14.2640725157867
1.05998892430216,11.3425971853639
1.93233098245086,11.6458883725772
1.49617245794484,6.28213935158154
1.95785869362466,12.0536519099986
0.0271789059042931,10.6292279689774
0.434000549837947,4.07635829621587
0.716264665126801,7.45530860939985
0.050296626172545,4.92442541179094
2.45909528984668,15.330813100434
0.519676710478961,7.15969651628596
0.141781912185252,3.24794406556419
3.21012520028238,12.8452485594939
0.178622136823833,4.63436539101264
0.43172141111936,9.07686346495221
0.947536492720246,12.5485468637468
7.70116568687272,11.450169912808
0.519475244916975,3.70663452148514
2.63064683965387,13.5621799545273
0.424700705328999,12.4716327433718
0.889595608226955,11.2050594543297
0.707894812338054,5.1608350477393
0.800929438322783,6.67809764058517
0.965144352987409,8.76758030317393
0.644063002429903,9.39918230341437
2.04710318698528,10.9848414721653
3.97179823351984,8.64109087392342
0.490292513053211,7.05102791859
0.293539418838918,9.38251861814661
2.66721402286532,10.6936408838038
5.82034368779431,9.81557542478331
6.14188464023001,11.9623480188884
0.572695196780971,6.64819947639159
2.60525588682833,11.9515214926135
0.140453347936273,8.00159988309098
0.976000657305121,13.0622897160302
4.60145698090024,9.38524751066921
3.02885910479312,9.52398304589241
4.5786811502376,10.3814707847071
10.6708167524715,11.1721920165071
7.54605091898651,14.1385956517001
0.595991751702515,10.8100379999808
5.43443214495607,16.2209760140253
0.60386763419956,11.9951630670447
0.24561214535484,9.42188799462829
4.48799765457339,15.1489809985982
1.99718434508531,9.48158997202205
2.84239759076534,8.88856772367436
0.253697119653225,9.76629710063187
0.63618282508105,10.1245940317466
1.34000908304006,10.2066934877842
5.1884090572474,10.1514338398067
0.381928826048345,12.0327955865629
0.063303954344409,9.64803129511744
1.48149987860563,13.2488298083953
2.03875540478741,8.55824467835196
8.47692910531416,12.4986420471528
1.29668617062271,9.24780122811782
2.40075404747369,9.6726864674778
2.17583405590596,7.23935076186224
1.03359146136791,13.3632312909781
1.58203271588999,8.46369564733413
0.872067960843154,6.51749295855168
6.39769019152889,15.0256484730746
1.97280957913938,11.4088774937592
0.639860574156046,10.6121738006301
5.00705660744081,17.1905393508607
2.31487577213886,8.80308815432505
5.09306772634703,10.900668399897
4.32397173692412,12.2936496622699
0.400070633739233,5.76297685851875
0.0385348498786132,10.261040704679
1.3709841100499,12.923765594806
0.754572216298879,7.73193198171446
5.94780841599414,10.0665875197965
1.91840470201316,8.91340884744239
1.45621616943719,6.47592895411554
0.794222366064787,5.72603664012199
0.390233558761742,10.049810481916
2.51002982622924,10.8626478329876
0.867731129750609,11.1428333360585
2.90365841796061,14.3793011596195
2.37457646048608,10.0295904254156
4.56558673431106,13.4073692968684
3.69666530547624,14.2216758652067
0.0859768623486161,6.69143255118312
2.66056842721047,9.10068184194925
0.113065225072205,8.59379881395481
7.51974285724473,9.03911217912133
0.163159392774105,9.90412908961994
2.6878152283931,7.36114356580655
2.3338235131556,12.4483039846184
7.46761299255204,17.7207234301653
0.485196800902486,8.22685560906176
0.834000981412828,12.1321053575535
2.04169816894465,14.3079221417485
0.584320679306984,5.71620430691406
8.83192721703901,10.4347582560038
6.57937909629116,8.61871617285173
8.17092893603158,16.0440856430675
3.08622004819994,11.4084387237313
0.462541196495295,7.75324392453934
3.87397194264417,15.8208939011839
4.96541705329843,9.34824169192289
0.0242663957178593,4.04554070622692
2.14546655296328,11.3154912786166
3.31777013821487,14.4028512726207
9.22098389962568,12.2778671638415
2.65001203111353,13.5943068310014
0.389113322715647,11.4739383349354
0.598136441782117,12.4048678063072
1.57960437229815,10.744801454263
0.786148454993963,6.83429399958802
0.538975455798209,6.76798505773654
8.51473049024,13.6176062403856
3.02941248921638,12.4682861577563
0.823642799630761,11.556337564498
2.12970012045446,10.0736045737882
1.48893794262148,7.07904743348606
4.46499707897134,11.6320687301492
1.00873861924626,9.68734700097474
5.49165128518767,13.1549212314443
0.915882327865013,4.99797354782779
0.89987824420443,10.9491630763195
2.60649843319299,7.68133990314499
0.81233427207917,8.07226996064026
0.702011663175143,12.3696743133493
0.833857655525208,7.11921013166191
1.16440911497921,10.1806646778666
1.32622638344765,9.6637812669345
1.97712244590494,15.0649382013842
0.13700616452843,5.2415786211985
0.923924197799829,10.8553999778776
1.62754513687434,10.6365021677899
5.46973906804748,11.4401361394153
4.19355714408579,13.4179697022295
5.3642763381166,9.44812656602193
0.726322940550745,10.5988829709117
3.03827972294639,16.2362205575058
0.629910883493721,10.3528750132683
0.308752342390577,9.73406234539037
4.19242312955673,8.29591207978687
1.27958008088171,6.31356466388043
2.74409740409794,14.2762777831337
2.88632881997113,11.5258519855796
1.16674067545682,11.6737922359359
2.41360798795973,11.8522125793275
0.596824192138919,6.34510703748969
0.419675547629595,9.76730229641458
1.19773164298385,12.440432239051
0.226395066827536,9.60650649272159
0.285111138187466,7.77751551326008
8.13282401445222,8.78567394500038
3.87204506231432,9.7555676996951
1.41783989412097,12.8527669411665
0.641527988016605,7.21338836028803
2.88771427405958,15.3335302777233
0.892697837203741,12.314205379373
1.29405060689896,13.3484330395385
1.70104658036473,13.0876699802942
0.83602256141603,11.6537934845563
0.197597128864238,6.46372215197984
1.74656979477283,14.7946761165812
2.02807953386548,13.1132285066611
2.2639571930373,14.5737853609566
1.48435689883002,10.3306988816603
2.42011899865212,13.0414061501098
0.324852543883026,9.78891076938352
0.862689073197544,12.8321726705361
4.25264809627957,13.4446654533509
0.664742416702211,11.7440119032392
0.46244303509593,6.17478592479239
1.16682892106473,13.9037484487046
0.591681443154812,4.89801622943407
0.562527691945434,4.31842819792514
2.61771393000128,9.73207411478992
1.04957017209381,13.5541131621264
2.97959710640793,8.58647034101948
2.48835908054354,7.60908275400404
4.11158563924914,8.54876148223571
0.836621837690473,5.54913675679989
0.251297064534971,6.01411140699398
1.08590661268681,12.1141116772424
1.08721254579723,7.74217046940204
4.89288902853555,11.2231411005728
4.25502624947358,17.5904258464322
0.255693815648556,3.98860692751472
0.973511338233948,10.5111326517592
2.36397368638756,7.71752983846931
3.18382207287436,16.6706086287042
0.917743007281139,9.80580130626563
0.552775911055505,12.6383400572788
0.963673556223512,11.9003060707508
0.0630698631220563,11.3232523578233
1.33208367042243,9.935538652337
0.00397312052002819,4.34718365396736
0.71070097759366,7.99882755084086
16.3335504112836,10.1878609009986
3.72327199934011,12.4966760537153
0.25923770852387,6.07338926880314
3.43643472225352,10.1752449988201
1.53797294191065,13.4647472585002
0.277777477167547,12.3284931800095
1.53374622753801,8.62437138033769
5.6450069841362,9.72125400136044
3.33320965228562,10.8109498787903
5.45028804589934,9.34091450306798
0.190228430554271,6.5731443160802
0.172353968475139,2.31404049847169
0.718572994694114,10.2758031016549
0.402322768233716,6.18828806326409
6.06005585160027,8.47798136871921
2.42645697659793,14.2871987715526
1.10362732131034,12.4044089422544
0.528120089322329,9.44438309431377
1.98006218633589,12.388342484435
0.689498933963478,9.50398721948815
1.82216759762707,11.0887386187554
0.229357483933476,6.67083803049881
2.92081702991253,10.8147101239617
2.37963679051938,7.67735464787044
1.20774548966438,6.30636525818049
3.32647557167296,13.9237351304004
0.0504204775886872,4.70455320373589
2.1233613856871,8.99194876188253
0.884867663495243,6.30370936656387
3.6011415569294,11.1164412196114
0.319005821839705,8.19563001570969
1.77727201638299,8.24971918373812
0.907941146753728,12.4662271310655
4.11894636584406,11.4216163577964
0.511251514514667,7.31204556732286
3.06452867744451,15.3158519111917
0.250287811271846,6.58751186729006
2.16614534324946,10.6689654552072
0.1198305005411,7.93138548355602
0.0678843483328819,4.26719430545686
0.730894930403624,6.84504443021111
4.0237575395215,17.5982516667998
4.13599701954012,8.76867418305148
2.01128398059847,12.1575792724975
2.87642970291858,12.0689839395023
0.310135261155665,4.35277085009756
1.70629872693295,6.34904265823261
2.34445642112734,9.86488325380639
15.4528531609174,16.1505882610514
3.62158264948015,16.1690862938628
2.49438422909918,6.82812237855866
0.331605491228402,3.17807389281916
1.60839345484021,8.88441142142222
1.53485174841228,6.60253903005824
1.61113520703259,13.9874367882101
1.69921686491909,12.7109901649943
1.05728826392442,8.69810470023793
1.97525232090595,9.38036797733652
2.35073026633802,12.9968972279866
4.62070236299674,13.3828316465541
1.02287532202899,6.13909438177718
3.17644365348939,13.9882959081419
1.05665847007185,11.2732436199312
3.90876522643452,15.3972783901097
3.85294222069864,10.2269205036312
1.57696278836112,13.8940949645837
2.81963606534486,15.5957808539369
0.393501000478864,7.71804266340465
0.405333171260846,4.03657338601387
4.67747270663209,15.2100480386826
2.16229562639239,14.1428031324511
2.19135740577223,14.816419085784
0.642120324485702,6.80034386750592
0.246065502054989,5.57424918026808
0.271688472739683,12.0668056765075
1.27481625881046,6.63929335833312
0.630043478687041,10.6527274575381
8.27316225650621,13.1914637183359
3.52288107184653,11.1584962889902
3.9039612150002,10.2230317305075
2.52097806139829,7.22089566092642
0.596297011203673,12.4424302405953
1.63972050693657,12.383963193926
0.198283683221455,8.85912496539688
0.809293743222952,11.8648590899946
1.79660659833791,12.955627337456
0.752961106304405,6.32428965521067
0.317346680909395,11.6315317239008
0.300805342191227,9.02485830104172
2.07395025334301,7.67954670742147
1.62838591299839,14.8928583995654
0.425165855325758,12.6702909413577
0.864120846614242,8.32847948265457
0.409761638881847,6.67362620988885
0.290720472112298,10.6384465449945
1.00634019102311,5.00720990255694
7.04491359562032,13.4331803149375
2.97283161414747,9.94209054574961
0.936859632842243,12.6864227566511
10.5292907686611,10.452376257035
1.47579220115187,13.668212113995
0.43684648582555,8.87003520176499
3.0287860028234,8.90649438090457
3.37898389978294,8.78227475748037
2.02370833224597,10.0723117803151
0.0254205147829717,-0.511436009640823
0.537629405036569,8.54465528591114
2.3967614234001,7.06181289217513
0.402535084635019,5.27082727788364
0.649944329634309,10.2066562990592
0.467426123544465,10.0877304647385
1.15862344298512,7.33547595178445
1.317762051709,6.05199075360902
0.825035278685391,8.79463143145929
0.269186050631106,6.31731556739076
3.74624262733345,15.5787744657726
2.54283647975864,13.7002551687395
2.31588209225776,14.1459614461006
0.853757352568209,9.0779269284196
1.98028902328553,10.2394443299936
5.86969335343609,14.9597269926775
0.195315571471328,2.00388863595299
1.8230453840548,12.1892296212214
4.13362108154183,8.34624898326779
0.599300051108003,11.8417516297657
1.33419055957347,6.53384166609421
1.27812063787133,5.90073384100681
1.56217336832526,9.46950093920097
6.88750457730065,13.5087666645683
3.01052182523494,9.34069273817182
1.5921574009955,12.8014391237262
8.28121138694597,13.8862782319611
0.313577639874776,11.1972244240056
1.87416172205451,7.39875864264395
1.15355656575412,12.2993319673937
3.27910345030909,12.3986470257243
2.52594349310037,15.3253168074733
1.75637474275174,12.1296624334715
0.986626690253615,5.69093716038233
3.28833861632233,14.8744309702543
1.17259860597551,9.89651901111876
1.55027564420345,12.4856678821988
2.46473136535826,10.871827617033
0.202132903970778,7.77128865153081
1.58057573615553,10.7468384733958
2.30415637782755,10.6141991380152
1.41033465965631,6.45914043550442
0.527664305718225,11.2173472004013
0.522792205353493,9.87733905824839
4.11618079973345,10.8984859812201
4.48604088623948,13.1474964169733
2.52663242063465,6.79784959737881
4.76737309883487,12.7114008671414
2.1828406022306,14.6057673254171
2.23294740720632,14.4790992178473
0.592532932758331,6.06824018799977
3.11926756037359,13.0370692020493
0.377948174253106,8.31620772572319
1.03711910452694,11.7326343199571
1.76841212986949,12.5374841118255
0.105652270509606,10.4304963739333
0.0795442797243595,7.76823762914235
0.174510199576616,4.76154495459309
1.40102255708518,5.78548166347258
0.541647005107,9.74727080032542
1.16754850093275,8.97000345409558
0.0413171369582415,6.93131135491732
1.07221112307161,13.015639904054
1.66216170965674,12.2704568400492
3.91693348420744,15.7514333740124
1.10089867655188,7.5439970516201
5.95616366217278,10.5325567739512
0.909737325273454,6.77581169311405
0.268887705169618,10.2564336638535
0.0520908068865538,4.27178673473984
1.64885405628922,6.87453948328801
0.0550090568140149,2.26054365189329
1.40216205260696,8.95542785097947
0.241718879900873,5.69394143504314
0.408311262146972,8.25900948885357
0.371065418235958,10.0883507705219
2.69529662831667,10.7883889235272
3.03482784314041,8.69550661557631
0.838639379478991,10.1169616965805
0.574618022888899,7.12093469559371
4.64659087707229,17.462455999362
4.17084854093003,9.40791766912335
1.02086112741381,12.4720688202439
4.36272628207631,16.3307135762752
2.92501875741367,9.97240742938516
0.923557430505753,8.06271887176123
2.04806314214113,14.5826801719458
1.77185026175323,9.18401108994201
0.817384901456535,7.76374887065229
3.10685502720957,8.83244309504774
0.650372735224664,8.54583829550784
4.24405948419995,13.9980831294238
0.133511871466573,9.9274508676733
1.23873639665544,7.0626040940934
3.05862481502776,13.7199795177448
0.779521210208331,11.2770744418281
1.54444973944063,12.18919214135
2.21851352966371,7.00771209767841
4.06555598584895,9.95439290051659
1.06862894765994,8.83355464014688
8.38678417304411,10.0597929665052
2.46017995282056,13.0785839734068
1.39858950107338,10.0059767576479
0.188832730054855,10.2390011884243
4.62270606656499,12.9190341925623
4.36500215877719,8.72288930136336
1.04698509164155,13.2218627247223
4.42681388159223,15.3156230323481
3.61740588007455,12.3346511875173
0.471202564425766,11.4175957473213
2.85712500444071,7.49475893844747
1.09964571241289,5.18115989658861
1.22203888185322,12.5681769627809
4.45355178851601,16.5656386375005
0.203234693224044,7.35959624921603
0.17946482822299,7.8565030544179
3.81019623560791,8.50190848070687
2.89663864046197,9.98176524284133
5.50653484065957,12.521292947788
3.75031305832748,12.8077284620535
2.67912064484301,15.2277785380453
1.27671583369374,10.1877962440943
1.8561570457274,7.31659411488002
0.650872278027236,4.80170998374964
0.108998992480338,8.65845608978943
0.320072080756283,11.4430897012643
8.82338658586679,11.5982717320809
0.670515015721321,7.54833941208578
0.206998828035748,6.04669368426423
0.129905643872917,10.347630586682
1.70481883353534,8.86410785569704
0.965995053760707,9.83442481258281
2.26369301748146,9.77500201372029
0.377242428570311,5.54683397451549
1.21576773375273,6.08939244116049
2.73344797073844,10.0655594613168
0.26703227777034,10.557508994068
2.65981547526064,8.76433728385978
0.0639632993609506,1.19204019338711
8.41733989814177,8.94701411767516
1.92472032821717,10.7414698377561
0.626808802597225,5.44633894520358
0.997742485255003,7.84695194176963
0.602461826056242,4.73595226207852
0.242404131844267,10.9732914993385
2.27277721506266,8.28674241494678
3.48773097230082,11.4808233117577
6.13870474662552,8.59019568250506
0.906740717589855,5.06046587546235
0.780586015433073,10.3793394973227
3.02187270654326,11.4223175752902
2.5384697484875,13.0703653682114
2.08224430299344,7.73558772249113
0.00944769641360884,9.63856512296795
0.329582062549889,4.80724118410303
0.183584815807586,3.04646936335724
0.314090389758348,12.4558733709154
2.59908122560921,10.4525801136874
2.36468354414653,9.175168421881
1.52293774477186,10.4825141845586
1.53793973030649,13.4433245117673
0.732092642335203,5.74108633069367
1.23447337467223,8.74977463955129
0.30072443169093,5.21030648460746
4.85209171076245,12.9174312658814
3.62580962089782,9.29028824437385
0.662818008102477,7.60820197180564
1.54552645600381,13.2952685454206
1.28696187353361,8.88971520520381
2.46600388168337,6.92387299133589
6.20060086216698,10.4748045416399
0.298881752416492,10.4974723079157
3.75317455438857,13.2211735860597
1.40731079309228,12.6556917911933
0.190869176760316,11.7881511471122
2.23963201223853,11.2407505944105
0.585976200178266,11.7184597474883
1.3360327091068,12.8155104469915
0.535281611606479,10.6397215538615
0.204290582450733,9.14046266457328
1.47785595796051,11.0500364473916
5.28048496295638,9.77575101428568
2.01625525570455,14.9950671885923
3.81031719950919,13.0035886346993
0.963627265766263,10.3410215355448
0.157953768593784,4.86774138583
1.50528914509073,7.16067541635789
5.61543563234257,11.7641245934874
4.52623397459216,7.93458958753969
0.490277391858399,5.21037714939126
2.94810784218793,16.3336810785554
1.77455677456203,10.4628837362265
2.11213264047148,7.53106639871432
0.805429544299841,13.0025044065351
1.31305041257292,11.80344039498
6.51780174638996,8.84071775730268
4.31417336319848,10.5942938976508
0.18691960349679,6.0211632846231
3.05572523904924,12.3262713335521
0.0644891429692507,2.58167293672317
3.15717415780755,9.66002588381204
1.69408624983373,8.0252287732884
2.87814415974503,16.3781970575828
2.20557187675479,8.20032777447358
0.538044841960073,10.0930909699079
0.356872205493243,7.04095958572486
0.752760691568255,4.55687619798715
1.72850136264207,10.9199673720023
0.989100193604827,11.7924667685372
3.67401590926533,8.92830741228411
0.416376771405339,9.10232798401516
1.73406214996031,10.2083490517401
0.339559727348387,8.93997663368208
1.59677101290765,10.2141466001993
2.42730521961095,10.8594651010714
1.37537428271025,10.3378819874392
0.0747736954209453,9.68098826782789
3.63884354732073,11.7542548583645
0.501383811235428,10.753400024658
0.850107132819056,11.2203110077792
1.81451659822288,8.33755098195058
4.81417199571557,9.83343748254996
3.80559205992107,10.4960130861713
4.47354879577584,8.15295656808074
0.668964283540845,12.2204255457758
2.40544886115958,15.1092944044419
0.519754263572395,8.44636939756733
0.984725610353053,5.8961463374279
0.69932752288878,6.48186060897282
0.611873646266758,7.40680669968078
0.968566457080538,13.3054775535248
5.85706816580067,11.5395015663603
2.2338632120842,8.92280517543544
1.09649942731794,12.3967396708939
0.545450167730451,10.2990863916893
3.73409615067725,8.32183224976935
0.0348579722292746,6.17582409685621
1.78011118370061,9.12106964418919
2.70189527413788,8.67791347754847
4.28719405876286,16.83973105114
1.66473179419119,9.915893878636
3.71884314699059,9.9733897239158
3.7092840260077,9.12019427675453
4.09091600013857,16.1693423396258
0.316446118100316,7.76355302495014
0.062159714404467,8.00347899129264
1.92675309247317,11.7358126972524
1.82459209580974,9.35938078353972
1.07589084855738,7.7174221792772
5.02326805491872,15.5553879114249
0.688426233828068,10.3598511861285
3.48552443201083,15.2337333636538
0.409095529466867,6.80083054897909
3.71609316376929,11.2637908265824
0.368735424242914,10.0843396383217
0.142940344288945,9.92215013730708
0.181160300198565,6.05379797040315
0.985202279873192,13.4942541131461
0.33448716532439,8.79154870382009
1.10140463430434,12.9262691111097
2.938211674882,10.697312060401
0.298622236332542,8.63614014511428
0.655476723797619,9.59459776223235
0.501958951269783,9.52362539045301
2.16372472225668,11.7966890797366
1.91445801398697,12.3486747934259
1.63299254646159,6.54677235464014
0.871633686125278,8.76248487966701
4.7595075254602,12.9684831023968
2.40663677631857,15.9659931535206
2.66950358442011,8.16410551600182
4.75277475515023,11.3055081112926
1.8943027952264,11.533044898879
1.40543092965128,13.0035986311039
0.912457792088389,10.674257728737
1.92135638548973,9.1461213983068
2.91578961013974,10.1735620464589
3.37303539348726,9.10489584542325
8.32748029330626,20.2749395552232
1.37040740251541,13.1527745779893
0.994829405099154,8.85946519471433
0.534503193572164,5.79113438376484
13.7929491653927,11.2233241916561
0.499165846966207,9.2672245040065
0.194221986693452,7.78272068903569
3.20652719197755,8.11064196730069
5.40773266156144,12.2998849596454
8.33245215514555,11.3247054371635
0.24644342623651,9.16040493581527
2.95832713126575,11.6897212617397
6.91422541405926,11.783890377625
6.10135650601158,12.9478000998653
0.720096376724541,11.7669498218576
1.46962021998988,10.2054448092585
3.97627943364863,12.7578892446113
1.84409922352972,13.2821101868942
0.651828710132534,6.33894804157666
4.39803083659728,12.4090317116525
3.62224031968002,13.2882373401514
0.0757701303809881,6.4946613417454
5.16713016082473,15.7363318560856
2.05953727779526,10.011211037525
0.967753451317549,9.78543171412374
2.12049979521873,7.683452541585
0.607928761456767,8.02382530734398
1.27422556094825,12.7508178873719
1.49811743936482,6.71732753788472
1.09312686789781,7.73378595316869
1.16717492882162,9.8297947475808
0.631756765767932,9.70751261969355
0.0584356933503382,9.89474937052267
2.08341240828433,8.05471632909601
1.10065559763461,6.72644981081613
0.18033563598057,7.2317394078992
2.31288996702972,11.8551299935129
1.92178876689615,13.8307010917719
1.5088283381516,10.1840360887834
1.44950647203731,12.629954822783
5.66376020152215,11.8917325371484
1.49553460619392,5.94050458201278
0.500341585837305,6.0506429109114
1.24265256244689,9.02804516759828
0.454097652593524,11.3985787859473
1.43109009965303,9.81954858564797
0.134034698829055,6.70685460273627
1.8241961634809,9.89345138636137
1.52404717495114,12.7734812391228
1.16936425305903,13.1127785536756
1.11426805248874,6.078906201588
0.503049917519093,11.1318878220226
0.358476137688243,10.0291492475995
2.99513996288326,8.2937088042543
4.68321901162095,10.8549485897483
3.14326390607243,15.1129215095781
3.88160410477599,12.3349194806484
4.75402458359428,12.8288928278808
2.15361486927184,10.5622894145745
0.710353351001198,8.8888144394228
0.591263826080841,4.79032211216164
0.346196837723255,7.94740691893356
0.500920072762939,7.32747093652084
3.21910794435029,8.83548178517142
5.10028170370022,13.1056144306183
0.664824178442359,11.7588410272904
0.257350992411375,4.32441981333828
1.74481674167958,12.7624798517675
2.32977871093779,14.871438861238
0.97242035344243,7.52361643844522
0.995890374647283,9.61883716737685
3.94216138107662,8.77970364928915
2.09595280504766,10.850795527798
0.92257140176084,8.09813748286647
2.99281384406571,8.76419891500159
1.66927915616872,10.6289752119252
1.34890933986753,12.8801910326735
0.0556813788678833,10.1309440627089
3.84765627963429,15.7131416731728
3.11349098170998,9.2833319476007
4.27905579258628,12.6103469410811
1.57088463931325,11.5702051820544
0.210674976930022,5.04790980820544
1.04692590795457,11.2054082596067
0.671856412664056,10.55791841537
0.0554587276467355,6.42404390415451
0.17308641038835,8.29595878596147
0.893788555637002,7.96445744245891
3.17121006159072,15.4541084785936
1.03357759583741,13.7631669642839
0.780103510245681,9.96800164412137
1.5489423586041,7.00628711636747
0.832117209210992,13.4061034911357
3.28203996254091,13.022449477599
7.61789418342424,9.73026969118747
0.90545863378793,11.0647136250077
3.12438539398794,8.4824789979459
0.155893191755143,8.74561662044963
2.92505379376893,11.3763540271691
3.75749235583429,9.56123521447771
4.8386159201426,10.1485759098342
0.347873840682414,9.09252960623971
1.76576756733113,11.4713717560847
3.55581924027213,16.6688082424167
1.57891687742415,10.7391897703253
4.21566862520591,10.6553262647565
1.92268808363917,14.3399858276115
5.52886060972638,15.8306428609712
1.90910169543359,10.0764501149856
0.265108159743249,7.66989914535264
0.233575076796114,10.1327703292903
9.00507328608885,8.9412576398057
0.625032600946724,8.8900453569567
1.35427695512772,12.3646119856328
2.70378304823282,12.0918305250114
0.492132824922685,5.13516675148096
3.86176638660913,13.0711896911155
5.79195409979592,15.0741539519087
0.618019759654999,12.6069017984602
0.397905891771935,7.34814466076147
1.71519090040567,9.66001328383732
2.87512100098615,9.37058449408596
7.63717568996263,14.2764458672261
0.785310110077262,9.3859471311159
2.35212776242735,15.7469357064189
0.743348704650998,8.91447775272585
0.475560752674937,5.2424591284895
0.333601719559576,7.23613542992001
0.0885857818278374,6.4068225176366
3.79796001670842,14.9640087530035
0.442575046659122,5.66446447989907
2.17861493794671,12.3562586477526
1.49878052054884,11.8867318258363
2.71074651173296,15.8337037549625
2.34112825608792,9.3134575133293
3.1502517609108,7.95434773730432
2.43816843917216,13.2443258110222
4.63856568586564,14.527346335435
0.45643864851445,12.7064186668245
1.17186163365841,13.303049484168
3.08797966250247,12.1482519213517
1.50506622894647,9.52115236139364
3.28359415197724,9.56234089871663
0.827438247390091,8.59568708927778
2.90366629494314,10.4266801040865
0.0947411341404934,6.05817871792403
0.634908130392432,12.8039894825764
4.0566943323422,13.3099632361958
2.69618947795572,7.62427960931725
0.559912427328527,9.90348799962123
7.58571542384935,10.5104035727368
3.22971065501076,10.4212056301162
1.61426439106868,6.75194945961606
0.77866499312222,13.0153934056851
0.385959322485033,12.2001183480848
0.608278616331518,11.3870712069437
1.21226680651307,10.7663408176987
4.59329649366784,11.2036004521308
0.535098421387374,7.89130403850553
1.10400686133653,8.53858762355047
0.141557109847982,11.7697470375317
3.79315306602006,9.7656981206774
1.53891796796563,9.1426183045309
6.94489076336747,13.8920102789673
3.13503114349561,11.6029664071057
2.45815264238956,9.7260502226072
0.300348162651062,8.31698895766783
1.04483347386122,8.13886187131575
2.33427664815428,15.4937225577877
0.0645984987868218,6.01073654717965
0.68448731945545,10.4841895445992
8.46680954793348,10.5995642013572
3.46868427453523,11.5914575692148
1.42754424802514,8.99517194413037
1.93434266737642,8.38498874555571
2.28150568551106,13.4615001670633
0.756201220676303,10.5333136441918
0.393844166840013,8.36574467518329
0.189814445337105,9.07924620300752
1.77540937988999,10.9795878217281
0.377641001716256,10.4204104272374
0.331633480265737,10.3279094953218
4.63995163490005,7.96678569338083
1.42721718913856,10.2901676561523
0.0816897211494955,9.20442921573078
0.944688437506557,6.35713593997578
0.469938983411302,9.88205914408864
4.13831807656174,9.09244599614039
0.834533215500414,5.82385548053677
1.59016213557663,12.1958286964795
1.92755220263245,12.8185802423162
1.4775570147902,13.7199925012598
2.07285887467499,10.0442125421699
0.904426717092704,9.8190223880512
0.760096947662532,9.66404131535601
1.15049292240292,13.6787972418905
2.55995775750818,14.1063272674403
1.09930446464568,13.3296000388927
1.87240510052981,7.37259975723965
1.73565630606356,6.89550650666882
1.86437778911533,10.5856683077957
0.645545546896756,9.02017320024976
6.63736580278645,20.2809345072886
4.61331350497281,15.6925935046666
0.706948150880635,11.1233244732967
1.65393648474457,8.85452269909659
5.49126209665961,9.27857680368339
1.08501298446208,6.73672002656315
0.712420527823269,6.3759945558545
1.19566876161844,11.7190145777126
0.80101815478544,9.72311639426266
5.22997522701449,13.0284465760635
2.80945725297441,10.5123890699097
0.776458073407412,12.5071851565574
1.45767465936488,8.65096072082559
1.37274367082864,13.2151694833904
0.384084293618798,9.63411124710629
1.67463486633244,12.9009856257249
0.0734098283573985,8.37794662085432
0.364087071114453,7.27294744772494
2.3321047592068,10.4149760602136
6.10017751123676,8.41218694082896
0.354235486127436,12.5143089484028
5.78370831978746,8.91272526502669
4.00840670226102,8.74951411603353
0.977995199151337,12.1585852725695
1.21038652397692,6.73217343806645
2.85267682643646,14.7343576145365
0.981999028717894,10.4643477342189
0.665385320782661,7.23234205190673
0.31090316735208,6.32272190783112
1.15845745708793,13.5647200851889
0.383502404459711,9.83734762018098
0.327475796453655,12.0328901701831
0.841796967200935,8.68473479039761
3.50394368899946,10.057830563707
0.580382337793708,8.91605794327412
4.76073864449687,10.0070657643985
0.496838751249015,9.17770427581705
0.681560232647714,9.6651382952281
4.19005430092044,10.730444094777
9.54813793996229,13.6854386893421
4.15257844312077,10.7539508428091
1.02081997692585,10.907747333028
0.361640249378979,10.4292579597373
0.677997970944764,12.2449760220913
1.03594396729022,8.84352928883884
1.59691343681397,14.1540142515895
0.217429113574326,8.50743448385121
1.78482316859098,11.5832964050047
2.75203760332408,12.0082647728169
1.60406765333357,8.93382472563378
3.67389630136972,9.64154021393935
3.13375027833467,16.599793621085
2.30001424803379,9.09605049627503
0.873249312862754,10.0448322041874
0.26530363317579,9.86464707715648
0.912610960192978,10.1187884368125
1.4177709797577,8.23858233038717
0.429242537187315,7.49651798480619
2.06573871887269,9.42310466480566
1.93420599206331,13.0035859172581
0.536406846758071,4.98328530255099
3.43255252374296,10.7749006779145
0.340431022313104,4.54821219629006
1.27310603205115,5.85844954939746
1.59720778856463,10.1789261556486
0.270453562648273,5.44689151445307
1.92004528633299,8.00209958955704
1.95296039677719,10.3672188182999
4.62136813600488,10.6407466089453
0.130284106358886,1.28466082446357
1.31529131624848,8.00647014736369
2.86751209463438,9.98511122484956
4.30262223233409,11.4648926667099
3.3367534897342,14.3009692484309
1.14129726029932,11.7552435095587
5.87634576639549,16.8747220637554
2.00210655658486,9.05389493005086
4.17521465172,14.8572615856709
17.0521506806067,18.315856050351
3.66187416372781,8.80304237412493
0.694499931298196,8.9957056228628
1.2675267001614,10.1809423528349
0.1309060375031,6.91739443334615
0.0356057239696383,4.9783892201633
0.201231810264289,8.20918299843072
3.49561038546765,7.62430592781832
4.75515862156577,9.97801577226352
1.49888371111756,13.383222349701
3.90673600492959,11.5549740288589
1.24738140031695,10.2505239763565
2.1519167803443,11.4010719709648
0.632700100149021,5.64155453224626
6.16475652124653,10.1766365019452
2.25000121808591,9.18245833584305
0.890242676523115,13.4809026976179
1.63200748889687,9.54118019832299
0.327201266773045,6.85099388183366
1.22880259840949,5.67467029851014
0.110592276575703,3.121300858888
0.663373473060495,8.24875469166906
0.720990374684334,5.26887549359545
5.17795586933322,11.5665902473655
1.20837048999965,11.1541744773356
0.307765789067135,4.04282561895685
1.31407753378153,13.1605237413526
4.03175115195994,14.9273422430952
0.556488671340048,4.15111483909245
2.32388656764271,9.62965503685868
3.75724522752647,10.7613991705581
3.19883419440021,7.53146456756102
0.386382753029466,9.57639312987381
3.39615218324547,14.1692306992352
0.585717307578888,10.0326358146186
5.06688643594213,11.4253016986475
1.94130232735517,14.4687288506432
1.11525507364422,12.8750738708584
1.01010495517403,11.3528693118241
1.06271133758128,8.55366886069726
2.41606922998073,12.1301959065791
1.40574033745232,12.4440540764458
0.198488325811923,10.7822683395733
0.835041184451253,11.193625276462
0.508411320459925,8.5413228037316
1.32958410307765,9.38064062833213
1.6426299552333,11.9757216140819
3.44312806783204,8.54411293473677
1.68253250868964,6.78130312810544
0.959547216072679,9.90672780121632
4.42106809069343,9.98463353160365
1.90708179577234,6.88978065755563
7.42172894957376,8.65293925541886
0.909168939106166,6.61627300355422
0.493045306764543,3.83904361908126
2.14873476131799,8.76433383792734
3.06645629910712,10.9635516947155
0.564511273056269,4.15773652615722
0.40835668053478,10.2080929811169
6.80817903544674,10.6628609424821
0.634372267595402,5.16145264096418
0.77205029129982,6.64923453718986
0.0251299478113651,2.90669662968988
0.681239183060825,9.19562508323655
1.27133738342673,13.5890543322758
0.482495032698066,10.5898691260871
1.4258936177099,6.45389531468992
0.220929138362408,6.0463784007436
3.50845089165454,8.57815221447223
0.990539637394249,10.0546940046316
1.33713067881763,13.830127844661
0.230053566514477,7.85578003886203
0.212114922907457,12.1783514443485
0.161703363826608,8.52623000479907
0.171792288720697,10.791628537703
1.87076432735328,13.8197428897546
2.37656309825948,14.5435020117486
4.88030037445457,12.8369970953186
1.94497851398296,8.2383232328932
1.09897794667631,10.0655523276514
0.134486687369645,8.13573097776477
1.68754886827412,11.6825866673428
1.54345578319373,7.47940812501588
0.576095922850072,8.8156491250062
1.17707919329405,7.74304301321097
0.173744286410511,9.69622069944881
0.907859195479217,5.62731608277101
4.07783698646312,9.38149158766256
0.689793771906106,7.03014673663281
1.77603928736391,10.1158055438479
3.38046880049591,11.660724004895
0.0662902810759986,4.16329786208552
1.79239939468137,7.13915456656516
1.71907060212436,12.5897230227174
0.284619432874024,2.61654229283173
6.5637475546814,12.491647593166
0.599439087598141,12.6876398752995
3.32861496863847,11.8877152552213
7.37629507067514,14.7224815349525
2.5562091416318,11.1568385209112
0.539625419303775,4.62209540878156
4.04842431826477,15.0003715970808
0.599080266430974,11.4711890595243
1.68041363722625,9.86088476655481
1.36288857087493,10.4679129742791
4.37174034043441,13.0898885991142
2.82734784780172,13.9278471530586
1.0444112746045,8.47193511716486
0.722637454047799,11.0774531762541
0.563642248511314,5.44866882123839
2.48992439996558,6.84065452869861
0.446110861375928,9.0621282279387
4.92410041739173,17.5198536477716
5.81099026443101,12.3563360272282
3.93533494306688,9.96416320386145
0.00537495140660464,7.7325815502664
1.78331388406445,11.1508107845189
1.7440862700218,11.1686947657678
0.259695849381387,6.20621706939839
4.77699402322002,12.2719067552875
0.353797195479274,6.50470018409067
2.0682749467993,9.29480678721784
2.448015589183,9.01840256367375
0.228513444773853,3.29949621319783
3.52322688309436,8.02660432854998
0.462571695446968,11.3707961752693
0.951510780490935,10.0814065395602
1.1363268988207,12.3582600908951
4.7410892650049,10.2251099154567
0.312778833551894,11.9849490626951
5.37832837154098,16.4133472208132
0.112940368242562,11.1087726228972
1.22915507853031,13.9488636739738
0.494888520545708,7.62322659820278
0.208869600849095,3.49011912098342
0.548833918757737,10.5507024092144
1.17350595537573,9.22444793902424
0.436419399978577,7.31175496871924
13.55662642459,10.1727263187915
0.319967872586856,11.3639773075336
0.897109024226665,6.4314643360915
2.57855406953933,9.8806803142332
0.147903780954029,6.8148324293711
0.722482865676284,5.04087238859419
0.000487486831843853,7.49011249250446
0.0335081576334798,4.8336673259042
0.413508459925652,11.7625587922835
0.769174063578248,7.51196860122851
2.53542412064018,11.9491648468077
3.17995946187368,11.4769733854408
0.774263470433652,9.23343788437104
4.5713757761736,13.2517925600435
3.33902712307921,8.95117675748361
3.1744805627745,13.0985000936881
0.239458985626698,5.53891496850408
2.39888468935134,7.4856741508579
0.185748902014689,5.51896098042067
1.31642375513911,8.9947147888641
0.727399788796902,12.15272342406
2.1272674909884,12.6773045502325
0.505617245100439,10.0623532481529
1.78581346749308,8.07213244664051
2.69726256272736,9.43443721228196
1.80189371128667,10.6228718821672
1.2087462246418,13.8880768214083
0.604089089669287,10.9433002764185
4.01565479470377,12.7377079469353
1.40350205568962,11.2286568376992
3.12251672131901,16.6271813169579
2.0510472459827,10.1783419424775
0.208261177926904,5.7783369706456
2.0480329915041,10.8140438969768
1.22842820268124,7.63139149275245
1.330376887694,9.87541639409353
4.42707278457943,11.4708118048771
1.40284105009379,11.7359823920965
1.41486946648311,11.9151590026765
2.1338381487036,8.15520173864709
0.381700380705297,6.13167679489229
2.12133070818129,13.3033799249181
3.38572313515699,12.6123647703463
1.61818597829881,7.13303688970228
1.53418113655391,7.0890479306112
3.98202131671791,11.7234760528788
4.48866562892623,11.4829867771253
0.598545411601663,12.3001272751959
0.987604473717511,12.77630306471
0.937517747282982,8.00324127457536
9.88799557403522,9.38792969626147
1.31325270235538,5.55095939393616
2.26307058698478,15.084458692751
Rho_s: 0.47953123938281
Rho_p: 0.443254508812422
IC Time: 0.00999999999999801
