Rho:-0.5
N:500
4.78249965632453,2.32035976078938
0.442547152750194,15.4680881116157
0.463754334487021,9.48402630829821
1.61928549710213,13.1363942804187
1.15151309780777,11.5729282549294
2.09555822945013,10.8172496276392
7.73063103440118,4.23249869664999
1.21460550092161,10.7113608749911
0.878790020942688,10.4122449578294
2.66638665451648,7.37322978845471
5.91744902871966,3.00661920943562
2.06948264493587,6.80231286227877
0.466010235249996,7.73944001266478
3.289441216569,11.7567492914763
1.75338313032776,8.31683009839655
3.05318969843869,12.2246438156275
0.557691892609,8.92027080849613
0.710168009623885,11.2375539432972
2.59465623079779,12.3718857370359
1.34025515802205,5.30604049271535
3.39446450744011,2.88328035351089
7.50796046197924,11.3440746480246
0.402803784236312,12.6701488138239
0.659747884608805,12.91487450515
0.246858376667429,14.2551752144913
0.0839132508262992,15.4719749455698
1.47233588964926,8.82947276307253
1.36796239763498,11.5440134315475
0.137210533022881,11.410708038696
0.145639466676668,11.9354962424109
2.58379206239226,4.93797128775952
1.59706054490722,13.3615751454483
0.201913500204682,10.7568588546022
0.127228751547424,11.3644976154543
0.521979441409302,10.0438411377444
0.569317177745058,14.1816721788948
3.11700141785626,6.50456081819343
0.662295876070857,13.6681745705384
4.82183736910052,9.23852866590202
0.402854253109064,13.259805603845
0.691986293986757,9.72522157279552
0.145516415411839,8.89721705029674
1.3162948815152,11.9024320552248
1.32250747084618,9.1779064743605
0.0137384701520205,12.0985193227833
3.51232927275782,4.44297406540363
0.555859080515802,10.9354415854028
1.17281040363014,8.98560638033083
0.545763946138322,7.16476611483255
8.20404792907548,6.22847699748232
0.683694029226899,8.36210273261809
0.00660934344926165,14.2580430076703
0.303154579363763,11.1832160686776
0.664481094538775,7.08223918068801
0.242072645574808,8.18314349670621
1.89655410303714,11.1759985699457
0.712987729935091,11.3049405119974
7.52432794454408,3.36500484150828
0.106054904870689,11.5611658219372
0.252214190550148,10.3166760955527
7.72872805269867,4.62514909632455
5.17613827039428,9.22967000406831
2.44939228883925,9.21459881836475
2.02443455151262,6.06039945338874
1.28406016062945,13.614784430597
0.0668454576240457,15.4869433139675
10.3254034252544,8.52915851284424
1.74817332382584,4.86488867612753
0.389183601364493,9.14485297978808
2.09625176890733,5.99519256359314
0.477383939821072,14.1422725244557
3.67830989120488,10.0184281662422
3.16569925038503,12.2332483164234
2.33052301398459,9.70814706387183
0.749889681115746,8.0059824970045
3.43465690297966,9.00136738312228
0.852598556317389,9.80628851016497
11.5850811382376,11.1469079040826
2.50771593480351,10.6923949456619
2.6602702307606,3.62473125824554
8.19668860318971,10.3854033445756
0.633616523227794,15.3770851410555
2.57240749887171,11.1900158596422
3.70527910734214,2.80045584129997
0.406115946799091,8.06754322663265
1.70810084595325,9.57933796104835
1.84278634368422,5.97362114253363
0.846344943158329,6.81581565727638
4.738825302319,4.49012105587394
0.380001880228519,11.5079416067703
0.200524224899709,11.5693915000582
9.79883588386071,6.71651486878852
0.307953463867307,7.6788860599588
0.82656347154753,12.5393376693826
0.755663084797561,10.2824975428094
3.01668072102552,9.76132243228827
1.21857043076307,5.84157333287753
4.04302495701199,5.70746187720478
0.495649667790617,13.9150297896116
4.8180496280355,11.2484927071711
1.88401012300494,7.90646511948775
1.11815308500081,14.4842230027708
1.94334042063894,7.29578591696337
4.08910770697479,7.11945017341931
1.35260601248592,11.630933625634
4.7700114061398,7.45392280371185
0.251571391199871,9.12625229943229
1.56802368542263,12.4912332070671
2.1417443025017,10.0502897406065
1.22563474642671,11.0964851641474
0.587267181836069,8.80486061642135
14.0075130081716,10.3273957762787
0.0032899072393775,12.7898198708744
0.793922512792051,9.67405919971818
0.255722103351052,12.7991120457191
1.30682050809264,10.5088448633242
0.230799978598952,8.16382635316251
0.597387725487351,8.32889323496171
0.092611001591002,10.5652987844808
3.82382769120817,11.3870055317253
4.75948416043944,11.7329723383922
3.92626093365336,10.9031889080068
11.6239278011753,9.92282079303565
12.9885925903805,10.7824622215056
1.86489278442206,5.71850541970797
4.90839718629546,7.46526013909085
1.23232335504144,8.82306261713812
1.65160978204551,11.8182884923142
4.75864053305776,8.78109175309137
0.160577873699367,18.0273799968273
1.22959932591766,9.60477285429215
0.793086841702461,7.7675614125356
0.133076864294708,13.9396680103986
0.953380602411926,13.115953647965
0.313519529998302,13.085172435993
1.54477088703754,10.4710289335247
0.288387212007102,13.3444559909082
0.762119882571341,14.6798976084834
1.41586589618566,13.7732750312897
1.29215462505817,8.26234094484261
2.06585518250943,9.92528639747718
2.73595634280684,6.07417898686741
0.688060870102399,12.893260438942
6.89315018024216,9.15279270431765
0.193848860450089,10.1397211739825
0.50804768961385,9.21537777999506
0.203036406110081,9.77664845495749
1.70158088385108,4.96239943364751
1.73862459874692,11.1669568843829
1.78296904443743,6.43371014573064
1.3631402766332,11.2931982200371
9.10346416333571,11.6688130095708
1.58001446343007,9.65744377443264
1.34707505162805,11.0130108603305
2.92341325415258,9.73755739323543
3.65273623081649,11.8968676724618
0.196318978647517,13.4207131646923
0.562290519475937,13.6782237033064
1.46424500681534,10.6783546001713
2.60566006964984,7.00550180506737
0.540424125269055,13.2168427222974
1.43464799364142,6.46223500779941
1.32681801263243,6.22079477997858
4.23120206528675,10.2545890774266
2.32679853579941,12.2153811533765
2.27909303820672,7.38095503431202
1.28891900168489,6.81955460917468
2.47066705106738,9.25152146501224
1.60169704767357,10.7913689357156
1.27971443533897,12.9174987524466
3.0225252070936,8.35474452522775
0.0592432674020529,18.7574120549159
0.151757526257354,8.66512086975407
0.042890170952396,15.5108376444687
6.57269149985085,2.02609501276448
0.39323225710541,9.5398128518061
3.0704976635391,11.4823251939435
2.63140006168726,8.78839451302268
4.69382036104837,2.64130990729279
1.76334492638077,10.5147814897375
1.18485894675363,12.0420191601875
10.6312483282466,11.5208739474074
1.88992652142068,6.25172782490572
1.93280796139481,9.09597043469862
0.353304709307849,8.99505282156356
0.932612793019022,7.26154939223553
1.15796129778028,7.52828970177923
0.543482560664415,14.0924676330301
0.241861746420214,11.7823238464895
3.36445665342693,11.4848677939297
1.40255075001597,10.2525389120658
6.64969452965065,8.80201339830795
2.75715888841989,5.13236371923624
3.84756255878096,6.51809213249979
2.86588492803353,11.2708453784243
0.984196467325091,8.2226430739887
0.917146543040872,10.4518768075032
0.608925044536591,12.4752968282701
3.29256669415121,5.07189626551599
0.0658748527784289,10.5371693602014
0.575042277574539,9.14790025224264
0.56499951146543,11.8293458937112
0.172433262690902,15.9860064592178
0.723538923448811,6.67972533774953
0.323787752538919,10.6704335323829
0.016931763728945,17.5632211913398
1.02277133706957,10.7951951230975
0.521498712178861,11.293402355304
1.01604954712093,9.607397688814
3.56999548507814,8.64707196626865
0.219862648285925,16.3937887339827
0.536629147771806,7.63227133408079
1.05822058022022,8.40939081644283
0.165240865200758,17.2562646667697
0.0534452499931464,9.38238778052223
6.3709420856453,10.823722220575
1.65069116271081,9.68334250266833
5.14557442416377,1.82478745871162
4.86791012783475,7.40720841653513
3.18695796636825,11.9998039409258
2.25338846250417,11.1909224962573
1.70617272521102,7.80112713193986
0.814506385475397,8.19001796605113
0.593934796750546,10.8675254936688
0.0661009773612022,9.04056512116615
0.921596833504736,9.36675295067574
1.60375943009771,9.31363689428282
0.716769283637404,10.4209581921944
1.6915641016418,5.56636119015759
4.21643726875014,10.5930773059986
2.17014045818689,9.93134913284266
0.365121011212629,12.1984166055262
0.645683780121571,9.44793336885652
1.53702324061635,10.9586231978327
0.769291210919619,12.0270810813179
0.211850036866963,12.4303273512741
6.51329974796543,11.6972871045234
0.529885386002939,13.4475955783741
0.194510528874337,8.23020602967832
1.18494962342083,10.3425425092862
3.26826569421177,10.4663798057962
4.19907771398254,4.4932813122263
0.00988489203155041,11.871902887236
0.485981147736311,14.4449883558702
2.29240166387051,8.74865806948248
1.47035517914412,5.77286410389152
0.777420105412602,10.7228454451172
1.9726822002882,7.51648370805399
0.457471001766914,10.3615948788348
0.141596975716808,13.4987384566648
1.11780448351055,12.2516269262768
0.112721990490159,15.9540291222161
0.189869284912894,11.6084108093841
8.44115737775221,2.04335719383929
0.325418714433908,16.1156720179671
1.33247921336442,6.47372888504222
1.00148802809417,14.3049532982635
1.1263606660068,6.76951138499537
0.0997267572234986,17.0946423091471
1.14914905931801,11.3171977192875
0.981688771396875,14.5858285322038
0.644313796483785,11.5336646846098
0.723689205013216,7.81448890219301
2.32321131593528,7.3451925571196
11.3982717686131,5.51504469354014
1.45354567362967,7.74958429313332
2.98713328734089,9.48505212881664
0.566432216204703,15.7367596806179
2.3081018514091,12.1074047639991
0.0760668312871863,13.4247463014881
0.0562894698232412,16.0776331228599
1.34862953610718,11.5214245547081
2.31946383967044,6.61598032477293
4.68149916633928,10.5466805925173
1.89814600880839,12.4747959372172
0.426944798789918,10.8372834334289
2.00665527387502,12.7631670600547
3.80160771666055,3.26072776182263
1.65770445010605,5.34799927051787
2.08947884283009,6.22881968722139
3.54879935561325,9.84240979755591
5.86505466665993,5.78245544511781
6.57910937037239,4.61599129966047
4.10919341428166,4.68155942702488
0.524129279823239,7.83585436984282
1.12366475537419,13.244603675158
3.24162776751404,8.45409561406029
5.9583868546762,10.89041294747
6.28445454442668,1.95622416740888
0.147283050231636,12.4039414879174
0.833850999362767,10.8120544086428
0.293717010542658,10.2644458125455
0.410031850528961,10.035845940626
0.566297733012068,7.12320875936119
0.390288245864213,12.8665599562721
0.0213275833042987,11.4991105279327
3.25286933390384,11.6562063546453
1.41699078856947,8.06710608680086
0.8308727840822,15.1114982786599
0.165353570133448,11.0935818983929
0.51523544639349,8.70173673957682
1.90184081094457,5.6188262282639
1.59060401260629,10.043134520169
0.98028113999931,9.1584326309088
0.114906958742178,10.8367286012488
0.124585376317688,11.2524334013123
0.163352936278086,7.78438515404579
0.396974162854008,7.7368184270366
0.522780666127801,14.6737636699072
1.13145590294152,8.76403584595394
0.931074216030538,9.41500314847819
1.9204752931171,9.77237564741694
2.06000819793882,9.7706969602222
0.219071969382364,8.48729697574762
1.7744783983002,8.05514490612345
1.11063247919083,8.41185302138394
9.8214994402309,7.58021175263819
1.3360900208354,9.83550428411379
0.564254874363542,8.0303034886084
0.0799309156170775,11.8368787721823
3.50365194288974,7.49898423733047
1.76969765863361,7.11305815589636
0.157453093677759,15.9037808430666
0.241710726171732,9.11975945929185
0.360094187922141,8.65870828154171
0.526016260497272,13.5341012685374
1.0808225562796,10.9940851890519
0.36647923104465,11.1729770842391
0.253466726947837,14.9222967626092
3.73970855383163,9.9731033297448
1.4049419312829,8.30942172479961
0.587249437347054,12.0901939721524
0.352727042757764,9.28021226200134
3.57806877831845,11.5917697564339
3.4424572920609,10.9336546656194
0.657260392234954,7.35870787811925
5.45971876730151,9.91203704248514
1.88677631496432,10.7319517360302
1.1958690751344,10.8340394096254
0.526925130518629,9.61433704468098
1.07741246838123,9.67200175945127
2.43097544453087,7.79661193673427
0.677083555608988,9.8434332462076
3.71113030223136,7.8703801372305
0.393036951343207,12.7811207070103
0.57413664467931,9.04770914880318
1.68693695581498,9.80708205181544
0.349603047071687,11.9260692151616
4.57035088886447,5.52577808727589
0.413138241507113,8.92926766054525
0.825676526874304,8.16169083966202
2.223142394712,8.26566726859983
2.01943543731215,6.48366446633285
1.26932242047042,10.3596386410395
2.06530536591003,7.69705520311
1.05328299291432,11.7368847459537
1.17246733978391,7.19615042614117
1.63123688730876,11.9658949457213
7.37805850389314,8.91931596039587
2.47715815148296,9.94706422999811
1.0345625160262,8.15184040431274
1.19506924449915,9.45516692530224
1.13585064932704,7.41910372336503
2.91651063878549,7.47035565589538
2.47046580157223,12.9676872030132
0.262873021421583,15.872758262676
0.0119878921476708,11.4340925214917
0.596005039289594,7.11044800841965
4.60995282580085,9.05487148118587
0.0406368440017104,11.7251307052159
0.490230469033122,14.7575262638195
1.16794698406011,9.22514066209068
1.86538405894282,11.5389098407491
1.342633404769,12.6699034594646
6.60932579602966,7.58217677317369
3.24904269335752,10.7638879741703
1.30973981972784,5.7837472611759
0.920429917983711,11.5929211406539
3.1139216160584,10.7866743592805
0.25077108386904,10.8914638831696
2.90656637011056,12.0466094171943
2.49038150153103,10.8426728329241
4.0865246838141,11.3959763756574
2.449854189446,6.40968290441233
1.11487290170044,7.84164223057635
0.696321981174207,13.5956571671974
0.316104525700212,10.241296197711
1.11597158294171,12.9923779391964
0.274000402539968,11.8867764176419
0.375450600869954,14.0451613125173
0.305847213603556,11.7427894752076
1.50891696653309,7.45635618166473
1.84472391640141,12.6273521900834
0.584337896667421,7.63190725139942
4.93191497375197,10.0388822703049
0.89224520866191,10.1830770095229
2.17855989924612,9.62183385805877
0.8627616684994,12.371985184824
1.28814601898193,5.89430959779389
0.236524968408048,8.3466360225756
3.22553825679009,7.38393069204431
0.512343946844339,10.8300151970489
0.218683542683721,13.1414966274255
0.302815421057674,8.65706104709234
1.21004406083375,6.23122602267429
1.27252199687064,10.3032951254544
1.09466694295406,11.2952651201758
0.424608277156949,13.6088215294825
0.0282240639087634,15.6184268183711
5.72833591326484,9.30596325626742
1.08461916260421,6.17745247902542
0.925851706415415,12.4270439013226
1.57715234675707,6.31433033856821
3.2523355279317,10.4341674712153
0.952049418352544,13.2075469116513
0.252015832486982,11.826371287182
0.137462317943573,9.01676008147009
3.96328751353507,6.41259000389341
1.85319224342372,6.27245560584137
8.07928113224817,7.58733098657064
0.0994559777900577,13.2424106497396
0.510288192890584,8.00322449599643
7.72428194763971,9.69010393202102
4.51742472846932,10.4163210394334
0.518331792205572,10.5306298312525
1.07394978962839,10.7680246927092
0.618817295879126,11.853047793508
0.889424328626638,10.5215845572923
7.17359552862954,11.655476135106
0.687561918981373,14.3304770354035
1.57384595452788,7.61517119121861
3.17837610451465,4.97906322604269
2.30753864979454,9.2526762603938
2.93375180272346,6.04261849468094
2.27917810707333,6.19122161301563
0.499389633536339,10.4194885936136
0.989940943196416,11.9092385403373
0.583415347134427,13.4381996261675
0.642032471485436,8.56997120689938
2.56951517975869,5.85636321271177
0.968245349824429,14.7269282209966
3.44165406149804,11.9958257852815
0.795552292116827,13.8040529579916
4.53827195216842,7.32567026134536
1.43510262031571,5.80836979138589
1.002714863047,13.3700503983397
1.18800167180598,8.01664964874236
4.89046756525464,10.5333071411514
2.18978069900515,6.75794856674524
0.280711974017322,9.3247150134622
0.616358422674239,11.6944439856281
0.30461829430232,7.61297206144756
4.46271816243358,8.07939928154463
0.767540549859405,9.12746957056403
1.2058327216655,13.0715826693733
0.993057923391461,13.6438932242581
1.48240497440583,13.36933314678
4.2040075396461,7.79104529441181
1.62309847503496,7.60329942865975
0.329593928530812,14.9143402242394
1.89366959585788,4.54051466916372
0.0489407721934433,15.6374473781762
2.95936083031778,11.7174987259344
0.398847454227507,10.050721554844
3.69726310281043,8.99912394202857
1.62112987405601,6.2625313395308
3.1496899600924,11.3660161191322
4.26252552469201,7.67999517688746
3.51038623815385,4.5313557106977
1.5017977747226,10.5753887964341
1.7426129161302,6.29152539123726
4.87032218624778,10.44746954661
0.500997045077384,15.9147519486533
0.292349083606836,12.0004759976038
0.759843007661402,9.03858470645971
1.39403365171495,7.33537195699533
2.37052811487558,10.6491281187694
4.71279490341373,11.5020573902007
5.618717749096,6.28318695829042
1.18186854850501,7.61224710385513
1.23623270448297,10.4927531470457
4.56219674994178,11.0853392819341
10.7867647142787,9.46762988456035
2.9738525932837,7.10944734491738
2.93772858457578,12.2256114659555
0.0763138430193067,12.3043744485628
0.882028753869236,9.37669885621174
0.915906234604545,11.789214973608
1.27160892263055,12.2327598796629
5.45779645045228,7.05513882676322
0.475174601189792,10.0091608749878
1.61330576418879,11.6387773948865
0.566640781238675,12.80728142011
2.73749589166584,8.47865409124073
3.09454188610929,6.30378415376087
4.62339581896491,5.94925795197142
2.49452941297534,9.48819093510252
5.17117479045816,11.2055604625405
3.23511020388856,10.4592048181294
0.0556425213381862,8.75439008093052
Rho_s: -0.431284029136117
Rho_p: -0.348851557752161
IC Time: 0
