Rho:0
N:500
0.344812025694137,4.01359669474845
1.56539955913069,1.73249320863726
0.332695453427732,1.71015803693774
0.183936497318542,0.220573212951422
3.37584137899761,1.68771566069665
0.805854702368379,0.393313324078918
1.60611506426618,0.794433917818522
0.0621630065143108,1.73198342753614
0.0315517606213689,3.90025229362731
3.63871945051436,1.4187581311773
2.78287974355702,0.018808308057487
3.54616531340365,2.01297136015239
1.11729043070227,1.84207438669148
2.85181850923185,5.61451634046796
0.84892379133393,0.369890133850276
2.49930880534637,0.773317663545877
1.00160463713109,3.16622313549734
2.48285376458409,0.570134408771992
0.434610663584031,2.4938503738531
2.27590857437792,0.915919850580394
5.51932976742215,0.0537601066753268
4.64110868358177,5.26260320444532
4.77418386538453,4.73316258361366
2.14054367488779,0.39920227508992
0.410041082125453,2.50069562151077
1.11556973773986,2.7177699933851
0.690108979120851,3.1827820128986
0.515172703955671,0.475208754651248
0.0736705781891942,3.62966479344254
0.480155478231609,1.03985690436891
0.716893178410828,0.0977909307204855
5.71186363166651,1.42460580255469
2.34561233400347,2.79135366393569
2.70664577177706,3.35136514140253
3.02380262526386,4.03643756343012
4.65707238881189,0.284271749667823
1.31130955927074,0.588390212506056
0.521291714099333,1.23717455007136
0.493422967381775,4.11274003220682
1.0281431665644,8.16558460476709
1.84460351607742,5.31371852357812
2.71250778190297,0.189544416032732
0.624336199834943,0.226871736575772
0.145079907855778,0.701274872290895
3.14171457273846,0.291201272048056
1.56616311884465,0.892323669977486
0.363174118800936,1.41542119338157
1.96793085988369,1.82096514283659
2.28322799309137,0.585394904948771
0.113499999334338,8.16331196906877
1.29650747496635,0.47611148491291
0.575566361658275,0.870577774010599
0.813456733711064,0.781958834268153
0.875153963454068,0.502025696448982
0.584426423534751,4.01589558629279
0.152404275722802,2.64115297413411
3.0585828692001,3.20345507172828
1.27748099621385,1.15510977339
0.318494974126279,1.97516393144875
1.01499119773507,3.79405798001175
2.11933251275661,3.28796030333628
0.0272371510175276,3.82918589917903
1.22504683583975,0.274813429962977
0.332403355278075,1.37956041097641
3.34866223467474,2.60154277822914
1.01620142364595,3.66971532238607
1.29921426530927,3.23318726405
0.772851717658341,1.93115191091399
1.35460766404867,2.26346878326478
2.3583165834749,2.18205643995645
5.82855103876362,2.53474026723745
2.0279275625104,2.20682794219794
0.62646764703095,2.50456416598501
1.10613246769599,0.569296835921705
3.27247415466194,5.11857360203691
0.102803475877257,1.66312842071419
2.20562626040521,0.635301224887371
2.58427160411122,1.83556356458905
0.447712513618171,0.234276533126831
3.00530452450907,1.43793885960224
0.622924705967307,3.5865713393498
1.78130270551445,0.327885708771646
1.38039199076593,1.83360912083628
0.635919852182269,0.569603451527655
7.40434414436978,1.48796520264035
1.15745174419135,0.530932548448245
1.53895062804804,2.43922909340801
1.97115126073072,0.0438363397127148
3.4260667709816,2.75413607238772
0.093489585485133,1.32738043460995
1.96974638096037,0.141391103155911
3.3305501186596,1.13861995469779
0.72901466768235,0.516113735479887
0.198301142081618,0.439915141962307
7.34961000876957,1.27507953066379
3.95842323062902,0.255619473535768
0.0419369302617554,11.6621539287998
1.79947202122206,6.46619635786781
1.18259723577648,3.92301407067065
2.10938982657137,0.215644082102054
0.494673353619874,4.64434423436918
1.50783650196137,1.27751648146659
1.40559199507967,4.19095756963599
0.0448808018490717,0.756849740335271
5.4585700665874,0.189761855803592
3.2270607917449,4.86216590155788
0.497255099005997,3.61476359872108
0.0857569444924593,1.36318268999457
0.611445068381727,3.01738828031306
1.10439617186785,1.85047974693399
2.36590721077266,1.99632116063415
1.70421222054385,5.87842335169458
4.95251136620469,3.14817273227458
5.24133237798638,1.15790792326109
1.55653800522865,2.98387994440309
1.33761353138834,0.184200974181294
0.59490489962179,0.556008183397353
1.21770960092545,4.11287571473007
1.11570658255368,0.723095783032477
0.282890439096258,2.32472001566532
2.35817515016251,0.348462224006653
2.55646163775566,1.72078843965175
3.30620041100268,3.67667195525715
4.40323198188968,2.18428917593303
3.11233095807915,3.98300252465491
7.00376285198045,1.0430125715211
0.587967498227954,0.0442089846070819
0.120014630238004,7.21897428716888
0.460627995706051,0.503775966353714
2.4291054996753,0.472725513391197
0.08870879560709,0.998863293789327
4.80959561759269,2.43299247502329
0.978802122108018,1.13603692408651
0.951618914492428,1.10970063041896
0.32194498644574,0.816739479079843
0.492150877602398,3.92063696665649
3.03032983822708,0.644299339211716
1.13097616750747,0.748222515918314
6.40670441057453,3.09913771955257
0.887280028313398,0.175926459021866
0.510511601458717,0.241751180937249
0.335090753622353,0.0679950232988261
2.36323728031459,2.15004367186668
0.342831461404621,0.85083942523261
0.899553992487295,1.25014016591012
1.64574234365466,0.320549955591559
0.669472854584455,5.84351801838646
0.866206901859465,4.72809549228067
0.0273186379882746,1.3924626725817
0.23712323140353,0.470404754392803
0.111787077970803,0.22693239711225
1.12408875208348,2.07328354000094
8.23876006486726,5.35948545833058
3.75489968417173,0.872835225904919
0.0993138318881392,0.279773069545627
4.97336132962962,4.80017808872338
2.00505707218292,2.89872043825592
0.570429753447824,3.41576410997911
0.976662306404275,2.40558130471947
4.60136186678834,0.119779433844979
3.39964063076263,6.4392456259943
5.56319454616668,8.28104517939401
2.22178239366951,5.68082394502969
3.33667325956707,0.199340706691146
0.610517660155892,11.9539680176212
1.7458696239641,2.04831605955007
3.18338157219772,1.54193550424312
0.660859224386513,2.24975339687409
0.909769135527313,3.04766771180515
2.81486621109729,0.496504378836255
1.41181105157307,6.73443393375645
1.44652369740947,0.0723213469609618
4.95363680620618,0.0228869726669679
0.751541981473565,3.19494169933682
1.04353676643223,2.9160626182818
0.135230261127003,1.19236079230905
0.965000495314598,1.3833950329572
1.38708568107345,3.56869974343066
0.561141996644437,4.6743015234632
1.11977915745229,1.32861552294344
1.18299374263734,3.27492744458799
2.949308413433,2.17679631142857
3.28812450219679,1.94301656997743
3.34422730265145,0.144462135620415
0.349116208739228,0.47391954716295
3.30346309004312,6.97441921713662
2.58177331454101,9.18344093600125
3.87978421507363,4.71387467135615
2.73035134925487,5.91561332311402
2.83316165686592,3.60243030993228
0.145672341630896,0.134489035035336
8.8279984640491,3.31987259520178
0.479218971915543,4.87650394051354
2.04008899993243,0.934379860758781
0.796712388284504,0.371146453544497
0.870104522444308,0.510632321665546
0.795919238589704,0.0865203188732266
1.35791026055813,1.41245056290753
0.468509407714009,3.28350844217424
0.763738229755303,3.99437855912333
6.50436031784783,0.310642399205616
4.03897906572932,3.0263065805841
0.343950450583221,8.48428580859556
0.636398294009268,1.56700554109159
0.936273287981749,1.39284105585223
1.01069027651101,0.238311404362321
0.294053105402987,0.535335811786354
2.39844385153594,3.20139495639091
1.97527831598165,0.855132048949599
2.19845981142464,1.5202970522547
1.51243588165249,0.216004098549418
0.0799404131775395,0.781920230717751
2.55239876910093,1.12210483942181
1.85650611446766,0.325633919944893
0.162620041572337,0.593367942608893
0.845853035338223,1.51817757255378
0.160543918609619,0.982251770018107
1.76491342476549,0.640629849396646
0.0982814166971508,2.66316662720385
2.8523882965209,0.96320582088083
1.52820197298172,1.55982013166523
1.71837295989382,2.11928059338572
0.087206824682653,4.73900020871851
1.55388032346128,3.08494850603824
2.0275441072041,1.09765435010195
0.487072063609958,0.157530083147812
2.26925571254435,2.00818664899724
2.74155898570063,0.749927678145468
4.94601305921502,1.33998925611377
0.206649526953697,0.154016064855976
2.40569952348658,0.763957391493022
5.52095770438142,4.11147828010802
4.70164978851504,1.299240950495
2.13512236057761,2.46835839739981
1.47018438382986,0.343978258781135
6.95537583115411,3.44254581985955
5.63909718375771,0.0907185714348555
0.360437113791704,2.15132927699926
1.50464490792694,3.26984352974181
0.486422932706773,0.759438067155856
12.3856551342442,3.61326579360251
0.0930915288627148,2.95148396901354
1.80066025993767,2.3688960353935
5.98843987276005,0.297886013053358
1.25648173224181,2.67429283625426
0.105173108336294,1.87367592929843
3.01105057602417,6.78079476918945
0.5651582069695,0.256811386905611
1.79273907273057,1.63036187972626
0.582656919956207,3.08789211161776
0.0359408074148442,4.86342576493449
2.28238421969834,2.07862433542725
2.23581790729406,0.510786341594303
3.39047514891595,4.98963477809854
4.21011085410543,0.522460131905973
0.0938471108675003,0.304505847394466
1.70289565305818,1.22656704299152
0.809062537737191,1.30022441595793
1.23172991070896,2.32299815382831
7.56014208939199,2.15324014975669
2.8313142298147,1.43221540131343
0.64936707355082,2.76943865968826
0.440481036471023,2.94528372196441
0.619153953157365,0.676482613198459
3.66937152121567,2.76540747090223
4.8371864815516,3.27552222816234
4.68615145583577,7.20303346290948
1.70051852196449,0.110756223089993
1.79886702253463,1.87038472286406
2.87361921354185,6.54191811349163
0.469384360127151,1.36379582621157
5.87843228842983,2.25545049548364
1.81520960285308,3.27201239375358
1.94496387048605,3.5577372087348
2.46519075511935,1.8078703842217
3.23224205876353,2.98920421611697
1.03212068416178,1.01277175545692
4.10411051271443,3.12525306252723
2.50890061437132,5.16664847333856
5.74498827721844,2.19914944834056
2.01585877305808,0.0103169218619274
2.12789767458515,0.948562618345022
3.27559807134752,4.27155502453045
1.332823083736,4.10447264445906
0.388183748349547,1.57555710888448
0.793041268821579,1.33605884388089
1.53104355052535,4.05586074648385
4.08956617845183,1.38911026335301
2.16241299161709,0.00503363668059098
0.0101033560216422,1.16109311208129
0.749370419420302,5.16578546513743
0.252392100172126,1.70027087142124
0.613681144081056,4.54652618219085
2.16906646152305,3.03177805262192
7.19087387206865,0.184173057099685
2.60274689636173,2.21247781804743
1.5253696972539,0.299693084321916
0.035687936037592,0.388418398797512
2.69140636726263,2.81297745538836
2.38180918108495,1.25677530840039
1.47351428857985,1.87685722663047
0.821921261958778,5.98602625694046
3.70154560340529,4.64126733292766
1.3119660448283,1.35642012488097
0.426998208617558,0.126379426568747
4.77088001614692,0.125058229081333
2.66749540894272,2.05235518692973
0.286998781375587,1.77892919807675
2.00988105303588,0.380598329007626
3.09497484175448,0.744596475735307
1.28340291883796,0.312947317026556
1.74242194689867,0.540222705341876
0.641792125592122,0.0835773525759578
0.883489548228681,1.67181239082458
2.17200537948849,4.87749427159257
5.45504352797694,0.685287356376648
0.0846930853909911,5.8284144994236
1.49362245938721,0.0664559269225224
2.62326305537465,3.1470480187047
1.2601990159601,0.441036817570668
0.859845700673759,1.14950482919812
0.511191918514669,1.3876047856125
0.50108009763062,9.15741793015852
0.0163843801834398,5.41139423449464
4.81780670185514,1.31282277032733
2.48262801944258,5.08151721556611
0.957071933261782,1.49622958517613
0.0561170688429531,2.37690566844287
0.343097304925323,1.07695246149655
0.65541292540729,2.15910688779297
0.113656319335002,0.0114640506095544
5.29328111906476,0.975071348249912
2.03136033050122,0.53879342135042
0.16280075814575,2.01556225112619
1.29636333137751,1.06042523961514
0.555491393432021,1.05522658023983
0.0507956454530358,0.285899417474866
0.500574320570104,1.07340039964765
1.3681554896757,1.05759025271982
0.0352857478396026,3.99124558625703
2.21896130955758,0.769982141442597
2.06079499913868,0.257588709704578
0.834397414788325,2.73100287458839
0.505983641371131,0.629715736024082
1.81455470613184,1.4757822844291
1.07486260030419,7.22529344230103
3.83567692322617,0.52198189124465
3.12966780412758,7.35376927792416
2.90031507594471,0.835914677911194
1.66959529361668,0.690316735766828
2.19265288478675,1.94802155709806
0.433587736450136,0.899272861890495
1.59678393527732,8.66502652266874
9.98096565888079,4.72053396134518
0.00811894703656435,2.99109511504366
5.86774374511013,8.21510035875154
5.45928380240626,4.66172176726845
0.875645199790597,3.1823492644537
1.69838163248243,2.11228424861076
2.56747426270487,0.54530458681209
0.578476681374013,3.36921000463848
4.09179490787869,1.54349777369864
0.0828606546407633,2.18841354726794
1.07701730764395,4.18208869086876
3.60698836157141,0.0449571312490923
5.90604993667374,5.58168028314735
3.89739437384491,1.06780609395355
1.66134561645227,0.119876102544367
4.89837818195052,3.54917055739486
0.420927586965263,0.731224674731493
0.393682101823931,2.57981338157299
6.7800604101635,1.45794146899714
3.17483101023321,1.04835692793131
0.181074970401824,2.34794880775318
0.456794071942568,0.89460123796016
0.622693615693601,0.738035655580461
0.261588292196393,0.78306841299256
1.22596215549856,0.891661776229739
2.37610006696525,0.604144588112831
3.22069254500752,2.80495225248818
5.65618434514771,0.42816826608032
0.338747779274889,2.51710733390393
0.975261154306812,2.57971426091137
0.0167644619941711,1.24596759490669
1.31976180709898,2.06182542062345
1.03444998854735,7.59157318493948
0.608243025839329,2.15986551156886
0.693764741532505,4.04218152562816
1.04214469157159,0.560820392332971
4.00796198828106,1.4216666637704
0.531263817224494,1.59948048732224
0.322947083972394,0.301341848447919
3.20279584063177,3.20941787941341
2.24887387259843,0.341082967817783
0.488712420687079,0.93125616107136
1.93196152654196,1.701522603547
3.27348025871401,0.307886309921741
0.197396321222186,0.191412986256182
0.355356139853784,0.366491901193652
0.277411384508014,3.95915108397857
0.769688214175403,1.85164255367666
1.74461464714936,2.56320297337117
0.724306587129831,1.1373909721151
5.07031953682132,2.44182707733455
1.928059739908,3.90836042166224
7.23622323158097,15.975810009062
2.9879799820259,2.27716815981539
0.0922424904351849,1.27140210848302
2.51360259941759,2.10808736822548
4.52011364300675,3.36075757627556
1.01001942157745,1.14649624656886
4.02512646822219,3.31528943387752
1.75480740136447,4.40325028051562
0.201678317040205,1.63019961685106
1.47025609939339,0.794727354310453
2.064859341746,5.05461627592273
7.68193719866586,8.1414897847445
4.18955294677327,4.12159144116526
0.332625279967979,0.0329787160044877
2.52808442889693,2.70397003917935
1.5434889922941,2.9388505238887
0.229220333027741,1.24235351756215
0.388777188025415,0.527772161178291
3.80775079486852,0.848185470511311
1.05724605731666,4.89687119026609
0.595540496520698,0.301125993952155
1.35241000913084,0.0437992080438772
2.04421920134666,0.450685197487473
2.29438641658964,0.471231677402937
0.0551756945350762,3.80309528095608
3.80490042792671,3.95800158285815
0.345850454902623,0.560128467943383
2.88771894772895,4.72344088156648
4.11498629284983,1.15516944043338
1.85653411029818,0.644814531318843
2.85960736481433,2.24395116139662
1.99556764765623,1.67523493634302
6.41062295403252,0.474738755263388
1.52902328773382,0.00753084211472126
0.683851238216999,0.157201823573133
0.593175010755658,1.53637932046297
0.138878477737308,1.4523239712322
3.28730376320675,0.0122133102267981
0.822620805352926,0.860341349616647
1.12655363138765,0.070177489101015
2.83150781575727,0.273626209236681
0.00396336708217859,1.88202813445571
0.670968279510029,2.01941481119102
0.135673171830198,5.28745518265359
0.581161244388768,0.194558709859848
8.21334324362588,0.685499149039207
0.610160268843174,0.0595887927338481
0.671758043579757,0.933628925150985
1.21006977930665,9.21409279810833
1.12991290629686,2.20686711172949
0.595277309861053,3.82321785373573
0.284703004173934,5.32714477528758
0.0358975953706801,0.17994745913893
1.34222606290132,1.93059600136223
8.2037023711474,3.08566102928025
2.45136200151312,1.42416625647786
1.55603918238523,2.66251629582586
0.878299546369832,7.99602361210036
0.975515295751393,1.43413839294555
3.67844925058966,0.0930292103439569
4.47525572310335,0.63927342928946
2.78339031694417,0.866963651962578
2.70484825774076,0.378647367103859
0.21050567086786,3.35378576299042
3.18235139904504,2.88544916892487
0.00859990494999849,1.41920755981448
0.0130465501109327,1.58323440133574
0.192838350130943,6.60887308385143
1.55958082219106,0.478943859820594
0.642655161568243,0.461850714869797
2.07511812253835,0.397015420719981
0.0693522781075762,1.47432062952759
3.16336623189931,6.42387191917668
3.92576435936575,0.309449949745601
4.672019598469,2.03704848877134
2.86872435550522,0.486319280229509
1.95189526109936,0.103229148313403
2.7423144764358,1.55342035426801
2.19102330497446,0.214580810628831
1.30717433802783,1.5677914674485
0.196130565445944,0.134830481372774
0.11265772767365,4.83626485963292
0.297078203806972,2.72273520558121
0.364508332684636,3.36922934243148
1.39920692323687,1.63173031612279
5.42724822223819,2.61993957488778
0.755533240954451,1.13587016332895
0.670628590509295,0.523034890182316
1.22761001810431,0.378849927071021
1.07846742961556,1.29229027219117
0.154475895257367,1.44419913551467
1.38195755612105,1.63211291065413
5.25462434043117,3.07693547313851
0.091386885311637,1.17934386009315
0.345772049434331,1.99329541242662
Rho_s: 0.0559875199500798
Rho_p: 0.107871794222227
IC Time: 0.02
Rho:0.5
N:500
0.344812025694137,2.32472001566532
1.56539955913069,1.87685722663047
0.332695453427732,1.01277175545692
0.183936497318542,0.0442089846070819
3.37584137899761,2.98920421611697
0.805854702368379,0.255619473535768
1.60611506426618,1.03985690436891
0.0621630065143108,0.744596475735307
0.0315517606213689,1.83360912083628
3.63871945051436,2.43299247502329
2.78287974355702,0.388418398797512
3.54616531340365,3.28796030333628
1.11729043070227,1.63036187972626
2.85181850923185,6.46619635786781
0.84892379133393,0.241751180937249
2.49930880534637,1.33998925611377
1.00160463713109,2.75413607238772
2.48285376458409,1.16109311208129
0.434610663584031,1.55342035426801
2.27590857437792,1.41245056290753
5.51932976742215,0.769982141442597
4.64110868358177,8.28104517939401
4.77418386538453,7.59157318493948
2.14054367488779,0.690316735766828
0.410041082125453,1.54193550424312
1.11556973773986,2.32299815382831
0.690108979120851,2.27716815981539
0.515172703955671,0.215644082102054
0.0736705781891942,1.82096514283659
0.480155478231609,0.503775966353714
0.716893178410828,0.0930292103439569
5.71186363166651,3.07693547313851
2.34561233400347,3.44254581985955
2.70664577177706,4.54652618219085
3.02380262526386,5.11857360203691
4.65707238881189,1.10970063041896
1.31130955927074,0.585394904948771
0.521291714099333,0.644814531318843
0.493422967381775,2.76943865968826
1.0281431665644,4.64126733292766
1.84460351607742,4.80017808872338
2.71250778190297,0.54530458681209
0.624336199834943,0.134830481372774
0.145079907855778,0.194558709859848
3.14171457273846,0.816739479079843
1.56616311884465,1.1373909721151
0.363174118800936,0.731224674731493
1.96793085988369,2.10808736822548
2.28322799309137,1.06780609395355
0.113499999334338,3.09913771955257
1.29650747496635,0.496504378836255
0.575566361658275,0.47611148491291
0.813456733711064,0.53879342135042
0.875153963454068,0.366491901193652
0.584426423534751,2.89872043825592
0.152404275722802,1.43221540131343
3.0585828692001,4.64434423436918
1.27748099621385,1.19236079230905
0.318494974126279,1.17934386009315
1.01499119773507,3.27201239375358
2.11933251275661,3.90025229362731
0.0272371510175276,1.73249320863726
1.22504683583975,0.284271749667823
0.332403355278075,0.604144588112831
3.34866223467474,3.95800158285815
1.01620142364595,3.23318726405
1.29921426530927,3.20139495639091
0.772851717658341,1.51817757255378
1.35460766404867,2.18428917593303
2.3583165834749,3.0263065805841
5.82855103876362,4.6743015234632
2.0279275625104,2.79135366393569
0.62646764703095,1.77892919807675
1.10613246769599,0.523034890182316
3.27247415466194,6.60887308385143
0.102803475877257,0.749927678145468
2.20562626040521,1.09765435010195
2.58427160411122,2.70397003917935
0.447712513618171,0.0907185714348555
3.00530452450907,2.19914944834056
0.622924705967307,2.67429283625426
1.78130270551445,0.522460131905973
1.38039199076593,1.8078703842217
0.635919852182269,0.325633919944893
7.40434414436978,3.27552222816234
1.15745174419135,0.52198189124465
1.53895062804804,2.57981338157299
1.97115126073072,0.256811386905611
3.4260667709816,4.10447264445906
0.093489585485133,0.475208754651248
1.96974638096037,0.343978258781135
3.3305501186596,1.93115191091399
0.72901466768235,0.310642399205616
0.198301142081618,0.119779433844979
7.34961000876957,2.76540747090223
3.95842323062902,0.948562618345022
0.0419369302617554,3.01738828031306
1.79947202122206,4.98963477809854
1.18259723577648,3.36921000463848
2.10938982657137,0.470404754392803
0.494673353619874,2.98387994440309
1.50783650196137,1.39284105585223
1.40559199507967,3.92301407067065
0.0448808018490717,0.175926459021866
5.4585700665874,1.0430125715211
3.2270607917449,5.91561332311402
0.497255099005997,2.34794880775318
0.0857569444924593,0.478943859820594
0.611445068381727,2.04831605955007
1.10439617186785,1.63019961685106
2.36590721077266,2.72273520558121
1.70421222054385,4.83626485963292
4.95251136620469,4.87650394051354
5.24133237798638,2.21247781804743
1.55653800522865,3.19494169933682
1.33761353138834,0.234276533126831
0.59490489962179,0.291201272048056
1.21770960092545,3.62966479344254
1.11570658255368,0.588390212506056
0.282890439096258,1.3924626725817
2.35817515016251,0.701274872290895
2.55646163775566,2.44182707733455
3.30620041100268,5.05461627592273
4.40323198188968,3.79405798001175
3.11233095807915,5.08151721556611
7.00376285198045,2.18205643995645
0.587967498227954,0.0595887927338481
0.120014630238004,3.03177805262192
0.460627995706051,0.189761855803592
2.4291054996753,0.870577774010599
0.08870879560709,0.285899417474866
4.80959561759269,4.05586074648385
0.978802122108018,0.934379860758781
0.951618914492428,0.891661776229739
0.32194498644574,0.301125993952155
0.492150877602398,2.56320297337117
3.03032983822708,1.3876047856125
1.13097616750747,0.640629849396646
6.40670441057453,5.16664847333856
0.887280028313398,0.154016064855976
0.510511601458717,0.110756223089993
0.335090753622353,0.0122133102267981
2.36323728031459,2.9388505238887
0.342831461404621,0.320549955591559
0.899553992487295,1.05522658023983
1.64574234365466,0.474738755263388
0.669472854584455,3.61476359872108
0.866206901859465,3.41576410997911
0.0273186379882746,0.461850714869797
0.23712323140353,0.134489035035336
0.111787077970803,0.0437992080438772
1.12408875208348,1.85047974693399
8.23876006486726,9.18344093600125
3.75489968417173,1.701522603547
0.0993138318881392,0.0449571312490923
4.97336132962962,8.16331196906877
2.00505707218292,3.31987259520178
0.570429753447824,2.26346878326478
0.976662306404275,2.00818664899724
4.60136186678834,0.763957391493022
3.39964063076263,8.16558460476709
5.56319454616668,9.21409279810833
2.22178239366951,5.35948545833058
3.33667325956707,0.759438067155856
0.610517660155892,3.92063696665649
1.7458696239641,2.17679631142857
3.18338157219772,2.57971426091137
0.660859224386513,1.67523493634302
0.909769135527313,2.4938503738531
2.81486621109729,1.07695246149655
1.41181105157307,4.72809549228067
1.44652369740947,0.214580810628831
4.95363680620618,0.685287356376648
0.751541981473565,2.40558130471947
1.04353676643223,2.50069562151077
0.135230261127003,0.450685197487473
0.965000495314598,1.23717455007136
1.38708568107345,3.36922934243148
0.561141996644437,3.08566102928025
1.11977915745229,1.27751648146659
1.18299374263734,3.1470480187047
2.949308413433,3.28350844217424
3.28812450219679,3.20941787941341
3.34422730265145,0.676482613198459
0.349116208739228,0.157201823573133
3.30346309004312,8.21510035875154
2.58177331454101,7.22529344230103
3.87978421507363,6.54191811349163
2.73035134925487,6.4392456259943
2.83316165686592,4.72344088156648
0.145672341630896,0.0114640506095544
8.8279984640491,5.84351801838646
0.479218971915543,3.08789211161776
2.04008899993243,1.32861552294344
0.796712388284504,0.22693239711225
0.870104522444308,0.369890133850276
0.795919238589704,0.103229148313403
1.35791026055813,1.44419913551467
0.468509407714009,2.06182542062345
0.763738229755303,3.1827820128986
6.50436031784783,1.32738043460995
4.03897906572932,4.72053396134518
0.343950450583221,3.35378576299042
0.636398294009268,1.27140210848302
0.936273287981749,1.25677530840039
1.01069027651101,0.220573212951422
0.294053105402987,0.17994745913893
2.39844385153594,3.98300252465491
1.97527831598165,1.24596759490669
2.19845981142464,1.99329541242662
1.51243588165249,0.304505847394466
0.0799404131775395,0.189544416032732
2.55239876910093,1.59948048732224
1.85650611446766,0.527772161178291
0.162620041572337,0.184200974181294
0.845853035338223,1.299240950495
0.160543918609619,0.312947317026556
1.76491342476549,0.866963651962578
0.0982814166971508,1.41542119338157
2.8523882965209,1.57555710888448
1.52820197298172,1.63173031612279
1.71837295989382,2.24395116139662
0.087206824682653,2.18841354726794
1.55388032346128,3.26984352974181
2.0275441072041,1.42460580255469
0.487072063609958,0.0723213469609618
2.26925571254435,2.66316662720385
2.74155898570063,1.38911026335301
4.94601305921502,2.60154277822914
0.206649526953697,0.0228869726669679
2.40569952348658,1.30022441595793
5.52095770438142,7.20303346290948
4.70164978851504,2.37690566844287
2.13512236057761,3.14817273227458
1.47018438382986,0.42816826608032
6.95537583115411,5.87842335169458
5.63909718375771,0.848185470511311
0.360437113791704,1.35642012488097
1.50464490792694,3.31528943387752
0.486422932706773,0.341082967817783
12.3856551342442,6.73443393375645
0.0930915288627148,1.4757822844291
1.80066025993767,2.80495225248818
5.98843987276005,1.29229027219117
1.25648173224181,2.51710733390393
0.105173108336294,0.899272861890495
3.01105057602417,7.35376927792416
0.5651582069695,0.125058229081333
1.79273907273057,1.87038472286406
0.582656919956207,2.05235518692973
0.0359408074148442,2.15986551156886
2.28238421969834,2.81297745538836
2.23581790729406,0.89460123796016
3.39047514891595,6.78079476918945
4.21011085410543,1.42416625647786
0.0938471108675003,0.0664559269225224
1.70289565305818,1.4216666637704
0.809062537737191,1.04835692793131
1.23172991070896,2.15324014975669
7.56014208939199,4.04218152562816
2.8313142298147,2.15132927699926
0.64936707355082,1.99632116063415
0.440481036471023,1.73198342753614
0.619153953157365,0.378647367103859
3.66937152121567,4.11274003220682
4.8371864815516,5.16578546513743
4.68615145583577,8.66502652266874
1.70051852196449,0.257588709704578
1.79886702253463,2.07328354000094
2.87361921354185,6.97441921713662
0.469384360127151,0.748222515918314
5.87843228842983,4.11287571473007
1.81520960285308,3.61326579360251
1.94496387048605,3.90836042166224
2.46519075511935,2.43922909340801
3.23224205876353,4.12159144116526
1.03212068416178,0.85083942523261
4.10411051271443,4.73900020871851
2.50890061437132,5.61451634046796
5.74498827721844,4.03643756343012
2.01585877305808,0.238311404362321
2.12789767458515,1.3833950329572
3.27559807134752,5.8284144994236
1.332823083736,3.80309528095608
0.388183748349547,0.975071348249912
0.793041268821579,1.05759025271982
1.53104355052535,3.95915108397857
4.08956617845183,2.53474026723745
2.16241299161709,0.274813429962977
0.0101033560216422,0.309449949745601
0.749370419420302,3.5577372087348
0.252392100172126,0.915919850580394
0.613681144081056,3.1823492644537
2.16906646152305,3.60243030993228
7.19087387206865,1.12210483942181
2.60274689636173,3.27492744458799
1.5253696972539,0.380598329007626
0.035687936037592,0.0679950232988261
2.69140636726263,3.67667195525715
2.38180918108495,1.70027087142124
1.47351428857985,1.93059600136223
0.821921261958778,3.82918589917903
3.70154560340529,5.98602625694046
1.3119660448283,1.37956041097641
0.426998208617558,0.0537601066753268
4.77088001614692,0.781958834268153
2.66749540894272,3.04766771180515
0.286998781375587,0.998863293789327
2.00988105303588,0.570134408771992
3.09497484175448,1.43793885960224
1.28340291883796,0.327885708771646
1.74242194689867,0.738035655580461
0.641792125592122,0.0835773525759578
0.883489548228681,1.43413839294555
2.17200537948849,4.87749427159257
5.45504352797694,1.68771566069665
0.0846930853909911,2.66251629582586
1.49362245938721,0.191412986256182
2.62326305537465,3.99124558625703
1.2601990159601,0.439915141962307
0.859845700673759,0.892323669977486
0.511191918514669,0.794727354310453
0.50108009763062,3.66971532238607
0.0163843801834398,2.25545049548364
4.81780670185514,2.50456416598501
2.48262801944258,5.32714477528758
0.957071933261782,1.36318268999457
0.0561170688429531,1.24235351756215
0.343097304925323,0.47391954716295
0.65541292540729,1.58323440133574
0.113656319335002,0.00503363668059098
5.29328111906476,2.03704848877134
2.03136033050122,0.860341349616647
0.16280075814575,1.13587016332895
1.29636333137751,1.06042523961514
0.555491393432021,0.535335811786354
0.0507956454530358,0.0329787160044877
0.500574320570104,0.530932548448245
1.3681554896757,1.14950482919812
0.0352857478396026,1.87367592929843
2.21896130955758,1.27507953066379
2.06079499913868,0.510786341594303
0.834397414788325,2.11928059338572
0.505983641371131,0.299693084321916
1.81455470613184,1.72078843965175
1.07486260030419,4.40325028051562
3.83567692322617,1.36379582621157
3.12966780412758,8.1414897847445
2.90031507594471,1.48796520264035
1.66959529361668,0.872835225904919
2.19265288478675,2.46835839739981
0.433587736450136,0.397015420719981
1.59678393527732,5.28745518265359
9.98096565888079,8.48428580859556
0.00811894703656435,1.41920755981448
5.86774374511013,11.6621539287998
5.45928380240626,7.99602361210036
0.875645199790597,2.64115297413411
1.69838163248243,2.20682794219794
2.56747426270487,1.15510977339
0.578476681374013,2.24975339687409
4.09179490787869,2.95148396901354
0.0828606546407633,1.14649624656886
1.07701730764395,3.56869974343066
3.60698836157141,0.556008183397353
5.90604993667374,9.15741793015852
3.89739437384491,1.94301656997743
1.66134561645227,0.273626209236681
4.89837818195052,5.41139423449464
0.420927586965263,0.297886013053358
0.393682101823931,1.5677914674485
6.7800604101635,3.20345507172828
3.17483101023321,1.71015803693774
0.181074970401824,1.33605884388089
0.456794071942568,0.39920227508992
0.622693615693601,0.393313324078918
0.261588292196393,0.279773069545627
1.22596215549856,0.855132048949599
2.37610006696525,1.15790792326109
3.22069254500752,3.99437855912333
5.65618434514771,1.4187581311773
0.338747779274889,1.49622958517613
0.975261154306812,2.11228424861076
0.0167644619941711,0.348462224006653
1.31976180709898,1.97516393144875
1.03444998854735,4.27155502453045
0.608243025839329,1.53637932046297
0.693764741532505,3.16622313549734
1.04214469157159,0.502025696448982
4.00796198828106,2.61993957488778
0.531263817224494,1.15516944043338
0.322947083972394,0.0865203188732266
3.20279584063177,4.71387467135615
2.24887387259843,0.63927342928946
0.488712420687079,0.471231677402937
1.93196152654196,2.01297136015239
3.27348025871401,0.933628925150985
0.197396321222186,0.0438363397127148
0.355356139853784,0.126379426568747
0.277411384508014,2.15910688779297
0.769688214175403,1.4523239712322
1.74461464714936,2.9160626182818
0.724306587129831,0.773317663545877
5.07031953682132,4.18208869086876
1.928059739908,4.01589558629279
7.23622323158097,15.975810009062
2.9879799820259,3.36075757627556
0.0922424904351849,0.441036817570668
2.51360259941759,2.99109511504366
4.52011364300675,5.26260320444532
1.01001942157745,0.982251770018107
4.02512646822219,4.89687119026609
1.75480740136447,4.19095756963599
0.201678317040205,0.78306841299256
1.47025609939339,0.93125616107136
2.064859341746,4.86342576493449
7.68193719866586,11.9539680176212
4.18955294677327,6.42387191917668
0.332625279967979,0.0103169218619274
2.52808442889693,3.54917055739486
1.5434889922941,3.12525306252723
0.229220333027741,0.510632321665546
0.388777188025415,0.199340706691146
3.80775079486852,1.67181239082458
1.05724605731666,3.82321785373573
0.595540496520698,0.144462135620415
1.35241000913084,0.157530083147812
2.04421920134666,0.685499149039207
2.29438641658964,0.794433917818522
0.0551756945350762,1.83556356458905
3.80490042792671,5.58168028314735
0.345850454902623,0.216004098549418
2.88771894772895,5.68082394502969
4.11498629284983,2.15004367186668
1.85653411029818,0.96320582088083
2.85960736481433,3.35136514140253
1.99556764765623,2.01556225112619
6.41062295403252,1.45794146899714
1.52902328773382,0.184173057099685
0.683851238216999,0.119876102544367
0.593175010755658,1.13861995469779
0.138878477737308,0.593367942608893
3.28730376320675,0.516113735479887
0.822620805352926,0.569603451527655
1.12655363138765,0.141391103155911
2.83150781575727,0.723095783032477
0.00396336708217859,0.756849740335271
0.670968279510029,1.5202970522547
0.135673171830198,2.7177699933851
0.581161244388768,0.0977909307204855
8.21334324362588,1.84207438669148
0.610160268843174,0.070177489101015
0.671758043579757,0.569296835921705
1.21006977930665,4.73316258361366
1.12991290629686,2.01941481119102
0.595277309861053,2.73100287458839
0.284703004173934,2.94528372196441
0.0358975953706801,0.00753084211472126
1.34222606290132,1.85164255367666
8.2037023711474,5.31371852357812
2.45136200151312,1.94802155709806
1.55603918238523,2.88544916892487
0.878299546369832,4.11147828010802
0.975515295751393,1.31282277032733
3.67844925058966,0.635301224887371
4.47525572310335,1.54349777369864
2.78339031694417,1.47432062952759
2.70484825774076,0.835914677911194
0.21050567086786,1.88202813445571
3.18235139904504,4.01359669474845
0.00859990494999849,0.472725513391197
0.0130465501109327,0.560128467943383
0.192838350130943,3.08494850603824
1.55958082219106,0.560820392332971
0.642655161568243,0.226871736575772
2.07511812253835,0.644299339211716
0.0693522781075762,0.540222705341876
3.16336623189931,7.21897428716888
3.92576435936575,1.07340039964765
4.672019598469,3.5865713393498
2.86872435550522,1.13603692408651
1.95189526109936,0.301341848447919
2.7423144764358,2.20686711172949
2.19102330497446,0.486319280229509
1.30717433802783,1.56700554109159
0.196130565445944,0.018808308057487
0.11265772767365,2.3688960353935
0.297078203806972,1.55982013166523
0.364508332684636,2.07862433542725
1.39920692323687,1.66312842071419
5.42724822223819,4.66172176726845
0.755533240954451,0.781920230717751
0.670628590509295,0.307886309921741
1.22761001810431,0.371146453544497
1.07846742961556,1.22656704299152
0.154475895257367,0.629715736024082
1.38195755612105,1.63211291065413
5.25462434043117,4.86216590155788
0.091386885311637,0.378849927071021
0.345772049434331,1.25014016591012
Rho_s: 0.514985707942832
Rho_p: 0.551536835093416
IC Time: 0
