Rho:-0.5
N:2000
0.416000874100383,0.98084910470061
3.68356709165459,0.352188013261184
6.15894459154377,0.00156065193004906
1.48813818386736,0.669343712739646
1.99730639523807,0.61684318841435
4.66612983097262,0.0660622981376946
2.3848681039268,0.174327687127516
4.28842952983167,0.570840801345184
9.16267911294356,0.365596783114597
0.348149415105581,0.843169569037855
3.06113350208336,0.752866382477805
6.35132236745129,0.0286277376580983
3.88596917033067,0.161417768569663
2.12297035559061,0.133457119809464
0.434340815059841,0.322500999784097
4.55546954621501,0.399548467481509
1.30210774857551,0.546745809260756
0.736087863333523,0.784189937403426
1.43952767915072,0.276709805242717
1.48711767970564,0.185741073219106
5.9209581489493,0.273862652014941
0.237694267241903,0.855031045153737
0.593081172555685,0.612043319735676
3.42691000534182,0.260022078175098
3.27424602098337,0.645612537395209
0.337704282253981,0.670963317155838
0.0488074290267317,0.999376797815785
0.774629157036543,0.164944664342329
3.56112497649214,0.401340400101617
0.840231261216104,0.91181169054471
0.11458982527256,0.371276905993
1.18250841926783,0.533376439707354
0.771717778909355,0.830518698785454
0.218700325726147,0.508811197476462
1.6381827474811,0.539435181301087
4.9165491943521,0.518432963639498
0.0691595934331417,0.339719753945246
0.320331637747586,0.871836099773645
4.35567627415205,0.694536018418148
7.06387160303903,0.197229540906847
0.442940072156489,0.535839911783114
0.743469882756472,0.939502147259191
0.110098401172277,0.290500564035028
1.35777488257736,0.658938284730539
0.215366591305116,0.317277963971719
1.00185519177467,0.402679426828399
1.05719960667193,0.481227541808039
5.45437594850488,0.0874145745765418
0.458857296034694,0.470916745252907
0.0555088124710157,0.532102416269481
3.67371854769952,0.153576058568433
0.311985016800463,0.59682092978619
0.904924790374935,0.883838047040626
1.43074935107472,0.632354381494224
4.09244591353421,0.0187202142551541
0.117154088002917,0.280844054417685
0.769709465093911,0.883068698225543
0.547999970908855,0.817004382610321
2.33688242008086,0.867853542789817
3.56233008570802,0.747631188249215
0.765785121714812,0.179631973849609
1.61683033957126,0.680930603994057
1.76493048100712,0.701534208841622
3.17248850103039,0.0464923724066466
7.42772964718652,0.64624122902751
0.122509859502316,0.605490644928068
0.900682276114821,0.584841610398144
2.57387580155375,0.681744355941191
0.608520584180951,0.779708720743656
0.239785124917749,0.24266289640218
0.440138348673737,0.711351971141994
1.38831871327848,0.363759122788906
0.449082695879042,0.729294629301876
0.728226051665843,0.970281488727778
1.38536626752466,0.563201867276803
2.93369768338324,0.574338550446555
2.3756233497532,0.197241001296788
2.43162674634697,0.386486320057884
1.76999827427898,0.535874581430107
1.22163586877286,0.197795922169462
0.767540694214404,0.871569595765322
0.102883358672116,0.325756419450045
3.94256980104945,0.123485525837168
2.0541084575558,0.466488249134272
1.15546052437276,0.483369689434767
4.18601864923663,0.53591063269414
1.15208036444063,0.779184472281486
5.19603608150907,0.127960179001093
2.09006901449504,0.694231972564012
1.69597837142452,0.0628486683126539
0.902440042234957,0.579910499043763
0.0570233399048448,0.972616435494274
0.145847364328802,0.268917099572718
1.04181208275259,0.106517960783094
2.17034082292559,0.852980426279828
2.85883336124902,0.326546623604372
1.97022150821033,0.0953475311398506
3.69825986755972,0.495049039367586
3.04694741575008,0.429966656956822
7.80465550306153,0.0237162194680423
0.739341398701072,0.239763989346102
0.0281754764229024,0.492463882314041
1.3153679817915,0.380315570626408
1.66759114331546,0.100478214910254
6.56615640189419,0.267103192396462
0.553027886897326,0.339755831519142
4.17317902644105,0.310163210146129
0.283281022356648,0.837717083049938
4.15442936105614,0.193573197117075
7.0424428962071,0.383475945563987
5.57041744854221,0.0201325847301632
1.67687103210318,0.249640563968569
0.673232862725854,0.404358925297856
1.45158805689755,0.527594863204286
2.02985221139135,0.581646997947246
0.659999881871045,0.61647756351158
4.00530473871117,0.403520117048174
2.72186456239762,0.346092195715755
1.64797435133698,0.154013619758189
3.33331646753435,0.781503885285929
8.06041906359506,0.512437030207366
2.52375626931896,0.673874797299504
4.31479543794818,0.0338726271875203
0.990356998518109,0.275673649972305
7.71357260229898,0.429159241495654
1.12543517630547,0.87362917046994
5.66621203686962,0.225343166850507
1.13469517976046,0.840586859965697
0.989606521092355,0.453360665822402
0.193684674596684,0.763462461531162
0.636337716132402,0.937744106398895
3.03367507259318,0.474795927526429
0.0139858092951491,0.963286664104089
8.04626549365831,0.460804847301915
0.73392934165895,0.335258827777579
0.122726901110241,0.967737067025155
6.39332570101986,0.0865626737941056
4.08317844552879,0.0306869116611779
2.71048187269809,0.314112113323063
0.568187213502824,0.912473702570423
2.43112382656875,0.755076056579128
4.09720641730313,0.258539610309526
0.570491799153388,0.519082045648247
0.0608675675466657,0.591837818501517
1.23792641516775,0.0912136996630579
1.72006591319912,0.876828824868426
1.07643780391663,0.952314406633377
0.0499377511441708,0.815807070815936
2.65907525635305,0.139662026427686
0.794614649377763,0.862267709802836
1.74722434695079,0.562318830518052
0.199922224506736,0.921709227142856
2.45885465471985,0.383742651203647
0.33123573102057,0.78812318155542
3.37811484171038,0.580888501601294
0.0660394518759781,0.959312559571117
0.580925299165147,0.904437023680657
3.96389138919018,0.519405127502978
1.92317634476405,0.567990596406162
1.46667926191332,0.412236280273646
2.78050254268532,0.666864876635373
0.194191364040903,0.503109203185886
1.08400202986479,0.317814573412761
0.828046737238765,0.960070003988221
1.21293218899518,0.149077740497887
1.23589693568647,0.145777983590961
3.01760065538769,0.298172726063058
0.765029447153211,0.319291526684538
2.37568505099955,0.0432065778877586
4.09433471767192,0.219953251769766
9.86856004909473,0.0121430868748575
1.73386817044559,0.400556522188708
3.662373133482,0.556573593756184
0.458296895027161,0.259564751992002
0.366783364675939,0.563282270915806
1.03983881976455,0.941681527299806
0.877857768908143,0.899353663437068
0.950929909944534,0.363560937810689
0.30095230761934,0.573253217851743
0.0942541205429428,0.333281520055607
0.966314009390771,0.682721860241145
0.68231200799346,0.59068690915592
0.453595497645438,0.745672195684165
0.421585079282522,0.231633053161204
3.44852769730573,0.108535883948207
2.15014795371555,0.515804380411282
1.76048805632055,0.0546630355529487
0.754192224149837,0.598066490609199
1.96766673020067,0.580366336740553
3.25139913691168,0.437763403169811
2.77044266826453,0.159319261321798
2.41880424126031,0.135915229097009
3.03432412801271,0.0202216720208526
0.667795867659152,0.802333869971335
1.21873320452869,0.937908781925216
3.12847934638652,0.304825408849865
1.46728018441459,0.477312035858631
0.366998973122464,0.390554936835542
6.40503334965477,0.000646705506369472
0.0310851354151964,0.859563638223335
1.56232561781011,0.195025676861405
2.48302466600182,0.0245715479832143
0.161770532962706,0.543114817235619
2.96806362194503,0.0694359610788524
0.373529708012938,0.873265527654439
5.44422909964748,0.622852433240041
2.08364429013365,0.100939076859504
4.79881035883851,0.35948507511057
2.17517952240052,0.549360560951754
0.822129968553782,0.768864274723455
1.7996000907475,0.598252878990024
1.41597625046017,0.364148753462359
3.50620475713449,0.0377713292837143
4.2451615870775,0.328876243205741
0.363160780631006,0.86324547464028
2.63320495552363,0.572315583005548
0.0191979458867614,0.494033748283982
0.502569168806076,0.209583861520514
0.898216934801683,0.603042749455199
0.295611193026953,0.240766171831638
2.40644944264534,0.862925589550287
2.46553399591687,0.396516232518479
2.77134570470991,0.122473516734317
2.4923346681042,0.375193573534489
0.922116964124143,0.184583959868178
4.37810686577983,0.00891891587525606
0.183415322564542,0.838347211712971
0.094865025257568,0.33662499091588
3.77505161596422,0.448382962495089
4.78974447710619,0.0888309399597347
0.0219721289106537,0.313186942599714
0.0184891577810049,0.997609038604423
4.54427036245294,0.158126139314845
1.90820137834528,0.260162967257202
1.31480076815933,0.258466891478747
0.105643314309418,0.346029466483742
1.01871388033032,0.947827823692933
3.17715889571195,0.0320860620122403
1.7986595522913,0.57027736841701
0.0381982347101298,0.990860573248938
1.79643248571994,0.827785514760762
0.717628605663776,0.922042111400515
0.129030808806419,0.416086819954216
2.0632260076254,0.201487412443385
1.87889833540574,0.657549675786868
1.57632841232613,0.852622842416167
1.56330754785779,0.214500071015209
8.17435021283937,0.00191364088095725
4.16476912455856,0.478849215665832
0.690075563314619,0.430509054102004
0.746947873001159,0.695572210941464
2.51303664702018,0.0189461358822882
4.70265017797179,0.356959381373599
0.959514209069312,0.437470637960359
3.02750288305764,0.146045485045761
1.65680533260755,0.454214625991881
3.67747586331123,0.601000318303704
5.03799315889306,0.248971568187699
0.227671560598165,0.513933548470959
1.0636105267331,0.725799512350932
6.14867874946366,0.163458801805973
2.02731352860109,0.740051907021552
0.892333800904453,0.633353865705431
2.2626533358449,0.525221130810678
0.686623694375157,0.187592149246484
1.1294097462669,0.168289381777868
3.6124411447156,0.589014939498156
1.28468495979905,0.874942618655041
0.273193274624646,0.683779356302693
0.339533138088882,0.694910883205011
0.227764629589713,0.906436815625057
2.90711957571988,0.245817257324234
0.251784069463611,0.962430308340117
5.39560509820409,0.632146950112656
0.499516271054745,0.839972537010908
6.17645142938862,0.000654959585517645
3.00775416790338,0.365097666159272
3.57596538199072,0.340544272679836
1.53356914309449,0.686464377911761
3.11091601570564,0.0517729944549501
2.5672022140676,0.570725356927142
4.01822809485679,0.777498531388119
0.524378001968895,0.469388718018308
3.07157944871073,0.433159944135696
2.22124436931348,0.801599885569885
2.46946895859184,0.419137307908386
0.0827775605891823,0.88192689139396
0.308915670029819,0.638613214483485
0.218599267486798,0.494272061390802
3.09276526680076,0.364469554508105
2.55137452102246,0.67841156036593
2.5135096310729,0.312500625383109
2.12198597370627,0.331424061907455
0.0803811810910702,0.967005816521123
3.28494683636313,0.641925886273384
0.441360612565693,0.312054611276835
0.563382180407643,0.953443742822856
0.42285169288516,0.887928675394505
0.0673753935843706,0.971539949765429
1.47169102643545,0.897371982689947
0.30665369424969,0.310554016148672
0.748089452274144,0.806559948949143
0.66911459621042,0.754967408720404
1.11297676712275,0.88174012186937
0.428639871068299,0.47869886434637
1.02260110527277,0.749486966291443
0.0570041751489043,0.92858220404014
3.13319418006087,0.0285061041358858
4.2531493862433,0.138760037487373
2.16690000697019,0.817046752898023
0.0157592566683888,0.323925643693656
0.391201917082071,0.414956057677045
0.890605145134032,0.522738870698959
2.16297340384665,0.059317599516362
2.17086725487354,0.793631964363158
1.96073032534661,0.406673900317401
1.4148357910548,0.0706692233216017
0.584958918741854,0.469112118473276
0.502557163126767,0.785129222786054
1.02797422464937,0.142300148494542
4.44560268868605,0.600225310539827
7.902820868757,0.308552112197503
3.91890655068641,0.514839267358184
6.56918225036317,0.715065456228331
1.68947111166064,0.0794687825255096
3.26080103134623,0.129865956958383
1.43729777998271,0.112470653140917
4.27278089870639,0.691332655958831
4.24626054536045,0.0163710182532668
0.444882399329415,0.888241828884929
0.762465159408748,0.647270574234426
3.4309165215302,0.188693314325064
5.20052834172897,0.221163247013465
3.65183616613574,0.283680165652186
0.033514316119584,0.33507731417194
6.69757957722912,0.031136084580794
2.38208224243465,0.0325429923832417
1.23841838166118,0.607172277523205
3.92956212518697,0.237053327495232
3.12758536992555,0.373998718801886
0.428583874367177,0.902537826215848
0.599930690601468,0.718870864482597
2.05149010246023,0.179346372606233
1.80876125014367,0.182421226752922
4.4519882907433,0.00936829601414502
0.865205590613186,0.554369237739593
2.58225342436674,0.479435493936762
0.18354235130293,0.512052353704348
3.15191507244255,0.357443924760446
0.126865797876603,0.899219121783972
3.16915602220182,0.147542003775015
0.224851385496523,0.854624020634219
0.398551031015813,0.365622153272852
0.418970681726933,0.881343290675431
1.62261004737558,0.620404239976779
0.820119661279023,0.411935843992978
1.96580826855245,0.56335590663366
0.791508256457746,0.820607430301607
0.840607139281929,0.786646901397035
0.631348438560963,0.956180179491639
0.612696862779558,0.833474499173462
3.69181462099669,0.705292251892388
5.10391484996555,0.709865467855707
0.257099313661456,0.793588310247287
0.894756210967898,0.80632295133546
1.83771755071695,0.0953526394441724
0.0195499911615451,0.44367870176211
2.36309881499949,0.784414637135342
0.0264155641198158,0.967340124072507
2.85289112174103,0.787359693553299
1.76659517684187,0.0770000093616545
8.54544035294905,0.327190388692543
3.97963346524124,0.0238891141489148
0.626794539391994,0.782930568559095
4.55078523953385,0.371319799916819
0.710940645076334,0.20861689071171
10.7440066070934,0.0397178586572409
1.9143091721686,0.868530605919659
0.325730633675701,0.954307495616376
2.76578366375508,0.807246478740126
2.4586050043905,0.0629765836056322
1.94950072272661,0.167644369648769
4.43618590732045,0.249691954348236
2.34424345745685,0.0657354304566979
8.36779846021049,0.368348055751994
0.32842589635402,0.510457375319675
0.065333395000554,0.423349101096392
2.07748826774672,0.256811980158091
2.64399945913794,0.148799648275599
0.927880286239088,0.899611144093797
0.0324280534201811,0.935930401086807
0.405437275767326,0.986387092387304
0.722065461799502,0.802217215066776
1.62919420623026,0.440635765204206
3.31676266325598,0.204560865648091
0.125655436888337,0.770951471524313
0.871087083593011,0.414298777002841
4.27626800484908,0.164206543238834
3.04799242300873,0.457214725203812
2.56778787813129,0.233549898024648
1.83056254490259,0.469407677883282
1.9156715625996,0.465473787393421
0.00281712329419374,0.462405438069254
1.82630164442757,0.60082774492912
9.79526886657672,0.42083272524178
0.864492248743773,0.139462566003203
0.699295721419129,0.485592208104208
0.141955084167421,0.949454891029745
0.223977856338024,0.346667823381722
0.15574149836558,0.947163339704275
3.3525635076869,0.079983294242993
0.989953845804899,0.806266453349963
0.233940815553069,0.470058384351432
0.356999893672764,0.981325222412124
0.00971900764852762,0.953935873461887
0.177189758625286,0.742934540379792
6.16392314400444,0.00983849843032658
5.75549054992896,0.406565841287374
0.629966062514341,0.332906141877174
0.264124285429716,0.959656144026667
0.552806643769145,0.491131167626008
0.514933712088951,0.711684501264244
3.57562892201092,0.0766694471240044
0.194922884384291,0.985282527981326
1.49637533157113,0.236938274232671
2.19900091729107,0.567202777601779
1.36531553976238,0.621445564785972
0.800207639113069,0.933314920635894
0.391963945527519,0.562778825405985
2.2193661815578,0.716761242598295
1.50798629215899,0.589300415012985
0.0272046588361263,0.997804861981422
0.840921189635992,0.608317977050319
0.645326131850966,0.808502267580479
4.15657200647478,0.0144840425346047
4.50260057647653,0.135221542557701
3.67506417987828,0.405511058634147
0.211206706301913,0.491892332676798
1.54044019896361,0.0599578702822328
1.96096070984167,0.782573944889009
0.139825464272153,0.530695145949721
0.810150022618473,0.415696885436773
2.23117930946094,0.839216137770563
3.47564999742394,0.338503231527284
4.22710857142634,0.716261515161023
5.17322494436927,0.602299782680348
0.707767643034458,0.759250220609829
10.0420638013381,0.0615529774222523
4.54233261101896,0.443032246781513
2.45737979366424,0.609690758166835
2.2296433969492,0.613252680748701
0.639503791928291,0.530312316957861
4.11855097843294,0.0395048416685313
2.96667353419547,0.796873268671334
0.313952000811696,0.989385023480281
3.24830095825677,0.117758762324229
3.03624231725033,0.808802413986996
2.70989188729765,0.832104589557275
0.389594655483961,0.984894095454365
0.873972242698073,0.411336857825518
1.30383016914129,0.135776308597997
0.639615943655372,0.911243656184524
0.771853916634383,0.4566770340316
1.59780017618338,0.70105450344272
4.99952555050082,0.67244938458316
0.737540679052472,0.816020705504343
0.190027172939004,0.989185036625713
5.48096964110561,0.0224885041825473
0.111041642069522,0.984401256544515
0.13614207115109,0.728226922918111
3.87583018077498,0.7029997210484
0.240838650809258,0.664267774904147
3.52132893450485,0.0213295279536396
0.292127816006541,0.982754418859258
2.09192574551254,0.119132786756381
4.69985737253852,0.209150823764503
12.6184348717221,0.0411619457881898
0.068784405477345,0.844195520039648
1.11871019471437,0.709917248459533
1.83520243308487,0.368919278495014
2.31541261222077,0.859493208583444
1.55259227480151,0.861100958427414
0.405481935496247,0.626603873912245
0.0882189171388745,0.385099496692419
4.04602330533748,0.487764867488295
1.4382744989449,0.716935662785545
1.65175436987522,0.463840796612203
1.7364914997227,0.501390163786709
9.02915850976362,0.0773179866373539
0.0471053030341864,0.909532646648586
0.187000785954297,0.431565719889477
0.22303154412657,0.66342067392543
4.78439376105495,0.057854468934238
1.32782768923789,0.70042439782992
0.629685179062926,0.205961036495864
0.323961945516054,0.906791487010196
0.119136271998286,0.996317254845053
0.682886341590814,0.651746661402285
3.38621274739037,0.445222914218903
1.47637066795471,0.873960435623303
9.11405477622404,0.247456177370623
0.217171670695073,0.342553453752771
1.64399498626045,0.0853991240728647
1.43267656314854,0.824634611606598
2.29251515657101,0.246709090657532
0.606290553696454,0.965224112384021
0.17018486186862,0.809464504709467
1.02296124491841,0.428702833363786
1.69074621601942,0.0560789713636041
0.0683129709213972,0.988367690006271
0.199393156915903,0.789944665273651
0.546271436530487,0.787715425249189
3.32536614669447,0.630946952383965
0.418984877197724,0.740945819066837
0.911699465475976,0.925818200688809
0.334508744168832,0.389515364775434
4.12523449195509,0.19854593812488
1.20984247978777,0.923505129292607
0.700386732816696,0.31054916116409
3.68849382160192,0.767661056248471
0.146633955990562,0.298676191829145
0.21960401814431,0.441795584978536
2.50961096203866,0.818303018808365
1.61009375370088,0.365025531500578
8.14195869448495,0.119890153408051
0.448807544661702,0.324905828339979
3.25038303045516,0.0146502682473511
1.76301777649557,0.354824250331149
2.01777981399539,0.0870470374356955
0.209095032885671,0.852952548069879
3.82798849401956,0.701648107497022
0.0233225040137768,0.905007214518264
1.84968113556528,0.563187654130161
0.245081786997616,0.514740259386599
4.59770084519811,0.00193822430446744
1.8847244530076,0.0716631894465536
2.80507678378072,0.229767232201993
0.69066352583468,0.904631467303261
4.802581641571,0.425508315907791
0.339146611937159,0.373577964724973
0.0679969822009312,0.837314651347697
1.95347235159792,0.759609301341698
1.21011583320796,0.75462056719698
0.0612295041278989,0.946708006318659
2.74100614889505,0.461666333721951
1.90463849562937,0.152790616266429
2.89254876581912,0.802462989231572
1.9449820331389,0.736991330748424
0.440342455171049,0.297664799261838
0.065968502113688,0.964289232622832
0.267501306740462,0.261234575416893
5.10281906624265,0.739155490184203
4.70412154097982,0.0797896138392389
1.03877907898277,0.86364397383295
0.802148583345115,0.79336922778748
1.84555751821938,0.365052369656041
5.62858998242761,0.0860158051364124
4.41738918025918,0.598112913547084
1.77777061167857,0.176402605138719
2.36280933014097,0.29397318768315
0.528048293665051,0.967311209766194
2.34843115686419,0.53315234486945
1.74335700940384,0.602624668972567
0.292935855686665,0.347692041425034
0.158199980865858,0.84498018398881
0.472195745445788,0.600465832510963
5.22533517678208,0.361931652529165
4.69668724735208,0.466008986812085
0.729862957261503,0.298330334015191
8.27049938919854,0.563016921980307
2.73771187654676,0.715056614950299
3.21975541470532,0.01774414582178
0.3066889885813,0.580651143565774
6.67097581714893,0.677074021659791
0.223964024335146,0.882637811824679
3.49437328038697,0.014561164425686
1.77167066923323,0.770317203598097
1.20347545854747,0.856262263143435
0.0436997636635703,0.879146635066718
2.6788638922477,0.309258404653519
1.0521416189149,0.296775051625445
6.16238846888726,0.54544376861304
2.11962705842199,0.666763195302337
0.428914592637921,0.433442776789889
1.06689146533608,0.822849379153922
1.46900733151972,0.127677894197404
0.195265408605337,0.97667939402163
1.62592343605104,0.375721988733858
1.2833296880126,0.717391108395532
6.51018129320023,0.0038202409632504
0.802867737306794,0.545743650523946
2.37826885833385,0.217501849168912
1.33108228165656,0.733966384083033
0.983047327642737,0.417631175369024
0.88237652182579,0.39817571779713
0.483426690101624,0.87436341564171
13.4539456024655,0.632721748901531
0.389844938922263,0.987874012440443
1.58887648015263,0.736046410631388
1.22178185265511,0.643858429044485
1.17672105971724,0.759730451274663
1.14476967323571,0.886950462125242
3.44271126000171,0.304188268724829
2.10387419528308,0.555856437655166
6.20112510601733,0.313203035388142
0.419713384471834,0.328462136676535
8.72034991897775,0.545485315378755
6.86945585872898,0.30712809599936
0.618399107828736,0.533705508103594
1.56603037003282,0.9063264306169
1.32112834043801,0.416201631072909
1.85659526468668,0.467301520286128
0.533794213283682,0.307965895626694
2.16072097598555,0.406070970930159
0.588474377989769,0.959749603411183
1.26263626851141,0.546169814886525
0.507932089269161,0.429398115025833
3.02146580798512,0.0897854086942971
1.66158841728213,0.550739552127197
0.371205006726086,0.24877570848912
0.885308576747775,0.234989006770775
9.17001113990202,0.164851121138781
0.248850132338703,0.822913276264444
2.73194833277705,0.824637322220951
3.79542859999423,0.270128955831751
1.89273742425658,0.634676269022748
0.918802537024021,0.947837776504457
1.87342359037974,0.704621972050518
2.36691792300882,0.836362368660048
4.77200628419347,0.300905048381537
0.0722632137367922,0.86305454140529
0.739766689948738,0.417726259911433
3.74555189145689,0.10449206084013
0.818563369102776,0.438923265086487
0.446912287347286,0.552486866246909
0.36434319242835,0.236104428069666
4.12401925010567,0.125448927516118
1.17510758340359,0.577209955081344
0.0999351822771915,0.993196890689433
1.36911418568343,0.085922246100381
0.0861202171072364,0.619803178822622
0.211451471783221,0.751428786432371
2.01802433670775,0.875212654704228
2.91341464742706,0.121401058742777
1.40810511439087,0.595104038249701
1.39620957515183,0.823446987196803
2.66145865424516,0.697654781397432
2.31861154540422,0.266740587772802
0.483436539769173,0.279652042780071
0.641695400564301,0.942941243294626
0.130781157873571,0.930278395535424
0.607899258844554,0.252212199149653
0.671872343010715,0.651321559911594
0.632782563567162,0.419921874301508
0.607917229644954,0.962958220392466
1.36613670364022,0.538730270462111
4.24443288494773,0.16980697424151
0.461164385966534,0.4806259481702
0.38286163980232,0.772644986631349
2.92068703840827,0.357549620326608
0.163924722000957,0.714722287142649
2.2845120820308,0.164375664200634
2.23899812987986,0.844346454832703
2.42669385663214,0.602491827681661
0.767749543301761,0.599234603578225
1.33260816149414,0.0748893534764647
0.960358544252813,0.115398716647178
3.47823837293461,0.325020455056801
1.35590506345034,0.501062317518517
1.79653677894714,0.856596389086917
8.7482514082917,0.679652568185702
0.522805081689246,0.566647848812863
5.58839806880722,0.0571580459363759
9.58175364831343,0.00474523031152785
3.22284654883628,0.0305341174826026
1.39654473579469,0.781750994501635
0.851591479033232,0.272330469684675
0.00995940076341427,0.546487208688632
2.29043471246007,0.761343420250341
2.02992385803702,0.354348240420222
0.576125887222588,0.879830063320696
2.36328774166901,0.0642784433439374
1.95816166305984,0.110557354753837
1.96255641716545,0.139772208640352
1.52003062880578,0.165470396867022
1.340201895684,0.102433115243912
0.164959151297808,0.760446766624227
2.18105556993725,0.826399540994316
1.5833479258323,0.701746992999688
2.07370010382476,0.362532983068377
2.87220997504227,0.22483893786557
0.0306662725772334,0.953454083530232
2.04689454651418,0.502920614089817
0.899717244012544,0.677216702606529
0.949731248430908,0.548029416240752
1.57502904712203,0.102049273904413
1.48951481330831,0.227361521450803
5.43968651045985,0.278755277162418
0.731702866649877,0.441791091114283
0.167863612063229,0.551310615846887
0.568412703461945,0.966818924760446
1.56778001465577,0.283329854952171
0.93424573354423,0.613242799649015
3.41350881366019,0.384149542544037
0.0696137109771371,0.985863402020186
2.56792218229713,0.239826784934849
0.503077282570302,0.850445768330246
0.844801490195096,0.149637719616294
0.771856056526303,0.839662228478119
1.91365007488968,0.846897873561829
0.729505496099591,0.149060687283054
0.796638419851661,0.199742770753801
0.251549161039293,0.45375143433921
0.58670356310904,0.868536329595372
2.63480719170513,0.65327745093964
0.40359351933031,0.951661421684548
0.0272096311673522,0.979454791871831
2.13458816512468,0.478897686582059
0.379951319376171,0.558342511998489
2.47445146917346,0.565803647274151
3.13222523761873,0.730908289086074
2.65737710139694,0.44141167239286
0.26746672950685,0.622776804957539
0.0493923535157275,0.623922121012583
1.72695871000893,0.0980175193399191
1.0048134506744,0.748534627491608
0.47383666690439,0.977509533287957
6.15641310672307,0.010466004954651
0.737863965332508,0.910849647596478
1.58320932370965,0.833941921591759
1.37333267647773,0.782631958601996
2.29886611915174,0.350650627864525
1.35041605960578,0.335882741725072
2.59882047018948,0.139431055402383
0.0295845060891214,0.8955623798538
0.877700005657971,0.755111375125125
0.37077840603888,0.361299239564687
1.40716012372615,0.467479407554492
1.8758538861863,0.0592363693285733
2.91826114786749,0.21598936454393
0.506974505260587,0.253878452116624
3.09998132271652,0.529846742516384
2.57528106610755,0.0319208144210279
1.2791941286996,0.549131762934849
0.198810220696032,0.695699711795896
2.34705344765427,0.192233369452879
1.13027437217534,0.645646178163588
1.62519537649097,0.668687746860087
0.518115826882422,0.882865922991186
0.784077661111951,0.501278049312532
1.59330864024211,0.918229671660811
2.7639890051538,0.302602518349886
1.33106824755669,0.169554380699992
0.639883049763739,0.912191953277215
1.15885299630463,0.93508933740668
1.33728362061083,0.284184397896752
1.18540190532804,0.428651618305594
0.274394017370205,0.960280541097745
3.73863291351085,0.207624760223553
2.38326027608457,0.235684894258156
2.51714268529368,0.489500969648361
1.07260708954099,0.322916106786579
1.29269441682845,0.412389354547486
0.962659331969917,0.557810838567093
2.0056489984596,0.390543229412287
2.9495624451149,0.341917539713904
0.969308723695576,0.374650537036359
3.3046915767109,0.724849549587816
1.19555592257529,0.541991596110165
0.0302959429100156,0.429894962115213
3.25254651579355,0.752150709973648
1.31013999693096,0.657915149116889
0.000966925173997879,0.771781466435641
3.51073832420592,0.257831459632143
0.0893990906108417,0.986096071777865
0.468644031323493,0.754001434892416
2.242025853982,0.266369116492569
0.409158138558269,0.947654712246731
5.86858741905461,0.542405587388203
0.0836827233433723,0.939755047904328
0.707323144733345,0.427101906388998
2.29342479622903,0.807718925410882
0.500065801665187,0.199147952953354
3.91137751467983,0.700084728421643
0.208295493386686,0.463095508283004
5.72116063463762,0.0679818266071379
1.63108978598359,0.864933140110224
0.698249426670372,0.572433337103575
0.500638705476583,0.201959762489423
2.47051689579132,0.0494821984320879
1.64708917393329,0.687220139428973
1.46645393280484,0.0931754191406071
0.545297547243536,0.93893760512583
2.96990380046849,0.325338614406064
4.23976571005179,0.254806695505977
0.633606575723431,0.797471235040575
5.10432526071496,0.190168735338375
0.365571935661137,0.971666650380939
0.972943081520498,0.693261930020526
0.0453869989141822,0.42032045754604
1.19736472330987,0.537631715182215
2.08513505375924,0.104041007580236
1.61637820750326,0.838114450918511
2.48219647995176,0.021094627212733
0.103074487298727,0.439954713219777
9.35386536219969,0.0635627408046275
0.829219838019781,0.893553726840764
0.779301642440259,0.531859796494246
2.59162057182732,0.744743878720328
3.53921927122359,0.630588031606749
4.38758422781653,0.424426285782829
2.05945293038132,0.470484839752316
2.835582654585,0.261436639586464
0.688749743625522,0.906276599271223
4.46271540506898,0.653473037062213
3.87912112085109,0.373574378434569
0.231778508442617,0.302554882830009
2.08993740743938,0.443593549076468
1.05376637261361,0.839179004076868
0.0612724653783678,0.418590375455096
0.356187602505088,0.571615899680182
0.900113709789143,0.469901443691924
2.41221025391462,0.494946612278
1.36080236919224,0.821510168956593
1.65887405136506,0.190502716926858
0.404437432045099,0.399765764130279
0.802187109366059,0.846752374432981
4.72701759238668,0.368336311308667
1.37285556085408,0.570624889340252
3.32788824645763,0.0711783459410071
2.9814655415576,0.0587205921765417
4.85291084994502,0.196975175756961
6.56807190146217,0.00183662632480264
3.59750812483912,0.103724822402
0.070697884727305,0.434578837826848
0.275784066878259,0.930684903170913
0.764127246104181,0.967059893533587
0.77782992692437,0.859222657047212
3.61562697200065,0.0605300951283425
5.94934784902144,0.193859880091622
5.33238879193492,0.0283063652459532
2.79824194581345,0.0260700180660933
1.05745379533619,0.383465499151498
2.12844298399034,0.871492675272748
0.00152894520292969,0.766125584254041
0.626936498098075,0.559874269878492
0.773202469837951,0.425165929365903
0.116874027997255,0.430023751454428
0.607384183444083,0.203136682976037
5.49291532834001,0.479306747205555
0.536863316781819,0.914112175349146
1.1711898483336,0.265216386178508
1.78554543022505,0.885442881844938
2.07093289486113,0.44846756127663
2.55113364561441,0.657125320052728
3.58009465021973,0.542508221697062
2.91619618383829,0.323287945007905
0.588039142079651,0.405899211298674
0.482730195857584,0.556498375954106
1.69193602531197,0.698098442982882
1.70700013629141,0.105487899621949
0.822596895508468,0.248717866605148
0.452174633741379,0.89780989009887
0.593174931593239,0.265539092943072
0.752799835987389,0.593834665138274
1.37784669641405,0.252958596451208
3.54925373179798,0.0101998944301158
2.10580640836599,0.813990980619565
0.504236632026732,0.303575830068439
0.47564088832587,0.865286786807701
2.02251838698032,0.278108042664826
4.20836247874897,0.704010382760316
0.853535744361579,0.319068997167051
1.81244298062267,0.102724638301879
0.973076338879764,0.734741725260392
0.730029485258725,0.878064440563321
0.63367301877588,0.636646952480078
0.118875525891781,0.797513902653009
1.52084839894416,0.328384067630395
2.08527410208228,0.134000153979287
0.415638034231961,0.325602740049362
0.593546321615577,0.807253652717918
2.69312605067136,0.174746911972761
0.0917532965140686,0.489062707871199
0.233587057329714,0.87294072471559
1.0267543438822,0.408767164917663
0.00294035143797393,0.54457420646213
0.00164808060017946,0.997292347950861
1.50458592925277,0.870292725041509
0.0352175589650869,0.958270036615431
8.99355183612704,0.381302650086582
0.497338608838618,0.840153162600473
0.0257773427292705,0.975077884970233
1.28242258355021,0.561071232194081
0.310025558806956,0.779753349721432
0.0104716243222356,0.954077112488449
1.47045141517265,0.737604763358831
2.7606072257364,0.361183833796531
2.66449697307291,0.029926995979622
1.56017896321729,0.770413521444425
0.114040368236601,0.471633600071073
2.11690504095497,0.209282357711345
0.298193085938692,0.845022932160646
0.164116650204415,0.261837536236271
0.529288389720023,0.843923529842868
4.78078618247933,0.50763315637596
3.11920707283502,0.807954713236541
3.18299703476252,0.534516783431172
2.09639732158723,0.12037315312773
0.217776163481176,0.977688260609284
2.51868100828471,0.591720452299342
0.691334086423215,0.857247159350663
1.76518394230845,0.180609659990296
0.537151436131981,0.184089550981298
8.62033662894621,0.394223268609494
1.43779538004639,0.606909770751372
3.52455154417043,0.119939733296633
0.803855712525547,0.540823175339028
8.96260515550032,0.00708800507709384
3.7309684230197,0.0363146874587983
0.0510061489716476,0.610923312604427
0.553180779330432,0.774830947164446
0.987337474711239,0.943985714577138
4.24310754586883,0.713596326531842
0.606995385140181,0.87079376517795
0.908660751767457,0.346716647734866
0.547241449356079,0.234869870357215
2.99571730179672,0.713079132838175
2.04407708338442,0.255699375644326
0.69093113951385,0.395351843908429
0.701308134011924,0.893500027945265
0.808491967618465,0.806388081517071
2.0147808677608,0.515239821514115
0.159013424068689,0.989818613044918
3.32562516985421,0.0650064675137401
0.42251554438221,0.941661412129179
1.64188449308442,0.540194761706516
1.20157191809267,0.880623894045129
0.055718875490129,0.309622063534334
1.30042505729944,0.941286851651967
0.576837477274239,0.721606820356101
0.0185856036841869,0.402793334797025
0.609116722452015,0.325712524820119
1.43605540686642,0.769313695607707
0.333516069478044,0.56112431595102
3.86487964151387,0.737884679809213
7.10001073879425,0.0847696256823838
0.470168604515493,0.19482192909345
2.22548894575777,0.689314984250814
1.97631970784607,0.265174421714619
0.0587490163743496,0.719873533584177
0.186810196377337,0.306639448273927
0.298233587294817,0.594310619402677
0.0612031640484929,0.99748933268711
0.443358306773007,0.213849182007834
0.0686764317051023,0.336712970864028
2.61013408741894,0.214010344585404
1.23846131097525,0.942019349196926
0.380369995720685,0.7441172208637
4.73030301530786,0.0801240506116301
2.11880025072935,0.613924568751827
1.35294921789318,0.4163872548379
1.5502861085439,0.15007728850469
0.889015684835613,0.834416920086369
4.66086862747598,0.180143331410363
1.01385120954365,0.424044119659811
2.35907881326022,0.165533461840823
4.92798470308013,0.0270541699137539
2.80654652027373,0.456823428161442
0.98622015863657,0.328389343107119
0.522041213698685,0.416434000479057
1.43630665718558,0.793150030774996
0.196292654992683,0.289925585500896
0.188415569253266,0.863671629456803
0.668665169738233,0.789193882839754
0.769490540027618,0.459515523631126
0.167469847016037,0.670767720323056
0.0769637257032357,0.949052770854905
8.91977838376417,0.0339231926482171
3.17617294251429,0.0470977299846709
0.506774941628887,0.361552162561566
1.20280433446169,0.427766871405765
9.86592755035358,0.365065823076293
2.87922144291883,0.700725418748334
1.80795070211843,0.862640629988164
0.0755146900852253,0.97398029291071
0.227856181561947,0.580546475714073
1.1914155529812,0.911121681565419
1.11173135321587,0.302744393702596
1.77239967006614,0.433008272899315
3.10456091521268,0.81060524401255
1.31594676617533,0.666336189722642
4.22091299642749,0.365932420827448
2.28924294552746,0.0237469172570854
1.2855362733826,0.749126367270947
0.245338061737113,0.251326047349721
0.640608673915267,0.428531584097072
0.305728230625391,0.759638170478866
3.06772962195759,0.341024307534099
1.40531913121661,0.326245068339631
0.075852942352321,0.94336375198327
0.634352751198007,0.920469432370737
0.424871096387506,0.591177847469226
0.46608174033463,0.458146890159696
2.65702901027145,0.0664912764914334
0.0157980974706742,0.839439094299451
1.13132750615478,0.695914890849963
2.79555386660581,0.732998725026846
3.83012402413373,0.0784384733997285
9.37520203688994,0.548810853855684
0.0485757550424521,0.41907262080349
0.7206712346524,0.248179367510602
3.8997121377099,0.672897006152198
5.31751451243587,0.726959036663175
0.470921997912228,0.500860777450725
7.64338971259904,0.00952411559410393
1.64377368978205,0.252057822886854
4.13129460794811,0.054598466027528
1.75093196324053,0.194619918009266
1.45010837904158,0.150712009053677
3.69571512173309,0.431638383772224
2.14780120125892,0.392443725140765
1.55755497879329,0.527028072392568
0.553193487763157,0.871080791577697
1.81798875365671,0.725056193768978
2.40619921862128,0.819996328791603
4.05490310845857,0.429726213449612
1.54974056424864,0.648152190959081
1.27665988821536,0.281270977575332
0.202509631867313,0.692935228580609
5.40241508533187,0.49296071450226
3.18424864841585,0.619176434120163
10.5449298353572,0.0153317067306489
0.362778507173061,0.955961640225723
5.1651470669905,0.375848475843668
3.22924670991435,0.398634511744604
0.887156455790089,0.824529235251248
2.33720625556054,0.76235864427872
0.531079507420922,0.373905488057062
1.08521396201104,0.849910834571347
1.91182572013679,0.800515658222139
3.93541680632119,0.0304404741618782
1.45060390554623,0.501696057152003
3.76760261489039,0.198205934138969
5.86285135116348,0.0124511907342821
5.20949687411018,0.083850352326408
0.955254819244146,0.463689602445811
3.53981505317574,0.0126854684203863
0.400661380175457,0.729833131656051
4.81768447508044,0.328208464197814
0.0927730118855834,0.989860651548952
1.56841911155123,0.153261437313631
1.68814246906879,0.90892328787595
1.80706747967064,0.19367200625129
4.09991383908277,0.0149874775670469
0.837992067933335,0.218721659621224
1.47693416751866,0.78020372451283
0.083101655356586,0.315489449072629
0.724600298505156,0.56973077612929
0.013465479514308,0.432346214540303
0.117645090091703,0.942523975390941
0.767341963015497,0.766782384365797
2.38303995310309,0.0479526256676763
0.901384553872049,0.508721132995561
4.07484116760974,0.702469014329836
0.507541184313595,0.618991115363315
1.28234772011638,0.306558151263744
0.151356382871708,0.275318345054984
1.44854286359341,0.106540712993592
0.746291783638299,0.848711512982845
1.481252964502,0.424706355435774
4.20650634516902,0.578145579202101
0.592687300406396,0.950765018118545
0.590272538363934,0.382595816394314
0.803930436695869,0.53304131119512
0.903442020528018,0.951277996180579
2.3616542610431,0.141144717345014
2.04507390630665,0.354634797666222
1.08614474162459,0.287415683502331
1.45931310943308,0.620844860794023
0.366393337026238,0.658462946303189
0.0817852830514312,0.658143891952932
1.07532249484211,0.765288722934201
1.20183058921248,0.298635037383065
4.18989147593207,0.745593972038478
0.329765162430704,0.755357254762203
2.4429604205394,0.784375539747998
5.77570601844863,0.571786194341257
4.02643440274482,0.610475490102544
1.93469589381459,0.558195848949254
4.51712076713271,0.0327457755338401
6.03165926005612,0.625508135650307
0.817759701982141,0.885056119645014
2.07911028145793,0.246840605279431
4.45310497421056,0.561325433664024
2.0710453390235,0.835197658510879
6.5980278846241,0.424547295086086
1.60644563651624,0.463321241317317
1.52789728648944,0.0851139219012111
0.847335725091398,0.786583738634363
1.58492803192678,0.832348567200825
1.58323991602165,0.176528216339648
0.863361206836998,0.953237023903057
1.19871682859957,0.445793695747852
1.33518088422716,0.868819061666727
4.00922061113601,0.681198972743005
3.35069822875743,0.605996388942003
2.77703283337836,0.284093967173249
4.04278917966371,0.615255156066269
0.8183523863554,0.66450716368854
1.41690438070359,0.161704314174131
0.210277185788699,0.454153845552355
1.51634493100023,0.513756841188297
0.026692746333042,0.711186725180596
0.70897809881717,0.525588718941435
3.88326291723137,0.719331377418712
2.11866685180905,0.0417523975484073
2.11286581156586,0.143024272751063
0.881517864763737,0.907171216560528
0.498970545242203,0.363037860020995
4.82475512077041,0.690844792174175
2.15580122350601,0.791412795195356
0.256656030192971,0.401151127181947
0.864627345068664,0.593660913407803
0.238864094916955,0.65011515840888
0.743259706534445,0.58211853238754
0.753587644547224,0.348097130423412
1.88794770828428,0.0743462399113923
1.29469201900065,0.832230183528736
0.530138855800033,0.639432524098083
3.36520626751666,0.673200429650024
5.31323752899594,0.184064363129437
1.63197916551473,0.901967953424901
5.5033785512013,0.195497515611351
0.839417727664113,0.253284432459623
2.43551028697732,0.0916768196038902
0.799314259551466,0.508444986771792
3.22835824621801,0.491126042092219
4.95936645914741,0.652883130358532
1.58816667940599,0.143913574749604
0.413980400367847,0.572001450462267
3.31400435773616,0.276357233291492
2.33181247665527,0.111020339420065
0.0490997517481446,0.948194195050746
7.34263480785203,0.00181069527752697
2.25651714689073,0.748471340164542
0.321845623403928,0.912372160935774
3.22278102703266,0.751350021222606
0.76107697095722,0.228518651565537
1.48385882555487,0.102631612913683
0.199379492551088,0.773513332940638
2.12817558563098,0.402675351593643
1.33896016795188,0.385229363571852
4.4535247867269,0.00242789648473263
2.02843210465255,0.23404715070501
0.80768611188978,0.458607057575136
4.45797944888472,0.274110365426168
2.65837567291203,0.800329859601334
0.124615891164453,0.968102887738496
0.880038308911026,0.905346791259944
2.25502728476169,0.124007542617619
7.35526437642884,0.121120540192351
6.11218783225784,0.0967527942266315
0.113091132603586,0.861730462871492
1.26929654181004,0.73879579291679
1.11778250429779,0.385240886360407
3.37271656098007,0.0551411672495306
0.915903154760599,0.688833429478109
0.12333716172725,0.992168623255566
2.97791191561438,0.0490969703532755
2.75478103189709,0.410411054734141
0.00496537399360569,0.796627823961899
0.301895168614166,0.743162657832727
0.928030950367337,0.829184659058228
0.492548066191375,0.236894523259252
0.0394135974347591,0.928201165981591
2.93161220086699,0.826258388813585
0.857791129499674,0.739764233119786
3.29319360835438,0.383939364459366
0.479597724817372,0.344922623131424
0.554531396366656,0.9595938003622
4.6971036581783,0.105035422602668
0.269058950875963,0.500890826806426
1.79121379732134,0.30444222339429
1.8632332998419,0.455653340322897
1.00301541108638,0.372005048440769
6.14833378758202,0.715623484691605
0.800598988309503,0.921297165099531
1.5547526924962,0.202391265193
0.38503232691437,0.924511518562213
2.46108095525744,0.0258529942948371
3.66730054451113,0.26681034383364
2.75244010790231,0.184700343757868
0.0638688527793248,0.564212100813165
0.523751100683445,0.220208387589082
4.16909712848588,0.185260092606768
2.33578860006275,0.612562054069713
0.748786172829568,0.810145987663418
2.20059406562688,0.707887227181345
1.04516960401088,0.365901438519359
1.39967153212967,0.896088676294312
1.21206330415543,0.893333459505811
0.775197097100317,0.560401580296457
0.719909077510238,0.365775564452633
11.2968880825474,0.547233806457371
10.3389589519878,0.127047533169389
3.06603091565852,0.320611487608403
2.2235453314239,0.459929837146774
0.370581307448447,0.43561786157079
0.961422279477119,0.140030798735097
0.843068357557058,0.791899770731106
0.15776078030467,0.993696545250714
0.290736900642514,0.85136020090431
1.45790630570593,0.356030735187232
0.0271480333984584,0.46362960874103
1.32357386406511,0.145498615456745
0.681279679760337,0.18465763120912
0.18925638217479,0.993928947253153
1.37243434228003,0.824309836141765
3.91098572669511,0.542117171455175
4.01547029415365,0.40055650123395
3.52842593160816,0.163466771831736
1.85296376041117,0.184923071181402
1.51465727018428,0.844157381914556
0.689604543060174,0.946475234115496
4.64069187988467,0.309531779726967
0.373357476074692,0.641896234825253
3.54342576472049,0.0781209801789373
4.13684555126314,0.582329227589071
1.68814631729367,0.354729558806866
1.47012668220275,0.286650935187936
1.75145354672315,0.766768242465332
0.0282910820096731,0.469831137452275
0.408871197141707,0.579506433103234
0.0738247617973159,0.758644146611914
2.27583017936888,0.209230205742642
10.7386066378311,0.349753401475027
1.93252985345902,0.678573334822431
4.4648535584373,0.753332236781716
0.73794652055949,0.931102397618815
5.34155949552484,1.7509562894702e-05
2.78883306981078,0.0290776556357741
0.161985030645202,0.283202303573489
0.720765094182821,0.647065747762099
2.70875185033678,0.475060991942883
0.158882513642311,0.572904708795249
3.17850038764958,0.747420190135017
4.18780834575124,0.47989103756845
2.65379064335468,0.337394905509427
6.77178016271362,0.480036836350337
3.06880254604882,0.701351935276762
2.4418466798121,0.235022802371532
0.819247738458216,0.879349074093625
4.635235953824,0.707038905704394
0.383867243304849,0.935937171336263
4.11824233813172,0.0245045393239707
1.64853516778651,0.748279731255025
0.705664268061718,0.671861012931913
5.39388440151639,0.361851749941707
1.59058421841803,0.226317964727059
0.584442814043984,0.935297468677163
0.324124990031123,0.877419102238491
2.69892620845678,0.10203597205691
1.65710476032438,0.301294129341841
0.121032220330225,0.889956658240408
2.25676559275928,0.708018437493593
4.08664024394774,0.233447513077408
2.08232035409037,0.344057854032144
0.415925337001681,0.948235136689618
1.04876269772649,0.897915652720258
1.57828709494644,0.339984884485602
6.06777165796528,0.0564257663208991
1.26648629736155,0.321876693051308
2.34911569572034,0.588254798902199
2.23361070445719,0.335566970286891
2.75596497758272,0.256692076101899
4.01238974539523,0.0276781942229718
0.024609305630581,0.503432117635384
1.75821775268951,0.267824386944994
2.27623655638638,0.299841217696667
2.02096714257243,0.130378141766414
1.83516787542942,0.526759524829686
4.05808649567847,0.0907202165108174
2.34014870404246,0.339671140769497
0.204868200235069,0.299139343202114
0.0964755862951279,0.754228093894199
0.909256854094565,0.828039204468951
0.0536524998024106,0.765142399352044
0.616425826214254,0.396261386107653
0.640733958221972,0.905674536479637
0.692352489568293,0.222317185951397
3.23538510282788,0.0652048217598349
0.343123196624219,0.434293255442753
3.52772939933424,0.776548805413768
6.29975005950699,0.00196328433230519
0.550137463957071,0.242008558474481
0.399207774754183,0.544072642223909
1.18009712826461,0.946743452688679
3.24714025465732,0.23541447496973
0.390721585862771,0.632445582887158
1.75120922733888,0.117315558716655
2.31149521461668,0.564807682763785
2.74684724203291,0.247264007572085
3.66007259471302,0.143598847556859
0.107743637519366,0.624686388066038
1.71747069983723,0.853476532967761
1.74083124651554,0.385677898768336
2.50681527881863,0.0311213633976877
0.630622661672533,0.678205139935017
4.75917788942285,0.347757122013718
1.70288395677616,0.725684016011655
0.470881535671651,0.337319325888529
3.49664378894453,0.170263041509315
3.51486861316447,0.293083937838674
0.393624386750162,0.737724871374667
0.773028648504292,0.71409503929317
0.822932342998683,0.806098681874573
0.843507392476638,0.227296988945454
3.84809781221633,0.0285715812351555
6.56282302703629,0.00714283809065819
0.684918446466327,0.623171387240291
0.921747224282732,0.257386496057734
0.258259451016784,0.768879945157096
0.185940283350646,0.488753152778372
0.0156965823844075,0.360574958845973
0.827156943269074,0.837482240749523
1.22570159751922,0.155604577390477
4.56950010626638,0.614644134417176
1.59398975214901,0.810652684653178
8.15606106403184,0.723157043801621
0.671428914181888,0.918263403465971
1.80549871701466,0.408005723031238
1.41419071136954,0.445837188512087
0.568221533671021,0.941875948803499
0.338550148531795,0.559992033522576
1.432564323684,0.933669433230534
3.79274569807534,0.254695264389738
1.50765594459119,0.872349140699953
0.367816929819509,0.353976964019239
0.985292501747608,0.937611492350698
0.125046985223889,0.289326937869191
2.01492190895668,0.1432729663793
1.38840565449538,0.919044200330973
2.76525268509033,0.623976735398173
1.26856613345444,0.228131328476593
0.237786058702633,0.384861272526905
0.740441356785595,0.148624950554222
1.10755113984722,0.0981294172815979
2.56898813313785,0.135164615930989
0.455760102719069,0.827935928246006
2.25016373014989,0.760057836072519
4.28596127702875,0.345578779000789
3.55686617625837,0.147547380300239
1.87387838166765,0.555756831308827
1.83087745156921,0.194266749313101
2.10118052168729,0.231310871429741
2.97148627771025,0.0844893686007708
1.48727512723746,0.713563001947477
0.377671878784895,0.962216529995203
0.693973133283,0.326412151567638
2.55489497623386,0.396683478495106
0.176306356070827,0.961401424370706
1.48403597428443,0.304610101738945
3.08769572821192,0.464621396968141
3.5415515823472,0.281451883725822
0.761602166108787,0.393490421818569
3.87168764306192,0.0991345818620175
0.119729805420036,0.923715309007093
0.0643358351662755,0.822297660866752
0.706392211839557,0.737465215846896
0.40742457844317,0.417376879835501
0.394479188418617,0.54590696003288
0.168376234360039,0.695499326568097
1.1034160675481,0.925677543506026
1.76656497572931,0.150492048589513
1.88164498648586,0.442041343310848
1.66196485227885,0.868226641556248
0.25484639470819,0.297827228438109
3.19355881569867,0.35013168095611
1.44072210780325,0.803651897935197
2.61717403112891,0.650722275255248
0.138946306891739,0.654418462654576
1.11345401033759,0.846105062868446
2.20720675579252,0.626923807663843
0.358358437334453,0.854213032405823
4.88152046103902,0.695678822463378
3.24056373519783,0.0326283213216811
1.21024972759187,0.823585935169831
0.210800120607018,0.825758802937344
2.55942432760241,0.718660757178441
1.21159677673131,0.218230481958017
4.9291182120604,0.342546038795263
4.78225592164886,0.447207094868645
0.413465475663543,0.599302177550271
0.765224877744913,0.637058899272233
1.80149539365413,0.291986577212811
0.411064653657377,0.959953896235675
2.22304397094308,0.189902869286016
0.981603282399656,0.187429703306407
2.44944506316426,0.46989278239198
0.850870757363737,0.899209938477725
1.74251590480378,0.895436068298295
0.646845572628081,0.942784386686981
0.079089918177262,0.956108897458762
7.07933587911439,0.411214927444234
0.89923894777894,0.524293798021972
2.88281100226526,0.276597389485687
1.49345082184858,0.153556973440573
5.81438028778801,0.0316184230614454
7.1679063596731,0.370348694268614
6.01783675127418,0.428196060238406
4.48682616998382,0.430492464452982
2.22960527977886,0.206457772757858
0.258878065273166,0.511540551437065
0.0349632641300559,0.612312383716926
1.1103579076007,0.226628807606176
1.50593124507906,0.420878245262429
0.311336849852354,0.916897385846823
0.754052491715179,0.719649356557056
6.11831183976516,0.626365090487525
6.44201128151188,0.0198622222524136
1.53883835292401,0.854611939983442
0.571317738853395,0.221954177832231
1.47732353070161,0.181161772925407
1.64014576739612,0.539680638117716
0.506160729471541,0.200965130701661
0.500225032679737,0.973083447897807
2.04109223039707,0.567736199591309
0.370866357348859,0.255066086770967
2.4053278788084,0.553310488350689
2.43355899482014,0.642940383870155
1.27847506571561,0.40813650470227
3.787387098949,0.717332364991307
6.83120371367703,0.0981948126573116
6.10696662792556,0.0127946177963167
2.24453281975331,0.800912735285237
2.18413077472689,0.19757090928033
0.127532863594802,0.848696081899107
6.35192397203217,0.227555423974991
1.85252524531426,0.767860592342913
1.57638260506722,0.853864188306034
0.847439272329211,0.182957949815318
1.89196891515496,0.379973204340786
0.430461805313826,0.919870619429275
2.78517966700678,0.716966783860698
5.57841566171417,0.371313700452447
1.74684995404425,0.369648199528456
0.451134882867336,0.525768095394596
0.715082479640841,0.79769063112326
0.953523129224777,0.812985730124637
5.67272379960785,0.235188341001049
1.86478109463098,0.107463732361794
0.254756621085107,0.94129793997854
3.28955014073195,0.593373884446919
3.19390891848092,0.23106002388522
4.04723005725031,0.205686493543908
0.830244547687471,0.412418617401272
0.0313685908913612,0.843987474916503
2.19977566963973,0.125937895616516
1.94353842540624,0.849448643391952
0.573283354751766,0.188802320510149
0.663200829178095,0.681904129451141
0.561842462979257,0.958523569628596
0.924722011201084,0.952988825039938
1.82895094334128,0.700621005147696
0.986609640531242,0.953399256803095
1.58093978269937,0.577653811546043
0.261714581458702,0.316395270405337
3.09168752638583,0.0789315472356975
0.236888472922146,0.991559835383669
0.75599767267704,0.335337149910629
1.77494935529137,0.70221824455075
3.41312610470396,0.0236865424085408
1.36755700223148,0.350109737832099
1.99664737222171,0.873730402905494
4.82581379611917,0.352125308476388
4.06580476446037,0.0818844696041197
1.23259296361357,0.833101781085134
0.924977413378656,0.159750755876303
0.400417177803434,0.796486614039168
0.151581587269902,0.523935137083754
3.899686679076,0.298060534056276
0.260631298588635,0.860584999667481
0.789736450649798,0.895814046962187
1.48950101900954,0.501060171052814
0.90441843993245,0.917506847996265
0.113100034184754,0.820689337560907
0.49513435550034,0.209868855541572
1.13865089137107,0.945466687669978
0.0407597724389345,0.5715043223463
0.192910712019895,0.841737611452118
5.48782965143151,0.65143619873561
0.120488912747116,0.525936269201338
1.86371369092705,0.805812397273257
0.62400156725198,0.206347308587283
1.85657534127404,0.106045995140448
1.76782185203376,0.120212521636859
4.97740090240665,0.041245998814702
0.458623894573496,0.623585291206837
5.52676246662564,0.353967665228993
2.69079700848999,0.0407043581362814
0.649005182400118,0.475489062955603
2.27634527712109,0.376517161726952
1.35659775137901,0.143572255037725
1.2411138182506,0.888663616031408
3.84636856054069,0.16624379134737
2.31664361423793,0.20348411751911
1.67175272657516,0.139140601968393
5.94154858555565,0.0360335246659815
2.19835987119916,0.185917351860553
0.430098588578403,0.947536382358521
4.50199138614435,0.68907325854525
5.30610268165298,0.0541894398629665
0.0401693135499954,0.339041428640485
0.346575302261644,0.356823168229312
0.114929576008336,0.908843485638499
2.04607358708231,0.516614752588794
3.57721245272045,0.0773349183145911
5.11470583428569,0.150535235414281
3.26181801914625,0.217744025401771
0.00533215799747605,0.672693684929982
4.48332582016416,0.453314853599295
0.901997637934983,0.580110325478017
1.13966872356832,0.537901540054008
1.76153692106437,0.479178188135847
7.17177764656854,0.618067081086338
4.63739388024494,0.58869623276405
0.207808235798676,0.812407657271251
0.915376500226557,0.285841150674969
1.61223283029141,0.204858623445034
0.824247618205845,0.888101173797622
1.86579186460915,0.108882198808715
5.14971096415944,0.137759206350893
1.80004947437885,0.688344129361212
1.67963872676818,0.759397557703778
2.96779087541585,0.204075667541474
1.39130727875533,0.856659031938761
8.83704600432768,0.13988401577808
1.01027944684029,0.927573345834389
0.997032397426665,0.482664440292865
2.9201962610889,0.369449151447043
1.46300088191157,0.446160023100674
2.6420828475708,0.11658114916645
2.90088536573534,0.837213723687455
0.353432361967862,0.814838521648198
2.04632082200589,0.702781348489225
0.599517201073468,0.681171576492488
1.25224148181934,0.37471781973727
0.899832560680807,0.849764003884047
0.956557656638324,0.244336049538106
5.06633528682807,0.596738567342982
0.42885098233819,0.608152902917936
1.19042831286788,0.886302016908303
2.99346777477949,0.249324988108128
0.0373548781499267,0.728762988466769
1.97223382062259,0.666829234920442
0.724783213809133,0.515899951569736
1.54410361250973,0.167377140140161
0.442623992450535,0.783553477842361
2.11679591043832,0.719734330894426
1.07228197623044,0.131740177283064
0.601965740323067,0.922083462355658
0.0294788619503379,0.338250358588994
1.59665693522218,0.576860689325258
1.3625078285113,0.906755565898493
5.65674629773865,0.325814657844603
0.23427056857135,0.988665897864848
3.19840110564315,0.802556225564331
3.2649556545723,0.678383428603411
4.78358158816524,0.53604673803784
3.47701047344093,0.705258390633389
0.147835274226964,0.471076183952391
1.28139325790107,0.567292047198862
3.43930818123703,0.0338711203075945
2.10439406885746,0.0860839940141886
1.14561128523201,0.835713310400024
1.34342458937317,0.791643079835922
0.357732925564051,0.803479244932532
0.49261482038693,0.763212652876973
1.2063852166757,0.292090690229088
1.79227622590008,0.633857453474775
1.60320374098803,0.374663559254259
2.25127871343435,0.560751262120903
0.0237320996820927,0.602451267419383
3.59974449813093,0.0536999113392085
2.16475624396446,0.579638120951131
0.609988879412413,0.955352519406006
0.439041773788631,0.510386989917606
1.75140223457458,0.724471002584323
0.603012656792998,0.280535125406459
2.41299799076262,0.519710325170308
6.42781861092816,0.519741804106161
7.34293479802919,0.449418494012207
2.08937833636048,0.148200537078083
0.654456323944032,0.369604680687189
0.501509912312031,0.605472870869562
0.0118470918387175,0.326281828805804
0.188300597139969,0.99553389614448
3.33460509475579,0.595564580755308
0.796311342313297,0.96118344552815
2.11348984018221,0.0932423276826739
2.87473933113069,0.0567799683194607
0.00738273278331926,0.943386274855584
0.490156712941825,0.738374064676464
0.210897230755395,0.549384369980544
1.74259135239122,0.0919272846076638
7.17994309547258,0.134213836165145
4.28361846108861,0.495403550099581
1.80831009513679,0.538606793386862
0.799223321140997,0.497939190594479
0.980482966628924,0.871211272897199
0.621751202383273,0.613658526679501
0.410066403573821,0.689049260225147
0.797126141376793,0.690374509897083
0.714784107170999,0.847781130345538
0.993751699619111,0.278471758821979
0.283866910263896,0.929335578344762
0.0500879129394889,0.926400658907369
1.19936132524163,0.376872182125226
0.159939477865926,0.456160790286958
0.359362925473428,0.562563085462898
1.10002354625612,0.577564941952005
0.226816840469837,0.946846434148028
0.810537723765939,0.393684352980927
1.21620693802834,0.69274568813853
1.3978484076106,0.860598896164447
0.366286848671734,0.589736089110374
7.8033912289412,0.0782495092134923
1.06112453341484,0.233924265950918
0.366951745934784,0.88882939144969
4.27363570381827,0.0194133915938437
0.182833950458633,0.651271163718775
1.02224317286164,0.882580520352349
4.51390929122396,0.212659204611555
3.73079993559008,0.0858618647325784
0.743618770355579,0.953446187311783
0.088520536411717,0.781481510493904
3.68733300996904,0.0224991641007364
3.4136744624186,0.139902621274814
0.383391121402383,0.816992756444961
6.64871422912846,2.84053385257721e-06
1.89488655320349,0.242245584260672
1.2287605907768,0.839223714545369
7.75093037965608,0.503701512236148
1.65759447804743,0.296675177058205
1.80815714341659,0.282531077973545
3.58796146867757,0.0451449477113783
0.0698664290830493,0.825790410628542
2.63654634720626,0.203610107535496
0.19676567800343,0.570551326032728
1.23714062198997,0.277931013377383
0.972243722528219,0.349578119115904
0.476299637928605,0.919230374507606
3.97685661150103,0.105622756760567
1.33083847351372,0.602546863956377
0.718656219542027,0.174853894626722
7.81593100312066,0.442465509520844
1.12080097012222,0.627692811423913
4.01021359471564,0.303915768163279
0.104350780136883,0.930638192920014
5.27049241562314,0.0458135595545173
0.527628199818195,0.627529722871259
0.889461506158113,0.897638644091785
2.11264928171206,0.846536697121337
0.736876845803845,0.646289528114721
0.946494480594993,0.434094560798258
1.40738235591891,0.383695234544575
1.89329560806957,0.411017091246322
1.18580134212971,0.690859933616593
3.13090222973851,0.0128823898267001
2.08065112580407,0.583106262376532
6.70710065927277,0.00310062291100621
0.29095593560487,0.548891836544499
0.942035586573184,0.8494890157599
5.42941636194415,0.254938222002238
0.236565891653299,0.802349298493937
1.8358281533325,0.627487744903192
2.81511087698822,0.83742529223673
3.82392115874176,0.242914389586076
4.12584432570224,0.00357356877066195
0.267458097077906,0.990971524035558
1.05188038665801,0.321350197074935
5.58793803707562,0.590991163393483
11.102471413419,0.127225652337074
1.70624450026991,0.645308836596087
1.02013616543263,0.464459450915456
2.93235102710959,0.0466501044575125
7.02888251564846,0.154161839513108
1.29103156644851,0.733369778143242
1.27890456560999,0.237343250308186
2.9230764134038,0.462907654233277
2.37140668628396,0.160144282970577
0.206486561335623,0.452259204117581
1.34231565706432,0.461084325099364
1.11799731757492,0.216439474141225
3.58720900474076,0.686175615061074
0.578112586401403,0.520856849849224
0.0276076085865498,0.749311039457098
9.76823063613543,0.221671759849414
2.2165448757911,0.0470791920088232
2.22893320274129,0.137877631001174
0.27443141274361,0.967082185670733
0.491489435162176,0.443129707593471
1.37499014101923,0.917147053871304
0.63034856505692,0.255695424508303
1.23586250562221,0.333837808342651
0.269756454974413,0.640660586999729
2.43401395707371,0.165197990369052
3.80151418982947,0.30139516084455
1.3020066972822,0.172149945283309
0.448150381445885,0.720986016560346
2.80570106577294,0.144830436212942
6.38324969973335,0.0585368066094816
0.683675734326243,0.325850397115573
0.948809194378555,0.468082204926759
1.12373855337501,0.152594048297033
1.02274451684207,0.739106121705845
0.318577531731115,0.5590576720424
4.34825746806865,0.247530580265447
1.72034363800562,0.675996867706999
0.637274267151952,0.467935774242505
3.0560688113976,0.0384009117260575
1.0370168434456,0.44092363724485
0.167756888084114,0.658590080915019
4.58231604624891,0.544855154817924
0.0530468740529859,0.81593540054746
0.532001283951104,0.955772089073434
2.31558701760116,0.64983858820051
0.297715411521494,0.908273511799052
0.615874797105789,0.43755572848022
1.86890210575404,0.249492876930162
2.03265312713429,0.862704547587782
0.0655817780643702,0.975146264070645
0.0399005291983485,0.307610127609223
0.411568659421459,0.850574360461906
0.376747982576489,0.493699644226581
2.28065187475624,0.515352920861915
0.526424125085956,0.834381165681407
3.53717286169905,0.19304091995582
5.98621368374596,0.625753460917622
0.574730954081407,0.946582474512979
3.72425079701428,0.233589569339529
1.145801467821,0.246263646055013
0.238312099128962,0.991320702945814
0.847101980820298,0.208684059092775
2.44917541361394,0.831753466976807
1.78904499105158,0.281119999242947
1.15940278302878,0.821299538016319
2.49660256496611,0.0228221986908466
1.29257798288018,0.548225231934339
3.5298675446022,0.110927751287818
1.77338294676485,0.0964960553683341
0.483590885996819,0.611727269133553
5.71270393740634,0.167111001443118
1.97579736369897,0.526498451130465
0.394519247114658,0.715156993363053
6.04511475529442,0.708834292367101
0.0107181288336192,0.865761127555743
1.02808783762157,0.145953449420631
4.23013549295874,0.563902028603479
4.00962547941094,0.212688082829118
0.327315976796712,0.876892177155241
7.92489291587697,0.156963268993422
8.00228415015054,0.34263851121068
3.57510400822486,0.519090567016974
1.86448562323096,0.510628778720275
4.48543343897144,0.236918476177379
0.550959018059075,0.337533448822796
0.27936241831783,0.625871075782925
2.92263613825636,0.306614727480337
1.84934851705077,0.749278084607795
0.304898574016988,0.330655518686399
2.96637236682658,0.403119083959609
0.133287038654089,0.397485726745799
0.0113606574013829,0.801525675226003
1.28663479723036,0.0918218970764428
4.06362657977228,0.110753727843985
0.496991334980424,0.567104591755196
0.789362156763673,0.357833579881117
1.93457909106257,0.561301982961595
1.22368847113103,0.134128619683906
4.35897272427507,0.264558005612344
5.65870472755203,0.167996919713914
2.27557921778872,0.195625978987664
4.06916576607113,0.0542332315817475
0.727622593313214,0.5270044519566
0.857112619094551,0.294365329900756
2.07679319187048,0.340578208910301
0.0932296557339749,0.56128781568259
0.227277240285777,0.925518942298368
2.68691097005251,0.348462598398328
0.455403357744217,0.922258819686249
3.34587074426894,0.0737522530835122
5.5791285818894,0.299213893013075
0.679251700639725,0.903783973306417
3.11792449780484,0.174197125248611
4.33591410865016,0.612693922361359
1.29413559939712,0.101111261639744
0.543769759126008,0.793061727192253
3.60202401592879,0.771825750591233
0.0989858116205335,0.737812981009483
3.17221380380874,0.344977513886988
3.91528696550016,0.128625354263932
1.40127333281403,0.545050805900246
1.29352172929794,0.907475060783327
0.27273613160803,0.975725285708904
0.260444238446483,0.300566591089591
0.20839286968112,0.964070650516078
1.80338251209798,0.528009581146762
0.835362635552883,0.63031924283132
1.64429750672005,0.446578542469069
2.80431310070639,0.736405981704593
1.84672902888598,0.292894380865619
2.43495863108876,0.776205674046651
5.92730310525665,0.261125216260552
0.33603969309479,0.906802855432034
4.3312696625752,0.0933256663847715
1.52846767398173,0.131177831673995
0.814102746546268,0.502246370306239
1.79385359763148,0.500235574552789
1.050014058128,0.730647586286068
2.48011568739059,0.0230985132511705
0.747156635858119,0.749237638898194
0.596255509182811,0.845035564154387
0.799140223301947,0.660778487334028
0.454120908947863,0.753208692884073
0.892136435955763,0.250530781922862
0.560385034419596,0.361999170389026
0.0110564918114451,0.812377676833421
0.74092435464263,0.327256564516574
1.56595523747067,0.12834851257503
1.20253733266145,0.479568370617926
2.02246461745416,0.584587259218097
2.60855486235561,0.824323108652607
10.5029154749294,0.481162875657901
1.55388640603962,0.488365577533841
0.790833198465407,0.223847288638353
1.94277947760167,0.722768046893179
0.415917176753283,0.818091851659119
0.0555144641548395,0.885387948947027
0.461291457031465,0.517400056589395
5.10774563600249,0.206766439601779
5.95189095841661,0.525122212944552
0.39413211157028,0.252010431606323
0.58681882172823,0.250084302853793
1.86881115837934,0.124370073201135
3.25736399606732,0.502895548474044
3.02098863124235,0.278065580874681
2.75105608618798,0.0713754561729729
0.802054968198254,0.464341225568205
0.0165024107327894,0.98225324973464
4.69110247840114,0.530324801336974
0.816664128564298,0.268414418213069
1.34821860678494,0.175690826494247
5.08312265177198,0.0098091249819845
0.243748934939504,0.946924983756617
0.864818527363241,0.219354776665568
1.80321084168637,0.460858264472336
3.05060818776769,0.59999601310119
0.965731506453824,0.77172313677147
1.77950890167596,0.716464057331905
2.59306740379872,0.0465539374854416
3.38701201043536,0.611523592146114
0.942662755027413,0.172010068316013
0.709392598830163,0.896766102872789
3.7536868227828,0.635921217035502
0.313178036433428,0.493407354224473
2.67764475374463,0.800444985041395
0.0793034033849835,0.292698855279014
0.753828133456409,0.96017430536449
3.86651644838934,0.458411434199661
1.31618246808648,0.88786109443754
5.67003799941311,0.0335567020811141
0.263177934102714,0.985064356587827
0.343179079703987,0.977447018725798
1.73749646722319,0.741350668948144
0.377662539482117,0.700066245160997
2.99027156632503,0.132767812814564
1.44514805442634,0.310080468654633
1.98398080619052,0.135672272183001
0.194727399386466,0.33546259556897
0.802460540086031,0.816805380396545
0.450180019452305,0.378092589788139
0.256278205662966,0.712096270406619
0.465497971512377,0.804437891580164
0.328704760409892,0.856505551375449
0.0380595913156867,0.797214094083756
0.396344305947423,0.345255243126303
3.42506573116926,0.723289968213066
0.323333489708602,0.571875658351928
1.41866285829985,0.699927603825927
0.00277146324515343,0.34826790750958
0.753784136846662,0.464956579031423
0.618937096682716,0.663557996740565
2.14098128374126,0.1819662747439
2.7294971923435,0.690978387836367
0.589642806909978,0.941613093018532
0.466420917560988,0.916770302690566
4.50955155788776,0.0186771997250617
2.15850461265984,0.535724143031985
1.77826602376046,0.545546164503321
0.229741021990776,0.429024341516197
1.02632198669016,0.753011559369043
5.1511258666677,0.167222411138937
1.38111036363989,0.668772412696853
1.13620093930513,0.521503054536879
1.25136713497341,0.90072789019905
0.780470931902528,0.49185656150803
0.0379377529025078,0.948396160267293
0.499030907638371,0.863006374798715
0.840864967554808,0.527978371595964
1.19618958700448,0.868329897755757
0.486117190681398,0.978845197707415
4.52757384230323,0.631323837442324
2.57635811894181,0.315885148942471
1.65481187581065,0.880772864911705
0.912300611846149,0.862016725121066
0.47542277071625,0.794378556776792
0.374925817362964,0.50954853836447
0.786445930441084,0.966797769768164
1.16629785966261,0.143299737246707
3.3845477938939,0.353191200410947
1.80844204182653,0.572105105035007
0.0581825561821461,0.639322137692943
0.476792725734413,0.731427317718044
4.32882605164972,0.0153139545582235
1.10855906098714,0.580704904161394
0.178207830525935,0.701740730786696
1.94072955838385,0.701257332693785
2.83405445499306,0.39793349802494
0.46692303661257,0.312318476848304
0.760611227713525,0.952849886845797
0.217512533540555,0.983100332086906
2.79410293681507,0.0228315752465278
3.12849847545774,0.469092262675986
0.465660714544356,0.41152146901004
0.710833888505185,0.223493125289679
0.484875976108015,0.817317635752261
0.909649663604796,0.69624558929354
3.62618006749039,0.469135907478631
0.860542374663055,0.847040784079581
2.73674850343707,0.250552134821191
7.32222278001619,0.475709394784644
0.859476625919342,0.654459588928148
0.509063426405191,0.46516977250576
7.17173005225969,0.232895375462249
2.27852338357809,0.0682609132491052
0.28622003365308,0.855110417120159
0.471874926239252,0.603236883180216
0.769462993368506,0.951677360804752
0.262801229022443,0.497077441308647
3.0343732794929,0.0735583386849612
3.96063133312349,0.0441136204171926
0.258661288614482,0.784701169235632
1.52209745152833,0.0619370879139751
1.94172822801696,0.180941828759387
0.195306338369846,0.758020885521546
1.35352016799152,0.489541704999283
0.214509938141507,0.87838938087225
0.0658176605189279,0.558022898854688
0.31149423122406,0.44823964801617
0.195161767154139,0.869572473922744
2.78686828486666,0.739474817644805
0.276516376283463,0.541801881277934
4.28125740935035,0.420663693919778
0.425317112657413,0.772583620157093
1.71450205539562,0.277552431914955
0.636183775030077,0.240102988202125
0.808966186563489,0.344432602170855
0.579998845234513,0.538819206645712
1.30360870496157,0.102251312229782
2.93041878921871,0.133467028615996
2.14154425135522,0.490726227872074
2.79300103798838,0.107140820706263
0.50016363572703,0.808297032024711
0.228254588802787,0.252283489098772
5.58649873699913,0.212453057756647
1.16652895510197,0.929731708718464
0.707759996876121,0.257509476970881
1.68457475109937,0.512913559796289
5.83794221248398,0.133165262406692
0.724526550620794,0.70551821636036
1.54378553844037,0.386973590124398
0.283416568301618,0.727912842296064
3.77093239276715,0.0241351798176765
3.0692989079464,0.355308079859242
0.644391755573452,0.46283062454313
1.36885575018823,0.356347197899595
0.252622270956635,0.743798296432942
2.60738225645366,0.382323980331421
1.41161072292741,0.496028926922008
0.805423135869205,0.937226275913417
3.5354179607372,0.464240483241156
0.135779486969113,0.736153026809916
1.47403959964785,0.317591023398563
0.805761570226199,0.22312338091433
1.18669107571222,0.762957772007212
2.05291198185625,0.821331449551508
4.18076760457778,0.497356424108148
3.09397835429021,0.11503835581243
Rho_s: -0.477199112299778
Rho_p: -0.428203556585188
IC Time: 0
