Rho:-0.8
N:1000
0.416000874100383,0.59840609668754
3.68356709165459,0.192219318123534
6.15894459154377,0.168414591113105
1.48813818386736,0.563286770833656
1.99730639523807,0.377806557808071
4.66612983097262,0.116349764168262
2.3848681039268,0.414078980917111
4.28842952983167,0.0167801880743355
9.16267911294356,0.22885211603716
0.348149415105581,0.948689276352525
3.06113350208336,0.188005740987137
6.35132236745129,0.351508188759908
3.88596917033067,0.207957819802687
2.12297035559061,0.215752421645448
0.434340815059841,0.543933895183727
4.55546954621501,0.224552377825603
1.30210774857551,0.383851024322212
0.736087863333523,0.302751966752112
1.43952767915072,0.291397042339668
1.48711767970564,0.431199907092378
5.9209581489493,0.0195831665769219
0.237694267241903,0.940195767208934
0.593081172555685,0.380908079212531
3.42691000534182,0.528272783150896
3.27424602098337,0.505933024920523
0.337704282253981,0.951617348473519
0.0488074290267317,0.725346138468012
0.774629157036543,0.309677416225895
3.56112497649214,0.0833415847737342
0.840231261216104,0.768070494057611
0.11458982527256,0.976066895062104
1.18250841926783,0.574346694163978
0.771717778909355,0.806337426183745
0.218700325726147,0.607212745584548
1.6381827474811,0.241943706059828
4.9165491943521,0.00736787612549961
0.0691595934331417,0.991554412757978
0.320331637747586,0.523193252971396
4.35567627415205,0.329409107100219
7.06387160303903,0.0188395546283573
0.442940072156489,0.907053780276328
0.743469882756472,0.638632849091664
0.110098401172277,0.699828564887866
1.35777488257736,0.786402821308002
0.215366591305116,0.884329380234703
1.00185519177467,0.278242308646441
1.05719960667193,0.816621574340388
5.45437594850488,0.0374432990793139
0.458857296034694,0.816206429153681
0.0555088124710157,0.919154749950394
3.67371854769952,0.150728745386004
0.311985016800463,0.649879300268367
0.904924790374935,0.381944039836526
1.43074935107472,0.602217799285427
4.09244591353421,0.383035514270887
0.117154088002917,0.983877206454054
0.769709465093911,0.723650147905573
0.547999970908855,0.426336343633011
2.33688242008086,0.366581124253571
3.56233008570802,0.369231792865321
0.765785121714812,0.458813121309504
1.61683033957126,0.518146442016587
1.76493048100712,0.677244524704292
3.17248850103039,0.112507552606985
7.42772964718652,0.263230433920398
0.122509859502316,0.738813704811037
0.900682276114821,0.875258193351328
2.57387580155375,0.0720615773461759
0.608520584180951,0.354656371288002
0.239785124917749,0.880686410469934
0.440138348673737,0.890592555748299
1.38831871327848,0.50207662419416
0.449082695879042,0.510042328387499
0.728226051665843,0.884856655495241
1.38536626752466,0.174017340876162
2.93369768338324,0.194417137186974
2.3756233497532,0.401348635787144
2.43162674634697,0.0726388355251402
1.76999827427898,0.463246562285349
1.22163586877286,0.752569861710072
0.767540694214404,0.422369790496305
0.102883358672116,0.935695085441694
3.94256980104945,0.124621533090249
2.0541084575558,0.467597271082923
1.15546052437276,0.801464974647388
4.18601864923663,0.262217701645568
1.15208036444063,0.425993578508496
5.19603608150907,0.0119431088678539
2.09006901449504,0.527409566100687
1.69597837142452,0.603366368915886
0.902440042234957,0.25695952726528
0.0570233399048448,0.977880005026236
0.145847364328802,0.952219406142831
1.04181208275259,0.257976752240211
2.17034082292559,0.0830875434912741
2.85883336124902,0.280710600549355
1.97022150821033,0.237877184292302
3.69825986755972,0.222436064388603
3.04694741575008,0.151332512265071
7.80465550306153,0.0350400004535913
0.739341398701072,0.724958140170202
0.0281754764229024,0.884882518323138
1.3153679817915,0.345172576839104
1.66759114331546,0.377611353993416
6.56615640189419,0.33250330761075
0.553027886897326,0.854015548713505
4.17317902644105,0.476675419602543
0.283281022356648,0.91279493435286
4.15442936105614,0.017502389382571
7.0424428962071,0.341312693664804
5.57041744854221,0.393203880637884
1.67687103210318,0.257013951195404
0.673232862725854,0.909853984368965
1.45158805689755,0.616717351134866
2.02985221139135,0.368686779867858
0.659999881871045,0.604689397849143
4.00530473871117,0.110349815804511
2.72186456239762,0.208008511457592
1.64797435133698,0.205826002638787
3.33331646753435,0.0449028029106557
8.06041906359506,0.00971329025924206
2.52375626931896,0.55762229883112
4.31479543794818,0.121462021954358
0.990356998518109,0.595966810826212
7.71357260229898,0.0477007881272584
1.12543517630547,0.287731013493612
5.66621203686962,0.0820218282751739
1.13469517976046,0.828103712759912
0.989606521092355,0.49690883862786
0.193684674596684,0.905222341185436
0.636337716132402,0.785112882498652
3.03367507259318,0.35171752423048
0.0139858092951491,0.589223285904154
8.04626549365831,0.0835987087339163
0.73392934165895,0.313209319254383
0.122726901110241,0.921857656911016
6.39332570101986,0.382083257427439
4.08317844552879,0.429667996009812
2.71048187269809,0.274829208850861
0.568187213502824,0.708031760994345
2.43112382656875,0.0925942661706358
4.09720641730313,0.0463895304128528
0.570491799153388,0.542285708710551
0.0608675675466657,0.602983134100214
1.23792641516775,0.337885496905074
1.72006591319912,0.653314292198047
1.07643780391663,0.820586930029094
0.0499377511441708,0.925619780318812
2.65907525635305,0.462050052592531
0.794614649377763,0.876325440127403
1.74722434695079,0.217569774482399
0.199922224506736,0.687196543207392
2.45885465471985,0.105246230727062
0.33123573102057,0.475622703554109
3.37811484171038,0.0513441604562104
0.0660394518759781,0.896018115337938
0.580925299165147,0.70458809658885
3.96389138919018,0.157537805382162
1.92317634476405,0.35190464835614
1.46667926191332,0.78491718089208
2.78050254268532,0.0987072321586311
0.194191364040903,0.928655664203689
1.08400202986479,0.537895396817476
0.828046737238765,0.843029266456142
1.21293218899518,0.219971369951963
1.23589693568647,0.579913227120414
3.01760065538769,0.232146347174421
0.765029447153211,0.835856147343293
2.37568505099955,0.329334097681567
4.09433471767192,0.0401095373090357
9.86856004909473,0.00215481757186353
1.73386817044559,0.205343610839918
3.662373133482,0.388244077097625
0.458296895027161,0.428635606076568
0.366783364675939,0.885669122450054
1.03983881976455,0.295638484181836
0.877857768908143,0.74665241013281
0.950929909944534,0.453458922915161
0.30095230761934,0.958398922812194
0.0942541205429428,0.910003157798201
0.966314009390771,0.297690936364233
0.68231200799346,0.60242126067169
0.453595497645438,0.903301287908107
0.421585079282522,0.650491435080767
3.44852769730573,0.287731494521722
2.15014795371555,0.253487043781206
1.76048805632055,0.496197947999462
0.754192224149837,0.691835490753874
1.96766673020067,0.359931165585294
3.25139913691168,0.46039799740538
2.77044266826453,0.126435321522877
2.41880424126031,0.0603244283702224
3.03432412801271,0.559222118230537
0.667795867659152,0.345956629607826
1.21873320452869,0.81996067869477
3.12847934638652,0.0994586378801614
1.46728018441459,0.706789235817268
0.366998973122464,0.930589298484847
6.40503334965477,0.106687878491357
0.0310851354151964,0.996099917218089
1.56232561781011,0.588358090491965
2.48302466600182,0.0570513163693249
0.161770532962706,0.764831493375823
2.96806362194503,0.241696371696889
0.373529708012938,0.738380782306194
5.44422909964748,0.0354562944266945
2.08364429013365,0.456817959668115
4.79881035883851,0.101093791192397
2.17517952240052,0.19408500706777
0.822129968553782,0.596666767960414
1.7996000907475,0.287967538461089
1.41597625046017,0.802562431897968
3.50620475713449,0.1887871643994
4.2451615870775,0.0812592126894742
0.363160780631006,0.9513752120547
2.63320495552363,0.512274937937036
0.0191979458867614,0.670319919940084
0.502569168806076,0.639948109630495
0.898216934801683,0.847974031465128
0.295611193026953,0.967884940793738
2.40644944264534,0.11684750020504
2.46553399591687,0.137119683437049
2.77134570470991,0.383382135769352
2.4923346681042,0.144943675259128
0.922116964124143,0.67877061991021
4.37810686577983,0.0211868586484343
0.183415322564542,0.530834290431812
0.094865025257568,0.882596571231261
3.77505161596422,0.349729551700875
4.78974447710619,0.0332429117988795
0.0219721289106537,0.922985546523705
0.0184891577810049,0.885028396034613
4.54427036245294,0.0938116561155766
1.90820137834528,0.618965862784535
1.31480076815933,0.280355316353962
0.105643314309418,0.617730499478057
1.01871388033032,0.580354109173641
3.17715889571195,0.225926706101745
1.7986595522913,0.690269242739305
0.0381982347101298,0.704068786697462
1.79643248571994,0.116211728192866
0.717628605663776,0.72897578869015
0.129030808806419,0.706061904551461
2.0632260076254,0.601327994372696
1.87889833540574,0.341546561336145
1.57632841232613,0.617720383917913
1.56330754785779,0.474073503632098
8.17435021283937,0.0329932633321732
4.16476912455856,0.193693682551384
0.690075563314619,0.693799274275079
0.746947873001159,0.451941036153585
2.51303664702018,0.188424898544326
4.70265017797179,0.103366469731554
0.959514209069312,0.274307264946401
3.02750288305764,0.361242774408311
1.65680533260755,0.389186422806233
3.67747586331123,0.0873062920290977
5.03799315889306,0.0604722369462252
0.227671560598165,0.930253183934838
1.0636105267331,0.798929268494248
6.14867874946366,0.209103350993246
2.02731352860109,0.0953316809609532
0.892333800904453,0.493321750313044
2.2626533358449,0.437690493185073
0.686623694375157,0.45762346428819
1.1294097462669,0.77756929048337
3.6124411447156,0.0430401971098036
1.28468495979905,0.830065540969372
0.273193274624646,0.495007415767759
0.339533138088882,0.833795221056789
0.227764629589713,0.795184761751443
2.90711957571988,0.462322790641338
0.251784069463611,0.648171825101599
5.39560509820409,0.0865698477718979
0.499516271054745,0.440482490230352
6.17645142938862,0.142066187690943
3.00775416790338,0.04526302870363
3.57596538199072,0.0553320585750043
1.53356914309449,0.59159833425656
3.11091601570564,0.321738341357559
2.5672022140676,0.172304022591561
4.01822809485679,0.38343549426645
0.524378001968895,0.382893837755546
3.07157944871073,0.36125636450015
2.22124436931348,0.202487563947216
2.46946895859184,0.21026605181396
0.0827775605891823,0.895589758642018
0.308915670029819,0.92218849924393
0.218599267486798,0.728844125056639
3.09276526680076,0.0605639428831637
2.55137452102246,0.312706668395549
2.5135096310729,0.131123017054051
2.12198597370627,0.281846047146246
0.0803811810910702,0.551217050058767
3.28494683636313,0.21895201341249
0.441360612565693,0.632534713950008
0.563382180407643,0.804405734175816
0.42285169288516,0.50059579894878
0.0673753935843706,0.867258263286203
1.47169102643545,0.776529316557571
0.30665369424969,0.870235641021281
0.748089452274144,0.507072770502418
0.66911459621042,0.610655998112634
1.11297676712275,0.330827209167182
0.428639871068299,0.490770218195394
1.02260110527277,0.246413371991366
0.0570041751489043,0.820309261092916
3.13319418006087,0.512389224255458
4.2531493862433,0.339360770070925
2.16690000697019,0.0923694609664381
0.0157592566683888,0.953045580070466
0.391201917082071,0.901823083404452
0.890605145134032,0.479667842853814
2.16297340384665,0.636728991521522
2.17086725487354,0.536958818556741
1.96073032534661,0.275536232162267
1.4148357910548,0.771536185406148
0.584958918741854,0.878797196317464
0.502557163126767,0.708027696469799
1.02797422464937,0.68899941816926
4.44560268868605,0.162038596579805
7.902820868757,0.15348559524864
3.91890655068641,0.0985735764261335
6.56918225036317,0.30278200446628
1.68947111166064,0.18916675564833
3.26080103134623,0.0294019607827067
1.43729777998271,0.53781297779642
4.27278089870639,0.151744521223009
4.24626054536045,0.315691419877112
0.444882399329415,0.696051402715966
0.762465159408748,0.897436961298808
3.4309165215302,0.101360375061631
5.20052834172897,0.0898913640994579
3.65183616613574,0.133018540218472
0.033514316119584,0.984883011318743
6.69757957722912,0.0833085011690855
2.38208224243465,0.423856851411983
1.23841838166118,0.409010163974017
3.92956212518697,0.0869143784511834
3.12758536992555,0.378337953705341
0.428583874367177,0.714447782374918
0.599930690601468,0.777589476900175
2.05149010246023,0.530588462483138
1.80876125014367,0.463644137373194
4.4519882907433,0.119882988277823
0.865205590613186,0.309810841688886
2.58225342436674,0.450792231829837
0.18354235130293,0.919883046066388
3.15191507244255,0.416770864510909
0.126865797876603,0.594417969696224
3.16915602220182,0.368189764441922
0.224851385496523,0.686572945909575
0.398551031015813,0.54717128071934
0.418970681726933,0.602766163414344
1.62261004737558,0.230387381510809
0.820119661279023,0.295069449115545
1.96580826855245,0.289016093127429
0.791508256457746,0.83474004198797
0.840607139281929,0.613940025679767
0.631348438560963,0.475930108688772
0.612696862779558,0.390065114712343
3.69181462099669,0.137200134573504
5.10391484996555,0.124981822678819
0.257099313661456,0.534736576722935
0.894756210967898,0.799679207149893
1.83771755071695,0.355346479220316
0.0195499911615451,0.878230265341699
2.36309881499949,0.420069110114127
0.0264155641198158,0.960475852480158
2.85289112174103,0.0773860272020102
1.76659517684187,0.384348324267194
8.54544035294905,0.0656636657658964
3.97963346524124,0.0880786818452179
0.626794539391994,0.607524647144601
4.55078523953385,0.228371119825169
0.710940645076334,0.547314095543697
10.7440066070934,0.311401679646224
1.9143091721686,0.589433231391013
0.325730633675701,0.66171139315702
2.76578366375508,0.421586374752223
2.4586050043905,0.408437035279348
1.94950072272661,0.508740816032514
4.43618590732045,0.17152638384141
2.34424345745685,0.623696791473776
8.36779846021049,0.262195558054373
0.32842589635402,0.955466546816751
0.065333395000554,0.964199880603701
2.07748826774672,0.682942179264501
2.64399945913794,0.360245804069564
0.927880286239088,0.604483500355855
0.0324280534201811,0.590694626793265
0.405437275767326,0.825660480186343
0.722065461799502,0.896888087270781
1.62919420623026,0.319655508035794
3.31676266325598,0.0934633712749928
0.125655436888337,0.779445626074448
0.871087083593011,0.817141533363611
4.27626800484908,0.131888892501593
3.04799242300873,0.0317693471442908
2.56778787813129,0.352614049334079
1.83056254490259,0.197676755255088
1.9156715625996,0.143340137088671
0.00281712329419374,0.999726554844528
1.82630164442757,0.222970723174512
9.79526886657672,0.303523645736277
0.864492248743773,0.592716589337215
0.699295721419129,0.724809736944735
0.141955084167421,0.947363656014204
0.223977856338024,0.79760707821697
0.15574149836558,0.808148240903392
3.3525635076869,0.30171938915737
0.989953845804899,0.652497219853103
0.233940815553069,0.482493177754804
0.356999893672764,0.909932932583615
0.00971900764852762,0.91512256115675
0.177189758625286,0.564719516318291
6.16392314400444,0.00667832791805267
5.75549054992896,0.0175661819521338
0.629966062514341,0.931797088123858
0.264124285429716,0.970596988219768
0.552806643769145,0.465533799258992
0.514933712088951,0.899843104882166
3.57562892201092,0.0394155345857143
0.194922884384291,0.983457290334627
1.49637533157113,0.725499409483746
2.19900091729107,0.172196292318404
1.36531553976238,0.660183489555493
0.800207639113069,0.288839938351884
0.391963945527519,0.911568401847035
2.2193661815578,0.281045969342813
1.50798629215899,0.370352666825056
0.0272046588361263,0.892129049403593
0.840921189635992,0.757390157785267
0.645326131850966,0.358591615455225
4.15657200647478,0.0450412682257593
4.50260057647653,0.0775565248914063
3.67506417987828,0.0634690122678876
0.211206706301913,0.901445965981111
1.54044019896361,0.268286016304046
1.96096070984167,0.539720628410578
0.139825464272153,0.957389737712219
0.810150022618473,0.576277913525701
2.23117930946094,0.615433672908694
3.47564999742394,0.438555206404999
4.22710857142634,0.450607721926644
5.17322494436927,0.137431097216904
0.707767643034458,0.687310434412211
10.0420638013381,0.0744478667620569
4.54233261101896,0.0117178198415786
2.45737979366424,0.309937187936157
2.2296433969492,0.0983506124466658
0.639503791928291,0.405409116763622
4.11855097843294,0.217771331313998
2.96667353419547,0.484766728011891
0.313952000811696,0.953951430739835
3.24830095825677,0.43663651868701
3.03624231725033,0.180467742029577
2.70989188729765,0.318550191586837
0.389594655483961,0.616520435083658
0.873972242698073,0.708077093819156
1.30383016914129,0.455977613572031
0.639615943655372,0.864286160562187
0.771853916634383,0.437346930615604
1.59780017618338,0.524110514204949
4.99952555050082,0.0916675399057567
0.737540679052472,0.90116698667407
0.190027172939004,0.978068107040599
5.48096964110561,0.347307735355571
0.111041642069522,0.599893385078758
0.13614207115109,0.851576102199033
3.87583018077498,0.0188372109550983
0.240838650809258,0.906647552968934
3.52132893450485,0.195445213466883
0.292127816006541,0.642829434713349
2.09192574551254,0.173177315155044
4.69985737253852,0.236091427272186
12.6184348717221,0.124214451294392
0.068784405477345,0.84188925055787
1.11871019471437,0.28445881139487
1.83520243308487,0.196149812778458
2.31541261222077,0.203365355031565
1.55259227480151,0.447705544531345
0.405481935496247,0.938593227649108
0.0882189171388745,0.647823160979897
4.04602330533748,0.0388512783683836
1.4382744989449,0.58259914140217
1.65175436987522,0.582021408481523
1.7364914997227,0.188759810989723
9.02915850976362,0.00358176021836698
0.0471053030341864,0.681195803452283
0.187000785954297,0.652399999089539
0.22303154412657,0.60398133425042
4.78439376105495,0.127178152790293
1.32782768923789,0.713167762383819
0.629685179062926,0.812176208011806
0.323961945516054,0.894858279731125
0.119136271998286,0.819618766428903
0.682886341590814,0.365650106687099
3.38621274739037,0.151682926574722
1.47637066795471,0.609644246986136
9.11405477622404,0.025192103581503
0.217171670695073,0.592645326862112
1.64399498626045,0.519922113511711
1.43267656314854,0.810278454562649
2.29251515657101,0.0772970472462475
0.606290553696454,0.936270426027477
0.17018486186862,0.50784214772284
1.02296124491841,0.665894939331338
1.69074621601942,0.285682295681909
0.0683129709213972,0.607615451328456
0.199393156915903,0.582441290607676
0.546271436530487,0.552700030151755
3.32536614669447,0.0460716385859996
0.418984877197724,0.528275008546188
0.911699465475976,0.820348314475268
0.334508744168832,0.954223514068872
4.12523449195509,0.212236231425777
1.20984247978777,0.557511739432812
0.700386732816696,0.704862755024806
3.68849382160192,0.503924145596102
0.146633955990562,0.878100845962763
0.21960401814431,0.620062398025766
2.50961096203866,0.125786934047937
1.61009375370088,0.725866029504687
8.14195869448495,0.264306739205495
0.448807544661702,0.951557284919545
3.25038303045516,0.0220804617274553
1.76301777649557,0.339236018946394
2.01777981399539,0.29557970026508
0.209095032885671,0.801596304168925
3.82798849401956,0.204665083438158
0.0233225040137768,0.932988482294604
1.84968113556528,0.113467469578609
0.245081786997616,0.684486630139872
4.59770084519811,0.259127343539149
1.8847244530076,0.482903994852677
2.80507678378072,0.0504156674724072
0.69066352583468,0.601856144610792
4.802581641571,0.277518909424543
0.339146611937159,0.682978235650808
0.0679969822009312,0.957028587348759
1.95347235159792,0.166291215224192
1.21011583320796,0.187188368290663
0.0612295041278989,0.625377478078008
2.74100614889505,0.135830168845132
1.90463849562937,0.603587256278843
2.89254876581912,0.139155663782731
1.9449820331389,0.600936580449343
0.440342455171049,0.897922350559384
0.065968502113688,0.970113017130643
0.267501306740462,0.882783636683598
5.10281906624265,0.071707553230226
4.70412154097982,0.150369479088113
1.03877907898277,0.739139414159581
0.802148583345115,0.876755486242473
1.84555751821938,0.330267217941582
5.62858998242761,0.0406743178609759
4.41738918025918,0.324745102785528
1.77777061167857,0.654588396893814
2.36280933014097,0.27596192387864
0.528048293665051,0.731244353344664
2.34843115686419,0.234123388072476
1.74335700940384,0.524560655700043
0.292935855686665,0.642055383417755
0.158199980865858,0.584637537132949
0.472195745445788,0.938943961169571
5.22533517678208,0.0622973379213363
4.69668724735208,0.125277756946161
0.729862957261503,0.774568423861638
8.27049938919854,0.306109189288691
2.73771187654676,0.084862994030118
3.21975541470532,0.255783745320514
0.3066889885813,0.472336819395423
6.67097581714893,0.0189358794596046
0.223964024335146,0.701921527972445
3.49437328038697,0.151310630841181
1.77167066923323,0.169026359450072
1.20347545854747,0.539440195076168
0.0436997636635703,0.963511423906311
2.6788638922477,0.43665373348631
1.0521416189149,0.656000391812995
6.16238846888726,0.0653827995993197
2.11962705842199,0.623783588875085
0.428914592637921,0.406973560806364
1.06689146533608,0.428393540903926
1.46900733151972,0.271407577209175
0.195265408605337,0.778363502584398
1.62592343605104,0.657655665418133
1.2833296880126,0.498270541196689
6.51018129320023,0.00514628598466516
0.802867737306794,0.358808903954923
2.37826885833385,0.433133254991844
1.33108228165656,0.355914542917162
0.983047327642737,0.861932968720794
0.88237652182579,0.509338719537482
0.483426690101624,0.760074533522129
13.4539456024655,0.262622595764697
0.389844938922263,0.946906628785655
1.58887648015263,0.271057291422039
1.22178185265511,0.679977269377559
1.17672105971724,0.202782419743016
1.14476967323571,0.456535633886233
3.44271126000171,0.432900728425011
2.10387419528308,0.496807562652975
6.20112510601733,0.265323830302805
0.419713384471834,0.439256048994139
8.72034991897775,0.00361605570651591
6.86945585872898,0.00532551598735154
0.618399107828736,0.637534365989268
1.56603037003282,0.640460615744814
1.32112834043801,0.773629259318113
1.85659526468668,0.258063790388405
0.533794213283682,0.947887806920335
2.16072097598555,0.104515483370051
0.588474377989769,0.843108585570008
1.26263626851141,0.323242432437837
0.507932089269161,0.400668255751953
3.02146580798512,0.50985339935869
1.66158841728213,0.403859958751127
0.371205006726086,0.853614853695035
0.885308576747775,0.366293656639755
9.17001113990202,0.13422547117807
0.248850132338703,0.932289761723951
2.73194833277705,0.381151990732178
3.79542859999423,0.0850824180524796
1.89273742425658,0.654106456553563
0.918802537024021,0.54209405859001
1.87342359037974,0.65075316419825
2.36691792300882,0.195443622302264
4.77200628419347,0.172951645683497
0.0722632137367922,0.929682520683855
0.739766689948738,0.711859818082303
3.74555189145689,0.204387528588995
0.818563369102776,0.782831876538694
0.446912287347286,0.782725897617638
0.36434319242835,0.497095619793981
4.12401925010567,0.421208827057853
1.17510758340359,0.676598052959889
0.0999351822771915,0.887127999449149
1.36911418568343,0.700149747077376
0.0861202171072364,0.596258081728593
0.211451471783221,0.830893466016278
2.01802433670775,0.396075076889247
2.91341464742706,0.281731425784528
1.40810511439087,0.247500323457643
1.39620957515183,0.239251603372395
2.66145865424516,0.183832814916968
2.31861154540422,0.300747733097523
0.483436539769173,0.520775413839146
0.641695400564301,0.625056258169934
0.130781157873571,0.673088122392073
0.607899258844554,0.44027663115412
0.671872343010715,0.557250678772107
0.632782563567162,0.564164007548243
0.607917229644954,0.643320838687941
1.36613670364022,0.335593872237951
4.24443288494773,0.445969825843349
0.461164385966534,0.879005255410448
0.38286163980232,0.522688628640026
2.92068703840827,0.456043203361332
0.163924722000957,0.704811934614554
2.2845120820308,0.295644898200408
2.23899812987986,0.351787463063374
2.42669385663214,0.152130194474012
0.767749543301761,0.705733085749671
1.33260816149414,0.408841831143945
0.960358544252813,0.29862373531796
3.47823837293461,0.230197488563135
1.35590506345034,0.340951618971303
1.79653677894714,0.563689155271277
8.7482514082917,0.235558796208352
0.522805081689246,0.470112953335047
5.58839806880722,0.25680346833542
9.58175364831343,0.193513037636876
3.22284654883628,0.377379189711064
1.39654473579469,0.357279807329178
0.851591479033232,0.689392301021144
0.00995940076341427,0.636967330006883
2.29043471246007,0.371919987490401
2.02992385803702,0.355413864832371
0.576125887222588,0.885014189407229
2.36328774166901,0.549311070935801
1.95816166305984,0.250263911671937
1.96255641716545,0.35798367112875
1.52003062880578,0.584583742311224
1.340201895684,0.365117787150666
0.164959151297808,0.762190674431622
2.18105556993725,0.62395431776531
1.5833479258323,0.626885296078399
2.07370010382476,0.585780799156055
2.87220997504227,0.0727482214570045
0.0306662725772334,0.866589609766379
2.04689454651418,0.577282191487029
0.899717244012544,0.48828098946251
0.949731248430908,0.261869825422764
1.57502904712203,0.509029170032591
1.48951481330831,0.307158706942573
5.43968651045985,0.372908837394789
0.731702866649877,0.71584030170925
0.167863612063229,0.558437546947971
0.568412703461945,0.795024282066151
1.56778001465577,0.449668451212347
0.93424573354423,0.725860505132005
3.41350881366019,0.174787294818088
0.0696137109771371,0.684591092634946
2.56792218229713,0.284556584432721
0.503077282570302,0.513884154614061
0.844801490195096,0.77130349050276
0.771856056526303,0.858588284580037
1.91365007488968,0.562021294841543
0.729505496099591,0.7869857349433
0.796638419851661,0.333837021607906
0.251549161039293,0.918428113218397
0.58670356310904,0.688396911136806
2.63480719170513,0.574417212279513
0.40359351933031,0.516083958791569
0.0272096311673522,0.931301755364984
2.13458816512468,0.0875151054933667
0.379951319376171,0.435517527395859
2.47445146917346,0.488064297474921
3.13222523761873,0.0547163318842649
2.65737710139694,0.211603230796754
0.26746672950685,0.690400541527197
0.0493923535157275,0.978927371790633
1.72695871000893,0.720379466190934
1.0048134506744,0.833540206309408
0.47383666690439,0.910278479801491
6.15641310672307,0.118199706077576
0.737863965332508,0.555081867147237
1.58320932370965,0.746323125436902
1.37333267647773,0.627733048750088
2.29886611915174,0.233689021319151
1.35041605960578,0.480956451036036
2.59882047018948,0.420167157892138
0.0295845060891214,0.685814926633611
0.877700005657971,0.250001234933734
0.37077840603888,0.860179788898677
1.40716012372615,0.447203335817903
1.8758538861863,0.424697058741003
2.91826114786749,0.502859083237126
0.506974505260587,0.776075541740283
3.09998132271652,0.425545728066936
2.57528106610755,0.269320489605889
1.2791941286996,0.658297871006653
0.198810220696032,0.72068966482766
2.34705344765427,0.155772933270782
1.13027437217534,0.545221296837553
1.62519537649097,0.173060178756714
0.518115826882422,0.875023163855076
0.784077661111951,0.802899194182828
1.59330864024211,0.720009577227756
2.7639890051538,0.22730165743269
1.33106824755669,0.32069890992716
0.639883049763739,0.817743303719908
1.15885299630463,0.61295621143654
1.33728362061083,0.308278860524297
1.18540190532804,0.598390105180442
0.274394017370205,0.835601086961105
3.73863291351085,0.411754706175998
2.38326027608457,0.168990493752062
2.51714268529368,0.38291485211812
1.07260708954099,0.475208991440013
1.29269441682845,0.502961772959679
0.962659331969917,0.296197571326047
2.0056489984596,0.622400274965912
2.9495624451149,0.309617367340252
0.969308723695576,0.868566217832267
3.3046915767109,0.42106083384715
1.19555592257529,0.294317110674456
0.0302959429100156,0.939506909810007
3.25254651579355,0.170551479328424
1.31013999693096,0.535154181765392
0.000966925173997879,0.903134463587776
3.51073832420592,0.457588784163818
0.0893990906108417,0.665800207294524
0.468644031323493,0.520446320762858
2.242025853982,0.486843275371939
0.409158138558269,0.881528890924528
5.86858741905461,0.0113959184382111
0.0836827233433723,0.963811273220927
0.707323144733345,0.842521649552509
2.29342479622903,0.222659273305908
0.500065801665187,0.918278275523335
3.91137751467983,0.413062830921263
0.208295493386686,0.606217774096876
5.72116063463762,0.0777206057682633
1.63108978598359,0.24560810951516
0.698249426670372,0.394025617977604
0.500638705476583,0.572684225160629
2.47051689579132,0.0736860884353518
1.64708917393329,0.468999121105298
1.46645393280484,0.215766790090129
0.545297547243536,0.41179890348576
2.96990380046849,0.0736949276179075
4.23976571005179,0.274330677697435
0.633606575723431,0.70887959911488
5.10432526071496,0.0621296721510589
0.365571935661137,0.669432824943215
0.972943081520498,0.445233323611319
0.0453869989141822,0.576517760986462
1.19736472330987,0.453986475476995
2.08513505375924,0.206390777835622
1.61637820750326,0.731458835070953
2.48219647995176,0.15646704332903
0.103074487298727,0.896549540106207
9.35386536219969,0.0663979805540293
0.829219838019781,0.668823456391692
0.779301642440259,0.704439925495535
2.59162057182732,0.205144649138674
3.53921927122359,0.35168516356498
4.38758422781653,0.0192547463811934
2.05945293038132,0.612783720716834
2.835582654585,0.104746983153746
0.688749743625522,0.874318859074265
4.46271540506898,0.397836721502244
3.87912112085109,0.0829041646793485
0.231778508442617,0.955155794974416
2.08993740743938,0.154248438309878
1.05376637261361,0.521217196946964
0.0612724653783678,0.891492281109095
0.356187602505088,0.93528116075322
0.900113709789143,0.773842593887821
2.41221025391462,0.434790074825287
1.36080236919224,0.258500970201567
1.65887405136506,0.709854431916028
0.404437432045099,0.819164972053841
0.802187109366059,0.768830623710528
4.72701759238668,0.413429074920714
1.37285556085408,0.302392022684216
3.32788824645763,0.0471507122274488
2.9814655415576,0.11383531219326
4.85291084994502,0.396641245810315
6.56807190146217,0.00384633895009756
3.59750812483912,0.171392493182793
0.070697884727305,0.610187167767435
0.275784066878259,0.497444527223706
0.764127246104181,0.336601990042254
0.77782992692437,0.746267271228135
3.61562697200065,0.0919955149292946
5.94934784902144,0.0362136547919363
5.33238879193492,0.0532533088698983
2.79824194581345,0.109180551487952
1.05745379533619,0.474933474557474
2.12844298399034,0.170253441669047
0.00152894520292969,0.987654636846855
0.626936498098075,0.430401962483302
0.773202469837951,0.775854016887024
0.116874027997255,0.829359938623384
0.607384183444083,0.826581414090469
5.49291532834001,0.166669966187328
0.536863316781819,0.840920606860891
1.1711898483336,0.269067998975515
1.78554543022505,0.148109376430511
2.07093289486113,0.140480177011341
2.55113364561441,0.546485070837662
3.58009465021973,0.0270006260834634
2.91619618383829,0.311918828170747
0.588039142079651,0.84142676461488
0.482730195857584,0.524118896573782
1.69193602531197,0.664900074712932
1.70700013629141,0.154659470776096
0.822596895508468,0.264954610494897
0.452174633741379,0.574212228646502
0.593174931593239,0.623137016547844
0.752799835987389,0.399044750723988
1.37784669641405,0.28218491608277
3.54925373179798,0.368863986805081
2.10580640836599,0.202289493056014
0.504236632026732,0.568774167681113
0.47564088832587,0.937995921820402
2.02251838698032,0.124780884478241
4.20836247874897,0.372381825000048
0.853535744361579,0.485344493528828
1.81244298062267,0.543410836951807
0.973076338879764,0.420768218347803
0.730029485258725,0.908666660310701
0.63367301877588,0.430970946094021
0.118875525891781,0.980448516318575
1.52084839894416,0.758615361293778
2.08527410208228,0.0863667982630432
0.415638034231961,0.840626957127824
0.593546321615577,0.712717689340934
2.69312605067136,0.175288983155042
0.0917532965140686,0.989731054520234
0.233587057329714,0.806425399379805
1.0267543438822,0.691306219436228
0.00294035143797393,0.711833931272849
0.00164808060017946,0.903984132455662
1.50458592925277,0.671229611616582
0.0352175589650869,0.996597499586642
8.99355183612704,0.213673107326031
0.497338608838618,0.936660637147725
0.0257773427292705,0.750753852771595
1.28242258355021,0.492406978271902
0.310025558806956,0.936568507691845
0.0104716243222356,0.99779869033955
1.47045141517265,0.305332072777674
2.7606072257364,0.158838477218524
2.66449697307291,0.102144919103011
1.56017896321729,0.531261746305972
0.114040368236601,0.981963740196079
2.11690504095497,0.549844873137772
0.298193085938692,0.849087399896234
0.164116650204415,0.949041346553713
0.529288389720023,0.838041380280629
4.78078618247933,0.00984093686565757
3.11920707283502,0.221688192104921
3.18299703476252,0.251672146376222
2.09639732158723,0.146079820813611
0.217776163481176,0.513413124950603
2.51868100828471,0.1349389674142
0.691334086423215,0.818103579804301
1.76518394230845,0.11790151335299
0.537151436131981,0.608461966039613
8.62033662894621,0.265170197933912
1.43779538004639,0.351266046054661
3.52455154417043,0.405245234491304
0.803855712525547,0.622539178235456
8.96260515550032,0.138493482489139
3.7309684230197,0.224582064663991
0.0510061489716476,0.996894772630185
0.553180779330432,0.787608029553667
0.987337474711239,0.332307589706033
4.24310754586883,0.471616143360734
0.606995385140181,0.493037992622703
0.908660751767457,0.35290434025228
0.547241449356079,0.497878572670743
2.99571730179672,0.27068029018119
2.04407708338442,0.30833367491141
0.69093113951385,0.760491840075701
0.701308134011924,0.707561136921868
0.808491967618465,0.868581635411829
2.0147808677608,0.258951493073255
0.159013424068689,0.888117066351697
3.32562516985421,0.0438554144930094
0.42251554438221,0.710767089389265
1.64188449308442,0.612556604435667
1.20157191809267,0.800457647303119
0.055718875490129,0.891909930855036
1.30042505729944,0.3745931989979
0.576837477274239,0.609760443447158
0.0185856036841869,0.663614080986008
0.609116722452015,0.823673004750162
1.43605540686642,0.449201695155352
0.333516069478044,0.74035556986928
3.86487964151387,0.0634039144497365
7.10001073879425,0.104029580252245
0.470168604515493,0.42743872362189
2.22548894575777,0.339762463467196
1.97631970784607,0.594645113917068
0.0587490163743496,0.839149437844753
0.186810196377337,0.951296844054013
0.298233587294817,0.6801678086631
0.0612031640484929,0.685110339196399
0.443358306773007,0.897046969272196
0.0686764317051023,0.749258099356666
2.61013408741894,0.180919488891959
1.23846131097525,0.76129240100272
0.380369995720685,0.836833784123883
4.73030301530786,0.191095956368372
2.11880025072935,0.161131844157353
1.35294921789318,0.731180502800271
1.5502861085439,0.383092885836959
0.889015684835613,0.552053729072213
4.66086862747598,0.232068461365998
1.01385120954365,0.450672808568925
2.35907881326022,0.209919117856771
4.92798470308013,0.0055485728662461
2.80654652027373,0.145620096242055
0.98622015863657,0.49063353985548
0.522041213698685,0.904317954555154
1.43630665718558,0.647568134590983
0.196292654992683,0.564564862754196
0.188415569253266,0.847031580749899
0.668665169738233,0.371092629618943
0.769490540027618,0.727314213523641
0.167469847016037,0.893332100706175
0.0769637257032357,0.697434112662449
8.91977838376417,0.01775186159648
3.17617294251429,0.149901955621317
0.506774941628887,0.784662722842768
1.20280433446169,0.468158279079944
9.86592755035358,0.159330556867644
2.87922144291883,0.377488107187673
1.80795070211843,0.30190012906678
0.0755146900852253,0.906944445101544
0.227856181561947,0.651925608515739
1.1914155529812,0.232162542408332
1.11173135321587,0.300614929525182
1.77239967006614,0.131375237135217
3.10456091521268,0.243321530288085
1.31594676617533,0.283851299900562
4.22091299642749,0.0639882269315422
2.28924294552746,0.581031247507781
1.2855362733826,0.761696511181071
0.245338061737113,0.96089513041079
0.640608673915267,0.667857228545472
0.305728230625391,0.507369715487584
3.06772962195759,0.361191977281123
1.40531913121661,0.817324135452509
Rho_s: -0.802008214008214
Rho_p: -0.684831525135566
IC Time: 0
