Rho:0.8
N:2000
0.109668850962547,8.49284253380566
0.251535307615995,5.73300438828052
4.91977072854467,13.4318500257487
4.19533031036086,13.2720134897989
1.02670540101826,11.517766765513
0.30752982199192,3.96103484418908
1.7772711868489,10.4770485679439
0.34209932295322,6.88931881130179
7.66091037733828,14.145202065866
0.333587086699643,6.6100938876182
3.18837324627026,10.3194129474532
0.333619833923876,6.39029477693994
2.36115179438539,10.3190249730141
0.165755109299758,4.46609949243132
1.49839575394037,11.5305889335739
0.584585105068982,4.99006654418879
1.68267795621398,10.7534229748165
1.04962869267911,9.10140236225752
1.19524603802711,11.3121764813971
1.06311215925962,6.39531814746249
6.06810238522045,11.2389644263276
0.758506187237799,5.97124334587774
0.00246703065931797,8.72141055774803
5.21739378553445,12.6444403687241
0.0757038191946688,7.05119952907342
1.01816579606384,8.70475914963013
1.34370610304177,10.7318172855258
1.35584088787436,9.10038391521806
0.706367243081331,7.41477168344278
5.46408295978732,16.5467358921083
1.23341201152653,9.0011380832891
0.0854716219670772,6.32805531092077
5.94210280444393,13.4179694197367
1.19830632023513,7.88303497829293
1.3500417964533,10.407918796513
2.91271331889515,14.3137607480754
0.107626312412322,3.92456704425621
0.540340235456824,5.44395296571742
0.348043718375266,5.7385763037951
0.16218588128686,4.62098085720938
3.6555551959384,15.5801861791641
0.361416064202785,9.44503123864378
0.671043786810254,9.04541328374805
0.0800634445622563,6.61114960319756
0.680977792479098,9.11144160763604
2.85149617848878,11.7047918316411
1.27439373079687,8.22760095087876
0.441860485821962,5.37082272512469
0.0987442405894399,7.81858565047808
2.66909668772461,13.6463907367573
1.53226242821827,10.9254350637919
0.388551267795265,9.80108696699591
2.93245683203115,15.3648633145879
1.41139314501526,11.8624074555048
0.500387039652035,5.48668861959967
4.87750133574202,13.6491536658588
1.64121334991398,11.3420472595912
0.744753785431385,7.60026062600044
1.09419351350516,10.7868362031998
1.94738333825227,10.8306756377698
0.575274743139744,5.7633861943652
0.372522430224251,6.42580960278481
1.41085911347511,12.7739563682937
4.62158797556977,13.7303546113755
0.623839310370386,6.13120455681968
6.15146873857746,18.2463166112637
0.670627452169447,10.8647246383201
1.1996982479468,9.79368536151072
5.92547458060293,13.4330586993739
2.32194808675888,9.5443672789017
1.55414574584904,8.1696037209641
5.0590235512545,13.1135385165971
2.45716999462786,14.3224182510555
0.623899368569255,8.84156967632391
1.96296281731668,9.02598164921115
0.0987176999268044,9.20780079752199
1.55231613222241,11.3223123626422
3.23998939601665,11.9369846198145
3.91411342827563,16.6340547419107
1.87907095021838,12.4923321163697
0.138124166347293,8.94303525744109
5.25931693215795,12.3064301814746
2.10479618041756,9.79547474700172
1.22621522378176,8.6762656082123
0.636050446666714,10.1366911487509
1.65988123781028,10.25920264401
0.710108996368945,9.45753338567056
3.80265479518061,14.1151642025061
2.11163580036702,10.6474266067588
0.673462764360011,10.6685305948775
1.48651497438051,9.98404811322271
4.03018712235575,12.384215761695
4.54204145421214,10.7589376787356
2.06669052046835,9.90946040854013
0.310758995823562,9.5408082344588
0.846961725503206,8.95726198103558
1.64373926809969,9.73174301411095
0.334908447228372,7.59503701068518
1.80873391396346,10.7560536165735
2.26450587428155,9.48238375204818
0.0565161323174834,6.78735390921432
0.898292915895581,8.33059006688903
2.05948910295012,9.14664631010377
0.188826614059508,5.78070524130993
1.96303225575745,11.7410591342106
1.57861564114249,8.2600320437207
4.17929744774094,14.0017954490196
2.22140710375829,13.5030308276974
0.00296487467166023,0.784087480344898
0.322374584153295,8.83674550190896
2.4184445812458,10.5791667388439
2.44244828998091,11.7864323166654
1.92248109160903,11.7044149812145
0.0746016055345535,4.82383016327797
1.24672349728644,7.22513555319834
0.660304151045498,10.36325279063
1.35673085507005,9.55291647514511
1.28016895242035,12.0125556126463
2.51365591204705,11.370625511573
0.0262705702334642,8.94349327504595
5.80279644353473,12.8653357554106
0.676282866857946,8.454479092245
1.03305466570875,6.70219356602261
0.195628806948662,6.40850711841524
0.680399435572326,5.63361737411899
1.30631331261247,11.0656427160477
0.337100942314488,4.56267345709704
2.33329142062905,9.91553385329473
3.00406632860065,13.2492197449864
0.50656424555275,5.64036702806702
0.142105484948482,3.07408959426199
0.636543764732778,10.6436836847906
0.889558698982,10.390645181894
2.64622291355374,11.7754872753152
0.713049952872097,9.15031197381282
2.89806490001009,14.5974250952409
5.46118989934154,13.3123061432021
0.798838317394257,10.5698768580068
0.12487961348436,8.0469449778501
1.85995550577416,8.6326518390078
1.55930753975155,8.52654866842718
0.0869529234689136,4.62089255409343
3.05405765010004,9.97679643542827
0.412658571265638,7.21652226597391
4.41197967131562,12.8600841096318
3.51456025226002,11.4685867598055
0.128189725527821,8.44917611690656
2.75685944399777,11.0981381956722
4.746383677916,13.4973317766387
0.558688371442258,9.0151804636004
1.55746999688283,12.6516219565246
1.24253390356898,11.417804763961
1.42954201831144,9.92879522694987
2.42405787474456,12.0404993761829
1.39150751559975,11.8235983199366
1.1518111648038,11.3229528242391
3.30567521411382,10.2307548185386
0.527835608460009,5.82478223818126
1.65780610023978,9.02827583296494
0.474613284692168,5.54119342921188
2.4579433350915,8.73654539034852
1.15155130811036,8.08456616882971
0.713713704608381,10.3244189401438
1.08243068959564,8.44072914546497
1.02967627128922,9.80267652202597
2.53411811768057,10.6215316723076
3.2697359806109,12.2729285670449
4.57716604669519,15.8378972687592
1.29123837593943,8.31662865006752
5.02799461384244,16.513530975679
0.606305908411741,5.96517630899336
1.50426188733731,11.814372658957
2.70469271196964,11.0703632999727
1.17195590119809,10.0269516811063
2.01402782454135,13.6506859803277
0.128981374204159,5.94177527412759
0.156120989895547,2.13364612854512
4.1040601840425,11.1157475159854
2.46680824220774,13.0032800942674
0.671607977710664,6.33679625338722
2.37360652714016,10.5001815478436
0.749989084899426,7.28258585138437
1.22081407811493,12.0057671574495
0.397736486978829,8.18175791561183
0.205310404510009,4.64345044209769
1.02436895668507,7.73296590828008
3.09403718991165,13.207600303007
1.76455874360147,8.09415068954673
1.27917749527842,10.2011104646809
1.99996579208875,12.0024671314001
1.15021804720163,10.6941319297537
0.492898563854396,9.62067161482256
0.651002512313426,9.57376240410574
1.97138456991854,12.4796359975091
0.187016969546676,9.5115232810496
0.629977510310709,9.53200222296292
1.24149272125214,11.0223842958411
5.21034497369952,12.4006633363628
1.67843331388178,8.086678288819
7.68677441361261,13.114943401977
1.98829879224923,12.1412097963904
2.18873048379066,9.86191550065345
0.419375338591635,9.69495059192538
1.3557005180046,8.46753918925106
0.571731342934072,7.65270765306033
1.96929620570483,8.73103164646877
0.962337024119051,6.68598240783619
3.34276357276325,11.5559606131021
6.82195228598238,12.6430065856583
0.221612671222622,6.61780048990532
0.848112484440207,9.61842270430645
1.7871564030415,9.56623199289388
1.88099854989889,11.5145262457228
7.14935634615731,13.4241759827029
3.16920623538976,10.4752716057543
0.491335107013583,6.17888743845794
2.69518401837888,9.342663905171
2.91312300397043,12.168232348783
2.23763911790195,13.0425717909265
0.444977241952049,8.27330696537097
1.13558616116643,10.3784001039172
0.984047220088542,9.19226538298628
0.621044268214074,5.38845062559512
2.59436046137455,12.5128166943819
0.690541436895728,9.29805170803052
5.25483056830308,16.1417742855473
0.203282583200027,7.41680852831101
2.32223257786574,12.8745137842152
2.78053163227478,11.0976925991337
4.0852400845099,9.93166440368845
1.90229946925285,9.70562779616166
1.12729239184409,11.3437174216913
4.06544566137676,11.6549388952101
5.4007733647985,12.8203899872399
2.30511307894232,12.5043665403432
0.663242301903665,5.92125292381246
0.372480514459312,7.82975147573359
1.18294307310134,12.276228935322
6.44056139852772,12.081829866042
0.110386612834831,4.83908995916915
2.76171983025017,11.672328157445
1.87023994690719,9.57041404151036
2.36938853553476,9.06746862665167
0.134584467684837,3.71931379262557
0.533764422414083,8.58877201470726
4.00978709740524,12.4493936134533
2.13144507995787,9.63034104844468
7.55060742380929,15.8672355682756
1.06273881718516,6.27926383846994
0.998243901878595,11.2430878433807
0.244305443066721,6.57113124074537
0.077748341363561,7.77364354384352
1.45108903351087,7.54551018441867
3.3353830425251,11.4046952224113
3.90471790341621,13.2605215974101
3.01438603275557,12.3404231724671
5.45104841490216,15.01649415379
1.03685206361115,6.48294910857259
1.89144118494334,8.42462087325731
0.0579241011291742,6.6660527862765
1.83764896203044,10.2602364108479
5.18915454645581,12.9030371247375
1.12222075462341,6.66779148888537
1.85829923107269,11.0004338143347
1.53806052410529,9.29058963166662
3.70512878878002,11.6903902328833
2.71345011881533,12.1352276953186
2.13319517205475,11.1403968738486
0.435914438217878,7.24923140571068
1.30282155610621,11.969934177208
0.655415928922594,5.71191870958077
0.409624013118446,5.92512885340345
12.4359759979679,14.6626761091044
2.02821981153431,11.3711997195076
4.26301478749972,13.1719804801411
0.857046284712851,11.2956704143736
4.22496673302492,16.2980625851777
0.471122540830768,10.272280962155
4.333348121242,13.2081343239144
0.194343107752502,6.30467131753057
0.322281656162659,7.26472204511051
0.227705937086846,7.41458187611095
1.19715019874275,12.164203949171
3.74892863241916,15.7914568897174
0.303922095200696,9.26730372788756
1.233876244165,11.6096506121
0.503373581672421,6.80638437756039
3.77591652173946,13.1228614401853
3.54318223626533,14.4877068141655
4.21803212513156,12.7598981722248
4.39649569288454,13.7358508450628
4.73368898408667,14.363632016993
3.3600828505368,9.62840872215746
2.95643671423737,9.33799670777837
2.95300396887546,12.937021764973
3.22235844901676,11.1403793969737
6.55812965299854,11.1304935607008
3.78593831865077,11.694242386905
3.8337965531457,10.817284331118
1.30422808788717,6.93068719035493
0.111255483701825,8.24587793944894
1.09743437822908,7.59005638400374
7.00884312011858,14.5890921137063
5.54089849789567,13.855104189514
0.253803107887506,4.13871131137324
1.40827045270004,10.9998961557478
1.08387321233749,7.87210534967068
2.56522025366966,13.6263210147101
0.575429293482892,4.79865022484332
3.09936196824661,11.4942507510001
0.493397097888276,5.57899513424985
2.89298194863875,9.73131756898059
4.02214075608139,10.4133721648018
4.17485067928117,13.0360281538024
0.664172749966383,9.46559881048878
1.27935176342726,12.5999805895916
0.126745801646941,1.77427148446716
3.26938366897279,10.1739292425517
0.591625587083399,7.92322603201056
0.578280925750732,7.75784128159185
2.16158553018215,12.3777002953294
2.58760684906485,11.6431043234117
0.0346594173461199,4.87824826881851
2.04851379795911,10.6081185489036
2.5334402117038,12.9845484192418
0.238827362656593,4.35677290335296
0.332990842871368,8.13082350646443
1.51243804200532,9.00937254305775
0.00916497316211462,7.70378820806798
0.722530799930959,8.33062089844875
0.0723971824352685,1.84934195941514
2.88270505873447,12.7083274622478
1.11340595688671,11.4250897463424
2.22993188342991,9.81942380484827
6.03423415788226,17.1817564374128
1.09117584023625,8.65066843480407
1.17209556233138,6.9328504248615
0.594836345873773,10.5436760799282
2.52191812292555,11.7186218513951
1.93722135378959,13.33282688388
0.220217459835112,5.94351819696062
5.48713743288941,14.8964949023929
0.864176584407687,10.1679183967459
0.9648541429599,6.58189720161163
0.257590246219704,7.52450496166893
1.22370442189276,9.06953920902914
4.3364304153725,11.0676981856179
1.75963255754652,8.85536805221426
1.85979631534758,11.2639396869264
0.139512692579927,5.14460655026938
2.32488971567693,14.4212720183472
0.548914698883891,6.49523662187011
7.38833678844285,15.2726496096262
5.00999877204127,13.491078214009
0.808622779307842,8.56540225970623
2.7705717216337,9.69119582672927
3.32467500103598,11.0688861157767
1.28873056452721,11.0376460276871
0.0628521616065903,5.0393923632471
5.19207520693014,12.5306790785848
3.90068223683124,12.8662831097097
0.823600511066616,9.81910210362397
1.47296213536503,10.9517030319286
0.728375508449972,8.49633975017287
1.79407267450335,13.1547364747838
0.82752173844077,7.76128699784429
1.66111042342129,11.7095202498148
1.72348861574175,8.1914246035393
5.55016903545628,11.3139901697526
2.29980207785013,13.4501792120835
1.09423393011093,7.56849798496213
4.78807659794517,11.7305836168041
2.75028076945784,15.2380854630272
7.59088697853027,12.5443290421581
5.03904314686484,11.4468944172069
2.28093430743209,13.1641348215326
0.411358711853146,4.52612750965768
1.24562470428646,11.952138075326
1.8161220922226,9.62841948535022
3.65154681337957,13.4180188035657
4.30075133006067,10.629617919675
1.10467367898673,8.42085808497365
0.48783048056066,7.19930956280872
0.1320436373353,7.91474957335803
1.14337799604982,11.1016381994105
1.89981830439518,9.03149956529166
1.39098295188489,7.15019667570463
0.810591048561037,10.9037708910288
0.0771645978093147,7.38018778633166
0.278874262430849,4.19183176208688
0.188110436312854,7.37716739992442
1.43019152610543,9.6321984092858
1.01913929451257,9.230099036746
0.900138327851892,11.0522308968781
0.0146915856748819,6.22104433974443
0.630196009992218,10.4927671817664
0.644632452167571,10.2181286705432
1.75018480597975,10.6998379723886
6.65518110956917,14.8799975529553
3.69744258729701,12.2247715703381
1.99811455226483,8.71460854654723
2.8144609751638,9.94848776880367
2.91393509117847,12.75985052816
1.01885123817326,9.22456334467844
4.19368109233347,14.9135783967368
7.0190085280211,13.2016570119256
8.97162303642672,14.7368572518913
0.480287377722561,9.50870603206918
0.0978706600144506,5.18674890115311
1.05207860935479,7.98193985845939
1.8064311350504,9.63155329789312
0.0362648796290159,4.27257598976381
1.60840195643154,11.8160950256366
2.72960810354891,14.5791538383568
2.61747276774588,9.7257466513016
4.19474196036286,16.1473076688991
0.863012070672318,10.0736310614414
2.68646865329685,9.23204544711911
3.91803418083077,14.9486350807799
0.458769937045872,6.95281778007633
2.03891838147285,10.7237152014734
2.0053353178406,10.5617423446289
3.75808677805548,13.4687295705248
2.42350142627003,14.3041960250174
1.26217328291386,12.4864607822107
7.90758414151979,12.8820774878233
1.1214762814343,8.50852870638981
2.35535359001699,10.1895593727258
2.50876607923749,9.13574123284205
1.76676779604497,8.42513212466444
0.520765365915352,6.21787850260124
4.82457969069526,14.3043000989057
1.93645230113509,9.29658604209925
0.508778053335845,6.79401444402513
1.9065761937851,13.2574888177913
1.10555326286703,8.27528820839342
0.670398616963222,5.83425277249134
1.77382211574258,11.1131230273862
2.15133188656511,11.9081683231558
1.16069859080017,6.4463014179139
4.17140297193952,12.1008237210852
0.0110710675407686,4.49272569400714
0.241228781543573,9.3645420905813
3.06262996403461,11.5940845414209
1.56784828371348,9.04816813509328
2.91868136061316,10.2375849654238
0.333977174945176,4.62923023750253
0.169063832610846,5.84532510970842
0.488978801295161,6.37664444269784
1.69529833822491,11.9952368616338
4.53657833834119,11.9775092183324
1.34891026839614,11.0066027051452
2.43566595009508,8.91075317988289
0.319041214091267,9.43737974209392
0.24362748218613,4.9741621522126
0.871050295419991,10.3087144619121
1.5467078219259,7.35987667747263
0.461290503886315,8.67022554638164
1.33454688824713,7.33123824942622
3.81820197759156,13.9667957747111
2.94556296599989,11.0422553621673
0.621350067066922,5.52742813935085
3.78686286670297,15.2684857301388
2.71228681496325,15.2139721828482
1.14299788605422,10.3528742920645
1.26410848647356,10.3414925411384
0.655549926683307,6.7185100806611
2.59024066097083,10.4525988360769
3.49032515270596,12.4145579011327
1.38630522034111,10.6259047306956
0.612057554535568,8.91565743939057
1.22112592495978,9.57599778182457
0.415588322667942,6.22571930565829
4.28121503044791,11.8373696680794
2.46282147980275,12.2858028458616
0.795899078793308,8.85563384981527
0.406619884073734,7.24984504142364
5.81872101094494,14.4354961016583
0.680363830201362,8.26303063095863
3.34438655723112,14.4941312414826
1.12261546496302,6.73290537157193
0.5574024883069,7.34364110281265
0.17229660321027,6.7740010027304
0.94232639297843,9.92916196232227
6.37464023864941,13.8619474702943
5.41256871421762,17.3962769459478
2.8833496494401,12.8613456072435
2.19132016031983,9.73371311974515
1.66475737459006,12.0460070913791
0.0485626885941047,8.37478450023431
1.08225593928222,6.86368425614144
8.31220750096155,13.0718554827069
2.32633977561238,11.1236902511886
1.26628761329222,7.26975614163391
3.34824381379371,12.2411081605601
4.45876371530595,14.0675610486996
0.488451183773577,8.29336058225099
2.32585702641847,13.4842156829878
1.7374905217211,12.0978785180281
0.171294305473566,9.39622236474226
0.57845837069496,6.55130150049517
0.89580993892365,9.40202856202226
0.945002820430106,10.9235989049337
5.26223201651998,12.9461009784285
0.621056300587952,9.04986895203748
2.41312402292135,13.743523325825
3.68049210665708,12.2908997185078
0.787201838453999,6.56903756962383
3.41765516607051,15.077698544657
3.30165825022345,11.405492220019
5.85670037534008,12.6400457096853
2.49374429873171,13.4300378698127
1.17843329254538,9.43729841604584
0.380589407868683,5.15185906299495
0.026062123477459,8.35387977386682
0.455199152058914,10.3488797329094
1.67889453089776,8.37197085962188
2.51597164190354,9.36246247003368
1.40945987230109,10.2813559979766
4.32415221233792,13.6843574703126
0.633050152100623,10.3764606083734
2.19836935020032,12.7557745858156
0.705056292004883,9.47139378342089
0.794921886175871,9.56050636800058
0.568357293494046,8.91060460136662
2.76284023738446,12.7492932988457
1.43804330370369,11.2716964012588
3.53387266008143,13.1426399904578
4.33403261719992,15.0669695402356
1.72522488973084,11.4740333411291
0.420246975496411,6.69986637943661
0.568558249622583,10.5329510295608
1.79103309093955,11.7668596734614
1.28277922794223,12.1130668029957
2.68252856462243,9.36575060987283
0.0615877585639606,1.7516482211134
0.227776202895674,5.03498583965843
0.483238869690891,9.06613557308437
0.413863679949268,8.68229090383629
0.493010954676881,9.43911095291966
5.8440759774662,16.1368210065469
17.0451226150269,12.3577413484966
0.902914839796722,8.06234760090016
0.666043758392334,6.0343161342541
4.14491543529515,12.1753357313198
0.543831334593611,8.84761495172093
0.0126479088523457,7.70547976204932
1.78199598371031,12.1925686970051
0.569007496349514,4.68133421981917
0.114587716758251,6.92691362192045
5.62198631104734,12.1105550244766
0.707199924013316,6.77784570302024
1.99597348601243,11.4742145609399
1.89960432603004,9.58257364867111
0.181466164896863,2.17488465249457
0.118481948040426,6.82087909179818
0.812824870459735,9.12980589538961
0.965928092598915,10.1264142018219
8.00634257080865,19.7785608482189
0.691892103363176,10.2411361561818
3.06820795454417,9.50600318304305
2.25040308750215,10.9529799148618
2.01713963403347,11.5542973698443
0.199749336100477,6.77971008260533
2.03025683938506,11.306349062192
1.41892783149126,10.1916721256922
2.66097176252844,10.1799574704399
2.99619331194048,10.0421393240973
3.29077800719028,12.5581480385365
0.856212061397033,8.76376618438339
3.85380594043021,11.4125842813335
0.21929930369968,3.43075720660309
2.85955935716614,10.2684974840748
6.4220166650034,13.2427874046682
3.29682996224297,9.65652098356931
0.366832274012268,8.40090920994254
1.98253860688748,13.6804929229097
3.31284802017694,9.92467011802369
1.85062823436203,9.73623975342419
3.4798435604382,14.3178668954715
2.61396673499587,13.7847699681256
3.1967411186365,12.6277156688483
1.46462539388778,7.86510921659343
2.13443041025641,11.8146308504104
3.68226028589492,12.4900511602069
2.63908062308075,11.2402003680074
2.10711399084868,12.7833116199399
2.45318396008554,8.92106050883406
1.53540019682589,8.20218563666511
1.57904712088209,7.80062743280917
1.75718190178223,12.0135521509399
1.78192543368319,11.2698151367162
2.56131625539603,12.1636148127605
4.51407102842755,16.4179805695516
6.05911119248638,18.0105629536222
1.99827413997593,13.7109954342695
1.06828464567661,9.9470007243442
0.898103658109903,8.27025382596396
3.01491195552631,11.476495873666
0.29223330632748,5.89068595194892
5.69188815321694,13.1428205736785
0.607394467921952,9.7600777640732
2.02830295815113,11.4014493070037
5.96338769257671,11.7084130740563
2.72710230379345,11.3572369073386
0.955102014309279,10.0960368974168
3.95292187092786,13.4761597114503
0.523607770912349,9.50628804016114
0.373573570512235,5.40441596235097
4.17903766383357,14.4086144477267
1.59617139540071,12.5306912622744
2.59387068255785,9.97584411648511
6.4906976666666,10.8509525053207
1.32077316287905,11.6800908840662
4.42557020337781,10.3198588538567
0.0562850562855601,7.85486610503828
1.11857281439006,10.5250984267629
3.17309177348284,13.9982183251187
0.438514696412332,6.776888030464
3.01122589765077,13.9092304290089
2.96209395287519,12.220397409553
0.0554134698748499,7.12156272952818
4.49187822987266,12.8382410946664
0.732237345455711,10.2634464001975
0.0694650729754219,7.72526231116252
0.126215229671076,8.32280572872845
2.29496052480283,12.0124083979064
0.340660843066871,6.54755793166292
2.87218844128733,9.45873531868142
4.19249152232076,16.7036820940968
0.234369020909071,4.97818256731587
0.979799835011363,11.6915466928641
5.42792047907538,11.3942793733256
3.39691731980803,12.7432702721688
2.33450577399674,10.8594067366982
2.32131355321187,10.5959791943059
9.10538933375731,16.8537156396665
2.25170471138301,10.4494861842031
0.325343053787947,8.14707666478567
2.00480838297846,12.0046373018532
1.43901325940135,12.9312469441553
0.172330705448985,7.74154303756034
0.226039223372936,6.6184804628233
0.32641269569489,9.70066763226977
1.27422375883907,7.25429193621914
1.2090717330575,9.51522169014826
4.71639390582803,14.7807593227708
0.0875028735026717,1.66595448283959
0.356905838474631,8.52874013468586
1.14726189989597,6.655366067979
1.62085382724389,11.6901107376841
1.32542064972222,7.5966519559558
1.98166362746599,9.04538208590886
0.401974342300028,8.10198839886663
11.3419393437024,12.6324209487719
3.30607378093486,11.9739092476757
1.89574246845188,12.0376053567576
1.53315153866939,12.4160906925118
0.532525350180204,7.46156534164432
0.989557793363929,8.05696271403581
0.84535470418632,6.92035406103712
5.47989411254354,16.9198998056012
0.0633065755742649,7.97228210392971
2.302646452477,13.7736230029084
1.69208924774882,7.68302624247709
1.64421644612196,10.1717768519999
0.167096100605399,8.12456092571361
0.190788239240646,5.62374713086479
0.774165404960513,6.21077113497706
0.664378549903631,8.46670032825756
1.45052719592102,11.7601758646943
2.4154868274087,9.56869016017798
0.994644677266479,10.0748482235871
4.59495830883212,12.2490599873374
0.19134817143606,2.85260014100356
2.52571988469901,10.6448982114073
3.03164125030974,9.55019519613669
0.992322972803284,8.04576809833734
1.74626382291429,9.45706424548352
1.6740035227591,9.41051216217689
1.36178441438824,11.5076107094134
2.74209258696976,13.9943450092003
4.33837394763656,10.540887748597
1.53954235083404,7.87207554149492
0.942050587116322,7.81668574678874
1.9716630167419,11.500271850074
0.838412549223565,6.27707066167839
2.86787930859213,10.7096431064481
1.52571750937642,8.04910114690013
0.228990862606597,7.68602741273409
4.98577079524226,11.2638531509672
1.93879254579596,12.8193724033442
2.35734403870049,8.9599193865176
3.8246028794158,10.5534991559751
1.29823550395668,9.98849117138208
1.69787675897994,8.24918150425752
0.112145380925719,8.4509216755079
0.255537134124675,8.08895307448069
0.694958079606295,5.88704184127879
0.847096906043589,6.04249477735606
0.972673097000686,7.19743283353645
11.8452584438755,13.0626170607533
0.214325572821183,5.32226777464721
0.495209189818541,6.65427256300591
3.27656459094232,10.9935389942778
0.748951272107661,10.2256915402516
1.99989602851285,9.00789238145741
1.16737435758114,11.6003457211056
2.81019062861015,9.80363689863657
8.40852565335417,12.0976842998761
2.28228601059856,9.99921281199546
0.238188932790715,7.04748055195834
1.99603817561549,9.10867122055136
7.48812917950463,17.6454858531739
2.37558706282618,12.6202507954147
0.973577342927456,9.49160616487697
0.699341223529273,10.1976266868054
0.438018611635878,5.87166838898516
5.56044286130615,13.4833133292934
3.77288449538832,11.3011200937959
1.01410218980163,10.7656577569334
2.75901764436605,12.0363632389125
1.82770393780413,8.50787547096582
0.471133792656009,8.97749773694269
0.510167331756797,9.30998365183189
3.90156042186503,10.5556899707572
4.31215153608375,12.0544031138274
1.05209280364215,10.7209069369726
3.36809010414367,15.6078567170678
7.26514033558679,17.3883858737414
0.177508856322184,5.14212015372152
1.31158053874969,12.389769045346
0.538009520143017,7.22747534565396
3.84031392432927,14.0485375386488
1.13551211170852,11.6234220633096
6.22156645324001,15.9361506289273
1.11534315161407,10.4708464568009
0.474334802478552,8.03781999408246
1.41007795548978,9.08601620532749
0.434105696127411,10.2903335789674
2.54808729319813,10.2032309572059
4.93785196145005,13.5637669026644
0.955601403489709,8.59334941778672
2.45505557759645,8.84437783619713
2.47938700075063,13.3668230582179
0.0817643850469848,5.24213491495927
1.64355177237632,11.5256355121097
2.31224891348722,10.1381548060556
6.57073830034504,13.5662235736657
0.805697676901184,7.41095557640878
3.63729908673053,11.8340621269869
1.15731877088547,11.94559900677
5.72283815654553,13.1789743018478
1.90372735626044,13.0870358102923
1.52853315501454,8.62131703893381
0.698776781816466,10.1942756915762
0.73494144435972,7.03935862517697
7.06784819068544,14.5250845437652
0.0848159473389387,6.62694571672108
4.58453462731151,14.078113714108
0.664598982781172,8.65202181394551
0.824455303139985,8.63329000094375
0.778356222435832,8.33363998768532
3.4069833306778,10.8593081434972
1.34452822711319,12.2458960910911
1.35569563694298,12.0722632830134
0.522700071431875,6.41829172674433
4.9459112002165,12.7659134727927
0.675345614552498,6.77449878625401
4.36253763912039,12.8076186550806
1.21980737429112,10.9744669648769
4.68580165852733,13.2313179457339
0.428586773574352,8.35004449856177
1.10195935331285,8.86587300514248
3.34126985056286,13.2363757082682
0.98369134683162,6.09459204384563
0.533871182240546,9.5789602139426
1.06449765898287,9.26620001460068
18.7575673561797,18.4783727127174
0.212934793318554,7.4910469139239
0.507886085659266,8.08152709927786
0.535947755910456,5.89682080302708
1.86895578718724,8.70765620862616
0.903993871062994,10.1494174955157
0.531002053059638,7.4975382534486
0.0909142140793924,7.60364185074195
2.37836399852278,14.0961298366735
0.185487280939255,8.39795631412781
0.86808324046433,7.62785239830564
3.11539867876058,13.9009867936902
3.94598687050824,12.1376251209279
5.17465080668159,17.3636415937771
0.811731660235676,10.0661359610592
1.66380962534788,8.43423056074529
2.25311361803653,13.6488443974924
0.600374379195273,9.18278769516277
1.37927799392492,11.7648185705002
5.58621638979683,13.0881975860155
1.02406014688313,11.2264024630269
1.43489143057706,7.1121607403994
0.302130859345198,4.5213124086532
1.37916139606386,10.8724393268185
8.86594120001946,12.6729401509826
0.14954889845103,4.39739937159105
3.81730403734331,11.4636563481781
1.06995469611138,7.95254893085529
3.70180525613909,15.4446454353968
2.78056297180351,10.0184824383849
3.16965575126891,15.3813976585079
0.770167597903607,10.570737034962
0.875051928684115,8.13817177741864
0.642486916854978,5.31690250786738
1.13127597777637,6.39142266055099
4.42830122609563,10.1729139269365
2.24065178251805,10.018001606324
4.00679263083224,10.6949812745258
3.09666145691966,10.8750185433128
6.01216489434636,15.6760861880359
0.831431635655463,9.32691581267952
1.35276525747031,7.61825076358502
1.17616845015436,10.3490204020561
2.89067254701302,13.5975682975675
0.031588071025908,-0.134680232330972
7.05236373427224,12.5260685630413
6.54636005347934,11.0270257324533
0.238158940337598,5.47227051220364
3.89456543682103,12.1532557273647
2.330244442364,12.2687474649002
1.00269289411892,10.622107264776
6.20422837104569,11.2095820808021
3.1363967618156,11.9191638419297
0.181997444480658,4.7911860654052
4.62610683937497,14.9366598285964
0.986768784932792,8.93177226234543
4.14104419929867,14.9007864777201
0.754926488734782,7.92391139385736
1.51157297898112,7.59896932331391
1.5066137499172,8.22484177751244
0.696233808994293,10.3833995704055
2.85745601564506,11.5622750633531
1.85445219642463,12.8179352064586
0.0226110883053209,7.9285152872635
0.583303882740438,9.5005196445666
0.838508804618405,7.40022256475025
1.35610505193472,7.17363384379089
0.895789917558432,6.27543477701903
2.65911685294452,10.4657666806967
0.0698158275336027,6.35447195230341
3.07275002060418,12.9261237238327
2.16865506759825,13.5658538952715
1.61932488895001,12.4444560106149
1.6839740856967,13.2461240744034
0.963313320722737,6.15676941860117
0.0412890249863267,5.7952389836175
0.179178231395781,8.40524558468968
2.24359648746823,13.8685298965872
0.749682486057281,9.17608433725956
1.77848145558269,12.0975381196957
0.985298224941567,6.73837498403182
1.4724566211531,9.27891892051436
2.37496632515433,10.0354942817287
2.75271993308308,11.2758014201824
0.507905721664429,5.99189445181861
0.950463272631168,7.8711799621098
0.64857913274318,7.05828326550427
0.349037393673511,10.1033907835394
0.0772001277655363,3.69962269434684
0.353128067686156,8.79964453677628
1.36811237875372,9.36380575430382
0.384349778294563,5.81478599147447
1.17368306219578,11.5558809980902
1.65369416951182,10.8277501200972
2.75332421987298,10.3082045374263
6.61265619415475,10.9695322403394
0.261449975892901,4.65128719360316
0.696689129807055,7.30865642233242
0.0723917512223125,0.80380523468949
1.88462462267818,12.1499621419505
0.645118323154747,9.59282200055936
0.00327981990924358,4.36666001587209
5.85341501328321,11.6158136001722
0.376040523510169,7.1635954203144
2.61604077947925,12.4804153206963
1.19376349728554,12.2271708823743
0.168151434510946,7.65232861687884
0.263713865540922,9.82520215437149
3.93606168014889,13.8159474143232
1.02577531157131,9.82594031440437
1.50904424666407,9.6579903513022
2.65199326901677,11.447446702739
3.58816988376861,13.5569067116555
1.62601067334749,10.2378660947789
1.14130140282214,8.42800175828039
4.32922361614156,14.267731534985
2.84418094513898,12.1337408026995
0.00312091037631035,3.29656712260735
0.177304062451336,6.1389629096835
0.319136654026806,8.84429248688478
1.47517687818947,7.44166167049749
4.57157819320388,11.2368411926988
1.26677919272333,11.5072067706291
0.0502630885677939,6.05865853502466
3.03972653655295,14.9641113675005
3.69394082931762,12.6800576425374
0.0944543452560716,8.41885472694339
1.91582408034836,11.1115326576312
2.62670128784123,12.0779648959455
8.56097856858626,11.3295082896164
3.60273226333742,11.0603332738466
8.10445440891099,16.8316239082488
0.333652554182767,7.42892683426097
2.08713326035979,9.40857818055085
0.402506405481648,9.54561910691827
1.01253050100058,9.64075521962923
3.58849821595435,12.0162390571291
0.803317819721997,10.8497585283652
2.49188322565498,10.8092511299861
1.29451913759112,10.0185287176999
7.48816199186158,11.3246582944355
4.7915406708879,13.4817515622737
0.392348246648908,8.34681447322827
1.42286544843557,10.6230692844831
1.72199837771097,13.2136225009292
2.40742451502922,13.1337318792677
2.13154157528437,11.668507850851
1.99563182136955,10.7559946351103
0.402493448775715,6.59477779362275
2.00140243946555,10.0417842450207
3.63033933920746,14.7710969962553
3.42210530203372,10.4537280760232
5.18463363100715,12.7928938394754
0.204670729115605,3.58946862894094
2.58946572794559,9.40177676758306
0.168053016375849,4.98632906147859
4.75240744997687,11.7143244607911
0.265952463946632,8.81856303248537
0.952595840208232,6.60233430187621
0.400381858460605,9.97795872580143
1.0045369816944,8.72510671482125
0.264293714426458,6.65065084316932
0.251547848805785,8.3508234344721
0.217102681286633,6.97854745312743
0.69714460127834,7.66500492962057
0.774360226467252,8.76807140646281
1.11117271706462,11.9974378500967
2.05225957176628,9.03363896500176
1.83215365321252,9.14982013192011
0.193147166632116,6.88363432927058
0.724690346978605,8.61488164673488
0.942742993649197,6.74660496375004
1.03702628891915,10.7535452111538
0.157826680099176,7.29557277471626
0.459838356102528,7.60430055537799
2.42665857813301,13.0020956846993
0.13232296539547,5.75208049672746
0.675259714946151,7.01232787415956
6.02330610310604,17.1544326321847
2.41112281746211,10.0661319309733
0.252445488888637,6.17643488413272
6.28834219243298,10.7636350020395
0.216825772932152,9.12716617928176
1.67626264496686,11.0328190373529
0.34334899391979,7.65692291784229
1.59242226361277,11.0110879347322
1.02704244816838,11.0192855047856
3.60419904423838,10.5218470417366
0.663754564709961,9.21915066596307
0.216675316081387,7.76972735550305
6.19320036437283,12.9174016976508
6.39148560132752,10.9500755440377
0.0995435919612646,3.80519503103873
5.69122301586734,12.8391794904646
3.11105509936896,14.2452754444042
0.192014991305768,6.49835157219059
2.51550873546841,13.8188744449273
1.3259920720011,9.981532755901
0.282886633649468,7.55563870893226
1.55014740667286,8.26144071388436
0.06004274263978,7.53521158885166
1.13811053521931,7.78234653266319
0.0955507058715001,5.68507146578926
0.528787310235202,6.76199262546681
3.50673380477314,14.0406190201949
1.22714212350547,11.7725000463853
4.68164919680849,15.6042264212118
3.56026709937783,15.9328281010681
0.784106938168406,11.4127835742755
4.73411110634878,11.9234822991917
0.368220046954763,7.62105668865154
2.86965298258607,12.8933752641801
0.39990315772593,6.64438835209046
2.90757513023386,11.9153538525593
0.861208425034734,10.5331536684757
0.347217647855353,8.7960384883756
1.41558384700658,12.1737304857468
1.79098343413611,9.66533523651664
0.0525782993063331,3.94832825757939
3.40990544466262,13.7785131216563
2.30977471536937,14.2812926187774
0.0777782890945673,5.56359140414455
0.320507648400837,6.72942242193794
0.113167415373027,8.91870365664634
0.587380052544177,6.83725216795524
0.739413523115218,5.98212510839638
0.633607504889369,9.89227407196697
2.9211378876841,10.5587786826493
1.39691848299446,10.3152527161152
1.72800446775133,11.2701346087441
0.519762741401792,6.80719462990089
3.0678693501461,10.7633186016799
1.70583698703887,8.19555057006726
1.8055574799979,12.0769234447837
2.51425523302498,12.3848684670779
1.80329704462531,11.4129498949921
1.53127431138819,9.7040848174544
0.973009712062776,9.90144607431972
0.303301194243165,9.64249698696645
0.614911244250834,8.90661416199013
1.16805791854858,11.3301879915723
1.16965814307332,8.56530269393191
2.70697717918994,10.4463348832498
1.42017733041489,8.9490806332706
0.362920269747877,8.54628893194776
1.16731969453394,7.97246318542223
5.1071099467939,15.9038661330526
0.518751164898276,6.54702011372885
2.66430976978483,11.3952259552592
3.20786809159403,14.1794312261604
1.68102606377544,9.0800466069337
0.498606462962925,7.89323583115815
3.33782204743159,11.0548214294887
1.85371205574813,12.707723012227
2.74224334201756,11.4316900021241
0.26469792984426,3.18586224685122
1.0454354500398,6.64920484084169
3.04109891682174,13.1541451299551
1.4183512534106,12.6301272359845
2.24014036907795,9.52355796684517
1.53509368739071,10.3042130755902
2.32828944540563,9.19746902925859
0.967754333280027,7.0486112222214
1.07727148663253,10.2204610824496
0.74938995949924,8.79919907743266
7.34987738615743,11.037621905072
8.0389362085135,11.2139951894258
1.14060103707016,11.2264376180755
7.26563871763906,12.8972512431956
0.504941360197162,9.20025268231702
3.96631565673237,11.4785800146535
1.4608771315867,8.70401029317301
0.189911686815321,4.65658515826909
1.85465786038878,9.10894091755488
0.869848736561835,8.56658148885086
6.41522574391136,11.6786056368126
3.18410852907186,14.5592419350826
1.88908482334557,10.8848442843006
0.806117045693099,6.87740907904518
0.319508856861509,6.07061547908022
0.138661878183484,4.60511206569233
1.47490181206706,9.73963566618663
2.61689433074536,11.0746199636428
2.44801382525804,12.8231375118818
1.05962058249861,8.4701571075144
1.55870539686623,10.2020556342993
5.55825453558178,14.0650215975565
0.944223071448505,10.1883512861073
5.43612449218459,13.841346597884
2.24124829648974,12.7349872505397
1.15315208118409,7.81771220638049
2.56747425339165,9.19313044406653
0.460924674756825,9.83632873023913
1.17124138232756,10.4097554029684
3.48119124380832,10.7305263671264
0.60516388900578,10.3371173396413
0.788070044480264,10.2150219897458
0.317512339912355,9.34232448815761
4.7126002047959,12.5013060219944
2.76114525823834,11.9631387329919
3.99709503808973,15.793917323436
3.36902425421362,13.6162244095757
0.479035082273185,4.53111881328968
4.41867875123535,15.444374243465
2.18065782255473,13.4200649487822
4.17559244085975,14.0985621491103
0.790247551970615,7.52790573147771
2.11338495268467,9.32602077248499
1.4629759348785,7.55906008872474
2.60088875136318,11.6692216617044
0.516556179150939,4.94854827894782
0.961257820017636,10.1384273139345
0.452577484771609,7.80177206015132
3.11802699772601,14.7726207705299
0.568262489512563,4.68073788973608
5.47320818503327,12.0929182870333
0.241770219989121,5.60419525305555
0.0232719983905554,1.7074174698495
2.00194082028213,12.9219177283748
1.00137678161263,6.90038871945386
1.01044827140868,8.77150106998069
2.00344904317501,9.72451315264877
0.403434515930712,9.75688535337183
0.785117763094604,5.63473451559305
5.27736574758716,11.91522484964
1.1886412287131,9.21185685091559
0.123334298841655,8.56406947424352
5.11212701697774,10.6773028332518
0.642179906368256,7.29952240036235
2.48730382501128,10.7312405979408
0.751084147021174,6.2188841696584
2.09309208012166,12.9482331365683
2.04000096182969,10.0362396504406
0.000215885601272033,6.03474990123348
0.504286150448024,4.54925852653818
1.79287513150814,12.9363096350755
0.645907074304161,7.46125240085025
0.167308090254664,6.88444122208458
1.81419126494768,9.06388607751146
0.0237024072557688,0.428303565785491
0.213925936259329,6.9876951403504
0.489968925600458,7.2853116866602
1.2653857152909,7.07612422488298
1.28839981928468,7.8618614180193
0.26946375798434,3.53720875129643
1.17638044338673,11.3769976461134
0.0561737213283777,3.43955743667984
5.0404195745749,16.7553151750531
4.68047238080101,16.8082493228456
1.27915066760033,6.81938191811613
4.50015030403562,13.9400031148681
1.41125532405354,12.1035299188019
1.94732940002325,8.84967806097225
1.04820971190929,8.61214834664856
6.75528802567335,11.8159432332278
1.77684541597011,12.5907969061439
4.80025867677464,14.7011917613338
0.329043913632631,3.8853410081334
1.07846840222332,11.2797250502364
2.75349683119896,11.7324867817906
1.18522772751749,11.3508380777283
1.58319647974315,12.6563989155476
1.01723404683514,9.29266808967767
5.59348497582647,16.3419323099437
0.840561665594578,11.4903547160225
3.04769491387491,10.3080436325156
0.690826609738556,8.42354098137545
8.16405789139581,14.6485992834105
1.54802950183103,9.61059404759873
0.325664244356292,6.23070292307967
0.542596832849085,7.59901109693116
1.72676785840633,9.9932050080188
6.0325404849268,14.6149843239926
1.82612800030949,11.2959052602109
1.38650188015312,10.0507987661097
0.79699417296797,9.74692146373879
1.64477909534218,12.8853022111339
2.04386426686289,9.96633762922
0.514915727078915,8.70938634708002
6.11765859987507,17.2946039490246
1.46230397178772,8.95749064298454
0.270175084169602,7.70797923731656
2.15189399781898,11.2565563143775
1.65668800651076,10.8335466933875
1.67659230708125,12.9442431543073
3.78594974039083,12.72449910993
0.9163763737306,6.42473667601832
0.420546907000244,7.81198978113425
0.441107589751482,7.66941776758965
1.11607331316918,8.58907664841775
0.940686486661434,9.38854930674931
1.29385038930923,7.97452508583516
1.23543438408524,8.20809274662344
0.53290359582752,10.5058448254896
1.13656484987587,7.9985284088842
2.91812758875971,12.9142147325361
1.00921974839097,9.36916832535502
0.201946071349084,6.30966559727799
1.69790641210022,9.42298554834379
11.0395108194728,14.7623081210547
9.01424614289656,12.5472497653985
2.99693504704123,9.83585748703155
1.53195293425562,12.7129379859645
1.94208583786132,9.21330774355695
2.05937578505359,9.12625412490721
1.33619517274201,10.6573059580392
2.49294475943387,10.0126753700698
0.255847641266882,5.54110766078448
3.11614418012981,12.7252141743354
2.94674339873676,15.3655028557694
6.5149281468607,11.5129559605965
0.732475419359408,10.6585009237382
0.673764582723379,9.46246607254039
1.2923367805779,9.04554536630704
0.0706456676724586,8.80674888529689
0.32528955489397,8.18207049606866
1.1488002901872,8.08630014903496
1.12301863078028,8.67925035960894
1.42047094731572,9.32021633770604
5.43463217814393,10.421884640004
0.458519462723205,6.00023355124607
1.00375596620142,11.2392703746117
0.805178560316563,6.23964290274859
2.93303139425401,10.0229447272497
0.20364013463909,5.19500531917292
7.53105751755548,15.2363295161562
0.171393732540309,8.71034974921146
0.953735114075243,6.82533903793628
2.44337270959261,9.27252325878941
1.26883653737605,8.55894526225661
4.37846976865954,12.9077045380195
0.0531948229667991,1.6231899922294
4.27283107091613,10.5372533584273
3.81222120655661,15.6327453841097
0.167655028730175,9.47257496991912
0.172924858523134,4.40626022078283
2.87490208802705,10.1324031281427
2.08149713828209,13.6823018855848
7.63357554007848,11.7621859860294
6.76311922039757,11.0515179835753
0.468961486592889,9.57866724453469
0.576489102095366,6.08400535162429
1.35495660733432,11.22290245605
0.440750244943357,4.526547549837
3.04562223313336,12.7396130279728
0.689583218817881,6.93381282299969
0.632856977172196,10.4895940408461
0.668045151978731,5.4635444502396
6.49760992791424,15.7818550082079
4.29969889272876,16.1242419639273
0.106934816232813,6.74678546895438
1.70529480083826,11.7691936523119
6.79124425318012,15.493545661492
0.463789794749099,7.16801848903566
0.582448203048139,8.33447089927246
1.79206068991663,10.9643383961727
0.952169972471893,9.28488434597658
2.33669800675454,9.21313443945465
0.351475300116547,8.45656945855317
1.52536885126899,8.55644118648929
4.71478261400886,11.5562475964739
5.59989368881951,11.840344334029
1.70254811822417,13.1424905027946
1.06610460206866,10.4322594509454
0.573230963446321,4.83044304261006
0.410508944652975,5.19643400811125
0.0521177612005663,4.14686719345878
0.465476547607958,6.93342032926938
0.701916310936213,10.5268045081435
2.92453124357348,13.1741688570307
0.755601489916444,6.05761852776831
2.1201468063524,11.5371158523987
1.40344347982647,8.41953216104067
0.571792389266193,8.67225636261908
3.36079826561694,11.3531858333839
0.755461876280606,10.2964438204005
1.977093160496,9.91196942241702
0.783336200946166,8.01288611051769
2.47505592546406,13.2426118029258
0.75286743276126,9.37074770019273
2.25088373079421,13.9408740838749
2.9106849362257,12.0278570948072
7.7401188719542,15.5604054107456
0.781575410367126,7.94692244616792
2.25534848860445,13.3980036401454
4.39132903118558,10.2853810439196
1.69634430169696,11.6367624975574
0.946189538575709,11.760090061433
0.423624963499606,8.00420423364001
2.44066668683646,11.6720184229268
0.276870528236032,8.71713260645433
0.280411850661039,4.84968439936329
2.38407787113431,12.1047493741117
0.303238392532405,5.81590149422152
0.882708241635394,6.35701848830581
2.05237231022658,9.24309499854606
3.44004043646563,10.5857393901537
2.38327867343071,14.5496151216541
2.77641369758134,12.3939015338231
2.43096588916125,9.39459721473249
1.61724964707139,13.172589946067
0.24456415977329,8.11574479396864
4.45035108449581,17.3565736285233
1.30683305300772,9.95465858942273
6.20687574114571,10.8188345204962
1.15140887070447,12.3074387432579
2.05833920828047,12.8739570413815
1.56779186522272,13.0636050038489
2.06714000667883,11.9622162044829
1.82947011842372,11.716083528216
0.120832940047407,7.15369831739298
0.718900240957737,10.2010266936501
1.43722893673411,7.83015712100907
0.864078919403255,7.85298879911128
0.64353306312114,4.91776747360454
1.26641550710249,11.5334518654837
0.226700064726174,3.70875619672955
0.82916213478893,11.4097777923793
2.55492951279743,11.5061235001848
8.91268078187361,13.7194255527478
0.418996340115728,7.52259217726374
0.87580076046288,8.23668762667116
6.45800910856495,12.4527946188968
0.684479068033397,6.37786075398847
11.2314859351784,11.5413698030403
1.59749734020772,8.42364632626339
2.95906623808627,12.3650223723517
0.145772797986865,9.29609887989112
0.524382414582287,4.55534666798287
1.02914166171104,7.39908329630376
2.15908797076883,8.82417159086077
0.245648866519332,4.45357085812966
0.280115967616439,7.00992011263453
1.03021775372326,7.25825937452562
1.92988085457607,12.4509444032428
5.90751660361013,15.7577271093991
1.06989181693643,8.17471248004737
2.18584047435763,13.6833407222471
1.43894470847192,10.9389989641265
1.50202837205472,12.640654596468
9.23839316466704,11.3455061021209
0.645457690581679,8.57593884370421
1.10781402420253,11.7783212812081
4.14538911713247,10.2972885033005
2.77385721318736,11.893753812539
2.4525953926404,8.75518856899086
1.1838554115966,9.49439517587147
1.04107900429517,9.53275170100725
0.174693676643074,4.31893017793812
2.40187691791624,9.79341984307279
3.01811535639649,15.4689506248771
0.113051225158471,6.88778291171209
0.348435136983948,6.05150605901799
3.04056441703574,9.82837089412845
2.03948275491903,10.5650037597776
0.885708261281252,10.1006903675439
0.189128308556974,9.43052682755167
0.286153786991804,7.48371829528006
1.14089676551521,8.98109765055463
2.28013959708346,13.3038058761511
0.665340051647553,10.1043365629764
4.34694930330147,11.6610251442573
0.706144456751645,10.5327349991182
1.30823309067637,9.14775874568246
0.960209489800036,9.16172991551365
4.05739932117944,10.8876418338856
5.38139192362256,11.6860279269128
1.69214517801049,11.8480238281647
1.70669475341711,10.1439820668883
0.710564875043929,9.34788084461238
0.407417580485344,6.64978635666129
0.0283924750983715,3.52399643303746
0.193120973184705,2.3977535137455
4.20178327928166,16.2673744018074
1.60149997278097,8.24034624890365
0.564496662467718,6.06962924192011
0.138692108914256,9.0882038593006
0.115816850215197,2.71564983478179
3.92393139360433,15.1346521840248
1.66650848082247,13.069790382362
1.41373279263713,11.5751919911944
2.70717799096348,12.6124919536016
1.66721807315406,10.3090689769722
2.74024573891404,9.72149358078244
0.67600464541465,7.59816983823865
1.52373123905602,11.3027639760409
2.61390362299028,11.0774662246452
1.69809937986053,12.9226614826932
4.74353532840438,12.7631878760833
1.00027390569448,7.98965513428879
0.967096026986837,6.35900183719177
0.142226608470082,3.09724116659482
0.271766951307654,9.26652599075318
1.54277749549733,11.4254465381468
1.3885241857821,8.96417467439912
0.550676012905003,8.53380652750497
0.645778032019734,7.36008041822102
2.69836033872309,14.1655784171036
1.42024539775195,9.7123010373287
0.775082102091895,9.6059668433219
0.0871221432462335,7.24352275170567
2.60000017090681,11.4648822496168
6.06470890309582,11.960027334662
0.903910900952832,10.3165656010122
2.0571683346385,11.3246373668817
0.271087964065373,5.40963082660916
0.857681112094882,7.85064943280797
1.77755418597701,8.33320054622885
4.355699237184,15.4517783404477
0.657050286508455,10.6369731163181
3.50606219883265,11.406528277529
1.64028122031222,11.6075261918104
0.87132070957014,8.377943104649
1.33001204859465,7.07795274548399
1.93695780253949,12.7222353110725
1.28341889102012,9.80829599044283
1.33829899225384,8.31995877726749
3.70261481133487,11.0693154839122
0.730505889281631,5.68665140810829
0.534618099220097,8.29655835857749
0.773286116309464,5.72433766208199
1.81440014756265,13.1948755229906
1.10928117670119,8.55766802343664
0.304181253537536,9.98557966595772
6.67553083565006,17.875087160209
0.253172452662406,3.28511950026385
0.223385848104954,7.21526584899962
3.4308539828389,11.1060113535661
4.60328496594853,13.5493100057536
1.46598591647091,10.0925955156748
0.442038413137197,5.67135680790211
0.273317170329392,7.26449901317458
4.42648235310741,15.1332712340376
4.86189120610185,15.1343869310628
5.99460296299229,13.0756162672721
0.506111288577018,7.99710159212065
1.68905056775268,7.92705531506258
1.81107284306529,10.4302466185207
6.08326920833359,12.4647859751105
5.33299859215446,11.5639431242604
2.76974487855079,10.4487704107119
0.349890037439764,6.37209164740827
0.591557581909001,9.08056951411987
2.60464624307098,13.6800577821659
0.915360593236983,8.45911246345817
1.85374573609772,11.4951516819411
1.84021130765708,11.8857232998277
2.45674635461512,9.01490861549934
2.51992466745278,10.0767925543605
1.37155924551189,9.6846043293292
0.703135499417989,7.3049244749325
0.658489636145532,10.1979040055134
0.688127334229648,8.58743438229138
0.228968364766008,9.00524683107614
1.28327309526503,8.86017469144207
4.9826540534658,14.9484784197004
3.47587702779059,15.8589950586115
2.02658741540256,9.48178490164728
0.57471833191812,9.12389192832044
2.04548895534735,12.1443696432875
1.47555457978489,9.57830167940145
0.297877239994705,4.34238260060843
2.9616818232603,10.9430384295175
0.514449144713581,9.53293376595602
0.867552444338799,9.43401797748007
0.454407546669245,5.84285700254551
0.583406548947096,6.45135618858462
1.586428694343,9.47031081943297
0.3298113130593,8.66646360347409
0.24041887671206,9.45184607960481
11.9769046001865,16.1091976634231
2.17917318074944,13.8231372186641
0.924897377379239,7.32513905453449
1.56568030632081,8.60143528620636
1.23574412427843,12.2487019926513
0.29971105764407,8.10390990323296
1.03702517226338,11.3787241503114
0.969156927434746,7.38386812939272
0.25326763774593,4.94766485481492
3.17605743023059,14.0717414700376
1.85913647330346,10.9082988714979
0.548926933132715,4.96437578279011
9.00856975415602,13.192785661261
0.199903801777102,6.51507160172567
0.429828513413668,9.21536081673054
0.70967407617718,8.70678614349054
0.773436550050974,6.94368265838719
1.34542438294739,7.43411846334411
0.914003932848573,8.54658194356115
0.117728584446013,8.78733857423622
0.171084046363831,8.70627706038413
1.49532941720429,8.88400296598727
5.65858027305374,13.7294475129337
2.74734519599917,14.7785559695089
1.04580324795097,8.4490103048067
0.145352054387331,6.36590300440566
4.77391378928847,13.6612067721157
1.11154814343899,8.77715989405957
0.517635321485586,7.56118219998646
1.0200890399773,11.7603169284785
1.4026764060493,12.7523676118548
0.878843269310892,7.29312411469795
1.3993045190322,11.5330404800315
3.21444027481561,12.8308040402797
0.648522535338998,10.1469473409971
0.152271087281406,7.9333467154
1.74767476684394,7.78039659902804
0.00623242602446678,5.26814440310713
1.1758323861286,7.08814649209413
2.1184639867908,14.0575422584447
1.00473621673882,6.99530736581612
0.266767154447734,5.83777490495769
2.40684050313177,11.5235191289512
0.193955704147561,6.34577425893252
4.86560513693245,11.5493836600351
3.7787791264864,15.7521898923932
0.381567891315187,7.31978868663883
1.85975036427808,13.0188419440759
1.59788959333469,11.6705905776266
0.927907743491232,7.77220385595828
0.161021071993892,6.99733831034631
0.34809473156929,6.71493462089745
5.33208841271574,13.7932604909343
0.715047560632229,8.58896851447403
0.0129585694521666,6.71963639821655
3.35090910254006,10.7677699655611
2.18104709065949,12.0931676691162
1.23262041062117,9.32171865148675
1.37483918480575,9.76170898777605
3.14556064067369,11.4727835958909
3.58278710378294,13.2392781756833
4.90527903367538,14.1099100654674
1.22204590216279,9.56923409357866
2.65512238248231,13.3918838489969
0.25591311099242,9.6329933538873
0.555460224859416,4.76704867079347
3.98057917861228,11.039361856081
1.12967846170068,11.943288837131
3.73681057227736,10.3842089135286
2.3283453079963,10.0940326976823
1.02211885340512,11.4255603340248
4.40219771025568,15.3707426683631
13.8201322212704,13.0861916415538
1.00678283814341,10.4336235490137
2.31155313223072,12.9847597176418
2.94797712547665,12.4472219282594
1.38559275027364,12.5597974659982
2.57495507589521,14.4041189940241
1.84352450064364,8.47936646850233
1.52450806639137,10.1771661021963
3.82945396734362,11.4563494946019
0.317354708152842,6.9823563781976
6.64682212438355,19.1837376269141
4.79602902141733,13.2090772765995
3.31038023003808,12.2454015507319
1.4871122649962,7.68937448352681
2.2353605031127,11.605137549559
2.29199155970457,11.2991674867775
3.29363446665888,12.492867534759
0.198627991010448,8.79568096628967
1.45472762166503,10.7638567013027
2.21045616413808,8.72032517065163
1.61454460799631,8.73593715328047
0.184589696116745,5.06628528427814
14.6913709259572,17.2397622800571
0.440000664871746,7.81156296077879
2.6219103372747,10.622419401129
0.931555613875389,8.40511634778699
1.46718568522116,10.2078459462684
5.45615997512765,13.191216834623
0.321757411584258,8.00920893270192
4.92884398599095,16.8154941715505
0.999169073067605,11.271476631909
0.836509853310052,11.2515463879443
5.44089365352817,16.5758660621286
1.5001087206507,9.06042437908086
0.832165668831975,8.69192321718607
2.56386497049573,10.156400535221
0.77594255656004,9.0510917481637
3.959611729056,11.3908918487002
0.467192352749407,5.22041718619577
2.07360711871626,8.95711566438301
0.814809264615178,9.48481041246304
0.40846599959746,5.07658089528069
1.19580835103989,6.96769702136528
0.443143552169204,6.65649456238807
1.35549743380398,6.9123169042356
0.00709835905581713,7.40071021541975
0.453094379045069,9.55467835789327
0.61244147800688,10.0326786001208
0.165722525678575,7.74065310743629
1.2214031079784,11.6849168445842
0.0279448805376887,2.77396726633835
2.59570025457981,14.7278305464547
0.17158278496362,2.53058274997192
0.197095695113375,7.23365193544475
1.1327916495502,8.32326053389365
1.51503092973473,8.27827068568427
1.0255525354296,10.6377431411403
0.407843908295035,8.8310395751402
2.69029206215384,14.0922350323328
0.111217035301888,8.36914405148198
2.3011330941364,10.341512325271
0.945439727045596,10.3832337680935
2.3998200687671,12.3815724430371
0.07208909190258,7.5111428643452
2.33079488008263,12.7731741961165
1.34466092661023,9.27663168683629
0.428803448747875,9.30195419774373
0.954729003831744,11.149596366942
1.66638941979928,10.3272873247896
1.4367317817265,9.20048736654591
4.36552990517602,16.1785671434067
0.611150129698217,4.68741926845897
7.3437260794909,15.6327025953482
3.51149858145003,12.2805872620559
0.0474204830825329,9.00162978050339
0.329033518858373,4.66936475456375
5.81593062167284,11.9897037808314
3.82296163944488,12.3184987214121
0.510925962589681,8.2675945988378
0.166266756132245,2.05283911863164
1.17585486080498,10.1145916957846
1.10570890735835,10.4104722172864
4.06868219731336,12.2274650087756
0.544578924775124,10.6087362486989
1.49885815565963,12.8266463088669
2.19793505026939,13.1088246504441
0.00460861173161414,6.07093218675674
2.40321045546773,12.9237275219133
0.0139787085354328,6.34317020479715
3.08150709776168,15.2126565475413
1.31636046711355,7.03462858402613
7.8096784460814,16.1178733033857
7.00040788533998,12.9993000881807
2.73088281220737,11.7213278939676
0.172594855539501,7.28924427333779
2.67256818144562,13.9308127322998
1.22009524703026,11.8292900283174
0.533789629116654,9.11458093928634
2.48221451594474,13.5566484275039
1.18464173749089,11.7317486115357
2.29180815807524,10.7436645068015
0.869820998981595,5.99790762003865
1.71427437151643,10.7910167717016
2.07735387227478,13.4325693742933
2.04855268998983,8.98800037193224
0.967400734312832,11.0878693100139
2.78443006036763,11.8296134199333
1.89592029518428,10.6613159135161
1.84504732108655,10.2578151158665
0.237298802380682,5.91107690182349
0.839187750592828,8.98640943092883
2.10485191262307,8.52707271618753
1.96097201845589,13.0553920339175
3.38048966212158,10.8051974630411
0.877920250408351,11.6128816112089
6.66544245149861,10.739266939647
0.759773686528206,9.89683380344526
2.33426823831143,9.71566760706079
4.17134754707046,13.9546496529052
3.17410222192603,10.5271930333463
1.44497756092789,11.6644026861498
3.55668830175237,12.8751868121596
5.47333648403115,11.3156403726513
4.25114506830402,12.069108735114
0.742628046311438,8.29140775246487
4.21277539779372,14.7490696826773
2.01652795401593,10.5897973002192
1.03425187431276,11.9127130031302
1.6740964128727,8.67200188302933
1.53923334193838,7.54511187901087
1.82614103696289,11.4843582584288
6.24671871926556,11.1612945179676
1.64589352711084,13.1510914028629
2.52729912280085,13.3295297290091
0.142842389771178,6.47649043726615
0.908439420163631,8.58602298828891
2.30412597573342,11.1409265834932
0.948697053519582,10.9600972003961
0.390543712303042,5.03749165324346
1.00166827067733,10.5338905648455
1.57924772045555,12.6441577726958
1.3647770350799,7.71196072983824
0.666155019775033,10.8650957697359
2.01725035338643,12.8223705412279
4.03743489814882,10.3036011799824
1.76303714861396,8.64380180445015
0.204654082896997,5.01215413542517
0.175244380658919,6.56724248579634
2.4320709182972,11.5355255099478
1.69402438580039,7.75469481595779
0.403299680911005,4.27604108491859
2.7787452971745,14.7986558803414
3.60527641309385,11.8951119603574
0.237041236832738,7.52847082683902
5.70092147555123,11.6294023666215
2.65594941741767,14.5978255996247
8.61026821235075,14.8677542820131
0.080438590483627,7.59402410151986
2.95656955225353,14.5960153102774
0.0280756885185838,4.00668363517468
1.20817612297833,12.4326667838181
0.720184283331037,5.65209354590537
3.64391119761353,10.2723656121605
0.00049500381366735,5.99772146565257
5.5228250135941,12.9242823854562
1.04126313237584,10.9586134668857
3.20701311511879,13.1136439772592
2.05583583107864,9.39841463258868
0.718325906012934,7.03181976210698
2.28398377998712,10.0975185696943
0.310676586550017,6.74937862154416
2.29853042206707,8.55693388306133
0.210828085429966,9.46452230910719
2.73578771381619,11.0833555393856
0.622031300328672,6.11419671464303
1.96363677475462,11.8641736862346
1.00589864701033,9.49575457238494
1.25217088218778,10.6109278824678
1.11553770303726,10.3605996544213
1.78655507399812,13.2820783660306
0.0965562943395696,6.05934512532115
1.21881468873471,10.4728566552266
0.119815099053085,4.25350878448667
1.0905354644857,11.8763087935377
0.46869400800382,8.46989006999078
1.64822905129733,10.8139710814551
0.805736387148499,5.68966692248531
0.242834996703573,5.68034121347108
1.02974624143907,11.7626012467022
1.18605441506952,7.63760548037595
8.25915772798372,16.6527132333728
0.727479444816709,6.55878245308033
7.72813007886823,14.3988443633028
2.3359571843634,13.7069625275563
1.6231574209137,9.68482280047506
4.62574478586145,15.7777914928112
2.3423942028636,9.91211117287811
1.78031589332802,8.90971253655854
3.16382586086063,10.39614196124
0.207060770131648,9.61850010533434
10.8455997438808,15.2958016130467
0.76964459686328,9.56580977864586
0.0767003009095788,3.68150255104674
4.96064992596335,16.9847841227973
4.0320109388042,12.6953844499027
1.05383796151727,8.60467690079879
2.19271885036471,12.2518583675821
2.14640011081087,13.3621083546092
0.26583887077868,6.7245242413643
2.46253265059533,11.2916559395386
0.412224879488349,4.48724664979503
3.77325736341958,15.6203681826526
4.66965791943009,10.2338757961253
0.734810799360275,10.2697617704266
1.82901264777491,12.431951359164
0.903771746903658,9.95795243890583
0.459151112304728,9.54655052338475
1.32291348744184,12.7108048386441
0.181826813146472,2.91640366061419
6.98445349491742,13.9426319712521
3.36239890737419,13.0537780967063
1.5294941790313,12.6491781845684
0.0222801361232996,3.10592398614887
2.3383576645607,14.1814347438454
1.65836119270864,7.85794477325504
7.47562612178636,12.8644343399829
1.05726782698184,7.1763118733275
3.23247988505249,15.0725614896098
0.153461158275604,3.12126786091486
12.521984066058,12.2803084346695
0.210805980488658,9.61334310815052
2.81766670570937,11.4041630267607
2.56168654738905,14.3742067904544
1.56319726243313,11.9393396152602
0.604624639412526,6.33388452783532
0.631391767412424,6.34365691311525
0.895977834239602,9.25628438086603
0.920198778621852,8.08617738421718
0.683356780533231,5.64258785663159
1.8902843183929,8.42002298704848
0.223802532069385,8.36254600647958
0.745921635068953,6.5281718325872
2.76986005893889,15.237570943544
0.941975047216144,10.7520928661371
1.22875101305544,8.23114026566294
3.21049306897407,9.88393929194582
1.16384887117231,7.4160674808432
1.53871912706945,7.35222294381957
0.221815518456694,7.11212671612223
2.21238466157558,13.120677463926
1.68110349020901,12.2501570457932
3.00345020531143,14.8395440634826
5.15484028656907,17.5412520053989
3.88059784082656,13.2615091135715
4.86832623531051,11.8577700728461
1.17010072246194,7.40769912766706
0.040868847630918,8.08716496274182
2.61182041644099,14.6816365833228
0.933561588637531,6.8847995978965
1.37742610175176,7.5484295717198
0.248859364343121,8.6959107290143
0.183058812282979,2.60292354241188
0.523745574988425,5.67941812894822
5.24937893797584,13.9132605331026
1.30198844894767,10.9586403677071
0.740978921763599,6.6412200298869
3.15825711918955,14.203420755352
1.2101840255782,8.94570570134419
1.39017306259813,9.01791157132281
0.248400866985321,7.77601878611795
0.402401779645501,8.42764836357176
0.854503428563476,10.3540936325037
0.646881883898126,9.82426513925978
0.915440159214205,11.2538077378902
8.20801166775537,14.9910020500014
0.130769951744332,2.23774113393833
2.44880175454878,8.79975747713269
0.121563436235847,6.38840595771137
0.441072180867195,6.67956447915083
3.11097009838153,14.2595043331103
0.0212527321991605,0.615117701788298
0.402889541350305,8.56291958976153
0.623836102982623,7.05765064114375
0.539220899343491,9.27862722906954
2.68504186152461,10.1683044178747
0.89294754434377,11.5953050051875
1.5179583839232,11.457474390775
0.283687450485113,7.40797415739581
0.147247338667512,2.86616920239784
1.68561564191225,9.73287967265231
2.29725235445842,9.77434703382029
0.355307345278561,6.49216841374275
2.45386797181311,11.5421279239616
0.502540655434132,8.4024077167877
3.48261437548285,13.4145653763014
0.153695077635348,5.87390619554532
2.53886291340191,9.98067686500754
1.56763718827608,7.95870607116611
1.86525542274124,8.64184181402734
1.46119584507289,11.8866476168233
12.37047883801,11.7370061679296
0.577762679636162,5.37389986319732
0.238665606393384,4.14385123998839
1.16204106528312,9.66093214044143
0.736849553883076,9.87701943164386
0.505494445183891,6.94981327580859
1.56430101013722,8.46730957174635
0.356286550248873,8.73600403580327
0.257925764657557,9.8317172967998
0.923217934556305,10.1224433488997
1.83049802287462,10.9424019324924
0.429834510689835,10.1926647561427
2.28145584018347,12.0342490790135
0.928827399387956,7.65320013862742
0.520732004195452,8.62590743409985
1.67274062140825,9.44948747318742
0.518938345788948,6.59702638013283
1.72017028919401,12.2422318078703
2.52553214683178,14.5085293114442
2.01436565808001,11.8797878615641
3.62379452639764,11.2612634498617
1.08311991021037,11.792505021185
0.701233199797571,10.1454773003601
0.512313397601247,8.31710584666335
3.55986791553984,10.1622190930104
3.96694580821281,11.3134477237113
0.173093256540596,8.10549067758643
4.04729291407352,10.6148775533388
1.94314735721306,12.9237117405062
0.708223801106215,8.41125530252015
1.7288200649524,8.9379897754096
2.88089269226406,15.2438734067735
1.14174312260002,7.40817486662968
1.26377442851663,7.59267216571365
2.95868297072314,9.6794070553274
3.57414651695227,15.2781673442587
3.29249222835948,14.9336025866399
2.46684385268929,13.3322853824452
0.309340303763747,5.84680018896711
2.25649024165216,12.3896826862186
4.56214025218911,12.7017642570766
0.414933057501912,6.35235282824242
0.227145299562573,4.89384097086169
1.30384101718664,11.1906843062648
10.3620382280727,13.5121345305301
0.940315925237943,10.8365074116995
2.19570899134091,9.43024749420797
1.01714706141502,8.51742185137733
2.99110130948906,10.0112916545198
2.11736356086078,11.1713834600289
2.67293779729846,14.1591181994848
2.55775402477922,9.58981887447941
2.0240383221859,11.5144098768121
0.834133785103927,6.98785740695905
0.81138162615203,11.2413136429765
0.898506620898843,11.1679265785261
0.134872839786112,6.58227692288436
0.129691954585399,7.39545129763868
1.08971715345979,12.0635703980666
1.63755905099694,12.6744723869185
0.102936907671392,4.89855865951734
0.307137547060847,6.63415202372403
3.87400034053211,10.4603769275056
1.45694527207854,11.3842736929226
0.156517349183559,8.94206821267411
0.0246084480258861,6.48290710748105
0.881329882069181,10.679463620183
1.81043934254887,11.2387840011506
4.43083651711173,13.0008982818619
1.93452172904255,11.679570499742
0.215336558409035,4.11307590810151
0.238379911519587,7.97542688713943
2.36700275718215,8.9208174253509
0.114306963714676,2.62317382641283
8.25921092512918,19.2282779880801
2.01582061024931,9.96064417258437
1.54457828021588,12.5398118490539
2.03023705064299,9.61734165524409
0.458481130343241,7.28126173864644
0.0329192616045475,7.13182039373625
0.603443337604403,7.99226960771782
2.95262548379111,11.9015173727974
3.34698023980433,9.64966300467927
4.4361390804214,16.1021307592941
5.88521139290104,11.1214838520602
2.81499245746021,10.5264667131223
2.48378828162498,12.9161804224875
1.07633026689291,9.99081816695129
7.04058111789537,14.8206439555438
1.44250793582861,11.9725635798696
1.73802899289143,12.4999614315276
1.83043205681417,12.2758183484026
0.734179404564202,7.26587416097442
0.365646883845329,6.13051214657999
2.57881822614911,11.4068203825972
0.406037485226989,6.83503268069064
2.82963180209808,14.2266200831811
7.66001294138742,15.275715504447
1.34248474892229,9.01746522840086
1.75292358539047,9.96539655722679
0.407938555814326,5.6773803721606
1.29446012247354,9.9075279183522
0.583877649158239,7.45613034827897
1.36779089272022,8.87925556648553
0.215971109333969,9.38782482415769
2.40433198950234,13.6677167185451
0.376083109377024,6.46929957533381
0.374780117996386,8.80432152881762
0.666768973693252,9.63562292354226
2.03531047693434,13.4673391902517
0.688941029831767,10.8296821556493
3.89294822497253,15.5382872637818
1.93592329550026,12.6138191791838
0.547622331418097,8.37596709600744
2.29279492787066,9.07415509571297
1.60052983826938,12.5341606139196
3.10075760988479,14.4657384756076
0.167725942342022,7.94938649886369
2.08791459529641,9.01826029738581
1.2956415778026,8.45292621243245
0.662402542215352,8.09614106545493
0.941434471867979,7.99806669371587
0.0653960239142179,6.02782739844059
1.73733754633906,8.3921341207322
1.72124805429589,10.078607935478
1.2431930936873,7.64844516330386
0.500211055390537,5.06140575972017
0.0775948885448711,9.18112636385406
0.790983824059367,6.84496184944349
0.260875228864023,7.90850643502119
0.1762545921876,6.47696731276426
0.163167633116245,3.80923541924796
2.53398182979765,13.3572841141731
0.123430430359633,7.93054919678271
1.93542037990402,11.6717282237386
8.16561953308893,14.3914000411578
2.10494467571706,12.5175494583648
1.18764577526599,10.9642177607244
0.581156016453787,6.782530338294
0.659944051876664,6.55352261795993
2.02673596944199,13.3623157385364
2.7710782791579,13.2697836795887
1.28730584029108,8.5343492148017
2.78593732705059,10.1336779072779
0.0448555517941713,3.80772864973387
1.56184869623723,10.4804089491068
1.85690589799526,8.5978604543306
3.25389668701177,11.4599584760482
3.19102974219208,13.9208507055661
1.88377921833637,8.30756865793946
3.18097323907499,10.5894847065382
0.488839538973595,9.21599412164035
0.825816877186298,7.01596157448783
1.62034950769486,11.0371404242753
1.20162662717438,10.9524781273844
1.83427560026895,11.2806660459787
1.62718119756411,9.63194304399717
0.685019989770842,5.99165933246727
0.682254645973444,7.82741969097181
1.9139236806983,13.4573471654954
1.15547898598015,9.62981628224118
0.0407696082642517,8.22147636715228
2.4816782157028,11.7484192226459
0.2498030467922,8.51779753148822
0.195420915260911,5.71002722067162
2.42126219711247,13.8307874181882
0.52435299715967,8.38082144028532
1.80509230437924,11.6556561422293
0.700288744057926,7.08399812292918
1.6310803554112,8.67117144600939
3.33377670510558,15.7195667249854
0.997283233329654,11.2138644810686
1.82732919595184,9.00820109430484
0.567602339865607,9.03428564258057
0.823010594584048,9.77171744366936
0.207667646929622,7.68724440040233
1.89476755998077,10.4739032054473
2.91981345844549,12.2802334405901
0.565117622472744,9.22348730389144
0.977125303819776,10.6111497987447
Rho_s: 0.804965013241253
Rho_p: 0.679937469668999
IC Time: 0.00999999999999801
