Rho:-0.8
N:500
4.81537715692945,0.196230937726796
2.65665164767745,0.50210051478891
0.061139976605773,3.23389514146333
2.56135315812173,0.68165422976017
3.17787138358588,1.27363365888596
1.77417237834866,0.315951405093074
1.05096080974515,1.67549705448704
2.66066761120203,0.257107557118842
6.34662603516058,0.480274237692356
0.0426823259196429,2.53200685224476
0.414151378907263,4.441323172049
4.6309583445353,0.0125655297403204
2.69697888000848,0.9248261237517
2.12793727024438,0.255516982637346
4.00808933360462,0.0555383264024034
1.36090342514217,3.28413803113585
1.51492474219742,2.82084376637184
1.32469891943038,1.03220689855516
2.46372684641721,0.236225231550634
1.28285431303084,2.27834351352396
1.84802446878495,1.56370314202251
1.53969040457151,0.421003088355064
0.20599412686738,1.90955234124305
1.92655548444929,1.23760002478957
2.93059106154327,0.587248451076448
1.30064152739942,0.545156461664869
0.686182416975498,4.26562446180217
3.22699570545528,0.304899468571134
2.98011421994023,0.124903448245779
1.34451546892524,3.0561818597708
0.0875835297629237,5.94660455170912
3.11578967570374,1.07651270180941
3.04204289299316,1.90778625829479
0.251800742000341,4.85967700370758
1.45755062170941,0.829434011131525
0.281244948506355,1.92887754916194
15.9354717425702,0.601367132738233
2.15968203908744,1.88300345668453
3.78702130896931,0.730693413875997
0.549667848274112,2.41437172695043
1.12322606727304,3.17372932688351
0.324315193109214,3.56719300030986
2.1912067978734,0.313893896527588
3.77158034948592,0.0189545722678304
0.234994824612419,3.21856592158293
2.54188930234852,0.427419811487198
3.67923585681205,0.497039592824876
0.719076110325223,0.887625271454453
0.249990407757677,6.58817304637203
1.69175439039561,2.30209517284277
2.99891515262941,1.87823951618448
2.04269344910028,1.72475258567873
1.80545321284773,1.63064703215762
2.06018872555396,0.687291022390127
0.68554781191051,1.74400830632987
1.96246934859993,0.405106199416271
1.60603100222195,0.370512200519443
3.95101251436358,0.113979456946254
1.21459621377289,0.948210210539401
0.116461468860507,3.65125180764084
0.258958663123132,3.82756430638914
2.18301809198203,1.37699768040329
3.02519964409952,0.170426717959344
1.66969755744759,1.94095201249295
3.04505518865337,1.64930776498261
0.189032253809273,3.65860105170561
0.745304917694525,5.56398011142166
0.176105513249685,1.91912264587592
5.13694338102765,0.12244757664666
0.404367384107241,2.15235522939804
1.87824064484777,1.49673878393116
1.89584828313006,0.633080297903704
7.34491319539857,0.09000463783741
1.03862888365984,1.79163822337034
0.446004236000908,2.58917111895027
2.38723286046627,0.339531544108728
3.78376226482873,0.354162693023682
0.394843620248139,3.16069965321935
6.83815707232723,0.027041496107662
5.47589474518724,0.00195119173217988
0.852082148194313,2.18227585904893
0.6224524108693,2.19906954645159
2.364319126969,0.495186919209306
0.825355295353922,2.74147021203282
0.373012315199809,3.74052181646604
0.528899128338475,1.95874753399732
2.32161756552276,2.41169843441787
0.400361178831309,3.31105565635448
4.16829062986526,0.75506411504775
3.83584399132018,0.99079926405102
0.368773704394698,6.30494399335156
1.32999644987285,0.884275421500206
1.13509591951097,3.33862044272904
0.151163183932533,1.73860056503656
3.10506341217046,1.39715232691708
3.71743601916318,0.780179985798895
0.648275516927242,4.58915376265473
0.0646143406629562,6.20140133764515
1.03373444452882,0.769748594611883
0.211939700879157,3.79142875952606
0.389809412881732,3.94402628002648
2.91872017068749,0.192758415047051
0.715127430856228,2.74505613549593
2.38590967087987,2.56195727913621
2.1562839168215,0.338723853491821
1.77172436301536,0.736749959041617
2.71505267723444,0.836639664135873
7.63302396049947,0.997146179899573
3.32367546094542,0.871075966395438
1.94171459405663,1.03268373012543
0.173957361641219,3.85389602167492
0.420886048982757,2.62149940422716
0.193837112747133,2.76885978124085
2.51240545875373,0.353217845696346
1.26907967310399,2.11429601526799
3.82177435589914,1.17443610344952
2.45709354235771,1.31602771487087
0.00523275136947632,6.81284177269707
1.65810140213909,0.306343105507878
0.418892513029277,2.34796451955082
1.38143578357995,1.09692326746881
2.00833591804775,0.6546744806692
0.534490352995293,1.33525923732668
0.029199680313468,7.58698584903439
0.173369005119584,3.48620847223287
2.05683357818964,0.380583451129496
1.13373510446399,3.46181259287481
1.20935312099755,3.54204291827269
0.450328071601689,5.20178091131156
2.70589539027753,1.22739544697106
0.330568175762892,2.681812107479
1.53414110644701,3.06850559247618
1.96026513344588,2.81235116330867
0.174272960051894,2.88206043870649
0.127251762896776,6.12674988272255
3.76653408042512,0.57758466899395
2.47317521079423,1.04532894771546
0.548525789752603,3.06490804144431
3.83193451254811,0.186447352449677
1.61497126843004,1.1028944440186
0.750127758239718,3.03160749418847
4.27068074673501,0.973996870219707
6.47417377272585,0.420209439547728
1.41104585668983,1.19476751890033
0.111179871033097,6.45238280262718
6.8101920780159,0.571858629584312
1.74882366313579,1.42983432497993
3.02171114689783,0.834435813336511
2.32398921801689,0.213288644328713
8.65048978427305,0.143940426409245
3.68638987170994,1.30263709649444
1.50162957414033,1.03475892823189
0.197878967397434,4.49481242985514
0.252853617378988,6.89704011347065
0.416354035027325,4.25237261851258
0.266370576806366,3.96009895561223
1.47663885552187,0.513602343387902
0.755017406307161,1.88869601479712
1.48110665030554,1.82938396769101
1.92047148003223,1.18545844964683
4.20149829585977,0.214649585075676
4.31002656717725,0.515977752394974
0.96112783998251,2.28308378337863
4.37321205658186,0.80425244756043
0.33064426574856,2.90663401898501
3.5186503639627,0.291365565629481
0.385558285936856,1.89498745071707
1.12700916733593,0.767655211500823
4.92766100515552,0.939716971479356
1.02233249880373,4.86805893828101
1.99818047872725,0.237741932245936
1.53030155404451,1.56085127978727
1.46634725659134,1.99436604968252
1.57717941879275,0.862387556582689
1.82441127291861,3.06020827249857
0.265008231494392,5.22961302448936
2.08553532875123,0.655218338593841
0.641218598000705,0.947786929085851
3.50044104440098,1.09310356900096
0.757014294154942,3.61055199785118
0.783248573541641,1.26126671675593
0.0422396687790751,2.85676310526539
6.14077483083973,0.186695116572082
0.447135536000133,1.93563741995933
1.8616053777838,0.599303080272923
2.34289603845087,0.827427612048779
1.17030091956258,0.986763548105955
0.520087321288884,6.69643223252068
0.642847160764607,2.86319761484583
1.43183589904549,1.18485859595239
0.249936508014798,2.7995009383369
5.07474497137715,0.646455254405737
3.7887465784698,0.0270553324371576
9.8018452258361,0.043864661647814
1.15048585738987,1.39747030652108
1.97859074912014,1.12802833225578
0.440220200456679,4.50723752868261
2.44147188580575,0.390905651328085
0.978762133978307,4.12294852344279
0.042973686940968,10.5811972177595
0.89460963755846,1.0735731445952
0.969726993702352,0.971136494539678
1.63954927577617,0.506806289226918
1.06911714281887,1.90937323859873
0.731940639205277,3.50811566533113
5.18670133103557,0.0638595153136798
4.63595667970083,0.530049350531113
0.767417034029566,0.858076179400086
0.683020995533839,1.72634962378981
8.82726706829563,0.298018322326243
1.69335674672368,2.22402230082991
1.07157394569367,2.93392041820229
0.569498934100854,1.25828212220222
1.53746096126924,3.44309221563821
3.41191126424082,0.0843517383877967
0.203877193102677,8.43594697812452
0.456978841684759,2.95736262185459
9.6664376626338,0.497968094423413
2.00413865028861,0.194977723314537
0.508002733633606,2.59924128829482
5.8175755103826,0.00359685929031979
1.14115732349455,4.47721448888011
1.7932021523917,0.685461266897619
1.409855235284,0.726457755081356
2.3308372000914,1.01287358161062
4.36028912265725,0.117280315987884
6.15256160464058,0.396747820091688
1.21387337101537,2.19931140161099
0.395585951001115,5.60339854624043
1.34642298519611,4.02992327121978
1.50750680270319,1.59048305443468
0.734261067584157,3.12534293143039
0.784312044270337,4.92904079307742
3.91217878149221,0.14289057534188
3.0847170127738,0.521067620255053
1.81401607727069,0.909641738981009
4.07201343385463,0.310334276718518
1.11882188450545,1.63203430216237
1.88922297014835,2.67887401572409
1.69217301639348,2.03569006166401
0.483724749647081,5.59534475173721
0.490572666717568,6.11298153964221
2.98709540942363,1.31629055179656
5.39833456625171,0.868973222561181
9.92215070442157,0.805992430076003
4.07205132750754,0.843232141807675
2.65918330094757,0.775239158421755
0.207881051115692,2.31015078684588
2.54750576606932,0.238816239154784
0.755683774947677,0.907769281417131
0.184197622351348,5.93305453624497
3.44739435223823,1.23921092413366
1.10226763878018,2.01945309146287
4.4658074264688,0.475852623213666
0.00541977698703887,4.51124333192535
0.645276079885662,1.70537748179379
3.2367798553287,0.885069494135678
2.06612699656727,1.28922261763364
0.00249660108238459,5.98990264501343
0.235793118365109,2.29769951841774
0.110749468383021,3.62912785245066
1.38967743056629,2.41042326196077
1.46874084687772,3.08580124361401
2.26807204439285,0.131846787407994
0.996281814221281,1.10990555211902
0.201775858253931,2.03158646068516
0.110139185972442,3.5639542318103
2.56889890870991,0.823508291505277
5.98338775303135,0.0287444401687449
3.10424408299809,1.84433389831446
2.7193165308887,1.11605735402554
3.06876026822214,0.810653772205114
2.43145306213739,0.982467570342124
0.374753918285927,2.27219607300105
1.45269428519703,1.67839983464097
1.66931897807076,2.86741413274499
0.446003907096435,1.55514504120642
0.261339866556227,2.49201977430823
6.43349785478888,1.04765366017818
0.101416818170621,9.02084246972456
1.44705700713581,0.737631533416553
4.02119207365399,0.0451317857950926
0.71922308858484,1.28050091676414
1.16180421877652,4.27240404088922
0.0835295608038132,6.93430753410623
2.51166977724972,0.914345478303267
5.65018337931404,1.09869926422834
4.43145223309226,0.0393640083712686
2.05761218216379,0.155590294620851
0.23284808639437,6.36504933204422
1.03970297053456,3.19889033087313
0.9577233819291,3.18230507506018
3.69744720293169,1.55151765412631
0.109982798807323,3.34804179502611
2.08968942587967,0.37051759287715
2.53363450794461,1.54850945576359
9.28981176713362,0.919191992841661
2.65134152575376,2.08419540516081
3.01046378139532,0.351809256710112
0.431430609896779,4.08151451481466
0.654632323167144,3.25393691269641
2.01254796228352,1.05144091699432
4.92095977415271,0.00817390458461669
0.0618517668917775,7.33543401490116
4.07598905621057,0.727773457765579
2.3986651226038,0.242859395220876
7.04565445827093,0.0157228800195335
0.0835800040513277,3.20611000224379
1.02865598537028,2.38564243070122
1.18579054716974,4.19800616000565
4.40393960060871,1.1079725632444
0.462241344153881,2.60228167093339
1.38235237263143,0.712069169618189
0.325594551861286,1.48225985265029
0.173677746360238,7.81790257575822
1.65417271245724,1.36639322899282
0.764425495639443,4.37169871900972
2.83979171548707,0.661862681189613
0.00954719921561308,5.06266354371734
1.36281977593899,0.676400889642537
0.662411241792142,3.81431980414276
0.0254454676259349,4.45259538640208
4.46679075226231,1.19431101717055
2.7489942292774,0.176339386962354
1.39037857755067,2.60180862425807
0.627069456502795,4.49613444121013
0.694048889117517,3.36544715596323
1.67539768111653,2.26371364473345
1.24320410378277,1.05940523712891
1.96380086979809,0.592271970578862
1.54937912887874,0.598333830945194
5.57074122097263,0.797180340625346
3.20091447962408,1.71917399301941
3.12783965451603,0.22549653662279
0.141058735651091,2.23410616742346
0.148274295963347,10.922425481834
0.481155997142196,1.26693336106837
0.482406868599355,2.54808431669118
2.43587693749907,0.526622126869641
0.0152116389945149,11.1419923000767
3.11002936735787,0.215415570884943
1.86787362467487,1.77372943020394
0.923867708072066,1.55910868869664
0.0321120420673146,8.84418604472532
3.48605009151583,1.66170254268234
3.57461591656947,0.0517652043324663
0.607869363374728,4.55083353419728
3.6500891780663,0.728542550466955
0.201509978622198,5.44165049095578
3.39939901215916,0.894410801120102
0.649752927012742,1.22147643784102
0.659574621881396,6.37620772387753
0.631490490525812,4.06699152274017
2.77813665552025,0.11814212317173
0.693039005622268,1.09044907987118
1.17498557306922,3.72657708806877
0.147532367111339,7.52129728677583
0.777110782451928,2.0354128050709
1.97982049964734,2.21828502780738
5.17100422140363,0.514340011402965
2.1313256639147,2.57190537816825
0.796907117744947,3.54582719533633
1.94637214756551,2.17427138789537
0.191215667873621,3.12671723922127
4.66397105361319,0.204014903694728
6.66082532670269,0.0097939605225324
0.97554267716918,1.79046787621368
3.47325274210508,0.0349845374003053
1.76417477606776,0.805849807336926
0.936338450759649,4.86147019614406
1.01971769053489,3.28557589341554
2.80986531062012,0.305869403295219
0.418916224279623,1.39589885800126
0.0675081510753276,5.04203999389834
4.11094487069135,0.272273785434663
0.868762378580868,0.796693716195512
1.06903083901852,2.11623255155029
0.0157099151983857,3.9871631747294
4.82810176511235,0.678765992633998
2.75856930754128,1.3867098439659
7.52864934089494,0.00291562452912331
0.341802949085832,6.99691931488824
0.381577559746802,2.0449426024312
2.6522507610822,1.15393357351422
1.45145464866402,2.8389832218139
2.65164148612859,0.895503038127847
6.61161886121998,0.905695381574333
1.46183271070144,1.37391519825906
3.06487356109505,0.789019372316954
2.08543549453188,0.479737672023475
3.272998701613,0.990694238804281
7.13524881646547,0.653050567023456
1.12447806634009,1.63306989969378
2.48502787416702,0.984688453376293
0.814492492005229,4.07187044976239
1.48833112258409,2.18158195159378
0.89705871976912,2.04401741414222
1.80998986046541,0.306804122418437
2.35672386095174,0.450464728288352
4.68589186083799,0.702563366852701
1.48720132551136,0.433238236233592
2.59118934339824,2.08508705494097
0.277967808804922,2.75798813245239
2.15927243547784,0.235048831440508
2.883748806845,0.0606941244659478
0.0967085007578135,11.0061576099773
1.3076517181471,2.43607863211855
5.06827275559405,0.138400092720985
1.43074513182924,0.678446026518941
0.547547755762935,2.67494105725529
4.38535481293626,0.0166053036227822
0.136445674113929,4.38718324501939
3.34099868138973,1.43189637354555
1.24245683569461,2.78114807801303
0.305855022567326,1.43009647378727
14.7235993958058,0.565667628310621
15.2579488335249,0.689918923769864
3.55856825394516,0.0599725196725134
2.51842254329604,0.632492965537018
0.883309949189425,1.06653656903654
5.05600374539323,0.503538277000189
0.101039388217032,3.92030775157695
0.485708702355623,6.08233395185242
0.459773029670684,6.23427711393604
2.4426598715687,0.275394157506526
0.807415518909693,1.94050408891382
0.749299300807431,1.40234411313179
4.16507565577455,0.350762774248539
3.40637611892631,1.50780499718132
1.10827708244324,2.78952874971514
0.0090341055765748,3.96924812329893
2.64687542981448,0.394580687396228
3.19047908840661,0.11147281434387
1.04543076641858,1.9938015596781
3.48567349819427,0.606629653020984
1.96829103190706,2.39521469637547
3.18490933610087,1.8038099639389
3.9541587641645,1.14982026136705
0.139721404577758,4.5774490793509
2.4406316577548,1.01585808768868
1.21222773846239,1.64133349238875
1.17216490022838,2.9525712354291
0.736386296339333,3.18335369244644
1.92764669834616,1.66071029179094
1.71286763614955,0.621043147519231
1.98267975854171,0.230714437273357
2.68486971027198,2.3397020890763
1.27911918889731,1.58293308681788
1.60958598918262,2.60400840072873
3.97076085565572,0.213135213591158
0.0578683074563742,11.3955740623905
2.68507248341086,0.780858362466083
2.80574037873366,2.03409870333018
0.62950452045405,1.18951722793281
0.205658716149628,1.80101193292978
1.49971533332743,1.36194323841482
0.325654715299606,4.52543144275374
0.116793771274388,2.57041676147821
0.06177410017699,2.66246464653852
2.18086953825297,0.624382550828159
2.89989748827296,0.334480479041571
0.539674351923168,2.82119176376537
0.0200813580304384,7.6559320199759
3.27239742485766,0.504033166915178
0.710171255283058,1.60243854166584
1.59154728352131,1.68299532924907
1.91124118191009,0.462489669211209
1.99741742379012,1.15570006053895
0.244025473382295,3.88300988433843
1.92675914793255,3.01385579323467
0.664949242025614,5.18701499709211
0.153574137948453,10.0954258175273
0.127424037529112,2.37437598585131
0.654835357330739,0.940899811685085
4.58972740520663,0.219208354130387
4.63590531573188,0.953809208236635
4.28277989824243,0.0824526000651564
0.633423822002747,5.19448479272917
1.50626332304421,1.71397478870096
8.06079966905427,0.128184986300766
0.83986147865653,2.77722262927525
4.7679279183311,0.775338003328112
0.23031520340573,1.75687365664184
2.61623831643703,0.308308731764555
3.06223230419641,0.27404656726867
0.561363236015197,5.64828799631367
0.953187579289079,1.57628521501067
1.77376417434754,0.494416817628888
1.33731352910399,3.19955246506219
7.1023865536245,0.183444500769813
0.302792380563915,3.23157695664053
0.49224287816679,5.52012472947068
2.27191013275626,1.6549861419569
1.76520490824225,3.26435539109593
1.63911067499759,0.487495655193925
0.068847575969382,4.43476789430505
0.462648835461818,2.26524178489091
0.543826784938574,1.69982923931422
1.00244232174009,1.09348242629031
5.28208498259015,0.00938357037011992
Rho_s: -0.794389449557798
Rho_p: -0.534587307622987
IC Time: 0
Rho:-0.5
N:500
4.81537715692945,0.497968094423413
2.65665164767745,0.632492965537018
0.061139976605773,1.79046787621368
2.56135315812173,0.858076179400086
3.17787138358588,2.49201977430823
1.77417237834866,0.176339386962354
1.05096080974515,1.09692326746881
2.66066761120203,0.27404656726867
6.34662603516058,1.01287358161062
0.0426823259196429,0.862387556582689
0.414151378907263,3.94402628002648
4.6309583445353,0.00938357037011992
2.69697888000848,1.39715232691708
2.12793727024438,0.194977723314537
4.00808933360462,0.0606941244659478
1.36090342514217,4.38718324501939
1.51492474219742,3.36544715596323
1.32469891943038,0.797180340625346
2.46372684641721,0.196230937726796
1.28285431303084,2.18158195159378
1.84802446878495,1.8038099639389
1.53969040457151,0.186695116572082
0.20599412686738,0.780179985798895
1.92655548444929,1.48225985265029
2.93059106154327,0.805849807336926
1.30064152739942,0.214649585075676
0.686182416975498,4.51124333192535
3.22699570545528,0.480274237692356
2.98011421994023,0.113979456946254
1.34451546892524,3.46181259287481
0.0875835297629237,4.37169871900972
3.11578967570374,1.94050408891382
3.04204289299316,3.34804179502611
0.251800742000341,3.88300988433843
1.45755062170941,0.678765992633998
0.281244948506355,0.829434011131525
15.9354717425702,1.63064703215762
2.15968203908744,2.67494105725529
3.78702130896931,1.39747030652108
0.549667848274112,1.49673878393116
1.12322606727304,3.5639542318103
0.324315193109214,2.90663401898501
2.1912067978734,0.236225231550634
3.77158034948592,0.0125655297403204
0.234994824612419,2.08508705494097
2.54188930234852,0.479737672023475
3.67923585681205,0.827427612048779
0.719076110325223,0.37051759287715
0.249990407757677,6.36504933204422
1.69175439039561,2.78114807801303
2.99891515262941,3.23389514146333
2.04269344910028,2.23410616742346
1.80545321284773,1.88300345668453
2.06018872555396,0.775239158421755
0.68554781191051,0.997146179899573
1.96246934859993,0.237741932245936
1.60603100222195,0.170426717959344
3.95101251436358,0.138400092720985
1.21459621377289,0.712069169618189
0.116461468860507,2.56195727913621
0.258958663123132,3.08580124361401
2.18301809198203,1.90937323859873
3.02519964409952,0.204014903694728
1.66969755744759,2.18227585904893
3.04505518865337,2.85676310526539
0.189032253809273,2.74147021203282
0.745304917694525,6.45238280262718
0.176105513249685,0.737631533416553
5.13694338102765,0.242859395220876
0.404367384107241,0.99079926405102
1.87824064484777,1.71917399301941
1.89584828313006,0.545156461664869
7.34491319539857,0.22549653662279
1.03862888365984,1.31602771487087
0.446004236000908,1.43009647378727
2.38723286046627,0.305869403295219
3.78376226482873,0.655218338593841
0.394843620248139,2.26371364473345
6.83815707232723,0.0599725196725134
5.47589474518724,0.00291562452912331
0.852082148194313,1.67549705448704
0.6224524108693,1.18951722793281
2.364319126969,0.504033166915178
0.825355295353922,2.30209517284277
0.373012315199809,3.17372932688351
0.528899128338475,1.03475892823189
2.32161756552276,3.61055199785118
0.400361178831309,2.60228167093339
4.16829062986526,1.66071029179094
3.83584399132018,2.11429601526799
0.368773704394698,6.30494399335156
1.32999644987285,0.6546744806692
1.13509591951097,4.12294852344279
0.151163183932533,0.621043147519231
3.10506341217046,2.57190537816825
3.71743601916318,1.42983432497993
0.648275516927242,5.04203999389834
0.0646143406629562,4.50723752868261
1.03373444452882,0.339531544108728
0.211939700879157,2.9525712354291
0.389809412881732,3.28557589341554
2.91872017068749,0.213288644328713
0.715127430856228,2.0449426024312
2.38590967087987,3.81431980414276
2.1562839168215,0.238816239154784
1.77172436301536,0.687291022390127
2.71505267723444,1.15393357351422
7.63302396049947,2.82084376637184
3.32367546094542,1.67839983464097
1.94171459405663,1.09044907987118
0.173957361641219,2.77722262927525
0.420886048982757,1.54850945576359
0.193837112747133,1.30263709649444
2.51240545875373,0.315951405093074
1.26907967310399,1.92887754916194
3.82177435589914,2.53200685224476
2.45709354235771,1.99436604968252
0.00523275136947632,5.60339854624043
1.65810140213909,0.117280315987884
0.418892513029277,1.15570006053895
1.38143578357995,0.868973222561181
2.00833591804775,0.633080297903704
0.534490352995293,0.676400889642537
0.029199680313468,6.89704011347065
0.173369005119584,2.19931140161099
2.05683357818964,0.255516982637346
1.13373510446399,4.26562446180217
1.20935312099755,4.49481242985514
0.450328071601689,4.85967700370758
2.70589539027753,2.04401741414222
0.330568175762892,1.55910868869664
1.53414110644701,3.9871631747294
1.96026513344588,4.19800616000565
0.174272960051894,1.55151765412631
0.127251762896776,4.55083353419728
3.76653408042512,0.939716971479356
2.47317521079423,1.50780499718132
0.548525789752603,2.38564243070122
3.83193451254811,0.306804122418437
1.61497126843004,1.03220689855516
0.750127758239718,2.66246464653852
4.27068074673501,2.19906954645159
6.47417377272585,0.907769281417131
1.41104585668983,1.04532894771546
0.111179871033097,5.20178091131156
6.8101920780159,1.23921092413366
1.74882366313579,1.56085127978727
3.02171114689783,1.26693336106837
2.32398921801689,0.131846787407994
8.65048978427305,0.513602343387902
3.68638987170994,2.75798813245239
1.50162957414033,0.894410801120102
0.197878967397434,3.56719300030986
0.252853617378988,7.52129728677583
0.416354035027325,3.82756430638914
0.266370576806366,3.20611000224379
1.47663885552187,0.235048831440508
0.755017406307161,1.1079725632444
1.48110665030554,1.89498745071707
1.92047148003223,1.19476751890033
4.20149829585977,0.427419811487198
4.31002656717725,0.973996870219707
0.96112783998251,1.90778625829479
4.37321205658186,1.79163822337034
0.33064426574856,1.87823951618448
3.5186503639627,0.503538277000189
0.385558285936856,0.834435813336511
1.12700916733593,0.420209439547728
4.92766100515552,2.29769951841774
1.02233249880373,6.37620772387753
1.99818047872725,0.128184986300766
1.53030155404451,1.59048305443468
1.46634725659134,2.03409870333018
1.57717941879275,0.75506411504775
1.82441127291861,4.47721448888011
0.265008231494392,4.441323172049
2.08553532875123,0.685461266897619
0.641218598000705,0.396747820091688
3.50044104440098,2.11623255155029
0.757014294154942,3.96924812329893
0.783248573541641,0.789019372316954
0.0422396687790751,1.09869926422834
6.14077483083973,0.514340011402965
0.447135536000133,0.914345478303267
1.8616053777838,0.497039592824876
2.34289603845087,0.982467570342124
1.17030091956258,0.736749959041617
0.520087321288884,7.6559320199759
0.642847160764607,2.15235522939804
1.43183589904549,0.919191992841661
0.249936508014798,1.60243854166584
5.07474497137715,1.37391519825906
3.7887465784698,0.0189545722678304
9.8018452258361,0.12244757664666
1.15048585738987,1.01585808768868
1.97859074912014,1.23760002478957
0.440220200456679,4.43476789430505
2.44147188580575,0.338723853491821
0.978762133978307,5.18701499709211
0.042973686940968,8.84418604472532
0.89460963755846,0.678446026518941
0.969726993702352,0.606629653020984
1.63954927577617,0.304899468571134
1.06911714281887,1.55514504120642
0.731940639205277,3.62912785245066
5.18670133103557,0.155590294620851
4.63595667970083,1.05144091699432
0.767417034029566,0.354162693023682
0.683020995533839,0.971136494539678
8.82726706829563,0.810653772205114
1.69335674672368,2.67887401572409
1.07157394569367,2.95736262185459
0.569498934100854,0.653050567023456
1.53746096126924,4.86147019614406
3.41191126424082,0.11147281434387
0.203877193102677,10.0954258175273
0.456978841684759,2.03569006166401
9.6664376626338,1.11605735402554
2.00413865028861,0.0843517383877967
0.508002733633606,1.66170254268234
5.8175755103826,0.00359685929031979
1.14115732349455,6.20140133764515
1.7932021523917,0.601367132738233
1.409855235284,0.506806289226918
2.3308372000914,1.28922261763364
4.36028912265725,0.192758415047051
6.15256160464058,0.885069494135678
1.21387337101537,1.95874753399732
0.395585951001115,5.22961302448936
1.34642298519611,5.98990264501343
1.50750680270319,1.63306989969378
0.734261067584157,2.82119176376537
0.784312044270337,5.93305453624497
3.91217878149221,0.275394157506526
3.0847170127738,0.780858362466083
1.81401607727069,0.895503038127847
4.07201343385463,0.624382550828159
1.11882188450545,1.09348242629031
1.88922297014835,3.65125180764084
1.69217301639348,2.37437598585131
0.483724749647081,5.52012472947068
0.490572666717568,6.23427711393604
2.98709540942363,2.34796451955082
5.39833456625171,2.08419540516081
9.92215070442157,2.22402230082991
4.07205132750754,1.82938396769101
2.65918330094757,1.03268373012543
0.207881051115692,0.984688453376293
2.54750576606932,0.215415570884943
0.755683774947677,0.462489669211209
0.184197622351348,4.49613444121013
3.44739435223823,2.58917111895027
1.10226763878018,1.69982923931422
4.4658074264688,0.871075966395438
0.00541977698703887,3.06850559247618
0.645276079885662,0.909641738981009
3.2367798553287,1.70537748179379
2.06612699656727,1.73860056503656
0.00249660108238459,3.85389602167492
0.235793118365109,0.986763548105955
0.110749468383021,2.43607863211855
1.38967743056629,2.41169843441787
1.46874084687772,4.07187044976239
2.26807204439285,0.0517652043324663
0.996281814221281,0.730693413875997
0.201775858253931,0.805992430076003
0.110139185972442,2.3397020890763
2.56889890870991,1.06653656903654
5.98338775303135,0.0555383264024034
3.10424408299809,3.33862044272904
2.7193165308887,1.88869601479712
3.06876026822214,1.27363365888596
2.43145306213739,1.28050091676414
0.374753918285927,1.0735731445952
1.45269428519703,1.63203430216237
1.66931897807076,3.74052181646604
0.446003907096435,0.689918923769864
0.261339866556227,1.09310356900096
6.43349785478888,2.7995009383369
0.101416818170621,7.81790257575822
1.44705700713581,0.526622126869641
4.02119207365399,0.043864661647814
0.71922308858484,0.775338003328112
1.16180421877652,6.08233395185242
0.0835295608038132,6.69643223252068
2.51166977724972,1.19431101717055
5.65018337931404,2.8389832218139
4.43145223309226,0.0393640083712686
2.05761218216379,0.0638595153136798
0.23284808639437,5.59534475173721
1.03970297053456,3.54204291827269
0.9577233819291,3.21856592158293
3.69744720293169,3.12534293143039
0.109982798807323,2.0354128050709
2.08968942587967,0.291365565629481
2.53363450794461,2.28308378337863
9.28981176713362,2.60400840072873
2.65134152575376,3.31105565635448
3.01046378139532,0.50210051478891
0.431430609896779,3.79142875952606
0.654632323167144,3.0561818597708
2.01254796228352,1.17443610344952
4.92095977415271,0.00195119173217988
0.0618517668917775,6.81284177269707
4.07598905621057,1.56370314202251
2.3986651226038,0.213135213591158
7.04565445827093,0.0287444401687449
0.0835800040513277,1.80101193292978
1.02865598537028,1.9938015596781
1.18579054716974,5.64828799631367
4.40393960060871,2.60180862425807
0.462241344153881,1.64133349238875
1.38235237263143,0.494416817628888
0.325594551861286,0.57758466899395
0.173677746360238,8.43594697812452
1.65417271245724,1.33525923732668
0.764425495639443,4.92904079307742
2.83979171548707,0.884275421500206
0.00954719921561308,3.26435539109593
1.36281977593899,0.334480479041571
0.662411241792142,3.92030775157695
0.0254454676259349,2.86319761484583
4.46679075226231,2.86741413274499
2.7489942292774,0.186447352449677
1.39037857755067,2.74505613549593
0.627069456502795,4.52543144275374
0.694048889117517,3.25393691269641
1.67539768111653,2.62149940422716
1.24320410378277,0.796693716195512
1.96380086979809,0.521067620255053
1.54937912887874,0.350762774248539
5.57074122097263,2.01945309146287
3.20091447962408,3.19955246506219
3.12783965451603,0.306343105507878
0.141058735651091,0.836639664135873
0.148274295963347,11.1419923000767
0.481155997142196,0.599303080272923
0.482406868599355,1.40234411313179
2.43587693749907,0.592271970578862
0.0152116389945149,11.0061576099773
3.11002936735787,0.257107557118842
1.86787362467487,2.17427138789537
0.923867708072066,0.948210210539401
0.0321120420673146,6.99691931488824
3.48605009151583,3.19889033087313
3.57461591656947,0.0349845374003053
0.607869363374728,4.5774490793509
3.6500891780663,1.36194323841482
0.201509978622198,4.25237261851258
3.39939901215916,1.71397478870096
0.649752927012742,0.68165422976017
0.659574621881396,7.33543401490116
0.631490490525812,4.27240404088922
2.77813665552025,0.0824526000651564
0.693039005622268,0.565667628310621
1.17498557306922,4.86805893828101
0.147532367111339,7.58698584903439
0.777110782451928,1.36639322899282
1.97982049964734,3.01385579323467
5.17100422140363,1.07651270180941
2.1313256639147,3.72657708806877
0.796907117744947,3.96009895561223
1.94637214756551,2.78952874971514
0.191215667873621,1.90955234124305
4.66397105361319,0.487495655193925
6.66082532670269,0.027041496107662
0.97554267716918,1.22739544697106
3.47325274210508,0.0157228800195335
1.76417477606776,0.769748594611883
0.936338450759649,6.12674988272255
1.01971769053489,3.65860105170561
2.80986531062012,0.351809256710112
0.418916224279623,0.598333830945194
0.0675081510753276,3.48620847223287
4.11094487069135,0.587248451076448
0.868762378580868,0.310334276718518
1.06903083901852,1.74400830632987
0.0157099151983857,2.59924128829482
4.82810176511235,1.43189637354555
2.75856930754128,2.27834351352396
7.52864934089494,0.00817390458461669
0.341802949085832,9.02084246972456
0.381577559746802,0.9248261237517
2.6522507610822,1.84433389831446
1.45145464866402,3.23157695664053
2.65164148612859,1.25828212220222
6.61161886121998,2.41437172695043
1.46183271070144,1.10990555211902
3.06487356109505,1.14982026136705
2.08543549453188,0.380583451129496
3.272998701613,1.91912264587592
7.13524881646547,1.64930776498261
1.12447806634009,1.1028944440186
2.48502787416702,1.39589885800126
0.814492492005229,4.58915376265473
1.48833112258409,2.21828502780738
0.89705871976912,1.58293308681788
1.80998986046541,0.143940426409245
2.35672386095174,0.421003088355064
4.68589186083799,1.68299532924907
1.48720132551136,0.183444500769813
2.59118934339824,3.28413803113585
0.277967808804922,1.57628521501067
2.15927243547784,0.14289057534188
2.883748806845,0.0270553324371576
0.0967085007578135,10.5811972177595
1.3076517181471,2.39521469637547
5.06827275559405,0.353217845696346
1.43074513182924,0.405106199416271
0.547547755762935,1.75687365664184
4.38535481293626,0.0097939605225324
0.136445674113929,3.18230507506018
3.34099868138973,2.81235116330867
1.24245683569461,2.88206043870649
0.305855022567326,0.530049350531113
14.7235993958058,1.37699768040329
15.2579488335249,1.93563741995933
3.55856825394516,0.0451317857950926
2.51842254329604,0.767655211500823
0.883309949189425,0.646455254405737
5.05600374539323,1.04765366017818
0.101039388217032,2.681812107479
0.485708702355623,5.94660455170912
0.459773029670684,6.58817304637203
2.4426598715687,0.230714437273357
0.807415518909693,1.26126671675593
0.749299300807431,0.823508291505277
4.16507565577455,0.702563366852701
3.40637611892631,2.93392041820229
1.10827708244324,2.76885978124085
0.0090341055765748,2.57041676147821
2.64687542981448,0.450464728288352
3.19047908840661,0.09000463783741
1.04543076641858,1.6549861419569
3.48567349819427,0.940899811685085
1.96829103190706,3.18335369244644
3.18490933610087,3.44309221563821
3.9541587641645,2.54808431669118
0.139721404577758,3.54582719533633
2.4406316577548,1.3867098439659
1.21222773846239,1.18545844964683
1.17216490022838,3.16069965321935
0.736386296339333,3.06490804144431
1.92764669834616,1.94095201249295
1.71286763614955,0.433238236233592
1.98267975854171,0.11814212317173
2.68486971027198,4.02992327121978
1.27911918889731,1.22147643784102
1.60958598918262,3.12671723922127
3.97076085565572,0.390905651328085
0.0578683074563742,11.3955740623905
2.68507248341086,1.05940523712891
2.80574037873366,3.50811566533113
0.62950452045405,0.571858629584312
0.205658716149628,0.727773457765579
1.49971533332743,1.18485859595239
0.325654715299606,4.08151451481466
0.116793771274388,0.947786929085851
0.06177410017699,0.953809208236635
2.18086953825297,0.661862681189613
2.89989748827296,0.475852623213666
0.539674351923168,2.03158646068516
0.0200813580304384,6.93430753410623
3.27239742485766,0.80425244756043
0.710171255283058,0.887625271454453
1.59154728352131,1.72634962378981
1.91124118191009,0.272273785434663
1.99741742379012,1.31629055179656
0.244025473382295,3.03160749418847
1.92675914793255,4.45259538640208
0.664949242025614,5.56398011142166
0.153574137948453,10.922425481834
0.127424037529112,0.905695381574333
0.654835357330739,0.394580687396228
4.58972740520663,0.495186919209306
4.63590531573188,2.31015078684588
4.28277989824243,0.124903448245779
0.633423822002747,5.44165049095578
1.50626332304421,1.72475258567873
8.06079966905427,0.313893896527588
0.83986147865653,2.41042326196077
4.7679279183311,1.77372943020394
0.23031520340573,0.728542550466955
2.61623831643703,0.308308731764555
3.06223230419641,0.370512200519443
0.561363236015197,6.11298153964221
0.953187579289079,0.990694238804281
1.77376417434754,0.298018322326243
1.33731352910399,4.06699152274017
7.1023865536245,0.515977752394974
0.302792380563915,2.27219607300105
0.49224287816679,5.19448479272917
2.27191013275626,2.26524178489091
1.76520490824225,5.06266354371734
1.63911067499759,0.219208354130387
0.068847575969382,3.06020827249857
0.462648835461818,1.12802833225578
0.543826784938574,0.843232141807675
1.00244232174009,0.726457755081356
5.28208498259015,0.0166053036227822
Rho_s: -0.431284029136117
Rho_p: -0.325988796065641
IC Time: 0
Rho:-0.8
N:500
4.81537715692945,0.196230937726796
2.65665164767745,0.50210051478891
0.061139976605773,3.23389514146333
2.56135315812173,0.68165422976017
3.17787138358588,1.27363365888596
1.77417237834866,0.315951405093074
1.05096080974515,1.67549705448704
2.66066761120203,0.257107557118842
6.34662603516058,0.480274237692356
0.0426823259196429,2.53200685224476
0.414151378907263,4.441323172049
4.6309583445353,0.0125655297403204
2.69697888000848,0.9248261237517
2.12793727024438,0.255516982637346
4.00808933360462,0.0555383264024034
1.36090342514217,3.28413803113585
1.51492474219742,2.82084376637184
1.32469891943038,1.03220689855516
2.46372684641721,0.236225231550634
1.28285431303084,2.27834351352396
1.84802446878495,1.56370314202251
1.53969040457151,0.421003088355064
0.20599412686738,1.90955234124305
1.92655548444929,1.23760002478957
2.93059106154327,0.587248451076448
1.30064152739942,0.545156461664869
0.686182416975498,4.26562446180217
3.22699570545528,0.304899468571134
2.98011421994023,0.124903448245779
1.34451546892524,3.0561818597708
0.0875835297629237,5.94660455170912
3.11578967570374,1.07651270180941
3.04204289299316,1.90778625829479
0.251800742000341,4.85967700370758
1.45755062170941,0.829434011131525
0.281244948506355,1.92887754916194
15.9354717425702,0.601367132738233
2.15968203908744,1.88300345668453
3.78702130896931,0.730693413875997
0.549667848274112,2.41437172695043
1.12322606727304,3.17372932688351
0.324315193109214,3.56719300030986
2.1912067978734,0.313893896527588
3.77158034948592,0.0189545722678304
0.234994824612419,3.21856592158293
2.54188930234852,0.427419811487198
3.67923585681205,0.497039592824876
0.719076110325223,0.887625271454453
0.249990407757677,6.58817304637203
1.69175439039561,2.30209517284277
2.99891515262941,1.87823951618448
2.04269344910028,1.72475258567873
1.80545321284773,1.63064703215762
2.06018872555396,0.687291022390127
0.68554781191051,1.74400830632987
1.96246934859993,0.405106199416271
1.60603100222195,0.370512200519443
3.95101251436358,0.113979456946254
1.21459621377289,0.948210210539401
0.116461468860507,3.65125180764084
0.258958663123132,3.82756430638914
2.18301809198203,1.37699768040329
3.02519964409952,0.170426717959344
1.66969755744759,1.94095201249295
3.04505518865337,1.64930776498261
0.189032253809273,3.65860105170561
0.745304917694525,5.56398011142166
0.176105513249685,1.91912264587592
5.13694338102765,0.12244757664666
0.404367384107241,2.15235522939804
1.87824064484777,1.49673878393116
1.89584828313006,0.633080297903704
7.34491319539857,0.09000463783741
1.03862888365984,1.79163822337034
0.446004236000908,2.58917111895027
2.38723286046627,0.339531544108728
3.78376226482873,0.354162693023682
0.394843620248139,3.16069965321935
6.83815707232723,0.027041496107662
5.47589474518724,0.00195119173217988
0.852082148194313,2.18227585904893
0.6224524108693,2.19906954645159
2.364319126969,0.495186919209306
0.825355295353922,2.74147021203282
0.373012315199809,3.74052181646604
0.528899128338475,1.95874753399732
2.32161756552276,2.41169843441787
0.400361178831309,3.31105565635448
4.16829062986526,0.75506411504775
3.83584399132018,0.99079926405102
0.368773704394698,6.30494399335156
1.32999644987285,0.884275421500206
1.13509591951097,3.33862044272904
0.151163183932533,1.73860056503656
3.10506341217046,1.39715232691708
3.71743601916318,0.780179985798895
0.648275516927242,4.58915376265473
0.0646143406629562,6.20140133764515
1.03373444452882,0.769748594611883
0.211939700879157,3.79142875952606
0.389809412881732,3.94402628002648
2.91872017068749,0.192758415047051
0.715127430856228,2.74505613549593
2.38590967087987,2.56195727913621
2.1562839168215,0.338723853491821
1.77172436301536,0.736749959041617
2.71505267723444,0.836639664135873
7.63302396049947,0.997146179899573
3.32367546094542,0.871075966395438
1.94171459405663,1.03268373012543
0.173957361641219,3.85389602167492
0.420886048982757,2.62149940422716
0.193837112747133,2.76885978124085
2.51240545875373,0.353217845696346
1.26907967310399,2.11429601526799
3.82177435589914,1.17443610344952
2.45709354235771,1.31602771487087
0.00523275136947632,6.81284177269707
1.65810140213909,0.306343105507878
0.418892513029277,2.34796451955082
1.38143578357995,1.09692326746881
2.00833591804775,0.6546744806692
0.534490352995293,1.33525923732668
0.029199680313468,7.58698584903439
0.173369005119584,3.48620847223287
2.05683357818964,0.380583451129496
1.13373510446399,3.46181259287481
1.20935312099755,3.54204291827269
0.450328071601689,5.20178091131156
2.70589539027753,1.22739544697106
0.330568175762892,2.681812107479
1.53414110644701,3.06850559247618
1.96026513344588,2.81235116330867
0.174272960051894,2.88206043870649
0.127251762896776,6.12674988272255
3.76653408042512,0.57758466899395
2.47317521079423,1.04532894771546
0.548525789752603,3.06490804144431
3.83193451254811,0.186447352449677
1.61497126843004,1.1028944440186
0.750127758239718,3.03160749418847
4.27068074673501,0.973996870219707
6.47417377272585,0.420209439547728
1.41104585668983,1.19476751890033
0.111179871033097,6.45238280262718
6.8101920780159,0.571858629584312
1.74882366313579,1.42983432497993
3.02171114689783,0.834435813336511
2.32398921801689,0.213288644328713
8.65048978427305,0.143940426409245
3.68638987170994,1.30263709649444
1.50162957414033,1.03475892823189
0.197878967397434,4.49481242985514
0.252853617378988,6.89704011347065
0.416354035027325,4.25237261851258
0.266370576806366,3.96009895561223
1.47663885552187,0.513602343387902
0.755017406307161,1.88869601479712
1.48110665030554,1.82938396769101
1.92047148003223,1.18545844964683
4.20149829585977,0.214649585075676
4.31002656717725,0.515977752394974
0.96112783998251,2.28308378337863
4.37321205658186,0.80425244756043
0.33064426574856,2.90663401898501
3.5186503639627,0.291365565629481
0.385558285936856,1.89498745071707
1.12700916733593,0.767655211500823
4.92766100515552,0.939716971479356
1.02233249880373,4.86805893828101
1.99818047872725,0.237741932245936
1.53030155404451,1.56085127978727
1.46634725659134,1.99436604968252
1.57717941879275,0.862387556582689
1.82441127291861,3.06020827249857
0.265008231494392,5.22961302448936
2.08553532875123,0.655218338593841
0.641218598000705,0.947786929085851
3.50044104440098,1.09310356900096
0.757014294154942,3.61055199785118
0.783248573541641,1.26126671675593
0.0422396687790751,2.85676310526539
6.14077483083973,0.186695116572082
0.447135536000133,1.93563741995933
1.8616053777838,0.599303080272923
2.34289603845087,0.827427612048779
1.17030091956258,0.986763548105955
0.520087321288884,6.69643223252068
0.642847160764607,2.86319761484583
1.43183589904549,1.18485859595239
0.249936508014798,2.7995009383369
5.07474497137715,0.646455254405737
3.7887465784698,0.0270553324371576
9.8018452258361,0.043864661647814
1.15048585738987,1.39747030652108
1.97859074912014,1.12802833225578
0.440220200456679,4.50723752868261
2.44147188580575,0.390905651328085
0.978762133978307,4.12294852344279
0.042973686940968,10.5811972177595
0.89460963755846,1.0735731445952
0.969726993702352,0.971136494539678
1.63954927577617,0.506806289226918
1.06911714281887,1.90937323859873
0.731940639205277,3.50811566533113
5.18670133103557,0.0638595153136798
4.63595667970083,0.530049350531113
0.767417034029566,0.858076179400086
0.683020995533839,1.72634962378981
8.82726706829563,0.298018322326243
1.69335674672368,2.22402230082991
1.07157394569367,2.93392041820229
0.569498934100854,1.25828212220222
1.53746096126924,3.44309221563821
3.41191126424082,0.0843517383877967
0.203877193102677,8.43594697812452
0.456978841684759,2.95736262185459
9.6664376626338,0.497968094423413
2.00413865028861,0.194977723314537
0.508002733633606,2.59924128829482
5.8175755103826,0.00359685929031979
1.14115732349455,4.47721448888011
1.7932021523917,0.685461266897619
1.409855235284,0.726457755081356
2.3308372000914,1.01287358161062
4.36028912265725,0.117280315987884
6.15256160464058,0.396747820091688
1.21387337101537,2.19931140161099
0.395585951001115,5.60339854624043
1.34642298519611,4.02992327121978
1.50750680270319,1.59048305443468
0.734261067584157,3.12534293143039
0.784312044270337,4.92904079307742
3.91217878149221,0.14289057534188
3.0847170127738,0.521067620255053
1.81401607727069,0.909641738981009
4.07201343385463,0.310334276718518
1.11882188450545,1.63203430216237
1.88922297014835,2.67887401572409
1.69217301639348,2.03569006166401
0.483724749647081,5.59534475173721
0.490572666717568,6.11298153964221
2.98709540942363,1.31629055179656
5.39833456625171,0.868973222561181
9.92215070442157,0.805992430076003
4.07205132750754,0.843232141807675
2.65918330094757,0.775239158421755
0.207881051115692,2.31015078684588
2.54750576606932,0.238816239154784
0.755683774947677,0.907769281417131
0.184197622351348,5.93305453624497
3.44739435223823,1.23921092413366
1.10226763878018,2.01945309146287
4.4658074264688,0.475852623213666
0.00541977698703887,4.51124333192535
0.645276079885662,1.70537748179379
3.2367798553287,0.885069494135678
2.06612699656727,1.28922261763364
0.00249660108238459,5.98990264501343
0.235793118365109,2.29769951841774
0.110749468383021,3.62912785245066
1.38967743056629,2.41042326196077
1.46874084687772,3.08580124361401
2.26807204439285,0.131846787407994
0.996281814221281,1.10990555211902
0.201775858253931,2.03158646068516
0.110139185972442,3.5639542318103
2.56889890870991,0.823508291505277
5.98338775303135,0.0287444401687449
3.10424408299809,1.84433389831446
2.7193165308887,1.11605735402554
3.06876026822214,0.810653772205114
2.43145306213739,0.982467570342124
0.374753918285927,2.27219607300105
1.45269428519703,1.67839983464097
1.66931897807076,2.86741413274499
0.446003907096435,1.55514504120642
0.261339866556227,2.49201977430823
6.43349785478888,1.04765366017818
0.101416818170621,9.02084246972456
1.44705700713581,0.737631533416553
4.02119207365399,0.0451317857950926
0.71922308858484,1.28050091676414
1.16180421877652,4.27240404088922
0.0835295608038132,6.93430753410623
2.51166977724972,0.914345478303267
5.65018337931404,1.09869926422834
4.43145223309226,0.0393640083712686
2.05761218216379,0.155590294620851
0.23284808639437,6.36504933204422
1.03970297053456,3.19889033087313
0.9577233819291,3.18230507506018
3.69744720293169,1.55151765412631
0.109982798807323,3.34804179502611
2.08968942587967,0.37051759287715
2.53363450794461,1.54850945576359
9.28981176713362,0.919191992841661
2.65134152575376,2.08419540516081
3.01046378139532,0.351809256710112
0.431430609896779,4.08151451481466
0.654632323167144,3.25393691269641
2.01254796228352,1.05144091699432
4.92095977415271,0.00817390458461669
0.0618517668917775,7.33543401490116
4.07598905621057,0.727773457765579
2.3986651226038,0.242859395220876
7.04565445827093,0.0157228800195335
0.0835800040513277,3.20611000224379
1.02865598537028,2.38564243070122
1.18579054716974,4.19800616000565
4.40393960060871,1.1079725632444
0.462241344153881,2.60228167093339
1.38235237263143,0.712069169618189
0.325594551861286,1.48225985265029
0.173677746360238,7.81790257575822
1.65417271245724,1.36639322899282
0.764425495639443,4.37169871900972
2.83979171548707,0.661862681189613
0.00954719921561308,5.06266354371734
1.36281977593899,0.676400889642537
0.662411241792142,3.81431980414276
0.0254454676259349,4.45259538640208
4.46679075226231,1.19431101717055
2.7489942292774,0.176339386962354
1.39037857755067,2.60180862425807
0.627069456502795,4.49613444121013
0.694048889117517,3.36544715596323
1.67539768111653,2.26371364473345
1.24320410378277,1.05940523712891
1.96380086979809,0.592271970578862
1.54937912887874,0.598333830945194
5.57074122097263,0.797180340625346
3.20091447962408,1.71917399301941
3.12783965451603,0.22549653662279
0.141058735651091,2.23410616742346
0.148274295963347,10.922425481834
0.481155997142196,1.26693336106837
0.482406868599355,2.54808431669118
2.43587693749907,0.526622126869641
0.0152116389945149,11.1419923000767
3.11002936735787,0.215415570884943
1.86787362467487,1.77372943020394
0.923867708072066,1.55910868869664
0.0321120420673146,8.84418604472532
3.48605009151583,1.66170254268234
3.57461591656947,0.0517652043324663
0.607869363374728,4.55083353419728
3.6500891780663,0.728542550466955
0.201509978622198,5.44165049095578
3.39939901215916,0.894410801120102
0.649752927012742,1.22147643784102
0.659574621881396,6.37620772387753
0.631490490525812,4.06699152274017
2.77813665552025,0.11814212317173
0.693039005622268,1.09044907987118
1.17498557306922,3.72657708806877
0.147532367111339,7.52129728677583
0.777110782451928,2.0354128050709
1.97982049964734,2.21828502780738
5.17100422140363,0.514340011402965
2.1313256639147,2.57190537816825
0.796907117744947,3.54582719533633
1.94637214756551,2.17427138789537
0.191215667873621,3.12671723922127
4.66397105361319,0.204014903694728
6.66082532670269,0.0097939605225324
0.97554267716918,1.79046787621368
3.47325274210508,0.0349845374003053
1.76417477606776,0.805849807336926
0.936338450759649,4.86147019614406
1.01971769053489,3.28557589341554
2.80986531062012,0.305869403295219
0.418916224279623,1.39589885800126
0.0675081510753276,5.04203999389834
4.11094487069135,0.272273785434663
0.868762378580868,0.796693716195512
1.06903083901852,2.11623255155029
0.0157099151983857,3.9871631747294
4.82810176511235,0.678765992633998
2.75856930754128,1.3867098439659
7.52864934089494,0.00291562452912331
0.341802949085832,6.99691931488824
0.381577559746802,2.0449426024312
2.6522507610822,1.15393357351422
1.45145464866402,2.8389832218139
2.65164148612859,0.895503038127847
6.61161886121998,0.905695381574333
1.46183271070144,1.37391519825906
3.06487356109505,0.789019372316954
2.08543549453188,0.479737672023475
3.272998701613,0.990694238804281
7.13524881646547,0.653050567023456
1.12447806634009,1.63306989969378
2.48502787416702,0.984688453376293
0.814492492005229,4.07187044976239
1.48833112258409,2.18158195159378
0.89705871976912,2.04401741414222
1.80998986046541,0.306804122418437
2.35672386095174,0.450464728288352
4.68589186083799,0.702563366852701
1.48720132551136,0.433238236233592
2.59118934339824,2.08508705494097
0.277967808804922,2.75798813245239
2.15927243547784,0.235048831440508
2.883748806845,0.0606941244659478
0.0967085007578135,11.0061576099773
1.3076517181471,2.43607863211855
5.06827275559405,0.138400092720985
1.43074513182924,0.678446026518941
0.547547755762935,2.67494105725529
4.38535481293626,0.0166053036227822
0.136445674113929,4.38718324501939
3.34099868138973,1.43189637354555
1.24245683569461,2.78114807801303
0.305855022567326,1.43009647378727
14.7235993958058,0.565667628310621
15.2579488335249,0.689918923769864
3.55856825394516,0.0599725196725134
2.51842254329604,0.632492965537018
0.883309949189425,1.06653656903654
5.05600374539323,0.503538277000189
0.101039388217032,3.92030775157695
0.485708702355623,6.08233395185242
0.459773029670684,6.23427711393604
2.4426598715687,0.275394157506526
0.807415518909693,1.94050408891382
0.749299300807431,1.40234411313179
4.16507565577455,0.350762774248539
3.40637611892631,1.50780499718132
1.10827708244324,2.78952874971514
0.0090341055765748,3.96924812329893
2.64687542981448,0.394580687396228
3.19047908840661,0.11147281434387
1.04543076641858,1.9938015596781
3.48567349819427,0.606629653020984
1.96829103190706,2.39521469637547
3.18490933610087,1.8038099639389
3.9541587641645,1.14982026136705
0.139721404577758,4.5774490793509
2.4406316577548,1.01585808768868
1.21222773846239,1.64133349238875
1.17216490022838,2.9525712354291
0.736386296339333,3.18335369244644
1.92764669834616,1.66071029179094
1.71286763614955,0.621043147519231
1.98267975854171,0.230714437273357
2.68486971027198,2.3397020890763
1.27911918889731,1.58293308681788
1.60958598918262,2.60400840072873
3.97076085565572,0.213135213591158
0.0578683074563742,11.3955740623905
2.68507248341086,0.780858362466083
2.80574037873366,2.03409870333018
0.62950452045405,1.18951722793281
0.205658716149628,1.80101193292978
1.49971533332743,1.36194323841482
0.325654715299606,4.52543144275374
0.116793771274388,2.57041676147821
0.06177410017699,2.66246464653852
2.18086953825297,0.624382550828159
2.89989748827296,0.334480479041571
0.539674351923168,2.82119176376537
0.0200813580304384,7.6559320199759
3.27239742485766,0.504033166915178
0.710171255283058,1.60243854166584
1.59154728352131,1.68299532924907
1.91124118191009,0.462489669211209
1.99741742379012,1.15570006053895
0.244025473382295,3.88300988433843
1.92675914793255,3.01385579323467
0.664949242025614,5.18701499709211
0.153574137948453,10.0954258175273
0.127424037529112,2.37437598585131
0.654835357330739,0.940899811685085
4.58972740520663,0.219208354130387
4.63590531573188,0.953809208236635
4.28277989824243,0.0824526000651564
0.633423822002747,5.19448479272917
1.50626332304421,1.71397478870096
8.06079966905427,0.128184986300766
0.83986147865653,2.77722262927525
4.7679279183311,0.775338003328112
0.23031520340573,1.75687365664184
2.61623831643703,0.308308731764555
3.06223230419641,0.27404656726867
0.561363236015197,5.64828799631367
0.953187579289079,1.57628521501067
1.77376417434754,0.494416817628888
1.33731352910399,3.19955246506219
7.1023865536245,0.183444500769813
0.302792380563915,3.23157695664053
0.49224287816679,5.52012472947068
2.27191013275626,1.6549861419569
1.76520490824225,3.26435539109593
1.63911067499759,0.487495655193925
0.068847575969382,4.43476789430505
0.462648835461818,2.26524178489091
0.543826784938574,1.69982923931422
1.00244232174009,1.09348242629031
5.28208498259015,0.00938357037011992
Rho_s: -0.794389449557798
Rho_p: -0.534587307622987
IC Time: 0
