Rho:-0.8
N:500
1.66715748413446,2.94293272610969
5.74458802382061,0.925940818282517
0.977362801320851,1.60662214426429
0.00290247611701488,3.72692772356753
1.48209024398568,1.61217007032576
1.17532254941761,2.19569172014422
1.2384617626667,1.14110414031893
1.36223590001464,2.05099699637833
1.95727613187375,0.343677928671241
1.0956359449774,3.97862327082043
3.95737728087192,0.207264705561101
1.8918887680873,0.449809575453401
3.34725029377227,0.944985381327569
0.212417603470385,2.21762799835744
5.10344223280377,1.00341035518795
2.04682256970331,0.903241988271475
0.502396917431645,1.35137656703591
2.50792234568837,0.760324290022254
2.65947891577127,0.289000148247489
1.89030523926662,1.66578077330234
0.317331691295186,4.4162225365298
0.265017218107081,4.67582266343406
2.51247483856025,0.259765088558197
0.964217581786215,3.11689241586213
1.55288851066473,1.35858498793095
5.81079592255686,0.85429506842047
0.929286933907345,4.82572831560798
0.0703281983733177,4.2144129370021
6.16765327718029,0.0138203725218773
0.558047995902598,4.38090846289821
5.43353660752006,0.544123940148792
1.92038803539219,0.681358996778727
7.18369738134019,0.578889264725149
2.33816678999903,0.665003873407841
0.633013703860343,1.69507233603838
1.00864970870316,3.08628051843389
1.33176826356997,2.96991901887774
0.754729833453894,1.96797741754892
1.34007403906435,1.77011954775991
1.69000833047636,0.613050946965814
7.95429680826974,0.644124962389469
4.70542080049942,0.515664839185774
3.73041143251543,0.586382976017928
2.40437746412101,1.98050576812568
4.47091983606048,0.558937030695759
2.21444478622618,1.04238458070904
2.9228541835238,0.367712935432792
3.05662299942508,0.814512313343585
0.222771891392767,1.69654613166096
2.11542299195173,0.247884434647858
0.547240337786499,1.27490900922567
0.53241868119851,5.64899502322242
0.112928432412446,5.94637552897247
0.8846928877756,2.19682394199865
0.340187592431903,3.58845042420511
0.0623267946489073,6.01155676514652
3.26712530089502,0.285661301575601
3.57410613045252,1.46599081150236
0.236958978697658,3.15420999733691
0.0470932915621055,13.003878559161
0.127083505503833,11.3325705223515
0.955014956183732,1.71656734674218
0.294697878563467,3.15979738562101
0.788401682293373,1.91573202229085
0.164928450351987,4.35395401316655
2.02241593218389,0.21235189131771
2.08657845287564,2.37730704984608
4.37834207841155,0.0880897154493768
1.56982840427647,0.291948956952386
0.00498481001704931,4.97468870480485
1.35597584210336,0.491158308728294
0.389219716372989,4.00452259166126
0.735984375620973,4.16008042313536
1.82248155764284,2.26071612155976
0.0724873198196292,7.17435906412912
1.70184465116801,1.42603508747163
3.33670082671528,1.42157048035368
0.716130097396672,3.42041493190413
0.391074034602316,2.24008183731678
0.12743734153751,1.69504832281711
0.666862368583679,2.53847242697122
0.110273156315088,2.3811432532126
2.32937719478252,0.246520576067269
1.13970437273383,2.5929184052253
0.624551583081484,5.12956831626362
0.37896310724318,4.26801627062108
0.0503993944569347,3.17294534676087
0.272610092535615,3.61628070456867
5.27348031450934,0.639450500042899
0.115468396740536,2.24280056898472
2.24843714564087,0.374409265816212
3.25681031106,1.63985927580836
0.086839166469872,3.39973315782489
2.89714031277185,0.114766782173511
1.9377036783004,0.647040071897209
3.92844367010479,0.107122831977904
0.447962800040841,2.46055286129781
3.14158127800711,1.37921359669417
2.18349620318952,0.279069715179503
1.32559907995164,1.93495400885471
1.53266044394509,0.543027019128203
1.78924644410468,2.04028053759577
0.807173877640132,2.57362980200889
2.36587422332707,0.310434469606649
1.60171638428706,2.11006211816107
4.16451145808332,0.706692457199097
1.07722216565162,1.05212729796767
3.08864003775601,0.899200607091188
4.12154700962787,0.913547092117369
0.17202499974519,8.42876796228635
3.80511612055783,0.187425034120679
0.429844895377755,5.2407202159328
2.91965499782219,1.80224379516187
0.348431748338044,2.1541703937679
1.15877175889909,1.09756657946855
0.873126044869423,1.48738978049698
0.394137740135193,1.37748373486102
2.05507564214323,0.501116064323801
1.30507772695273,0.905533378012478
1.72475238846516,2.52281198828461
0.87650487292558,4.7265354057116
0.0779811631243913,11.5313401143612
1.16186853311956,1.52734680651667
0.149589460273853,3.0499394906867
1.62352046362104,0.87156861461699
0.187680099159479,1.73586695446613
1.83563324143556,2.08751310532994
0.555570184253156,2.07953814967516
1.17752929218113,0.573814043775201
0.767273685894907,4.84131758262343
5.67383717579003,0.0165739466486836
2.99594917131548,0.172757209554768
0.274747516086442,2.27081759801797
1.82879005177858,1.19296717728117
1.27809593919665,1.21075206529349
0.141146232374012,1.84690127327087
4.99289241035409,0.77367309294641
9.27459273436918,0.284387059670893
1.25424678996205,0.687946029938757
2.00277273348513,1.59573200522902
1.12418778054416,1.57866510367932
1.6184950767136,1.40952315359356
0.0955601194873452,3.53441559134011
3.22391694720647,1.74194555443025
0.906252136453986,1.18238766491413
1.27491098642349,0.700566056184471
1.75351508139613,1.21231049485505
2.83962533307528,0.200255112746021
1.80902138530257,0.600569128990173
4.68671184380479,0.0530194520056884
0.616463324986398,1.22664602939039
1.76119629471543,2.8794157543143
1.00021959748119,1.9611857998276
1.84496551755543,0.244787110947073
1.72989786945062,0.634054421447217
6.90654467012653,0.476454835385084
0.489231226034462,2.44962621471825
3.98259823379998,0.0617785286158323
1.02201377414167,3.28353917209392
5.02943563063569,0.20310771802234
0.133887640200555,8.38755575517073
0.988391087390482,2.01473462759497
2.82533948851709,0.335965988842245
0.458839418366551,2.36277897275033
0.084162063793997,3.2855452558208
1.45295115507144,0.479325738735497
0.821102096052597,0.843356267549098
2.0745211714367,0.527717610836838
1.6086729428822,0.619099350646138
0.49637408927083,1.9219806677753
1.46369218198269,0.919138072058558
1.20649589877576,2.94209567197306
1.41575075863841,1.50278380504789
0.0646557500585914,4.88830312688775
0.301177922854004,1.42024687296691
1.19946220889688,0.927450938150287
2.0993920490814,0.358997357028188
1.0070275682956,1.55081432304325
9.36631546119108,0.993143487721682
0.205487598809065,1.84624688505175
0.899918095548525,1.0336848506704
9.70377216437712,0.87541572842747
0.626348408870399,1.69479872018948
2.90827978466577,1.34865740966052
3.92122893018608,0.157569375451135
0.0506338877603412,2.48489539506044
4.51299272079892,0.0233328180114451
1.76612997809977,1.59606142519953
0.613047610968351,4.59965299417205
0.0952876843512058,6.40421847965489
2.18853944904151,0.243690193843555
1.80506869039374,0.469961454160511
4.28294594666801,0.747171498835087
2.3132634590471,0.624006426760966
1.20215750206262,3.1237242182899
3.39164603399145,1.12411154899746
0.905728428683122,3.96196021122818
0.901984645985067,1.70019953562386
0.519552954472601,1.61825316390934
0.11868654936552,4.55439636458583
1.41926289900186,2.96933052672033
0.279493741255793,3.70861633157196
4.48710593887278,0.107343270722691
0.531402677297592,2.27022516553394
0.167932015357547,5.37614920337625
3.48304836435204,0.0596121297781673
0.700868307612836,1.40579929380658
5.50572733183332,0.0825838319814693
2.36161058201435,1.99807506745884
1.59313149741831,1.97190947449746
0.00637465671292251,3.7401668949235
0.583801046857356,3.80259947834497
1.36223726905882,1.35554878879339
1.21345734223723,3.19669288103528
3.50857685862069,0.706844395026565
0.00259936755306388,4.39996149971967
0.553195210173726,4.48868579019733
7.07338482591462,0.0209742217660804
1.8822426329458,1.09516909252852
2.000378840267,0.143556093756287
3.32740987173575,0.926431580446661
0.116007907316089,4.16108572085328
0.523562322370708,2.9520635230649
0.0330691421404481,2.72068115874174
0.702135087564183,1.83012726335766
4.02388324944263,0.315509317791736
1.97404320833999,0.62256380263716
0.0342589061390377,2.34704112439396
2.18999219683085,1.08882696274668
3.09480834650244,0.566146155819297
0.91613594815135,3.1971838211823
0.328633857890964,2.75581519297304
4.60213816513248,1.15941125433892
0.90889757219702,1.13605870306492
0.304873834364116,3.41565930081492
5.03325769652553,0.661833670921624
1.58915670207682,2.21313144444468
5.35789456565805,0.114070120862657
1.29598705563694,2.71562469928505
4.30216122020907,0.222241801209748
1.49304904324802,0.383225174620748
3.37128391100054,1.27275939751416
2.59190175172795,1.37582996673882
0.00725317187607288,7.72838942292047
0.99805576261133,2.75599171212854
8.56187984266263,0.101621134206653
2.02256856477799,1.05971863120794
0.400164731839426,3.92058602331166
0.364031710661948,1.83408168864962
1.97947703852298,1.37250379193574
1.9077079661194,0.170180002545753
2.17591818949351,0.450775043107569
0.328914165496826,7.30682424786401
5.04391504606931,0.0147472741475175
1.80196866245106,2.65717982119861
3.35522884486203,1.44846205444346
0.638268911279738,1.11510887928307
8.63337735036268,0.0102067068219185
1.66226715586128,0.978414033539593
1.62434955631674,3.18641843257432
2.11986737689915,1.04143330734223
2.01817486613038,2.26577257729116
0.0303637040778995,8.66647271016493
0.638050388561746,4.05092821625953
1.17944682668895,2.27078924319687
1.63031771584394,0.729073567821478
1.06731664016843,4.06071296317463
2.84068447100022,0.588889242302263
9.02626040794372,0.168273178058039
3.6200969366539,0.774220756794506
1.8690562545413,0.20047288430297
3.32474400086289,0.539728046394885
4.01097046567087,0.0564111433326339
1.63494295245948,0.317928810748646
0.327332568235979,2.53341670139673
1.2750411266461,1.22591303382069
3.21874261138965,1.30211061704904
0.5854454068669,5.17669891168304
0.0408635819330812,9.91753515914874
3.814433417759,1.05345058906823
0.171395895071328,1.96183330760985
0.695385757833719,5.57035775449047
0.0742226326838136,5.68641528459327
0.475072065763287,5.83538174595604
0.259836880490184,6.46428509513892
3.18495345249304,0.24089271388948
3.32698915353101,1.05319766607136
0.369788382202387,3.08215896395927
1.8360803387219,1.19460082054138
1.66097476035927,0.294826552513198
11.5331899815037,0.578490730375051
2.55566427662017,0.909266478382051
8.91424792314576,0.11789919381172
8.65892002681151,1.05742568214684
0.396892716875281,2.47964941515567
0.413798562251031,2.43768321502152
7.05311591961712,0.967877271585166
1.22811066452414,0.650839672423899
6.40765140917072,0.516819699397031
0.813760706223547,2.07216119501909
1.52767489283326,0.522554455325007
1.97033441989663,1.81774276114049
2.56171318135204,1.18603861890733
0.267124690115452,6.85364225473175
7.68809116981589,0.181913484819233
1.39747971846702,1.63890572815182
1.33656705077738,0.543029765666821
0.488968157209456,5.43574429650731
0.277946993896543,5.343806233005
0.94127734284848,0.750287520699203
2.52358674435856,0.787473252043128
0.373930894769728,3.20690361021047
0.490791238844395,6.5470992577284
0.00232944672334873,6.67798775400887
1.9481258367104,0.249949185924483
0.704484010115266,0.967892555700982
0.677893197163939,0.943642856597568
2.71480454496088,0.0823303898796439
3.18048632873182,1.10755664482713
0.00625429349171362,12.664302791644
1.94424740033205,0.390892217867076
1.57683666228297,1.919031254975
2.61779144397917,0.113615980928248
3.75624850003009,0.0332592893391848
2.40745897955241,0.964816844090819
0.0105718415490756,4.34398190279431
0.76744141895324,3.38558962027567
3.44465703500395,0.0767998660758995
6.23747162113396,0.1970050688833
0.45144619140774,1.2923595196716
0.254623179323971,2.63827642976286
1.95260423648462,2.43640700160506
1.2657273625955,2.45605236469748
0.694812092096073,3.11023105664139
0.152619090862572,2.54648459135535
1.01346749543091,1.56009664191844
0.404467004351318,1.46781249708476
0.520580925047398,2.4943343605006
0.605666891671717,1.61912659686362
0.84974208008498,1.10193212144077
0.253119769506156,3.6512384971786
0.124021251685917,2.12713126643541
0.473468079231679,5.58239957979958
4.73666339827913,1.22441761009395
0.233215817115285,6.14502929117451
0.374344010837376,2.02528476334157
0.137849513682866,2.74279447450283
0.136755603873779,3.6300859673131
0.0729483868926764,3.15319535491948
0.621244086883962,6.28597177979117
0.00179848677576998,5.81241293217907
0.364759742282331,3.69795991836076
0.758523327332065,1.28891182970256
0.686189033091068,3.36150807560128
1.41495553209426,2.66775566889885
3.35647904455162,0.101613835431635
0.292081722058356,1.84992190442028
2.52915154824851,0.999160554260015
3.04117364333696,0.264760907739401
0.506150380439048,2.68213644242826
5.19874383856483,0.534422253258526
2.22324176869335,0.982267785817385
1.92699846488559,1.32762636058033
4.18262902636906,0.363277279575845
1.06111800313612,1.3842621454969
3.55274483944272,1.34251248650253
1.57574791626635,2.73613825432005
0.593634231947362,1.02850017789751
0.426110587082803,1.85083853749402
9.67268184522047,0.0535491408778857
0.282957535237074,2.54398878096583
3.75024626387243,0.723239836283028
1.83572155244788,0.24135766364634
2.57292925744298,0.181214095284783
1.02129335701466,3.30525569274695
1.02025946575153,0.747583778006203
1.65247279397192,1.54840638480129
2.65803291081431,1.96656831904295
0.618380653900864,1.0204116711393
0.0780266552286098,3.65569303167944
0.12548914924264,7.62493178496446
3.50995296968107,0.528369517065585
3.3988793518314,0.282626031897962
0.329510159790516,6.12643770839939
3.28075024468784,0.942997722886503
13.6248912857662,0.615011775866151
1.99725880014944,0.317362478934228
5.94391471412311,1.15333136264235
2.47693053008704,0.533956495113671
3.02672051598001,1.5932731592283
4.34405244633299,1.0346267959103
3.11242568476086,1.80065095975044
0.482985969632864,5.84305920677875
0.59418373927474,2.72276934414151
1.21254940330982,3.77218597365503
0.133063551969826,3.33675268086804
9.59833202460661,0.53257887897968
0.371147450990975,5.62682327737796
1.12165338732302,3.38068791462069
5.80656975829944,0.00402566196054207
1.52625898449662,1.15905341971666
2.39356154922621,0.454965970407518
2.31982423729243,1.45897643712352
4.82173657019563,1.03333021141589
3.23439296690707,0.101785928068143
2.14808958201649,0.569531922228634
1.57744449554923,2.13276542714777
3.02432581393008,1.84034189177038
1.77183674081209,1.07385835703462
0.0814088126644492,8.70577583411589
4.84258200575538,0.572805822826922
1.38719151719453,1.07436045346349
1.93476006786314,0.515851269710631
2.1838969414012,1.34695803187788
3.37136886344456,0.0515706660225987
1.87563869162443,0.645756364077527
0.701303655466909,2.9337439125586
4.74877235640712,0.239119572999332
0.0598622204762902,7.43106274601576
1.75463778703454,1.24725458677858
0.238294743001461,2.2020187050749
11.9955789738133,0.68606657255441
6.25551672246227,0.467168026603758
1.05772525444627,4.34661609281726
0.804202641360462,2.53790484546664
0.646637391299009,3.29437467811589
2.5513932648206,1.24517904035747
7.39698631646943,0.0307911261916161
0.143323069438338,5.65792681344282
1.50096813953462,2.46153436779025
2.15559977284613,1.06132770515978
1.30217348504812,1.60755785173717
0.860617163591087,1.10658957551718
1.12898897565901,1.03274390660226
0.434311246499419,2.80186439187057
6.23534578051338,0.033372700634195
0.932791546918452,2.24774241439047
1.40898482865634,1.53033575616928
4.18140099680429,0.264561137991332
1.27656434290111,0.653493889607489
0.449314926128678,2.14273443250897
4.85902377565332,0.206043559126556
0.146430374773398,3.5411682462502
0.974096199517751,1.93422966628315
1.19558140356094,1.06427390966564
3.78978558612948,1.20349217671901
0.877343038260175,1.52582958891037
3.92875356734759,1.19367641583085
0.441716160560142,6.06664288010368
5.26959336896367,0.151980936527252
0.214731194078922,3.59291546618295
0.882913369252293,3.09964016808157
0.0255408445373178,7.63415478410642
1.6958804129714,1.69933655663374
1.12494644057006,2.08108395329657
7.62999600007786,0.0219432892495738
1.258444593288,2.26338247517411
1.07969695143402,2.79909669752834
0.351742966707953,1.97933726935627
0.996077245101333,1.84570815964582
0.400909373536706,4.39373899666891
4.75591116745896,0.0214068265631795
0.868121053267229,1.97746061525288
2.71393663986566,0.647982072085142
2.40975550553742,1.19422973133624
2.52202715072362,2.22678960665109
1.74106916635273,0.504808954894543
4.50400982480064,0.87026097998023
0.795945941470563,3.86821876756507
1.4409426184389,3.30176934987828
3.37832827849274,0.615965498997059
1.65015742728757,0.680860213004053
0.744931932538748,0.914472321048379
6.56144134666691,1.09008456776242
0.685831295326352,1.31461167056113
1.31919994205236,1.36528818216175
1.4572812988514,0.611066213176765
0.30757952617135,1.42493854026544
0.64983350846428,1.54741782472347
0.692521600056736,3.01551601646428
0.559791972860694,1.21492087002844
2.3490724544132,0.902015564031899
1.63487082985214,0.527078936126905
2.94284192975445,0.90873668435961
4.93415870167543,0.687639620155096
0.132990460842848,8.84176393801083
0.622137012891471,3.61142721566643
0.0892674699425697,3.52506673178253
1.0036378223449,2.61806008211317
1.15956525318325,2.00302857184196
3.15248528851156,0.232194045191515
1.9661036357655,0.242606329731643
3.7349514326263,0.377081029117107
1.67040235913339,1.51891828692498
0.617535810634952,3.18455342170182
1.09409231320024,3.57506045682316
3.38530493138318,1.59945224217119
1.28472976200283,0.736383249275262
2.32628728813472,0.486553106456995
3.73190071789508,0.0247179728925409
Rho_s: -0.794389449557798
Rho_p: -0.523124916068641
IC Time: 0
Rho:-0.5
N:500
1.66715748413446,4.34661609281726
5.74458802382061,1.98050576812568
0.977362801320851,1.14110414031893
0.00290247611701488,2.3811432532126
1.48209024398568,1.69479872018948
1.17532254941761,2.05099699637833
1.2384617626667,0.925940818282517
1.36223590001464,2.08751310532994
1.95727613187375,0.246520576067269
1.0956359449774,5.64899502322242
3.95737728087192,0.450775043107569
1.8918887680873,0.249949185924483
3.34725029377227,1.63890572815182
0.212417603470385,1.04238458070904
5.10344223280377,2.2020187050749
2.04682256970331,1.04143330734223
0.502396917431645,0.650839672423899
2.50792234568837,1.07385835703462
2.65947891577127,0.367712935432792
1.89030523926662,2.12713126643541
0.317331691295186,3.92058602331166
0.265017218107081,3.6512384971786
2.51247483856025,0.264760907739401
0.964217581786215,3.38068791462069
1.55288851066473,1.35137656703591
5.81079592255686,1.9611857998276
0.929286933907345,6.28597177979117
0.0703281983733177,2.94293272610969
6.16765327718029,0.0138203725218773
0.558047995902598,4.4162225365298
5.43353660752006,1.10755664482713
1.92038803539219,0.760324290022254
7.18369738134019,1.27275939751416
2.33816678999903,0.914472321048379
0.633013703860343,1.05742568214684
1.00864970870316,3.39973315782489
1.33176826356997,3.86821876756507
0.754729833453894,1.35858498793095
1.34007403906435,1.83408168864962
1.69000833047636,0.528369517065585
7.95429680826974,1.5932731592283
4.70542080049942,0.926431580446661
3.73041143251543,1.00341035518795
2.40437746412101,3.20690361021047
4.47091983606048,1.0346267959103
2.21444478622618,1.37748373486102
2.9228541835238,0.533956495113671
3.05662299942508,1.19367641583085
0.222771891392767,0.706844395026565
2.11542299195173,0.207264705561101
0.547240337786499,0.644124962389469
0.53241868119851,5.84305920677875
0.112928432412446,4.48868579019733
0.8846928877756,1.84034189177038
0.340187592431903,3.08628051843389
0.0623267946489073,4.39373899666891
3.26712530089502,0.516819699397031
3.57410613045252,3.01551601646428
0.236958978697658,1.99807506745884
0.0470932915621055,13.003878559161
0.127083505503833,12.664302791644
0.955014956183732,1.34695803187788
0.294697878563467,2.1541703937679
0.788401682293373,1.28891182970256
0.164928450351987,3.41565930081492
2.02241593218389,0.143556093756287
2.08657845287564,3.61142721566643
4.37834207841155,0.114766782173511
1.56982840427647,0.107343270722691
0.00498481001704931,3.18641843257432
1.35597584210336,0.181913484819233
0.389219716372989,3.61628070456867
0.735984375620973,4.84131758262343
1.82248155764284,3.11023105664139
0.0724873198196292,6.5470992577284
1.70184465116801,1.63985927580836
3.33670082671528,2.65717982119861
0.716130097396672,3.72692772356753
0.391074034602316,1.19460082054138
0.12743734153751,0.619099350646138
0.666862368583679,1.97933726935627
0.110273156315088,1.02850017789751
2.32937719478252,0.232194045191515
1.13970437273383,2.74279447450283
0.624551583081484,5.57035775449047
0.37896310724318,3.69795991836076
0.0503993944569347,1.70019953562386
0.272610092535615,2.96991901887774
5.27348031450934,1.36528818216175
0.115468396740536,0.967877271585166
2.24843714564087,0.317928810748646
3.25681031106,3.1237242182899
0.086839166469872,2.22678960665109
2.89714031277185,0.107122831977904
1.9377036783004,0.680860213004053
3.92844367010479,0.151980936527252
0.447962800040841,1.57866510367932
3.14158127800711,2.43640700160506
2.18349620318952,0.24135766364634
1.32559907995164,1.96656831904295
1.53266044394509,0.285661301575601
1.78924644410468,2.61806008211317
0.807173877640132,2.26338247517411
2.36587422332707,0.310434469606649
1.60171638428706,2.52281198828461
4.16451145808332,1.51891828692498
1.07722216565162,0.729073567821478
3.08864003775601,1.30211061704904
4.12154700962787,1.77011954775991
0.17202499974519,8.84176393801083
3.80511612055783,0.294826552513198
0.429844895377755,4.67582266343406
2.91965499782219,3.17294534676087
0.348431748338044,1.10658957551718
1.15877175889909,0.843356267549098
0.873126044869423,1.03274390660226
0.394137740135193,0.611066213176765
2.05507564214323,0.479325738735497
1.30507772695273,0.661833670921624
1.72475238846516,3.53441559134011
0.87650487292558,5.94637552897247
0.0779811631243913,9.91753515914874
1.16186853311956,1.22664602939039
0.149589460273853,1.84624688505175
1.62352046362104,0.750287520699203
0.187680099159479,0.706692457199097
1.83563324143556,2.8794157543143
0.555570184253156,1.21492087002844
1.17752929218113,0.222241801209748
0.767273685894907,5.65792681344282
5.67383717579003,0.0233328180114451
2.99594917131548,0.206043559126556
0.274747516086442,1.12411154899746
1.82879005177858,1.24725458677858
1.27809593919665,0.993143487721682
0.141146232374012,0.736383249275262
4.99289241035409,1.69933655663374
9.27459273436918,0.899200607091188
1.25424678996205,0.527078936126905
2.00277273348513,2.14273443250897
1.12418778054416,1.21231049485505
1.6184950767136,1.50278380504789
0.0955601194873452,2.37730704984608
3.22391694720647,3.30176934987828
0.906252136453986,0.723239836283028
1.27491098642349,0.543027019128203
1.75351508139613,1.22591303382069
2.83962533307528,0.21235189131771
1.80902138530257,0.566146155819297
4.68671184380479,0.0530194520056884
0.616463324986398,0.665003873407841
1.76119629471543,4.34398190279431
1.00021959748119,1.61825316390934
1.84496551755543,0.11789919381172
1.72989786945062,0.573814043775201
6.90654467012653,0.967892555700982
0.489231226034462,1.59945224217119
3.98259823379998,0.0823303898796439
1.02201377414167,3.96196021122818
5.02943563063569,0.53257887897968
0.133887640200555,8.42876796228635
0.988391087390482,1.69507233603838
2.82533948851709,0.515664839185774
0.458839418366551,1.40579929380658
0.084162063793997,1.96797741754892
1.45295115507144,0.1970050688833
0.821102096052597,0.315509317791736
2.0745211714367,0.539728046394885
1.6086729428822,0.491158308728294
0.49637408927083,1.07436045346349
1.46369218198269,0.747171498835087
1.20649589877576,3.30525569274695
1.41575075863841,1.53033575616928
0.0646557500585914,3.33675268086804
0.301177922854004,0.572805822826922
1.19946220889688,0.645756364077527
2.0993920490814,0.289000148247489
1.0070275682956,1.13605870306492
9.36631546119108,2.46153436779025
0.205487598809065,0.774220756794506
0.899918095548525,0.615965498997059
9.70377216437712,2.11006211816107
0.626348408870399,1.0336848506704
2.90827978466577,2.24008183731678
3.92122893018608,0.279069715179503
0.0506338877603412,1.03333021141589
4.51299272079892,0.0209742217660804
1.76612997809977,1.919031254975
0.613047610968351,4.88830312688775
0.0952876843512058,5.2407202159328
2.18853944904151,0.20310771802234
1.80506869039374,0.244787110947073
4.28294594666801,1.59606142519953
2.3132634590471,0.747583778006203
1.20215750206262,3.80259947834497
3.39164603399145,2.01473462759497
0.905728428683122,5.12956831626362
0.901984645985067,1.24517904035747
0.519552954472601,0.913547092117369
0.11868654936552,3.38558962027567
1.41926289900186,3.7401668949235
0.279493741255793,3.15319535491948
4.48710593887278,0.200255112746021
0.531402677297592,1.42603508747163
0.167932015357547,4.00452259166126
3.48304836435204,0.0515706660225987
0.700868307612836,0.902015564031899
5.50572733183332,0.170180002545753
2.36161058201435,3.19669288103528
1.59313149741831,2.24280056898472
0.00637465671292251,2.44962621471825
0.583801046857356,4.06071296317463
1.36223726905882,1.21075206529349
1.21345734223723,4.16108572085328
3.50857685862069,1.35554878879339
0.00259936755306388,2.96933052672033
0.553195210173726,4.55439636458583
7.07338482591462,0.0307911261916161
1.8822426329458,1.20349217671901
2.000378840267,0.0596121297781673
3.32740987173575,1.60755785173717
0.116007907316089,3.09964016808157
0.523562322370708,2.24774241439047
0.0330691421404481,1.15333136264235
0.702135087564183,1.15941125433892
4.02388324944263,0.62256380263716
1.97404320833999,0.647982072085142
0.0342589061390377,0.919138072058558
2.18999219683085,1.44846205444346
3.09480834650244,0.787473252043128
0.91613594815135,3.5411682462502
0.328633857890964,1.80224379516187
4.60213816513248,2.45605236469748
0.90889757219702,0.700566056184471
0.304873834364116,2.75581519297304
5.03325769652553,1.42157048035368
1.58915670207682,2.5929184052253
5.35789456565805,0.247884434647858
1.29598705563694,3.15979738562101
4.30216122020907,0.486553106456995
1.49304904324802,0.172757209554768
3.37128391100054,2.43768321502152
2.59190175172795,2.19569172014422
0.00725317187607288,7.17435906412912
0.99805576261133,2.80186439187057
8.56187984266263,0.24089271388948
2.02256856477799,1.32762636058033
0.400164731839426,3.59291546618295
0.364031710661948,0.90873668435961
1.97947703852298,1.84570815964582
1.9077079661194,0.0825838319814693
2.17591818949351,0.343677928671241
0.328914165496826,8.70577583411589
5.04391504606931,0.00402566196054207
1.80196866245106,3.97862327082043
3.35522884486203,2.75599171212854
0.638268911279738,0.578490730375051
8.63337735036268,0.0147472741475175
1.66226715586128,0.964816844090819
1.62434955631674,4.97468870480485
2.11986737689915,1.31461167056113
2.01817486613038,3.42041493190413
0.0303637040778995,7.30682424786401
0.638050388561746,4.39996149971967
1.17944682668895,2.26071612155976
1.63031771584394,0.681358996778727
1.06731664016843,5.83538174595604
2.84068447100022,0.87156861461699
9.02626040794372,0.543029765666821
3.6200969366539,1.40952315359356
1.8690562545413,0.101613835431635
3.32474400086289,0.87026097998023
4.01097046567087,0.0535491408778857
1.63494295245948,0.181214095284783
0.327332568235979,1.48738978049698
1.2750411266461,1.08882696274668
3.21874261138965,2.27081759801797
0.5854454068669,5.37614920337625
0.0408635819330812,8.66647271016493
3.814433417759,2.00302857184196
0.171395895071328,0.87541572842747
0.695385757833719,6.40421847965489
0.0742226326838136,4.16008042313536
0.475072065763287,5.68641528459327
0.259836880490184,6.14502929117451
3.18495345249304,0.291948956952386
3.32698915353101,1.84690127327087
0.369788382202387,2.13276542714777
1.8360803387219,1.34865740966052
1.66097476035927,0.168273178058039
11.5331899815037,1.37250379193574
2.55566427662017,1.19422973133624
8.91424792314576,0.317362478934228
8.65892002681151,2.66775566889885
0.396892716875281,1.45897643712352
0.413798562251031,1.42024687296691
7.05311591961712,2.27022516553394
1.22811066452414,0.335965988842245
6.40765140917072,1.05971863120794
0.813760706223547,1.60662214426429
1.52767489283326,0.239119572999332
1.97033441989663,2.4943343605006
2.56171318135204,1.83012726335766
0.267124690115452,7.62493178496446
7.68809116981589,0.558937030695759
1.39747971846702,1.66578077330234
1.33656705077738,0.242606329731643
0.488968157209456,5.17669891168304
0.277946993896543,4.26801627062108
0.94127734284848,0.358997357028188
2.52358674435856,1.09756657946855
0.373930894769728,2.46055286129781
0.490791238844395,7.72838942292047
0.00232944672334873,5.62682327737796
1.9481258367104,0.20047288430297
0.704484010115266,0.504808954894543
0.677893197163939,0.390892217867076
2.71480454496088,0.0332592893391848
3.18048632873182,1.91573202229085
0.00625429349171362,11.5313401143612
1.94424740033205,0.282626031897962
1.57683666228297,2.07216119501909
2.61779144397917,0.0880897154493768
3.75624850003009,0.0247179728925409
2.40745897955241,1.27490900922567
0.0105718415490756,2.72276934414151
0.76744141895324,3.70861633157196
3.44465703500395,0.0564111433326339
6.23747162113396,0.544123940148792
0.45144619140774,0.613050946965814
0.254623179323971,1.54741782472347
1.95260423648462,3.57506045682316
1.2657273625955,2.53847242697122
0.694812092096073,2.9520635230649
0.152619090862572,1.34251248650253
1.01346749543091,1.15905341971666
0.404467004351318,0.68606657255441
0.520580925047398,1.69654613166096
0.605666891671717,0.978414033539593
0.84974208008498,0.639450500042899
0.253119769506156,2.9337439125586
0.124021251685917,0.909266478382051
0.473468079231679,5.43574429650731
4.73666339827913,2.73613825432005
0.233215817115285,5.58239957979958
0.374344010837376,1.05345058906823
0.137849513682866,1.46599081150236
0.136755603873779,2.57362980200889
0.0729483868926764,1.73586695446613
0.621244086883962,7.43106274601576
0.00179848677576998,3.6300859673131
0.364759742282331,3.1971838211823
0.758523327332065,0.814512313343585
0.686189033091068,3.52506673178253
1.41495553209426,3.29437467811589
3.35647904455162,0.101785928068143
0.292081722058356,0.905533378012478
2.52915154824851,1.37921359669417
3.04117364333696,0.383225174620748
0.506150380439048,1.96183330760985
5.19874383856483,1.09008456776242
2.22324176869335,1.22441761009395
1.92699846488559,1.69504832281711
4.18262902636906,0.687639620155096
1.06111800313612,1.06132770515978
3.55274483944272,2.54398878096583
1.57574791626635,3.58845042420511
0.593634231947362,0.467168026603758
0.426110587082803,0.982267785817385
9.67268184522047,0.114070120862657
0.282957535237074,1.52582958891037
3.75024626387243,1.3842621454969
1.83572155244788,0.113615980928248
2.57292925744298,0.187425034120679
1.02129335701466,4.05092821625953
1.02025946575153,0.476454835385084
1.65247279397192,1.81774276114049
2.65803291081431,3.36150807560128
0.618380653900864,0.454965970407518
0.0780266552286098,2.53341670139673
0.12548914924264,7.63415478410642
3.50995296968107,0.903241988271475
3.3988793518314,0.534422253258526
0.329510159790516,6.12643770839939
3.28075024468784,1.61912659686362
13.6248912857662,1.54840638480129
1.99725880014944,0.243690193843555
5.94391471412311,2.71562469928505
2.47693053008704,0.624006426760966
3.02672051598001,2.72068115874174
4.34405244633299,2.07953814967516
3.11242568476086,3.28353917209392
0.482985969632864,6.06664288010368
0.59418373927474,2.02528476334157
1.21254940330982,5.81241293217907
0.133063551969826,2.08108395329657
9.59833202460661,1.18603861890733
0.371147450990975,5.343806233005
1.12165338732302,4.35395401316655
5.80656975829944,0.0102067068219185
1.52625898449662,1.06427390966564
2.39356154922621,0.501116064323801
2.31982423729243,2.19682394199865
4.82173657019563,2.21762799835744
3.23439296690707,0.101621134206653
2.14808958201649,0.600569128990173
1.57744449554923,2.47964941515567
3.02432581393008,3.2855452558208
1.77183674081209,1.11510887928307
0.0814088126644492,8.38755575517073
4.84258200575538,1.09516909252852
1.38719151719453,0.944985381327569
1.93476006786314,0.449809575453401
2.1838969414012,1.93495400885471
3.37136886344456,0.0219432892495738
1.87563869162443,0.634054421447217
0.701303655466909,2.48489539506044
4.74877235640712,0.527717610836838
0.0598622204762902,6.67798775400887
1.75463778703454,1.42493854026544
0.238294743001461,1.05212729796767
11.9955789738133,1.85083853749402
6.25551672246227,0.942997722886503
1.05772525444627,6.01155676514652
0.804202641360462,2.21313144444468
0.646637391299009,3.18455342170182
2.5513932648206,1.97746061525288
7.39698631646943,0.0767998660758995
0.143323069438338,4.38090846289821
1.50096813953462,3.0499394906867
2.15559977284613,1.37582996673882
1.30217348504812,1.55081432304325
0.860617163591087,0.653493889607489
1.12898897565901,0.687946029938757
0.434311246499419,1.97190947449746
6.23534578051338,0.0617785286158323
0.932791546918452,1.93422966628315
1.40898482865634,1.56009664191844
4.18140099680429,0.588889242302263
1.27656434290111,0.469961454160511
0.449314926128678,1.19296717728117
4.85902377565332,0.522554455325007
0.146430374773398,2.53790484546664
0.974096199517751,1.59573200522902
1.19558140356094,0.85429506842047
3.78978558612948,2.34704112439396
0.877343038260175,1.05319766607136
3.92875356734759,2.36277897275033
0.441716160560142,6.46428509513892
5.26959336896367,0.374409265816212
0.214731194078922,2.79909669752834
0.882913369252293,3.15420999733691
0.0255408445373178,6.85364225473175
1.6958804129714,2.04028053759577
1.12494644057006,1.9219806677753
7.62999600007786,0.033372700634195
1.258444593288,2.26577257729116
1.07969695143402,3.08215896395927
0.351742966707953,0.999160554260015
0.996077245101333,1.46781249708476
0.400909373536706,4.2144129370021
4.75591116745896,0.0165739466486836
0.868121053267229,1.52734680651667
2.71393663986566,0.927450938150287
2.40975550553742,1.80065095975044
2.52202715072362,3.77218597365503
1.74106916635273,0.264561137991332
4.50400982480064,1.71656734674218
0.795945941470563,4.59965299417205
1.4409426184389,4.7265354057116
3.37832827849274,1.0204116711393
1.65015742728757,0.615011775866151
0.744931932538748,0.377081029117107
6.56144134666691,2.63827642976286
0.685831295326352,0.77367309294641
1.31919994205236,1.18238766491413
1.4572812988514,0.363277279575845
0.30757952617135,0.586382976017928
0.64983350846428,0.943642856597568
0.692521600056736,2.68213644242826
0.559791972860694,0.578889264725149
2.3490724544132,1.10193212144077
1.63487082985214,0.284387059670893
2.94284192975445,1.2923595196716
4.93415870167543,1.61217007032576
0.132990460842848,11.3325705223515
0.622137012891471,3.65569303167944
0.0892674699425697,2.27078924319687
1.0036378223449,2.54648459135535
1.15956525318325,1.84992190442028
3.15248528851156,0.259765088558197
1.9661036357655,0.157569375451135
3.7349514326263,0.647040071897209
1.67040235913339,1.74194555443025
0.617535810634952,2.94209567197306
1.09409231320024,4.82572831560798
3.38530493138318,3.11689241586213
1.28472976200283,0.569531922228634
2.32628728813472,0.515851269710631
3.73190071789508,0.0214068265631795
Rho_s: -0.431284029136117
Rho_p: -0.327681048297361
IC Time: 0
Rho:-0.8
N:500
1.66715748413446,2.94293272610969
5.74458802382061,0.925940818282517
0.977362801320851,1.60662214426429
0.00290247611701488,3.72692772356753
1.48209024398568,1.61217007032576
1.17532254941761,2.19569172014422
1.2384617626667,1.14110414031893
1.36223590001464,2.05099699637833
1.95727613187375,0.343677928671241
1.0956359449774,3.97862327082043
3.95737728087192,0.207264705561101
1.8918887680873,0.449809575453401
3.34725029377227,0.944985381327569
0.212417603470385,2.21762799835744
5.10344223280377,1.00341035518795
2.04682256970331,0.903241988271475
0.502396917431645,1.35137656703591
2.50792234568837,0.760324290022254
2.65947891577127,0.289000148247489
1.89030523926662,1.66578077330234
0.317331691295186,4.4162225365298
0.265017218107081,4.67582266343406
2.51247483856025,0.259765088558197
0.964217581786215,3.11689241586213
1.55288851066473,1.35858498793095
5.81079592255686,0.85429506842047
0.929286933907345,4.82572831560798
0.0703281983733177,4.2144129370021
6.16765327718029,0.0138203725218773
0.558047995902598,4.38090846289821
5.43353660752006,0.544123940148792
1.92038803539219,0.681358996778727
7.18369738134019,0.578889264725149
2.33816678999903,0.665003873407841
0.633013703860343,1.69507233603838
1.00864970870316,3.08628051843389
1.33176826356997,2.96991901887774
0.754729833453894,1.96797741754892
1.34007403906435,1.77011954775991
1.69000833047636,0.613050946965814
7.95429680826974,0.644124962389469
4.70542080049942,0.515664839185774
3.73041143251543,0.586382976017928
2.40437746412101,1.98050576812568
4.47091983606048,0.558937030695759
2.21444478622618,1.04238458070904
2.9228541835238,0.367712935432792
3.05662299942508,0.814512313343585
0.222771891392767,1.69654613166096
2.11542299195173,0.247884434647858
0.547240337786499,1.27490900922567
0.53241868119851,5.64899502322242
0.112928432412446,5.94637552897247
0.8846928877756,2.19682394199865
0.340187592431903,3.58845042420511
0.0623267946489073,6.01155676514652
3.26712530089502,0.285661301575601
3.57410613045252,1.46599081150236
0.236958978697658,3.15420999733691
0.0470932915621055,13.003878559161
0.127083505503833,11.3325705223515
0.955014956183732,1.71656734674218
0.294697878563467,3.15979738562101
0.788401682293373,1.91573202229085
0.164928450351987,4.35395401316655
2.02241593218389,0.21235189131771
2.08657845287564,2.37730704984608
4.37834207841155,0.0880897154493768
1.56982840427647,0.291948956952386
0.00498481001704931,4.97468870480485
1.35597584210336,0.491158308728294
0.389219716372989,4.00452259166126
0.735984375620973,4.16008042313536
1.82248155764284,2.26071612155976
0.0724873198196292,7.17435906412912
1.70184465116801,1.42603508747163
3.33670082671528,1.42157048035368
0.716130097396672,3.42041493190413
0.391074034602316,2.24008183731678
0.12743734153751,1.69504832281711
0.666862368583679,2.53847242697122
0.110273156315088,2.3811432532126
2.32937719478252,0.246520576067269
1.13970437273383,2.5929184052253
0.624551583081484,5.12956831626362
0.37896310724318,4.26801627062108
0.0503993944569347,3.17294534676087
0.272610092535615,3.61628070456867
5.27348031450934,0.639450500042899
0.115468396740536,2.24280056898472
2.24843714564087,0.374409265816212
3.25681031106,1.63985927580836
0.086839166469872,3.39973315782489
2.89714031277185,0.114766782173511
1.9377036783004,0.647040071897209
3.92844367010479,0.107122831977904
0.447962800040841,2.46055286129781
3.14158127800711,1.37921359669417
2.18349620318952,0.279069715179503
1.32559907995164,1.93495400885471
1.53266044394509,0.543027019128203
1.78924644410468,2.04028053759577
0.807173877640132,2.57362980200889
2.36587422332707,0.310434469606649
1.60171638428706,2.11006211816107
4.16451145808332,0.706692457199097
1.07722216565162,1.05212729796767
3.08864003775601,0.899200607091188
4.12154700962787,0.913547092117369
0.17202499974519,8.42876796228635
3.80511612055783,0.187425034120679
0.429844895377755,5.2407202159328
2.91965499782219,1.80224379516187
0.348431748338044,2.1541703937679
1.15877175889909,1.09756657946855
0.873126044869423,1.48738978049698
0.394137740135193,1.37748373486102
2.05507564214323,0.501116064323801
1.30507772695273,0.905533378012478
1.72475238846516,2.52281198828461
0.87650487292558,4.7265354057116
0.0779811631243913,11.5313401143612
1.16186853311956,1.52734680651667
0.149589460273853,3.0499394906867
1.62352046362104,0.87156861461699
0.187680099159479,1.73586695446613
1.83563324143556,2.08751310532994
0.555570184253156,2.07953814967516
1.17752929218113,0.573814043775201
0.767273685894907,4.84131758262343
5.67383717579003,0.0165739466486836
2.99594917131548,0.172757209554768
0.274747516086442,2.27081759801797
1.82879005177858,1.19296717728117
1.27809593919665,1.21075206529349
0.141146232374012,1.84690127327087
4.99289241035409,0.77367309294641
9.27459273436918,0.284387059670893
1.25424678996205,0.687946029938757
2.00277273348513,1.59573200522902
1.12418778054416,1.57866510367932
1.6184950767136,1.40952315359356
0.0955601194873452,3.53441559134011
3.22391694720647,1.74194555443025
0.906252136453986,1.18238766491413
1.27491098642349,0.700566056184471
1.75351508139613,1.21231049485505
2.83962533307528,0.200255112746021
1.80902138530257,0.600569128990173
4.68671184380479,0.0530194520056884
0.616463324986398,1.22664602939039
1.76119629471543,2.8794157543143
1.00021959748119,1.9611857998276
1.84496551755543,0.244787110947073
1.72989786945062,0.634054421447217
6.90654467012653,0.476454835385084
0.489231226034462,2.44962621471825
3.98259823379998,0.0617785286158323
1.02201377414167,3.28353917209392
5.02943563063569,0.20310771802234
0.133887640200555,8.38755575517073
0.988391087390482,2.01473462759497
2.82533948851709,0.335965988842245
0.458839418366551,2.36277897275033
0.084162063793997,3.2855452558208
1.45295115507144,0.479325738735497
0.821102096052597,0.843356267549098
2.0745211714367,0.527717610836838
1.6086729428822,0.619099350646138
0.49637408927083,1.9219806677753
1.46369218198269,0.919138072058558
1.20649589877576,2.94209567197306
1.41575075863841,1.50278380504789
0.0646557500585914,4.88830312688775
0.301177922854004,1.42024687296691
1.19946220889688,0.927450938150287
2.0993920490814,0.358997357028188
1.0070275682956,1.55081432304325
9.36631546119108,0.993143487721682
0.205487598809065,1.84624688505175
0.899918095548525,1.0336848506704
9.70377216437712,0.87541572842747
0.626348408870399,1.69479872018948
2.90827978466577,1.34865740966052
3.92122893018608,0.157569375451135
0.0506338877603412,2.48489539506044
4.51299272079892,0.0233328180114451
1.76612997809977,1.59606142519953
0.613047610968351,4.59965299417205
0.0952876843512058,6.40421847965489
2.18853944904151,0.243690193843555
1.80506869039374,0.469961454160511
4.28294594666801,0.747171498835087
2.3132634590471,0.624006426760966
1.20215750206262,3.1237242182899
3.39164603399145,1.12411154899746
0.905728428683122,3.96196021122818
0.901984645985067,1.70019953562386
0.519552954472601,1.61825316390934
0.11868654936552,4.55439636458583
1.41926289900186,2.96933052672033
0.279493741255793,3.70861633157196
4.48710593887278,0.107343270722691
0.531402677297592,2.27022516553394
0.167932015357547,5.37614920337625
3.48304836435204,0.0596121297781673
0.700868307612836,1.40579929380658
5.50572733183332,0.0825838319814693
2.36161058201435,1.99807506745884
1.59313149741831,1.97190947449746
0.00637465671292251,3.7401668949235
0.583801046857356,3.80259947834497
1.36223726905882,1.35554878879339
1.21345734223723,3.19669288103528
3.50857685862069,0.706844395026565
0.00259936755306388,4.39996149971967
0.553195210173726,4.48868579019733
7.07338482591462,0.0209742217660804
1.8822426329458,1.09516909252852
2.000378840267,0.143556093756287
3.32740987173575,0.926431580446661
0.116007907316089,4.16108572085328
0.523562322370708,2.9520635230649
0.0330691421404481,2.72068115874174
0.702135087564183,1.83012726335766
4.02388324944263,0.315509317791736
1.97404320833999,0.62256380263716
0.0342589061390377,2.34704112439396
2.18999219683085,1.08882696274668
3.09480834650244,0.566146155819297
0.91613594815135,3.1971838211823
0.328633857890964,2.75581519297304
4.60213816513248,1.15941125433892
0.90889757219702,1.13605870306492
0.304873834364116,3.41565930081492
5.03325769652553,0.661833670921624
1.58915670207682,2.21313144444468
5.35789456565805,0.114070120862657
1.29598705563694,2.71562469928505
4.30216122020907,0.222241801209748
1.49304904324802,0.383225174620748
3.37128391100054,1.27275939751416
2.59190175172795,1.37582996673882
0.00725317187607288,7.72838942292047
0.99805576261133,2.75599171212854
8.56187984266263,0.101621134206653
2.02256856477799,1.05971863120794
0.400164731839426,3.92058602331166
0.364031710661948,1.83408168864962
1.97947703852298,1.37250379193574
1.9077079661194,0.170180002545753
2.17591818949351,0.450775043107569
0.328914165496826,7.30682424786401
5.04391504606931,0.0147472741475175
1.80196866245106,2.65717982119861
3.35522884486203,1.44846205444346
0.638268911279738,1.11510887928307
8.63337735036268,0.0102067068219185
1.66226715586128,0.978414033539593
1.62434955631674,3.18641843257432
2.11986737689915,1.04143330734223
2.01817486613038,2.26577257729116
0.0303637040778995,8.66647271016493
0.638050388561746,4.05092821625953
1.17944682668895,2.27078924319687
1.63031771584394,0.729073567821478
1.06731664016843,4.06071296317463
2.84068447100022,0.588889242302263
9.02626040794372,0.168273178058039
3.6200969366539,0.774220756794506
1.8690562545413,0.20047288430297
3.32474400086289,0.539728046394885
4.01097046567087,0.0564111433326339
1.63494295245948,0.317928810748646
0.327332568235979,2.53341670139673
1.2750411266461,1.22591303382069
3.21874261138965,1.30211061704904
0.5854454068669,5.17669891168304
0.0408635819330812,9.91753515914874
3.814433417759,1.05345058906823
0.171395895071328,1.96183330760985
0.695385757833719,5.57035775449047
0.0742226326838136,5.68641528459327
0.475072065763287,5.83538174595604
0.259836880490184,6.46428509513892
3.18495345249304,0.24089271388948
3.32698915353101,1.05319766607136
0.369788382202387,3.08215896395927
1.8360803387219,1.19460082054138
1.66097476035927,0.294826552513198
11.5331899815037,0.578490730375051
2.55566427662017,0.909266478382051
8.91424792314576,0.11789919381172
8.65892002681151,1.05742568214684
0.396892716875281,2.47964941515567
0.413798562251031,2.43768321502152
7.05311591961712,0.967877271585166
1.22811066452414,0.650839672423899
6.40765140917072,0.516819699397031
0.813760706223547,2.07216119501909
1.52767489283326,0.522554455325007
1.97033441989663,1.81774276114049
2.56171318135204,1.18603861890733
0.267124690115452,6.85364225473175
7.68809116981589,0.181913484819233
1.39747971846702,1.63890572815182
1.33656705077738,0.543029765666821
0.488968157209456,5.43574429650731
0.277946993896543,5.343806233005
0.94127734284848,0.750287520699203
2.52358674435856,0.787473252043128
0.373930894769728,3.20690361021047
0.490791238844395,6.5470992577284
0.00232944672334873,6.67798775400887
1.9481258367104,0.249949185924483
0.704484010115266,0.967892555700982
0.677893197163939,0.943642856597568
2.71480454496088,0.0823303898796439
3.18048632873182,1.10755664482713
0.00625429349171362,12.664302791644
1.94424740033205,0.390892217867076
1.57683666228297,1.919031254975
2.61779144397917,0.113615980928248
3.75624850003009,0.0332592893391848
2.40745897955241,0.964816844090819
0.0105718415490756,4.34398190279431
0.76744141895324,3.38558962027567
3.44465703500395,0.0767998660758995
6.23747162113396,0.1970050688833
0.45144619140774,1.2923595196716
0.254623179323971,2.63827642976286
1.95260423648462,2.43640700160506
1.2657273625955,2.45605236469748
0.694812092096073,3.11023105664139
0.152619090862572,2.54648459135535
1.01346749543091,1.56009664191844
0.404467004351318,1.46781249708476
0.520580925047398,2.4943343605006
0.605666891671717,1.61912659686362
0.84974208008498,1.10193212144077
0.253119769506156,3.6512384971786
0.124021251685917,2.12713126643541
0.473468079231679,5.58239957979958
4.73666339827913,1.22441761009395
0.233215817115285,6.14502929117451
0.374344010837376,2.02528476334157
0.137849513682866,2.74279447450283
0.136755603873779,3.6300859673131
0.0729483868926764,3.15319535491948
0.621244086883962,6.28597177979117
0.00179848677576998,5.81241293217907
0.364759742282331,3.69795991836076
0.758523327332065,1.28891182970256
0.686189033091068,3.36150807560128
1.41495553209426,2.66775566889885
3.35647904455162,0.101613835431635
0.292081722058356,1.84992190442028
2.52915154824851,0.999160554260015
3.04117364333696,0.264760907739401
0.506150380439048,2.68213644242826
5.19874383856483,0.534422253258526
2.22324176869335,0.982267785817385
1.92699846488559,1.32762636058033
4.18262902636906,0.363277279575845
1.06111800313612,1.3842621454969
3.55274483944272,1.34251248650253
1.57574791626635,2.73613825432005
0.593634231947362,1.02850017789751
0.426110587082803,1.85083853749402
9.67268184522047,0.0535491408778857
0.282957535237074,2.54398878096583
3.75024626387243,0.723239836283028
1.83572155244788,0.24135766364634
2.57292925744298,0.181214095284783
1.02129335701466,3.30525569274695
1.02025946575153,0.747583778006203
1.65247279397192,1.54840638480129
2.65803291081431,1.96656831904295
0.618380653900864,1.0204116711393
0.0780266552286098,3.65569303167944
0.12548914924264,7.62493178496446
3.50995296968107,0.528369517065585
3.3988793518314,0.282626031897962
0.329510159790516,6.12643770839939
3.28075024468784,0.942997722886503
13.6248912857662,0.615011775866151
1.99725880014944,0.317362478934228
5.94391471412311,1.15333136264235
2.47693053008704,0.533956495113671
3.02672051598001,1.5932731592283
4.34405244633299,1.0346267959103
3.11242568476086,1.80065095975044
0.482985969632864,5.84305920677875
0.59418373927474,2.72276934414151
1.21254940330982,3.77218597365503
0.133063551969826,3.33675268086804
9.59833202460661,0.53257887897968
0.371147450990975,5.62682327737796
1.12165338732302,3.38068791462069
5.80656975829944,0.00402566196054207
1.52625898449662,1.15905341971666
2.39356154922621,0.454965970407518
2.31982423729243,1.45897643712352
4.82173657019563,1.03333021141589
3.23439296690707,0.101785928068143
2.14808958201649,0.569531922228634
1.57744449554923,2.13276542714777
3.02432581393008,1.84034189177038
1.77183674081209,1.07385835703462
0.0814088126644492,8.70577583411589
4.84258200575538,0.572805822826922
1.38719151719453,1.07436045346349
1.93476006786314,0.515851269710631
2.1838969414012,1.34695803187788
3.37136886344456,0.0515706660225987
1.87563869162443,0.645756364077527
0.701303655466909,2.9337439125586
4.74877235640712,0.239119572999332
0.0598622204762902,7.43106274601576
1.75463778703454,1.24725458677858
0.238294743001461,2.2020187050749
11.9955789738133,0.68606657255441
6.25551672246227,0.467168026603758
1.05772525444627,4.34661609281726
0.804202641360462,2.53790484546664
0.646637391299009,3.29437467811589
2.5513932648206,1.24517904035747
7.39698631646943,0.0307911261916161
0.143323069438338,5.65792681344282
1.50096813953462,2.46153436779025
2.15559977284613,1.06132770515978
1.30217348504812,1.60755785173717
0.860617163591087,1.10658957551718
1.12898897565901,1.03274390660226
0.434311246499419,2.80186439187057
6.23534578051338,0.033372700634195
0.932791546918452,2.24774241439047
1.40898482865634,1.53033575616928
4.18140099680429,0.264561137991332
1.27656434290111,0.653493889607489
0.449314926128678,2.14273443250897
4.85902377565332,0.206043559126556
0.146430374773398,3.5411682462502
0.974096199517751,1.93422966628315
1.19558140356094,1.06427390966564
3.78978558612948,1.20349217671901
0.877343038260175,1.52582958891037
3.92875356734759,1.19367641583085
0.441716160560142,6.06664288010368
5.26959336896367,0.151980936527252
0.214731194078922,3.59291546618295
0.882913369252293,3.09964016808157
0.0255408445373178,7.63415478410642
1.6958804129714,1.69933655663374
1.12494644057006,2.08108395329657
7.62999600007786,0.0219432892495738
1.258444593288,2.26338247517411
1.07969695143402,2.79909669752834
0.351742966707953,1.97933726935627
0.996077245101333,1.84570815964582
0.400909373536706,4.39373899666891
4.75591116745896,0.0214068265631795
0.868121053267229,1.97746061525288
2.71393663986566,0.647982072085142
2.40975550553742,1.19422973133624
2.52202715072362,2.22678960665109
1.74106916635273,0.504808954894543
4.50400982480064,0.87026097998023
0.795945941470563,3.86821876756507
1.4409426184389,3.30176934987828
3.37832827849274,0.615965498997059
1.65015742728757,0.680860213004053
0.744931932538748,0.914472321048379
6.56144134666691,1.09008456776242
0.685831295326352,1.31461167056113
1.31919994205236,1.36528818216175
1.4572812988514,0.611066213176765
0.30757952617135,1.42493854026544
0.64983350846428,1.54741782472347
0.692521600056736,3.01551601646428
0.559791972860694,1.21492087002844
2.3490724544132,0.902015564031899
1.63487082985214,0.527078936126905
2.94284192975445,0.90873668435961
4.93415870167543,0.687639620155096
0.132990460842848,8.84176393801083
0.622137012891471,3.61142721566643
0.0892674699425697,3.52506673178253
1.0036378223449,2.61806008211317
1.15956525318325,2.00302857184196
3.15248528851156,0.232194045191515
1.9661036357655,0.242606329731643
3.7349514326263,0.377081029117107
1.67040235913339,1.51891828692498
0.617535810634952,3.18455342170182
1.09409231320024,3.57506045682316
3.38530493138318,1.59945224217119
1.28472976200283,0.736383249275262
2.32628728813472,0.486553106456995
3.73190071789508,0.0247179728925409
Rho_s: -0.794389449557798
Rho_p: -0.523124916068641
IC Time: 0
