Rho:0.8
N:1000
4.81537715692945,4.13480840606575
2.65665164767745,1.63903015843573
0.061139976605773,0.367240261286497
2.56135315812173,3.52943373827224
3.17787138358588,2.81002161635046
1.77417237834866,0.741167577914894
1.05096080974515,0.644190245307982
2.66066761120203,1.51498333170059
6.34662603516058,2.10428798033429
0.0426823259196429,0.935046860016882
0.414151378907263,0.0786283034831285
4.6309583445353,3.36194363592153
2.69697888000848,5.2206325267715
2.12793727024438,2.11652501291575
4.00808933360462,2.84480752406602
1.36090342514217,2.25165234826985
1.51492474219742,0.918250407092273
1.32469891943038,1.26329074054956
2.46372684641721,2.30588772512021
1.28285431303084,1.38294456154108
1.84802446878495,3.61818696914201
1.53969040457151,3.414535254072
0.20599412686738,0.0196314994245768
1.92655548444929,0.499053406529129
2.93059106154327,4.32136921186872
1.30064152739942,0.367820568748877
0.686182416975498,0.263919169083238
3.22699570545528,1.39272625363412
2.98011421994023,1.95627137637677
1.34451546892524,3.24782913161402
0.0875835297629237,0.311826946213841
3.11578967570374,4.55625951478185
3.04204289299316,3.2855581796987
0.251800742000341,0.089239371009171
1.45755062170941,0.838180658407509
0.281244948506355,0.949521250091493
15.9354717425702,9.91429247328572
2.15968203908744,3.04531696336818
3.78702130896931,6.20457622221638
0.549667848274112,1.71191721587422
1.12322606727304,0.781698644966343
0.324315193109214,0.473233895161991
2.1912067978734,3.08375283236681
3.77158034948592,2.4328752233738
0.234994824612419,0.0610398417338729
2.54188930234852,1.77573711539465
3.67923585681205,2.25401206119897
0.719076110325223,0.21387343116704
0.249990407757677,0.232745965011418
1.69175439039561,1.96823282717707
2.99891515262941,1.28059120103717
2.04269344910028,1.41270850776675
1.80545321284773,0.962847523391247
2.06018872555396,1.28997285757214
0.68554781191051,2.10165854535046
1.96246934859993,1.5358942165826
1.60603100222195,0.712169204838574
3.95101251436358,4.17278618625218
1.21459621377289,0.440848673883555
0.116461468860507,0.0761983165793688
0.258958663123132,0.307061690125501
2.18301809198203,5.33027987529464
3.02519964409952,1.98050132199171
1.66969755744759,2.0527983418757
3.04505518865337,3.60057849047666
0.189032253809273,0.399134101120602
0.745304917694525,0.745348658412695
0.176105513249685,0.107312419451773
5.13694338102765,1.85993216550889
0.404367384107241,0.981841375119984
1.87824064484777,2.56047468437793
1.89584828313006,0.501906347461045
7.34491319539857,4.79517012918569
1.03862888365984,0.837017816491425
0.446004236000908,0.997119318693876
2.38723286046627,2.41548453386964
3.78376226482873,3.06744121818262
0.394843620248139,0.278039223514497
6.83815707232723,2.11681469893994
5.47589474518724,3.27128165570979
0.852082148194313,1.11784701608121
0.6224524108693,0.148252307370558
2.364319126969,5.17490913321204
0.825355295353922,2.45590298986974
0.373012315199809,0.0810170514671597
0.528899128338475,0.161741975694895
2.32161756552276,1.78319602265003
0.400361178831309,1.07449968811125
4.16829062986526,4.95359464337058
3.83584399132018,4.42077376104774
0.368773704394698,1.01460633520037
1.32999644987285,1.31869527604431
1.13509591951097,0.321154210685451
0.151163183932533,0.251323324628174
3.10506341217046,3.13986063281728
3.71743601916318,1.90118201627376
0.648275516927242,1.18348389305174
0.0646143406629562,0.148228128534391
1.03373444452882,0.659423707053065
0.211939700879157,0.81864414550364
0.389809412881732,0.380550735630095
2.91872017068749,1.80009324281457
0.715127430856228,0.489879062399268
2.38590967087987,1.51368641099873
2.1562839168215,3.96188545210247
1.77172436301536,3.12570669112687
2.71505267723444,1.88302696254148
7.63302396049947,10.3383291693111
3.32367546094542,1.11966212745756
1.94171459405663,1.00924917403609
0.173957361641219,0.158914223557115
0.420886048982757,0.686670489868497
0.193837112747133,0.444869602099061
2.51240545875373,1.78638740248027
1.26907967310399,1.65773888668957
3.82177435589914,3.89778156561737
2.45709354235771,1.67909901394489
0.00523275136947632,0.0356279769912362
1.65810140213909,2.42349808282199
0.418892513029277,0.841416392135652
1.38143578357995,2.26738645873013
2.00833591804775,3.51536618901377
0.534490352995293,1.72416840112748
0.029199680313468,0.40655501522668
0.173369005119584,0.132907636463642
2.05683357818964,1.53791372716406
1.13373510446399,1.18487481195633
1.20935312099755,0.871704064678654
0.450328071601689,0.133294636383653
2.70589539027753,3.09146659378415
0.330568175762892,0.181864754296839
1.53414110644701,1.2836875859648
1.96026513344588,1.7275688740516
0.174272960051894,0.0378194184187861
0.127251762896776,0.0702182761605826
3.76653408042512,1.68088837704601
2.47317521079423,2.87862456945663
0.548525789752603,0.18578995729763
3.83193451254811,3.18396403251176
1.61497126843004,3.86814521852141
0.750127758239718,0.135945873661815
4.27068074673501,4.74462285985179
6.47417377272585,4.90703929562993
1.41104585668983,0.510029495929285
0.111179871033097,0.0198337212204933
6.8101920780159,2.73055503322723
1.74882366313579,3.4059095874594
3.02171114689783,4.35323610281923
2.32398921801689,0.854456838220358
8.65048978427305,7.90706865074945
3.68638987170994,5.67565347220669
1.50162957414033,0.629454365000129
0.197878967397434,0.747440112597059
0.252853617378988,0.101791166331821
0.416354035027325,0.29569795075804
0.266370576806366,0.318455259314659
1.47663885552187,3.38713164983277
0.755017406307161,0.53120331838727
1.48110665030554,0.522038850933313
1.92047148003223,0.618568254685795
4.20149829585977,4.83087343464848
4.31002656717725,7.35546368176596
0.96112783998251,0.973213068209589
4.37321205658186,5.60395650828956
0.33064426574856,0.181538747561732
3.5186503639627,2.28148350856247
0.385558285936856,0.058799917773768
1.12700916733593,0.816343961283565
4.92766100515552,5.0623831532538
1.02233249880373,1.99834903972029
1.99818047872725,3.99545564485674
1.53030155404451,3.90145993215923
1.46634725659134,3.11121704818719
1.57717941879275,0.77159189991653
1.82441127291861,3.82414586613458
0.265008231494392,0.805882586166263
2.08553532875123,1.68918154939058
0.641218598000705,0.296984837390482
3.50044104440098,3.24854964001064
0.757014294154942,0.571255219168961
0.783248573541641,1.33132837712765
0.0422396687790751,0.782548690345491
6.14077483083973,2.96677660925274
0.447135536000133,1.06992231868207
1.8616053777838,4.65430394907422
2.34289603845087,0.714900236497719
1.17030091956258,1.82608232825043
0.520087321288884,0.0945721371099353
0.642847160764607,0.213548782281578
1.43183589904549,2.87125028280501
0.249936508014798,0.0308290971443057
5.07474497137715,10.2337231369396
3.7887465784698,3.19705628949158
9.8018452258361,8.16247070911241
1.15048585738987,1.13795493632649
1.97859074912014,4.31749414999909
0.440220200456679,0.234569834545255
2.44147188580575,1.79232870220187
0.978762133978307,0.870471832342446
0.042973686940968,0.0525288302451372
0.89460963755846,1.1434642740983
0.969726993702352,2.35987734413686
1.63954927577617,3.52255819348579
1.06911714281887,0.39637291803956
0.731940639205277,0.234214152209461
5.18670133103557,3.82120169309859
4.63595667970083,5.49043727268405
0.767417034029566,2.19693648671834
0.683020995533839,0.760023836046457
8.82726706829563,3.05237564648952
1.69335674672368,4.04474744556432
1.07157394569367,2.35811758348771
0.569498934100854,0.272343170829117
1.53746096126924,0.568242866545916
3.41191126424082,2.08522362253609
0.203877193102677,0.0344861239357306
0.456978841684759,0.574643748812377
9.6664376626338,3.30718826113229
2.00413865028861,3.31504607183819
0.508002733633606,1.77587345047834
5.8175755103826,12.0147821598484
1.14115732349455,2.69206647752764
1.7932021523917,4.14173956198578
1.409855235284,1.43272076166215
2.3308372000914,5.15887708564229
4.36028912265725,2.59791086233201
6.15256160464058,6.25360550102186
1.21387337101537,1.06501323822886
0.395585951001115,0.527872885379614
1.34642298519611,2.68786708070877
1.50750680270319,1.47158010138469
0.734261067584157,1.03439442161471
0.784312044270337,0.254965722800209
3.91217878149221,4.13076506165748
3.0847170127738,1.85667685107115
1.81401607727069,1.04121432360262
4.07201343385463,3.11791520921474
1.11882188450545,3.01309484971647
1.88922297014835,1.32839956879616
1.69217301639348,2.91594907038732
0.483724749647081,0.453745735809207
0.490572666717568,0.10663649905473
2.98709540942363,1.64273805990399
5.39833456625171,2.15832607439699
9.92215070442157,5.83933803870464
4.07205132750754,7.22395349624467
2.65918330094757,0.846931284293532
0.207881051115692,0.603283939569829
2.54750576606932,3.29984106106644
0.755683774947677,0.158896648325026
0.184197622351348,0.83821299020201
3.44739435223823,1.35701941233128
1.10226763878018,0.329139527448947
4.4658074264688,1.78568339711967
0.00541977698703887,0.268659941852093
0.645276079885662,0.137783413244226
3.2367798553287,5.02489602913089
2.06612699656727,3.89547858426453
0.00249660108238459,0.638347869738936
0.235793118365109,0.0805940083370864
0.110749468383021,0.0665034547485365
1.38967743056629,3.4670868374137
1.46874084687772,0.777771140448749
2.26807204439285,1.30304882582277
0.996281814221281,1.6432639825249
0.201775858253931,0.467103998176754
0.110139185972442,1.03120779339224
2.56889890870991,1.54660766377094
5.98338775303135,3.88504658250098
3.10424408299809,1.07584370020777
2.7193165308887,3.26652931777721
3.06876026822214,1.34318245295435
2.43145306213739,2.20013393784426
0.374753918285927,0.807067042216659
1.45269428519703,0.650828320533037
1.66931897807076,1.60571379951181
0.446003907096435,1.32622276712209
0.261339866556227,0.164233102463186
6.43349785478888,10.7565228672405
0.101416818170621,0.0966968657448888
1.44705700713581,0.816242122091353
4.02119207365399,2.65798515073004
0.71922308858484,1.07815413270146
1.16180421877652,1.84390880816558
0.0835295608038132,0.2870176397264
2.51166977724972,1.94884558199885
5.65018337931404,5.32678703566022
4.43145223309226,6.25960166718731
2.05761218216379,1.97674533343854
0.23284808639437,0.194634297862649
1.03970297053456,0.592859517782927
0.9577233819291,0.297029692495258
3.69744720293169,1.56608049939961
0.109982798807323,0.203618158397744
2.08968942587967,2.40415178044679
2.53363450794461,4.94253549327083
9.28981176713362,1.98434402873026
2.65134152575376,1.98678465613964
3.01046378139532,3.22071718697103
0.431430609896779,0.610784437261299
0.654632323167144,0.65923685207963
2.01254796228352,0.759169621393085
4.92095977415271,5.15745611091085
0.0618517668917775,0.128738259896636
4.07598905621057,1.8796390890235
2.3986651226038,5.1192715426249
7.04565445827093,8.11730549815011
0.0835800040513277,0.677290965802968
1.02865598537028,1.51806225519092
1.18579054716974,2.63531147307696
4.40393960060871,2.92356017681318
0.462241344153881,1.32424597255886
1.38235237263143,1.13587720226496
0.325594551861286,0.0530324351789092
0.173677746360238,0.505431893281639
1.65417271245724,2.37386956616285
0.764425495639443,0.46335434943506
2.83979171548707,2.97999630851631
0.00954719921561308,0.428296479396522
1.36281977593899,0.592421717010438
0.662411241792142,1.38348897825927
0.0254454676259349,0.218729976564646
4.46679075226231,3.58179402687377
2.7489942292774,2.64210159671038
1.39037857755067,2.94840011728888
0.627069456502795,0.656561437062919
0.694048889117517,0.105576877793373
1.67539768111653,2.47583078398349
1.24320410378277,3.10502377018705
1.96380086979809,0.535931460559368
1.54937912887874,2.17811067021432
5.57074122097263,9.75728131069704
3.20091447962408,3.22525767157982
3.12783965451603,2.67806305169108
0.141058735651091,0.0507703172042966
0.148274295963347,0.94724506550784
0.481155997142196,0.0778441755101085
0.482406868599355,0.325225124135613
2.43587693749907,4.98520931948848
0.0152116389945149,0.019007059607593
3.11002936735787,6.10825367341055
1.86787362467487,0.825601844117045
0.923867708072066,1.35698699764907
0.0321120420673146,0.161377978511155
3.48605009151583,1.59211207545342
3.57461591656947,3.44425939751749
0.607869363374728,1.13197275809944
3.6500891780663,6.15159182216892
0.201509978622198,0.177244583144784
3.39939901215916,3.41869386641269
0.649752927012742,0.873396744020283
0.659574621881396,0.462948373518884
0.631490490525812,2.03766743271592
2.77813665552025,5.09892677058909
0.693039005622268,0.568859437291126
1.17498557306922,0.319419058839468
0.147532367111339,0.967949143610895
0.777110782451928,0.894600011408329
1.97982049964734,2.21293523340466
5.17100422140363,1.73111915579977
2.1313256639147,2.07297494987273
0.796907117744947,0.984811894595623
1.94637214756551,0.936172167770565
0.191215667873621,0.237553266314037
4.66397105361319,6.08115951683293
6.66082532670269,1.979772798633
0.97554267716918,0.218360341142755
3.47325274210508,1.40747981137576
1.76417477606776,0.852816173806787
0.936338450759649,1.72768306481817
1.01971769053489,0.278004543855786
2.80986531062012,2.10908686920049
0.418916224279623,1.1088263951242
0.0675081510753276,0.00799062958746205
4.11094487069135,7.16619996808633
0.868762378580868,0.478695396333933
1.06903083901852,0.461571825661846
0.0157099151983857,0.162748506292701
4.82810176511235,5.70638301671239
2.75856930754128,2.18734104922953
7.52864934089494,8.30722616198373
0.341802949085832,1.31218564417213
0.381577559746802,1.36051362100989
2.6522507610822,4.51257699330278
1.45145464866402,0.999033381231129
2.65164148612859,0.937398839741945
6.61161886121998,9.50380972722426
1.46183271070144,1.23206397891045
3.06487356109505,3.6044187916625
2.08543549453188,1.42331784210148
3.272998701613,3.73276571167593
7.13524881646547,3.2455963937748
1.12447806634009,0.422341810539365
2.48502787416702,5.6753318753458
0.814492492005229,1.30409978702664
1.48833112258409,2.84155337529059
0.89705871976912,1.25983591284603
1.80998986046541,0.723623885773122
2.35672386095174,1.43108793388774
4.68589186083799,5.66302914883862
1.48720132551136,0.763665905222297
2.59118934339824,0.802304046038442
0.277967808804922,0.0242705117523909
2.15927243547784,3.40054222552066
2.883748806845,2.01573121725562
0.0967085007578135,0.592260794927768
1.3076517181471,0.953825098462403
5.06827275559405,6.68217678334484
1.43074513182924,3.16305341554766
0.547547755762935,0.592734570614994
4.38535481293626,10.0960664482494
0.136445674113929,0.348194992169738
3.34099868138973,3.00008503703361
1.24245683569461,1.16567647457123
0.305855022567326,0.878959795792981
14.7235993958058,17.7569732208899
15.2579488335249,5.81051190208624
3.55856825394516,6.3950057175375
2.51842254329604,2.21325325584951
0.883309949189425,2.42413722156527
5.05600374539323,2.46017844780328
0.101039388217032,0.0148786222562194
0.485708702355623,0.107218546854351
0.459773029670684,0.620768610388041
2.4426598715687,1.86989033586326
0.807415518909693,2.16256336300614
0.749299300807431,0.617218968467451
4.16507565577455,2.07607225320282
3.40637611892631,5.82118554379711
1.10827708244324,3.04163916019683
0.0090341055765748,0.895909898914397
2.64687542981448,1.36286193411797
3.19047908840661,5.41467376400657
1.04543076641858,2.01173356912079
3.48567349819427,4.76448800017066
1.96829103190706,1.208251235148
3.18490933610087,1.38382446300238
3.9541587641645,2.24713657601717
0.139721404577758,0.395175856538117
2.4406316577548,0.750222304835916
1.21222773846239,2.95300586843067
1.17216490022838,2.15685402380649
0.736386296339333,0.204227888025343
1.92764669834616,4.51087952752538
1.71286763614955,3.95950964448934
1.98267975854171,1.71614812119844
2.68486971027198,1.48767403132262
1.27911918889731,2.04969374082031
1.60958598918262,0.850596033968031
3.97076085565572,4.41329945971198
0.0578683074563742,0.68156099051592
2.68507248341086,5.38009663273521
2.80574037873366,4.90575873454042
0.62950452045405,0.99767499256399
0.205658716149628,0.0464276040795289
1.49971533332743,2.4122335127646
0.325654715299606,0.878867126069963
0.116793771274388,0.004784120246768
0.06177410017699,0.266779964789748
2.18086953825297,4.25087368835635
2.89989748827296,2.63188036709073
0.539674351923168,1.36721461638808
0.0200813580304384,0.485130590386689
3.27239742485766,3.36496340364965
0.710171255283058,0.145539311552839
1.59154728352131,3.94044696150308
1.91124118191009,0.553755766712129
1.99741742379012,3.75516371784692
0.244025473382295,0.073569095216203
1.92675914793255,3.12022083298223
0.664949242025614,0.616645341960064
0.153574137948453,1.04648282378912
0.127424037529112,1.05113529792537
0.654835357330739,0.298321103677154
4.58972740520663,1.80002840041163
4.63590531573188,5.49599856485553
4.28277989824243,5.41309180458016
0.633423822002747,0.118562048301101
1.50626332304421,0.420807842664671
8.06079966905427,8.85921303974872
0.83986147865653,0.521337576100044
4.7679279183311,3.85845055041795
0.23031520340573,0.253888677805662
2.61623831643703,3.51935700081072
3.06223230419641,2.616671198895
0.561363236015197,0.109005796723068
0.953187579289079,2.41599810487571
1.77376417434754,1.96101816921475
1.33731352910399,0.360456920228899
7.1023865536245,3.45300509391313
0.302792380563915,0.202307812338679
0.49224287816679,0.0691564697772264
2.27191013275626,3.9719306117106
1.76520490824225,0.851619329303503
1.63911067499759,0.887562600895762
0.068847575969382,0.0545310461893678
0.462648835461818,0.68824291229248
0.543826784938574,1.69159807814147
1.00244232174009,1.30744275450706
5.28208498259015,4.8465005343122
0.953809208236635,1.54531269407826
4.86805893828101,10.2044783563991
1.87823951618448,0.778412483632565
2.66246464653852,1.38555787410587
0.405106199416271,1.30716352630407
2.03569006166401,1.30274455808103
0.948210210539401,0.185782356187701
1.66071029179094,0.815998031757772
0.462489669211209,0.896469364874065
1.80101193292978,1.68884993522408
2.43607863211855,2.8432561931479
1.75687365664184,1.09220542851835
2.56195727913621,3.45873927680736
4.38718324501939,9.20398143628493
1.27363365888596,0.427612276747823
2.78114807801303,6.07185722807734
6.45238280262718,12.7986899012472
0.57758466899395,0.438297069631517
3.0561818597708,5.6864916529871
4.47721448888011,6.66704590585003
0.0555383264024034,0.0716369983414359
0.997146179899573,1.75695557903176
0.767655211500823,0.533829816617072
1.23921092413366,2.56725467360559
0.506806289226918,0.585839760489762
0.796693716195512,0.964100940153003
2.41042326196077,2.53935158430579
1.31602771487087,2.9614106875175
1.93563741995933,1.31240247469395
3.23389514146333,5.48550448168941
2.74147021203282,2.70809703311863
0.973996870219707,1.74925059630516
0.480274237692356,0.129925242105948
2.76885978124085,4.16386476506419
1.1079725632444,0.332758843898773
3.20611000224379,5.04204502304025
4.19800616000565,7.7603592384131
2.19906954645159,1.29012785013765
2.27834351352396,5.07490478058286
1.0735731445952,0.860506029799581
3.34804179502611,1.18227293614355
1.37391519825906,2.81693581122052
3.21856592158293,1.94295542492511
1.15393357351422,0.290606310795684
2.27219607300105,1.10767145361751
0.624382550828159,0.0932942815124989
4.441323172049,4.1115621512938
1.72634962378981,2.13597802436891
1.71917399301941,4.07135060785298
3.96924812329893,2.53225843413713
0.00291562452912331,0.230848698876798
2.75798813245239,4.65980340887733
0.475852623213666,0.217634269967675
0.599303080272923,0.692489027045667
1.55910868869664,2.66987709656772
0.487495655193925,0.46581701003015
2.88206043870649,1.79684529101171
0.503538277000189,1.11625249218196
0.730693413875997,0.843166444450617
2.90663401898501,4.81247365822024
2.67494105725529,1.94342115775991
3.62912785245066,3.51343245787506
0.871075966395438,1.03071982786059
2.41437172695043,3.31628599373584
2.26524178489091,3.3251696488071
3.28413803113585,3.76591883927125
1.01585808768868,0.92917787283659
4.43476789430505,6.43643836643467
6.11298153964221,2.28674748345258
1.8038099639389,1.49486994265262
2.93392041820229,1.49647984225281
0.396747820091688,1.26586685329676
1.15570006053895,1.76793039767983
4.49613444121013,1.92808098710122
3.82756430638914,8.67525699795164
1.09692326746881,0.63025230448693
2.23410616742346,1.17152867570432
0.858076179400086,0.866550407372415
4.58915376265473,3.10145435812023
0.427419811487198,0.0578631395474076
1.79046787621368,2.78646869195585
0.131846787407994,0.318732494153552
0.504033166915178,0.448077797949401
0.380583451129496,0.25806718878448
1.39589885800126,1.21451476216316
11.3955740623905,4.85107688637373
1.72475258567873,4.13090615330224
1.60243854166584,3.25213605893736
1.03220689855516,0.201504386030138
0.194977723314537,0.164979224093258
1.04532894771546,0.636422801762819
1.17443610344952,0.400089489296079
1.49673878393116,0.692243600264192
5.20178091131156,4.69114807643884
1.10990555211902,0.645621783100069
0.238816239154784,0.358181654475629
2.58917111895027,3.79238248972182
1.19476751890033,0.742417564615607
2.60400840072873,2.69977208777311
1.90937323859873,2.20710388190093
0.565667628310621,1.51874387814643
0.124903448245779,0.0564328767359257
2.681812107479,3.46933784691577
1.40234411313179,1.06827788554808
0.0097939605225324,0.190704303327731
1.59048305443468,0.524722816186855
7.33543401490116,5.89998772706757
2.49201977430823,1.31035556830466
3.12671723922127,7.34087170245958
1.18951722793281,0.846582112833858
1.43189637354555,0.665918285076961
0.215415570884943,0.547764269635081
0.513602343387902,0.145313941301977
1.28922261763364,1.51797922319713
2.18158195159378,0.924558621831238
1.03268373012543,1.7632318175489
1.09044907987118,1.12049922228533
7.81790257575822,4.29994211692914
3.92030775157695,5.75262385573158
3.72657708806877,1.42504568575861
1.56370314202251,0.948681247384125
0.514340011402965,0.251731634169094
0.390905651328085,1.32522638980299
4.27240404088922,9.36019132235899
0.235048831440508,0.140731948561401
0.653050567023456,0.921319757588208
5.44165049095578,3.93514521030669
0.99079926405102,1.00253994390368
0.702563366852701,1.14508643466979
0.712069169618189,0.568223866032131
3.31105565635448,5.97775942053566
0.14289057534188,0.090294364712413
2.11429601526799,0.773543640971184
4.86147019614406,4.64575504858918
0.196230937726796,0.122963504865766
2.01945309146287,1.81313649929109
1.50780499718132,0.518276854418218
1.84433389831446,0.572091163136065
6.20140133764515,4.97926745166011
0.143940426409245,0.0269459353177537
3.03160749418847,5.15023142446704
3.56719300030986,3.01281224546914
0.275394157506526,0.342225358243418
0.11814212317173,0.788390387780964
2.67887401572409,1.43473649153861
2.0449426024312,1.95626828438582
0.775239158421755,0.307553394565743
0.728542550466955,0.449300394393504
3.16069965321935,2.30523559442701
0.971136494539678,0.809335583820939
0.0166053036227822,0.319974593818188
3.50811566533113,7.67530031087709
1.89498745071707,4.0782287417162
1.88869601479712,2.30326530515196
1.26693336106837,2.80202092958574
9.02084246972456,7.56128518316924
2.28308378337863,1.85797859687538
3.96009895561223,1.42538763333986
3.08580124361401,3.3407530936811
0.113979456946254,0.402017314918339
1.68299532924907,1.66686915456978
2.37437598585131,1.30055136699229
0.433238236233592,0.105592875009741
0.170426717959344,0.223943699151278
4.26562446180217,2.09421549915316
0.827427612048779,1.09300042223185
0.306343105507878,0.148543358133938
0.834435813336511,0.140598280363479
0.545156461664869,0.18588842238827
0.775338003328112,1.77955012334527
1.33525923732668,0.296004932027314
0.176339386962354,0.0948159359395504
3.79142875952606,2.07778462759199
2.19931140161099,0.64614926806722
4.85967700370758,3.79163358716254
0.990694238804281,1.68968298091533
2.21828502780738,1.01204052194953
4.25237261851258,1.60742770685794
1.05144091699432,1.92202679618242
1.18485859595239,1.77284459583374
2.62149940422716,1.16112386900932
0.257107557118842,0.18343938048929
0.0638595153136798,0.706044189631939
3.23157695664053,6.705380141399
3.17372932688351,1.01340661011636
0.919191992841661,0.204864132461201
2.57190537816825,1.18976605404168
1.14982026136705,0.708922322839499
0.00817390458461669,0.00692193675786257
0.497039592824876,1.11345926392823
1.23760002478957,0.437618533149362
1.11605735402554,0.56578169286856
0.370512200519443,0.214139320887625
5.60339854624043,2.73957630797269
0.306804122418437,0.0680954101728135
4.12294852344279,1.97348807342951
0.255516982637346,0.0850649333617634
0.308308731764555,1.46008625829168
6.93430753410623,2.83500737451764
1.6549861419569,3.88133735565429
0.606629653020984,1.33693253807724
0.689918923769864,0.212808170355856
1.63203430216237,1.36800259444863
5.19448479272917,3.2798940016139
0.00938357037011992,0.00094185583293438
1.39715232691708,0.818809922694909
4.50723752868261,6.8359920379139
7.52129728677583,2.60500272355022
5.52012472947068,3.13777263818269
1.07651270180941,1.49956347209653
1.94095201249295,3.00874087570195
0.155590294620851,0.957627268508077
0.350762774248539,0.0615686168894172
1.90778625829479,1.78974837987664
0.587248451076448,0.202993048818603
2.3397020890763,0.807588400319219
0.186447352449677,0.669245979748666
6.12674988272255,2.60682968414369
0.780858362466083,1.0600616838783
1.54850945576359,3.85892035422807
0.12244757664666,0.0181411638732499
0.354162693023682,0.954087192192674
4.51124333192535,4.8196530477048
1.18545844964683,0.992498975751596
3.01385579323467,1.23957214898822
7.6559320199759,8.4422047505702
3.46181259287481,1.4562552589083
2.04401741414222,3.24322861043696
1.66170254268234,1.23039026387366
0.117280315987884,0.341460559517145
0.836639664135873,2.35723433076384
4.52543144275374,4.6156021018786
2.53200685224476,3.34368391318207
0.214649585075676,1.12756034266204
0.315951405093074,0.0471471802521476
0.0349845374003053,0.913133786059916
0.797180340625346,1.65076701896647
5.56398011142166,3.87262186763768
0.237741932245936,0.548868459649384
0.984688453376293,2.2264995574111
3.88300988433843,6.8644374903656
0.0451317857950926,0.00299523361964228
0.646455254405737,0.171052991190585
6.37620772387753,7.64359448435617
0.0824526000651564,0.0257674712374242
0.678765992633998,0.112612459808588
1.74400830632987,0.567550563717051
1.55151765412631,3.98871550319676
0.236225231550634,0.282327662222087
0.421003088355064,0.428445122204721
6.99691931488824,5.04198037435241
0.521067620255053,0.69834569003433
2.59924128829482,1.46861980847063
1.3867098439659,1.19004737399518
0.907769281417131,0.418525437027449
0.789019372316954,1.02643295470625
0.676400889642537,1.13265458960086
5.98990264501343,3.85342162830715
0.213288644328713,0.354763932526112
0.0189545722678304,0.0608750903535852
1.06653656903654,0.249491550028324
0.495186919209306,1.02921257261187
0.894410801120102,0.353741511702538
2.34796451955082,4.06478509662633
0.727773457765579,0.269233427010477
3.18335369244644,4.82953036178775
3.85389602167492,4.46826953788228
1.67839983464097,3.1296230664659
0.9248261237517,1.21093333885074
2.39521469637547,0.864621771499515
3.36544715596323,7.09477547886682
2.38564243070122,1.97845715275946
0.313893896527588,0.607161520980299
3.18230507506018,4.80352203273948
2.11623255155029,0.614626280676961
0.50210051478891,1.21893322281539
4.92904079307742,1.91125010504367
0.986763548105955,1.21327344886959
3.65860105170561,5.62255448432502
0.621043147519231,1.51175017521681
1.90955234124305,0.722760091859293
0.895503038127847,1.29312086850405
1.37699768040329,0.580934260040522
0.571858629584312,0.512564279102892
1.22147643784102,0.480387930758297
1.63064703215762,2.57579276329818
0.905695381574333,1.6154757644141
5.94660455170912,3.05166137991315
0.780179985798895,0.558687441585026
0.75506411504775,0.12762042414397
2.7995009383369,2.32195866658332
1.09869926422834,0.269290458955533
0.00195119173217988,0.205672698095441
2.60180862425807,1.02496836427599
3.19955246506219,4.24969487239547
6.36504933204422,5.16286287059016
0.601367132738233,0.0997313484549522
2.77722262927525,2.05287662815319
0.09000463783741,0.245627762749791
0.810653772205114,2.052532043224
6.89704011347065,10.8298995228191
0.982467570342124,0.166792854554782
0.947786929085851,0.257193075509476
3.81431980414276,2.43676087811767
1.03475892823189,0.385462275848591
0.230714437273357,0.0552086597308517
0.128184986300766,0.439978866837919
2.03158646068516,3.76852351037746
2.08419540516081,2.11893890603426
4.45259538640208,3.84857233224397
0.00359685929031979,0.888725126133337
1.58293308681788,2.51199441208484
2.82119176376537,2.15642253673616
1.95874753399732,0.938976978883147
10.5811972177595,7.53850592258287
0.685461266897619,0.917131965979934
0.0393640083712686,0.00423227529972792
1.70537748179379,0.879506252337852
0.0606941244659478,0.982374216429889
2.41169843441787,3.58511143533473
3.06020827249857,5.20196991761155
1.9938015596781,2.60886778674069
0.0125655297403204,0.0142507842924443
2.22402230082991,3.51630131883507
1.30263709649444,0.478839163942964
1.1028944440186,0.332633171230555
2.9525712354291,1.62678002557697
0.823508291505277,1.22220658231527
2.08508705494097,4.46588308711476
0.633080297903704,0.42399798526853
0.183444500769813,0.317732183972866
0.661862681189613,0.654018932022154
1.69982923931422,3.10789980722551
0.530049350531113,0.0980909820646048
1.77372943020394,2.28053009687903
0.598333830945194,0.718374358580179
0.494416817628888,0.153366575948894
0.450464728288352,0.107016276568174
0.736749959041617,1.52352663343199
1.36639322899282,0.884144340236553
0.305869403295219,0.830330153997117
0.862387556582689,0.395929920487106
0.0599725196725134,0.372958170250058
0.298018322326243,0.71346551032229
3.94402628002648,2.53671081429422
0.687291022390127,1.12433900870383
0.868973222561181,0.298000323586166
4.06699152274017,3.69139310102678
0.310334276718518,0.228231725282967
1.31629055179656,0.989693730138242
4.5774490793509,8.79285538070327
5.93305453624497,6.9681072044642
4.55083353419728,3.82548064349179
10.922425481834,11.2005278759434
6.58817304637203,2.07507257527652
2.8389832218139,3.275021986682
0.339531544108728,0.247604597652831
3.5639542318103,3.96167527571805
0.6546744806692,0.89284035935998
6.81284177269707,4.42863482584186
3.28557589341554,5.08395640154309
0.353217845696346,0.0523514386294606
0.914345478303267,1.48065344866878
0.334480479041571,1.48267440559072
10.0954258175273,4.67383835402325
0.242859395220876,0.494553479366004
1.73860056503656,0.796874695457518
0.726457755081356,2.23749919413569
0.940899811685085,2.35385900913718
0.213135213591158,0.100384518721548
2.57041676147821,3.4273375829864
8.84418604472532,5.87908135320912
1.94050408891382,2.33014775990489
4.02992327121978,3.18939621729736
0.338723853491821,0.512069307243633
0.655218338593841,1.44118551907222
1.71397478870096,2.14654036789181
1.19431101717055,2.59270987465026
0.805992430076003,1.08255183775539
2.54808431669118,2.62766868422902
4.07187044976239,2.71113486020806
1.36194323841482,1.57131480789723
0.192758415047051,0.0410753451287746
4.37169871900972,9.17507556775465
2.29769951841774,1.45074455245378
2.15235522939804,1.81923388122561
0.394580687396228,1.28173451498151
1.42983432497993,0.701325580477715
0.043864661647814,0.569694552570581
11.0061576099773,6.41791716184387
1.92887754916194,1.22992120639458
3.61055199785118,6.93423040552321
0.0843517383877967,0.722737942612257
3.54204291827269,6.32793559100399
1.25828212220222,0.886184911243618
2.82084376637184,4.76452010472245
6.30494399335156,3.70201039297466
3.33862044272904,6.15530908511877
3.12534293143039,4.33773725827165
0.351809256710112,0.594080484472215
5.06266354371734,3.84758088348394
3.19889033087313,3.34872673126948
1.88300345668453,0.89375667180866
0.11147281434387,0.458752171136439
2.85676310526539,2.40665145768764
0.420209439547728,0.689018494449556
2.26371364473345,0.987878152169287
3.26435539109593,2.51448794632199
1.12802833225578,1.54545039116385
2.95736262185459,1.00327480677515
3.06490804144431,5.54476783771939
2.78952874971514,3.48278877494817
1.99436604968252,4.48368166760504
3.74052181646604,3.37615720165854
1.63306989969378,2.12292489401045
0.526622126869641,1.02981340046972
0.678446026518941,1.20062198583037
0.0157228800195335,0.300669756728762
0.479737672023475,0.230080267489555
6.23427711393604,5.58387851681481
2.74505613549593,1.0028906725347
1.09348242629031,0.26269343247848
2.60228167093339,0.882710691541433
0.68165422976017,0.498639863910645
3.44309221563821,1.42059998205843
0.219208354130387,0.649541864446316
1.57628521501067,2.15164969294312
8.43594697812452,2.08990451778506
0.885069494135678,1.80604435308816
1.48225985265029,2.59730781420114
0.884275421500206,0.203944756649435
1.22739544697106,0.422506293281913
1.28050091676414,0.296156391407315
1.82938396769101,3.15541112406139
0.0517652043324663,0.0406804056838155
0.80425244756043,0.92404839862138
1.39747030652108,0.87985220644623
1.67549705448704,1.78217510870638
2.30209517284277,1.19861692562699
1.79163822337034,1.57721287376227
1.26126671675593,0.816768677905202
1.64930776498261,1.1228729262948
0.632492965537018,1.01016741448971
2.31015078684588,0.742010936141014
3.06850559247618,3.15473946539645
0.805849807336926,0.483242590911686
0.887625271454453,0.433021635377285
2.17427138789537,4.73727685870093
0.829434011131525,0.147514315129639
0.304899468571134,1.2706676190719
2.86319761484583,3.99352214096074
0.0287444401687449,0.0289535533719333
1.05940523712891,2.89732551185374
0.843232141807675,1.1590271750465
0.909641738981009,2.08888609326425
5.04203999389834,4.42644545852628
0.37051759287715,1.29387206584215
1.04765366017818,2.57788400716128
3.9871631747294,7.50517715099168
0.497968094423413,0.331887397146704
0.186695116572082,0.745364170521498
3.25393691269641,2.09822455598953
5.22961302448936,3.22890279425268
0.204014903694728,0.00997854790985996
0.22549653662279,1.22621812112629
1.64133349238875,3.16391301883345
0.769748594611883,0.158245128249785
11.1419923000767,2.04563343898302
7.58698584903439,3.26389427093749
2.86741413274499,1.28600162733346
0.592271970578862,0.282939052209258
6.69643223252068,8.98656413653746
0.291365565629481,0.547304038889706
2.81235116330867,1.38846149287167
3.48620847223287,2.90244356071334
3.54582719533633,4.69988820304103
0.138400092720985,0.498666607814373
4.49481242985514,1.97451061290464
1.55514504120642,1.31291649211198
0.027041496107662,0.327287864871323
0.0270553324371576,0.206943065009814
1.56085127978727,1.83212304250253
1.09310356900096,1.85705166487935
1.91912264587592,4.02998641861563
5.64828799631367,8.87192509272947
2.0354128050709,0.882997453567782
0.737631533416553,1.19306136202067
1.43009647378727,0.525981407612562
4.08151451481466,7.80367578151536
0.27404656726867,1.04612718571661
2.03409870333018,2.97986004112248
0.515977752394974,1.22986148763448
3.65125180764084,5.33097374786563
5.59534475173721,2.69735456622186
0.272273785434663,0.141518562100828
5.18701499709211,3.17303919402843
1.01287358161062,0.562713133171201
0.939716971479356,1.95612875177505
2.18227585904893,4.17273946453757
6.08233395185242,2.41607849664035
Rho_s: 0.80407032007032
Rho_p: 0.726319656885374
IC Time: 0
