Rho:0.5
N:500
14.7473159042386,9.71616254101591
11.9395245915041,15.0260280232893
5.70625996201414,7.33714376837277
10.7898748114038,8.29361147946677
10.6974077138114,6.60827174136094
9.48540350638354,5.94907830740384
15.1192368478215,9.59561215685288
13.4029351534338,9.12963883750182
8.70342232005025,5.69448755907318
11.3504777329408,11.1397598670153
12.7197056342386,13.0573220628573
13.4372702343548,15.8990147303402
8.01575028359583,10.6856106720326
15.5310880363931,9.13911966033721
8.5803668575787,6.56553900400861
6.52844836654807,3.96277282597394
4.22713092164858,10.3257457821459
12.8996055829143,13.0804466700689
14.8257922267728,13.3174631175488
9.22099665604342,9.35998816135454
8.38388941751325,10.6751501312412
5.51545927589074,11.3710227477741
11.8502422309411,9.10527142476922
10.504490701592,14.0411263615888
6.26755510156211,6.2831207740797
16.5811237841229,10.3387083327396
6.22523370270518,11.3951031325336
13.0504633065075,8.89351237703967
14.6623223606423,8.48367884761008
14.7771608241374,13.037700485174
5.83644559460007,7.61153694773581
12.5225400800838,7.82431456368359
9.30496655841105,8.64250468215235
9.32671316868099,13.1323981276261
12.0994217872006,14.1601496999575
9.45624222147589,9.55148401533524
15.0153861222092,15.940084753938
8.67560660099998,6.90108069751069
15.226089109063,14.8694631724563
10.7010544030356,9.75066099703896
9.33132271227081,11.217071780494
7.06079672737792,7.04724318411779
7.85721469730543,6.35460631900041
10.6655911761788,10.6162163700679
5.14021149992525,7.9472430908872
11.4677948358924,11.1506847878085
11.7768937747413,9.94554506518721
10.7271885131737,8.65278891103901
14.962489270807,13.0984631247422
11.8704743482604,10.7715261197072
15.8762192187925,13.0463260073843
14.119134950989,13.7861512092724
3.58648061682193,7.11030650057557
8.19964155760353,11.4553871109345
6.20749663319967,11.7741855995516
9.01282138296311,9.5761846327589
10.9363115330004,14.0274589407029
9.90347839547029,6.32754779541831
10.9394148617423,7.72871122663734
7.22825736095704,10.0823743345882
7.21641485248251,8.93262974508716
10.2630058657956,14.4168554457428
11.9762329817256,15.2446317261378
10.6664213098399,12.224912269892
10.5875980444325,13.0359709110198
12.9917725933616,10.2030069551175
13.5353221180754,13.0500987374512
10.4079256403758,10.8470592145893
9.3868973783258,10.1259286268049
9.61526360059712,12.6872117893672
9.77770263214492,8.06603147193379
12.3591277363939,8.87000618224961
8.29889298033604,5.45571776584126
4.83933421008433,10.8168993331326
10.5859859586188,8.92748963940606
12.9702044550442,14.9101208774576
8.52921432695006,5.49243559522849
13.4570579322551,11.1068145754864
16.1027228618666,14.4277968646326
9.87448059560639,10.1869174861512
6.2918587182388,3.78346620965354
8.4809039290932,7.06150628170815
12.7356300104486,12.1983384528244
12.979194638563,10.2411854323234
11.0048566495663,9.54242763887686
6.72436461794157,4.07998041941918
9.83306048794018,9.90321291570519
6.91451352556378,10.0543555082479
13.3481916789757,8.47411493516763
9.78299647947384,10.5475129779041
9.03569452276218,8.79169364051545
10.3524266711774,13.7333321395817
14.27183545488,10.2263662130338
10.0882453964876,6.1972414486126
12.9098643460849,8.15659010248277
13.0118480344503,15.0593516042028
10.3513809102084,9.72917202576156
6.32501528592458,8.15331329293372
11.5230442116534,11.7808918460872
11.6769926347759,7.96327695733641
10.9785191804252,10.5495547338345
12.2977451825604,11.2931404456574
12.298273425733,13.4023965261035
7.1389938692605,9.38798546394305
9.90649455933202,7.32880735863595
9.78819687507497,12.7764924845719
6.95597925183642,3.63355703437271
9.344883122193,13.1734839457199
14.7198285593927,15.2632030753425
12.9804518731201,14.4992769281248
9.58127728788508,11.8629493445647
15.0250411390359,9.57575073251732
10.1167785979083,12.9111776345273
13.3276791310566,12.7755089704962
9.78099242664944,9.65211421411125
8.62787779350383,10.5955541765812
10.5920625188978,12.8100768148422
12.0674499321063,12.1391492772464
15.6925108716874,11.4824057383269
9.29225516161739,6.54341832848687
5.32860909388851,9.23491895460436
11.0102160813275,14.4593897887207
6.23053570380719,8.14483347492503
9.87949616229572,10.1901743059756
5.15985182149904,6.23663463823497
11.3979299473379,14.5556787191253
10.4430583416664,8.66860134930649
9.27702004260384,8.88051318422173
10.9106309624188,12.5777141318467
10.5470099664471,13.7195853786084
12.0852293979045,10.9521764622401
10.5147165444838,10.2694778214876
9.13400551716236,13.0726134613014
9.34772864820093,12.5454233058282
10.3154415010775,8.76729924292221
5.56340394878422,10.9156811780267
9.92529842276037,8.82887570117562
12.3488144885271,13.1260784351329
10.0687814647589,7.23178184008957
9.79411735729368,10.4122645343906
7.66625290718487,11.6429005312022
15.5176686698012,10.851116309211
9.86274388378595,10.3171102613679
11.9555295783479,12.3644721715345
12.8889254231764,11.1351103327493
7.53739678944926,7.78498471901669
14.2584547436793,13.2696635780745
12.7078349799056,11.6644597874716
5.87588913215355,9.70929637795089
7.35143930552914,10.2860238741236
9.3030866922691,11.9902770656972
9.27860843588023,8.93739198578661
9.88774640199873,12.8440667871935
8.80686752175778,8.55607788953664
15.7797682804414,12.096090488779
10.8754175539994,11.8723317697236
7.75052826054901,5.59409682582438
9.83665691902187,9.24912886180905
13.5246420151396,15.5266921003455
14.7550678267318,11.7970980956257
10.0253292968005,12.2164750574312
6.4134056556592,9.60393450481867
11.5142996919115,12.9129750542162
11.908084916578,8.32737805757533
7.92486649759129,5.72022765133958
6.59336271849278,5.63347163764836
10.384153122937,8.39460368479161
17.8524656523276,14.7209575393135
5.73158353120516,9.95631314270522
4.96630932777368,4.20479700736298
11.483850191504,9.25280888937542
4.98202316696559,10.3270843113428
13.0150498728566,10.5099191429622
14.8483117130404,16.8168806874676
6.86919965718026,8.94963878130195
6.84483734004736,9.70296639193699
11.7124979570997,10.9550333286071
10.8772623717467,6.70290296127714
10.8069458749314,7.44532465540296
11.3858899758447,9.6076909011309
9.08399764936904,7.11924128536244
11.2362517184667,11.4148591577151
11.6865058009048,14.9754672276486
10.6410550816916,10.7511939319825
12.583649612723,15.7269312194523
12.0938019486146,15.4907221888765
12.2397863508799,13.0142512094481
9.18228210103479,9.43218835207724
10.1963654135284,8.01302746424872
13.3309008932882,14.2208921370334
13.7214238742569,14.1735215967667
6.86444164526106,11.6126969771929
6.84060196167901,10.8116077514173
7.80137820305995,8.56943776097364
11.6460152397913,13.1764024657362
15.5798535692851,17.6242892808677
6.2238155397057,7.35328877111508
9.79012119946959,6.60811089451649
8.75532420915206,11.873225768213
12.6143734002424,14.1173789333573
9.0021780675982,8.05178704779219
4.95008659216805,6.14289582555091
6.10227015831891,8.80969260011164
14.0064238594629,13.1264024670258
12.6613760324894,8.44923982010649
11.5517046052575,8.59773158054877
8.82306226657174,9.99741692565192
18.5417821611533,15.1851315224315
7.45020718692419,7.31981654553456
13.9023833816337,8.25546134729927
9.5424868152349,8.18466008015574
11.1614957966612,8.3068050731116
8.7317675039602,11.0729089875818
11.3851787719106,9.26301933638705
7.90597323342186,7.93012106755136
9.01179495134942,10.7624592105826
7.8678823959724,8.23142173266011
9.70582019897981,7.32961520419157
13.2711949834967,13.6565242850792
7.87281760684539,9.25373201500463
9.70720991199827,9.33028852072514
9.65425497938849,7.1238314764613
6.43623223481859,4.51362148967558
6.20140635071631,11.85338559221
10.1326726521332,11.9944756414803
13.0797579637541,11.3617440387873
8.01375878648276,5.56162713136656
9.93678370195384,10.4683852180167
11.2866709340327,12.9129457485113
3.53606448189635,10.989601022656
6.73446975287316,7.78516678688943
4.15866512008522,7.37936353569059
12.8122163218504,7.97587700732983
6.30603306369613,9.84600344126667
7.09400274316219,7.55370077518375
10.122347481915,11.2979388555945
4.92166808605127,11.6873608097626
13.6618737536043,11.2218378184309
10.7806609057323,9.60261646489748
10.2836408448067,6.69129562896851
8.76991468124311,5.54768371383101
11.0190572383906,8.79531794840488
7.0292991872131,3.93502187917459
9.26175887546207,10.6079307783424
6.3751957815712,9.14754846211904
5.06706794975505,8.41028053408678
8.30674434370732,12.8187412940231
8.48013619919156,10.3034719315279
16.6031371453343,16.0333171449751
12.3063384484102,12.9219271346895
6.95316073188965,8.15071272239274
8.87366981442436,6.58727247443352
11.0380680054661,8.17642180531091
6.20146423137433,2.74763662115679
7.22038673452665,6.32568502930297
13.1368624417819,13.4675505534522
10.1375057058689,11.5544723547286
9.17830574938632,11.184500604347
9.05442682614563,12.4671849293369
5.52912143992437,7.71181168732411
11.2574330817626,9.26228203049901
7.31348345773607,10.035770833035
11.9430637976398,10.0914653095523
13.1517816677828,11.2424061761165
9.14733836435587,6.04070888151102
13.524512473823,8.55678106668442
7.2735310318956,6.83288379889351
7.53661098845624,11.8216034833515
7.18325745544599,9.61604321908624
9.81778480450639,10.8796721788686
10.0257130234754,9.70583563777865
7.05685944503812,9.96442149208916
15.979243872119,16.9667990654689
9.50767314981157,10.6270887517497
9.30455271268165,13.2122234469432
10.4511661058206,10.4188419511516
8.88972182817361,9.02999296501517
9.45473439821611,10.1320092645915
10.7109445054355,11.5296012820775
4.270210512886,10.4308055671383
8.68376476922632,8.02616840416752
9.71304624544079,7.0764480853374
5.14673164276922,10.3240384088593
11.2124308191484,11.5922956072099
15.0334124412954,14.1803501669829
12.6451439761454,10.5002029059207
11.1486010920193,12.4692484825989
2.2607319348148,9.72440640209749
9.79847075971141,6.10890710485797
8.8200430204273,11.9004106247004
8.4891999839548,9.47540647960972
7.62334272904838,11.2683205425204
2.65433156605664,6.94992780503037
13.8151310573201,11.3090998872587
11.538187557356,12.751206225019
9.64809641352954,8.64365484777563
7.1868977035621,8.34120795697094
10.6395190402548,6.8543213998719
8.27602394324589,10.018552950778
9.59370025285528,13.6367061423995
9.94515832753105,6.27675261372725
12.0089865129942,9.96311354252904
9.32766889935702,7.77163965648779
9.0925902794479,7.11133678842458
6.12613991959247,11.1009571468256
12.198540644475,14.1570014397055
9.8789587544934,12.4508015369895
6.98162509272961,8.96718602607978
10.2212982172165,10.4537079330356
11.2575926456989,10.2357927142232
5.70085183382578,7.20189356152571
11.3402791916431,8.72515595937987
2.30565189301437,7.46937753110703
15.0421315364354,9.94123080370344
12.1502944489273,9.86714835634943
10.3957070968436,11.5777514637665
10.6428247964775,7.10264450501177
10.345378935341,6.6868374762045
5.58676142554576,6.7973407707083
7.21083106931813,10.7406055680366
6.33202343284739,7.02076171026342
6.79144023935209,8.81825062657509
7.48332382028416,6.25012423664259
8.66796006741327,12.6695356730686
9.03215692263468,6.62380948044344
12.226901760379,10.2632063400486
10.4888030248447,10.7355314769028
15.202727958024,11.951196063599
13.2767669229745,10.7641052157494
10.1291056989539,11.857491582005
9.89634862455114,13.6336668491419
11.1873354023096,11.7484401417684
7.16541416950635,5.72407017838945
10.9599741005862,11.1677776214121
11.9825201659434,14.5704533642835
14.4508788549208,9.01197072071603
7.15341950302799,6.46412564542123
13.7323830082435,14.4690720853998
8.80344993737928,11.1226091920695
9.62618653273586,6.76397863287711
10.5698836889795,7.90934182969066
11.3485887999913,10.5354627588448
7.66010605914649,11.52479620385
13.3811504436205,15.7826617235128
11.0943666537228,9.0683402982727
9.41319200146073,11.0755896493392
7.12755352178308,11.0981847466216
11.0602942739077,11.3752974041298
6.72851521964482,10.4540149094136
9.24421055200091,10.7579975370627
12.7138895948093,15.7137621758677
14.4936659385155,15.5593526475001
2.86534425174724,7.99595632356909
14.0457742717039,10.9570596862712
12.1441083715107,13.2194692926852
12.223568715629,15.3013591232736
10.2752566285177,8.97637183758771
12.3363563126797,14.8984538693377
6.5236918965206,11.8022961596815
9.74139125335904,9.06432167602055
8.99938456769283,12.7964684123412
10.8290541980615,12.800316610195
8.67778326499057,10.009202973967
12.211519016009,8.58815757582415
6.58326809824992,4.44955880417646
10.0820815491125,10.1681253655702
11.4914571787247,15.4016375927383
8.77866856080809,7.00135252341046
7.25065886322902,10.0244432854709
10.6622407724569,6.64852690353277
6.75798407182812,5.82637133122395
9.29457778491727,12.0015558996794
8.88930793602358,6.62465834080746
8.64847469331958,10.2103619946963
13.3301781254661,10.0324873213058
8.79594752844763,12.5393642595072
11.0933665073464,11.5397464022161
7.74104093263927,6.84398309353222
11.4469368303301,12.5035779477466
9.74409760972338,7.73304926703557
11.1275844181487,8.56530229197936
10.8771713489063,8.30435885503816
5.86622099558184,5.24063606861638
10.3306603743,10.9529000425173
13.0300259100315,9.07746576821034
0.794696506316262,8.44890277540085
9.33473263522061,12.7877635187919
12.9978704188437,9.62764018090073
10.0360735084671,6.86925924747685
7.56086976107838,7.09248600011171
11.9755774750744,9.19654050590528
13.3090055864402,9.74128592196876
6.92634150031611,9.26662643205639
8.43775605714391,11.3777627305859
6.34175592896951,6.22315635794581
8.17042844437479,9.22079246624611
8.00206450920613,10.9854702205147
12.1309228864446,9.68212541893122
9.70447526398048,10.8042483313198
3.83372372277083,10.2865458195496
10.864476371715,9.66420840408684
12.1999920491745,15.6054957072598
8.83078342834782,9.05995207467087
8.98265745898149,7.93404041160008
7.10528651462641,12.419283675251
9.40684537810727,7.88896586668393
9.76556888102837,10.0706606478812
8.26969815133496,6.02538709427136
6.71414736473333,8.55740955640079
7.61045656879204,7.46535568432304
12.5513759490349,11.9604705018134
11.5041736908509,12.082976869403
4.65465474525546,3.4298171191013
9.13986384855946,9.85495390012286
11.3082477937724,9.58648250839001
6.06481236235363,8.44766475741326
6.81069796731103,6.75509300513739
10.2265656499845,9.21964434182493
7.48611066802978,8.41205836987277
13.1837337080918,11.6409511786708
8.46835211455372,5.93363050973728
7.96104126238839,11.0418996656854
9.70568401021776,11.2295557482822
8.77222345869055,8.51343397269994
11.9198705409422,13.6057898845947
12.7133077104092,15.2432716931966
10.4281314088811,13.127559409546
9.75148259306314,11.9434544157706
10.2822696946557,7.60838851192162
7.42660062947922,5.54291380384708
13.1179288919898,14.0405295434733
9.21131405113939,9.62159492755979
9.55946285196397,12.4398752364427
13.4157099647925,12.5693906256898
9.20485159503894,8.77041188719447
9.48139666335222,10.3684730672257
12.3507392688498,15.1392624845833
5.05023711406591,9.36692963988519
13.2922030887382,14.9661987242944
6.92738525435655,6.84754991299304
9.17001225564746,9.05947362497639
8.62972298393441,10.0965465989561
6.05569108012916,4.69708061820151
8.40425377795069,7.14618175821216
10.799687244948,13.7949696673074
8.41852656087959,7.29846660464738
12.4245024415927,14.587112020784
13.9623178722496,15.6346668600253
14.7429593168297,8.6387972661832
10.6637990913752,9.37918261878762
6.12329287688575,4.33010394090093
11.3764544375053,14.4306681873003
8.1171508803052,5.02760932384485
13.8508005245269,13.8817360303734
10.9954607799191,9.12641364583128
8.03652111296361,11.576472139795
12.0700344864933,12.4283828235615
10.448406975898,7.85308976119044
7.67414971457755,7.92403949311281
11.4077075692599,11.6822939162909
8.8483937584718,5.59375181222106
7.48576314786929,10.7230600810234
9.45326699268462,8.07136935488096
9.27798309049648,11.4779713461123
6.95307542571445,5.493703953
4.4396221581655,5.41547387518782
8.39881253303924,11.8960724690819
11.0690633002143,9.7068148468077
7.28481066957176,4.75887276149471
9.35771421729635,9.33399998999887
9.25350662178814,9.59280602720409
10.6756292072909,8.05204795047354
7.67080110904424,11.0995857679845
9.1025643792666,11.3673551719542
10.1460673285983,11.9153155913879
14.7269303856989,16.7133300772612
18.2757055147909,15.878763783408
8.18094659109928,6.81786899150129
8.82279438728912,9.94076605819069
11.7297058349466,7.26604100302947
12.6887568650566,8.23308893339062
10.3773776592416,10.962726445484
11.7095917350436,9.68683275320508
10.5902371052636,10.6110213996542
7.16425886102907,6.10406505748579
10.7999978434436,8.21979109295292
11.5015126392087,11.3929600629577
10.7961392416385,7.80722824867798
7.73220384255705,12.6952057851401
6.89275370651361,6.14489873414012
14.1449095111622,10.6625214709977
10.5343598434405,12.5945764834895
10.5087076050148,11.5342190210224
7.92293777499872,11.8121199130209
7.60061339001225,5.47349977554868
7.98635271648516,7.62452144815491
9.54473576693408,7.83715133281595
12.6965863468603,12.8671284398323
11.4649319662455,10.1205446229531
7.3106980793539,7.31358925553238
Rho_s: 0.514985707942832
Rho_p: 0.537461716437554
IC Time: 0
