Rho:0.8
N:1000
5.04833149520283,7.63003108720104
11.808431656185,12.2329239478156
8.57834833837344,11.5184430782487
4.60716090604895,5.89001619852757
5.73663699825582,6.09091574580332
10.4766625016545,12.9184254968575
10.3892986136831,9.12475562124014
6.2314936638171,6.08115704328354
10.4430012327706,13.5031457097262
12.9375215980733,11.1209901092832
8.2364118471378,9.48496822271261
10.7291856946102,8.18119460681889
8.66954829639539,10.5359020484534
6.96603382662401,8.44713630228086
10.9164414730664,9.23677902470097
10.045064630891,8.82738826193874
8.48164475016298,9.87464701324645
5.78261110828195,5.53096792496089
6.14419062725864,3.5017918453229
9.71121558714011,13.0512811078685
11.5112709160983,9.66422751100451
10.7090646942391,11.237912965804
10.7548106335428,11.0875843548275
11.1092776579652,9.88068719272346
8.49422864088967,11.159125585244
7.47899273006213,10.3351368317636
9.72293074313303,9.94318568467135
7.97174194669537,8.81138773558666
15.9760404124132,12.3105185111957
13.2372114641277,10.8397128561201
12.8383907912613,14.6687982160596
9.40139923526164,8.97054068323118
10.5830516678235,10.1188771575069
6.47060790841698,9.94141223339636
11.8083781160593,12.5371732973946
13.7446546938751,14.5568644913835
6.13121400081631,4.82232427516204
4.62582198696698,2.41631923028448
9.7387163007499,9.16218599721254
11.9886748415033,12.4572654948888
7.60033783597906,5.52536216819907
2.75667433571591,6.83093918955147
12.7953044130833,12.7794156359873
14.897958010751,18.099356898685
8.23058134160032,7.71473893666023
13.2262445365799,15.8172392532639
12.7781805282892,12.6729307490346
10.5437280540399,8.96948126138121
6.377486451844,8.78811471271738
4.90352451451158,2.93201853826135
15.3855331184185,12.6910642167475
11.8885141428597,13.9279062250523
13.9490821582941,14.2043702915535
8.92929156706075,7.23991089130184
9.43767935734566,11.4142086166674
6.63153588735078,9.81640977093119
6.26585242446289,5.79039139453667
8.46497924786356,9.64775769271767
11.0254566818319,14.2062173746248
8.56821852859295,10.9379784341019
9.79469882657516,8.82273128744133
6.54309756464684,9.18553414561094
7.31542257239506,6.87575840293292
9.14078568191183,9.24552570792203
11.214820976882,10.5075630344086
8.08481867033297,7.93044807738747
9.88085386997236,9.59093857638192
10.3662483560789,13.635547412853
15.4245962105435,15.032533085024
11.7517142102974,11.5102528643341
6.3839605789718,6.60217650016784
17.8241567119915,13.9784544958796
8.48919946980011,9.80905618136502
6.85784872528977,9.27290961769035
11.6040424404443,10.9187896870413
11.0181038807732,8.83334279460927
10.2319320773872,8.65023020772611
3.81948466813621,7.23033763685229
11.0622645135836,13.2574255914351
9.63657095010128,11.561275414096
7.54572500615229,9.27595711497237
16.102320843391,15.0301068884499
12.0881748866195,9.47888006492242
14.8406675197166,14.210262781099
13.2402443935577,16.3568079641981
8.41316366038186,6.38709074070637
13.5079408193938,13.3002219370962
6.62617363292649,9.98826430612828
8.77296251604244,6.35205717455885
6.93471424872056,8.25155586280121
11.9689417695563,9.81511363952603
8.95658455524913,12.2871971418378
5.45284889579897,6.73509883829104
11.184368273237,14.057025803375
7.0122501345523,7.66629699392788
4.99374844994441,4.61815320395037
9.95798836524862,12.1778484417371
8.25637300439419,11.3046504651725
12.8301169384709,14.6422623242778
5.51689581755743,5.58464608900056
12.152251550567,13.7004947532642
9.16941032041727,8.89500182704741
9.34694247254239,9.23755809331473
12.9162462895973,15.1742766051404
6.53920048359363,4.09573369202797
14.0763760024393,17.6976513957327
15.9614233711463,16.3645131271351
8.60814580516695,9.19693749842854
7.3805895328065,6.93872498749876
9.58775516925141,12.3325295587806
11.4076968021526,12.6949955339806
7.01148166449804,5.47955976162277
9.10949926562073,7.45104132986727
15.2251952943548,12.0298931791127
6.37874543676475,5.91985399915661
8.94572205482325,7.26567823334642
6.68496037030284,9.8097717030322
13.3202192052896,13.9709093880179
15.5995266494498,12.5215949767519
9.47435472667117,7.83007730681297
11.4657139537877,10.2829380283018
3.92684907146064,3.47262423863384
10.8167151253464,13.446016770269
14.0749922289939,15.512165466288
9.93330691573888,10.5044710015521
10.7201943454985,8.64745586502268
14.606664656003,11.6005892058713
9.92576566463749,11.6978322555931
9.00905675468365,10.4438745710197
9.44565392765234,9.69718333936215
11.633438535043,12.3274621943818
14.2285080072214,12.4044512981834
14.3863529623365,17.3773609568377
9.4519684399569,8.75848017757063
12.0362042451788,14.7367949252268
6.88244904567255,9.4700428605644
7.98073628747043,6.66318002776869
7.28756269914394,5.51044082043138
14.3630597137428,13.1055316284631
6.6928055956177,9.20256583397734
10.2242892952361,13.7833563706634
12.3000920827339,10.0938399260689
7.99652481852271,6.3940714054766
9.6820936570154,9.82522713349298
7.47639636991219,9.59985245730376
12.1880654108965,12.0984717948062
13.7042388170234,10.7213338505888
2.93079190676006,1.60876058789717
15.0299262231103,11.1188772140383
12.2823319086324,10.9175248370163
8.61030575520619,11.5430586579971
12.2646075049222,12.4605675083138
14.3839921764636,13.0710493493786
9.5734841454451,8.79283390358275
13.5191568706473,10.693942224317
10.0841772548356,8.57355905585651
1.17580557485212,8.30837022673086
6.18200609881929,5.04936589218758
8.68822627041741,10.4772551418346
13.8527576351288,13.3383274965804
5.09068803013946,7.45322881205512
12.6372553034843,13.9059422563445
10.2993261480625,13.2963955470883
9.74929148030781,8.63696430884335
8.71258658926343,9.92614231485086
6.43603420047972,8.91263358662566
9.81456932514285,13.0664585206716
12.8734981969221,10.4512399532738
9.46231553477985,8.96755798882586
7.62098253917936,9.67479003721613
6.95210545758454,9.98376598997597
2.8240903792409,2.37643081180043
8.52464532372531,10.2967355054818
5.96265302068192,9.59843840022218
14.4056163070096,12.0391419925511
8.14549858950788,10.0119524541856
9.90479709995788,10.4583370131103
8.66849959936581,9.73447875853712
8.26044992852596,9.91004521886554
9.2457924627078,12.3292685872411
9.97155746921954,12.3319260300629
9.66938270273182,7.86523485913056
9.37112673408983,11.408588112296
9.64399850417362,8.28801700391716
8.2649028868161,9.75482035708166
8.5809061088393,6.76956369352965
13.592693379337,15.6512026664397
4.84217358056391,8.10602347094571
3.22921218023152,3.19351022417013
10.0799225371735,11.423390306316
8.04406235377337,7.90215598124959
7.18445629656238,5.23668191487376
9.69193802781832,12.6592332612031
6.09253915751674,4.95295629554344
15.8057602192603,16.7892787504828
3.46149435725376,4.56009781492278
12.7383492664835,13.8658120397216
6.26387756355395,7.10656042445349
11.8862736751875,11.8872247601991
9.55683389934559,9.27698156686116
3.65922864178887,6.53708649327293
7.79633804104574,6.81239746264469
11.8915477154995,10.7223071235054
9.81932683602418,11.788932027311
9.61608371890435,11.8145961587669
11.3237164657085,11.3810920377117
7.12910244606014,10.6152021554258
5.28500244910658,4.38947245032661
10.719783359284,11.5503246781672
13.1772810294809,12.1371207314123
8.90011413413209,9.58750438701442
12.9599849211756,11.6271106512807
5.91316557231649,3.20373034526756
6.42808257038602,3.96170191474127
9.71520192109136,11.3134822753265
8.82564183493537,10.8914120721015
7.03044282559224,4.76517642330467
15.7062292193931,16.6564900956921
12.1727995840628,11.9651483314202
13.3271654975363,10.4628781302452
10.3657602235639,12.3382457218755
11.4056895484272,12.8197522510471
11.5275474264731,11.0149665516713
13.8276119595056,15.0600292269439
9.07232468974728,10.7757041104846
9.6259331714339,8.46530806697278
15.254474224152,11.2359198766594
12.7524575422239,13.1471832322026
12.4078972230523,14.1305455772736
10.1782507902943,8.06673160702214
6.16131375373381,6.64492683723384
12.6630333553945,10.4572497686977
10.2826119166279,9.0010797988155
9.03007986236152,9.6812225784286
7.38680934732178,8.54412680505857
8.02954572087883,8.23463481450297
9.16927056726669,8.58228507547242
9.92151938412154,11.0789246620094
10.6778088254706,13.0917094048737
5.41654611372534,5.09609907633292
10.3554658718789,8.2404249052477
9.89116774075163,11.6107450890086
6.40867516689111,8.14053825482075
8.58866401784347,11.5934123518088
8.19694844524851,10.4928625606504
9.14825433555305,11.8921715263898
6.54883294216821,6.49059807237604
8.30175139577132,11.5352162571304
11.1874059741667,8.58727888794682
7.73433993120941,8.2124434051374
10.1356820781834,9.39505586659759
11.7438805744749,12.7326135858975
11.1569516795065,12.8522244213499
10.5213839983829,10.7372565138516
4.45091073608482,8.42929634294271
5.94644105573661,8.7575127993906
6.72912637870567,6.97013186350041
5.37556757794259,7.12341036119921
11.6569748476044,9.28546593687218
8.83871825810224,6.73116639677471
10.7894184443568,12.3042385639775
13.4501776074561,17.4587315579869
5.17964345740333,7.26569336744287
8.9735683693938,12.2849037181216
6.64040858642843,6.92406661875349
10.5190189795828,8.58751101793078
10.2831037072165,11.4700971021836
7.55638448135493,11.052108990367
3.24003820711768,6.08035971078172
8.49243328881998,7.47287646531315
8.81591222432654,11.0294448180362
12.8777045796315,10.1717448632297
15.4565353896778,13.9199782589915
13.8332058936809,13.032637253984
4.51140550915542,7.35848160591283
8.89875965256315,10.3163013419325
12.0111900483793,14.1926367806595
10.3617697299978,7.82182651766518
9.5745957794681,9.79819303106409
15.1422445996773,16.9409899502486
11.1448883699269,11.753703195217
10.4268318023945,7.93787160108105
18.2089679356096,14.8663188755577
5.60958579417413,3.84387060087141
10.9805525984074,10.8100245853724
9.98537350344723,11.2516507020447
7.81487959778794,8.03596422523429
10.4310931965884,9.72290994946102
7.40018225153061,8.47278296956922
10.4208712413615,10.5508428331034
11.1789471098641,11.3256950242106
13.914230458256,13.759167137665
9.71631831668328,13.1849136031517
14.1132406757068,10.8144153526547
9.3324648711844,7.69557405378278
13.3843102280906,14.5194317029899
8.38901792923184,9.37748019531169
11.7535459195764,13.9789305111347
9.35357075282954,9.95966593521798
10.9824446067658,9.71288740824885
10.7186302367149,10.5317089956493
13.4087217601818,11.8147217169276
12.5914048806039,10.2529983053245
10.485532370832,13.2192981570875
9.33527245263226,9.182594537233
12.3517379024657,11.1737849138222
12.009834591374,11.0094045007822
9.77733492473878,7.88734385857476
8.96952801063232,8.35549717722449
10.9123831473024,9.66776613580819
5.38079048356201,7.26636380035408
10.6380740973362,10.4285925028264
10.4225291927758,10.4186385801685
2.60078469083181,3.75456281497551
16.2439198519576,16.206438280257
6.62611060453574,7.36963143330767
8.3152845341357,9.55709414490543
11.2411372947011,12.1540143047808
13.3796216597965,17.2943112621842
9.67675754007583,13.1032755495542
7.98581797363878,9.38196338992192
13.9679914201951,10.886281692578
6.44686238899331,7.8474626109306
3.17964618707086,2.72337743810907
8.53103968216243,6.42124799418705
11.5006424906363,12.8131012395169
14.3938193117899,11.9728484651759
7.59600788944096,7.52520053710593
4.97820823075327,9.37823828629792
14.3082143649809,12.4804145886504
6.96858428188105,5.57471906328006
9.40090759616166,8.11315229143798
10.1604124742637,12.9826649817542
11.1077204677298,14.2150533169239
6.4646738792189,6.72878387199184
8.42584546492972,7.562924048895
5.09801543878407,4.88802382452975
8.34582770205568,7.40143715173313
9.47191919871739,10.2219803410466
11.0493476558464,8.7127575148556
7.7737398008903,7.81442015371089
14.1568655872208,10.5879881560174
4.63727029961,4.27326668756859
11.9578533553935,10.4719020442456
12.9861559488393,16.6667498784215
12.1045511162336,15.0766718887395
14.4775128793639,15.727851487797
11.7260000449435,13.3623133705868
6.68192762376211,7.89233391383912
10.9528271177306,14.1207931427367
13.9579399900621,14.1185047362697
8.7207791081496,9.10722262572972
14.6066789804261,11.4640485564794
10.816716652061,9.09037593119681
10.5358399290671,12.2233714285199
14.3511602728056,11.299659136205
6.4453110286618,6.20690964306153
10.7172596213242,10.1424942743038
12.7783834377709,15.6982363193985
10.3406927601579,8.56011796170851
6.12723362595571,7.30812755913207
10.5169978996892,12.7958565801768
9.96193997313611,13.2542294400501
8.92212962346884,8.29398079770505
9.43688012437721,8.09619110053821
13.9276822064953,17.5844748587636
10.0980577157022,12.0732593154061
10.7159144823933,13.5884618067669
14.3696256437693,12.5367636538382
12.7636161036582,12.271237912407
14.4282362667475,16.8747800676721
12.0354127938542,12.8549191647055
6.58738627521034,6.78818487212569
6.51738248787347,4.60898832623121
8.28813737602592,5.85004257858123
11.3054127465593,10.6983392368321
11.374363861486,12.5421260779412
9.21756351863517,7.50467148204319
8.74136606141324,11.0229331042263
9.17865898924713,12.2011917197033
10.0391602542521,9.48611146363577
9.24412753426974,9.66722366990488
13.0903852213011,11.7451948915732
4.36149630485448,3.83448451573513
7.08971338979214,7.24379761253818
8.1224676429422,9.00493221799938
15.412355170427,12.5039829959285
11.7285802463157,14.135056193006
11.1873994686151,12.1308895338169
7.8855349322403,6.48532744119856
9.05156554096611,6.96563677575326
5.57260625435594,5.49523611129386
10.5350811221337,12.9326121108216
12.0673455812987,12.3704793981018
10.3850995807011,9.1107211046776
10.936505608403,9.49927894139974
6.83563349828749,8.14848736102937
13.3745810553092,13.8982835533424
10.3713375539157,9.77806488217301
12.1551823270107,13.523424365753
8.5833414097189,6.24450158463317
17.9223538919053,20.4698133712336
11.728796566472,15.0422329261413
12.5757526452014,11.157850472344
11.6485372066177,12.525630535359
11.7260516906458,11.0790233581418
4.12107867977035,9.04104211818308
12.3644273959716,12.9170691667972
7.43238027715148,5.2804820192519
7.64006344417959,8.89976589621512
12.9683312132652,13.0940688938647
13.0470690530758,13.304145896094
9.23724409221612,11.7658178467224
4.91943367367103,5.20552823545139
11.1146487037234,11.5732131250705
8.56714472695349,10.5604854015734
2.83293560908407,9.00866592775577
6.30317938804556,7.93944136657056
9.93168129733914,10.6565992310594
6.77051780539248,9.50928285530476
9.36195088264326,6.98870563256051
7.82162665604956,5.36749897270152
11.8776155454982,11.0354373459529
8.89602205154742,8.83895979819653
14.0363298818441,12.9984742566932
6.35682355220264,6.37037180036122
12.0214484214985,12.5390030271692
5.56210711858161,5.99598034990208
5.92233570015818,8.13313524305808
12.0578669846206,12.8680832876693
5.57453869687977,5.13092384313024
9.77796757667996,13.1056464799375
11.4653359454453,8.69115335368168
9.26996129692641,8.74121592054047
11.5603737295755,10.354726336234
13.6022551390096,13.931350471862
8.65207109794278,8.87979982486635
13.8279458029038,14.656035597212
12.0796464534414,10.7968761549613
10.3810355312257,11.5144585889773
5.6038342306061,6.6880943033404
9.68826587793664,8.03083629180586
9.84508026247229,11.2464273983073
6.5754321023145,9.87548940526342
17.1350727332984,13.8146723290246
12.6689268316387,12.1757373764512
7.68480057867568,7.02602935073864
4.40803496248322,4.78221305203778
9.43850470981505,9.614411723476
7.19250631309763,10.5406900225018
7.9981522395045,9.70837748920085
8.81770574916707,11.7947112054816
11.3269493001799,12.5662304341428
12.1882936094549,13.9220516801026
4.19667077052765,9.1100313711362
4.47907710571327,9.22575387500249
5.2569731572806,8.67532997419669
8.90645239965468,10.8015162186473
12.5856769034723,10.0359212395117
13.5134991597337,13.0148892058665
7.81393899129752,6.47607856592147
5.56879257213699,3.79329135226407
15.3841377894151,16.4942397499545
9.28912340677103,7.54931000171644
6.58632539343956,8.71113376008653
9.55235519357017,8.72584577198587
11.6890408134631,11.9055360672921
8.72688038019391,6.91258182114995
7.92566911797499,6.8449623200706
8.91486544410733,6.80707918874701
7.25386871224803,10.5472205661115
8.19208448474151,9.23523444666482
6.62016211091357,10.0400059823252
12.0647831224362,14.600259463904
8.08418905391833,11.3182455494278
8.64380730156104,6.53281455858678
8.59880324457734,7.02328001667153
8.49141361687969,10.4632508460774
14.9013113902421,19.3475828994858
10.8531920992805,13.4119102543304
9.25235617165641,8.97301667321216
12.8857388407431,11.6178535702512
8.82322693811088,8.31806568309534
10.7860626612203,12.6178041421228
9.45043110634642,12.1903674942874
4.96143847953156,6.37870364660047
5.53965051648381,7.8293683658332
13.1331152988758,13.5304389735696
11.4670378156702,9.36505703074478
7.34701962791467,7.56933165818237
11.8748283242894,10.7156587814375
14.6048200257925,13.0298918790264
13.2631651900423,10.9794785164965
12.8284438374541,14.4483862911605
8.71556087395736,7.9785340349743
9.30892609584191,6.99705211484687
9.72406282419132,11.9321150205195
9.65670576452374,10.2885093430557
11.2080781442859,10.8247218277007
7.30044068858545,10.3808339529361
13.187148058504,11.9202869394083
13.4764494151888,17.1338911044611
9.4332577385975,12.1033612141872
10.1076775633145,10.5278514937141
11.6371231460079,10.8456656058462
13.0140510675499,13.5350903663812
12.3480745408908,14.5543380074372
10.2941550083501,10.0012585582907
8.59186578886459,10.4356036323169
12.5110069920013,9.67307912807865
8.78460709060851,8.41534862730928
12.1556216887219,15.8741009899815
7.16028350156177,5.12464131461605
8.78796085096152,8.79017565402897
10.0092896349599,11.2492387679651
13.315097112322,14.0325366857194
8.9728062336728,7.98007092029529
12.0432503944367,14.257498436674
6.72329539648543,4.94975046760202
15.3760082950663,12.1105094335658
7.65077936108425,8.41499214814711
11.2036917658987,10.7118681768928
10.5054365075318,12.5486507127688
6.30203805369701,9.16394216083419
8.28555647900605,9.49517015174826
7.14558599770213,9.77482853793287
9.33685572075818,12.2119283529023
11.1700134664039,12.5488048318941
3.55379672229781,7.72973799118162
11.8081561737065,11.2735291924872
9.59329374156161,8.64858897250396
13.1615600060875,16.1416179247262
12.2106852037967,14.5434320687744
8.42434241869469,10.7293337169735
11.6555388790238,12.0133743629078
10.3469516732471,13.2536470244043
10.7645002400054,13.1499560765383
15.7080772932504,13.4871323917138
13.1105574645115,13.4293949906819
4.79837595605584,6.72661910824305
7.96148281613572,7.61959712669556
12.5527821832611,15.7524700807658
13.0166515439078,13.5889947880441
12.2098038395496,10.0800519510024
11.1118191359283,10.9979038196786
7.89281877838199,11.4004661528059
12.359904602978,11.7117570479931
10.0391120021266,12.6591238742848
11.6103582719368,10.2231841874042
13.7108202367544,12.5822236188403
11.9162772892043,9.3009892044061
11.5400672775386,13.6693173444421
4.46748747116823,7.3672003143842
4.18533430128546,8.67502633767052
9.47616100983883,8.47923447267843
7.60726324552166,6.48056079818137
9.60114136939165,12.6131907166466
9.87651901140079,8.97826401099002
16.6209712039096,12.5433327567916
7.69925508865886,7.65749666917257
3.87210003882159,6.45117273406009
5.33816249405933,7.57620905796394
7.12622466866554,8.09805138224447
9.6464378890412,7.4811621663477
11.434246988559,12.6649882456879
0.111808411630317,6.43431263491506
10.0345657027759,7.98659572776783
9.36347362347867,7.30957744534164
9.16261437035491,8.81691086521732
7.35690739818352,6.37732241158146
6.54773030892964,9.35833156944532
17.0537648497205,14.9454719125388
11.0023485087152,8.58059880699166
11.0126981628731,10.6822550898743
8.15382696303883,6.76785496690132
8.30630232825289,9.6510508391642
8.22245578539864,9.08915299940189
5.85726890908403,3.67531584661168
9.87796007136065,12.8147591763156
5.402774437811,4.05887470178599
6.24905813779391,8.70416256949889
11.5589439612535,8.81896682926397
12.3632853173912,12.6083279744671
5.89516765357763,2.7208032576112
9.78406977258254,8.50768776512723
10.6481313567195,10.9860158339511
11.4382382796231,9.68751000822761
7.11095336816847,9.53743750321186
8.66002444341466,6.1339634939203
7.03999374404955,5.92160697652827
7.0959113378781,9.75252366558796
6.53626442808923,8.1319270487279
10.2114438623043,12.8966101051804
11.0574958600778,8.53812720886252
11.7850686446176,10.0927578999031
6.02581901764647,9.76898557593056
7.70867019475724,8.39063665904413
9.13993081251478,10.610023492412
14.1797759037429,12.9577410241897
9.22390594682723,7.56790657600758
12.2135491415188,12.5778634332575
12.8307234576218,11.4116895793798
12.4427233078028,9.58496821928844
5.43673364556717,9.1966346804756
9.98249533163805,13.1078446676273
14.5952573346908,13.0899940502
13.1998831425021,12.8984051290645
10.4474140080756,11.3653187168588
11.2597694327269,9.93797954959452
12.3242076454119,15.6392197906701
10.9205369535798,12.5568702641182
13.5567998277497,10.9157617886597
5.47293870636857,9.18733911218862
13.4426187610343,16.9616080877657
6.69643397861507,9.91381659485748
6.82400735103881,4.45765031666721
11.6932617443001,13.7903699670118
9.0535823908826,10.6089998510619
9.19711420518072,7.70688929414949
12.8762110271732,10.8608067463087
14.0357698282943,11.6370426921175
15.5300375134249,16.6233863583505
7.74534272532513,9.60571193184261
13.4457040955045,14.6365205581659
9.4866098428896,7.89216702051319
7.88776089572379,9.48354099377064
15.5283134537902,11.817224025588
10.122269536584,9.18863720192339
6.05140454342613,4.33330280544054
11.9096504349021,10.4659588408636
12.8801142156682,12.6118687248954
13.2254772086354,12.337027482587
7.79632841527633,11.2051871368522
15.3792887889499,14.0947488850343
8.70064910288953,10.6010651319468
10.1068940022195,13.3505032536687
14.3122679003411,13.9713300048488
8.04791313541064,5.56013853596527
9.17868754568932,9.44613640194964
7.16306565881086,8.47904906036049
9.73216710166413,10.7837962327436
7.69677779224042,10.228916381019
14.797412411228,11.2088452759142
9.56138516691401,8.38732024991923
11.1141103544138,10.3446534390131
12.9195753021014,12.4439355339134
15.1022346533375,11.0022157328695
17.2233729763795,16.1764975550496
8.97847946087951,8.66550383165002
15.0113856368529,14.0112702982497
13.6641301843103,13.7057274747791
12.7060137116518,11.46252164008
10.1036822191529,10.4558527370763
11.8730881436834,9.8296309523255
4.22739259262241,4.14154736683448
15.2531909440164,13.5672149321356
13.5554570901472,10.9853022367681
8.56333259867872,9.72849858265454
11.5952919110736,10.0903802402137
3.42165814586426,7.17281119888896
13.7011291139112,12.3276483179588
2.94358775599127,7.55173091468102
7.18115550234499,9.36857251158132
5.84571244729431,7.66629868756045
6.07050729721502,6.34754744238857
3.16369575984766,6.33523578016225
11.9894885043831,9.80648156378438
12.2267511254717,13.4414523829534
10.9809585458546,10.2376660864651
3.95692664725169,7.45615743233045
8.46354917738277,7.26937119914874
10.6012416770812,10.9381491537074
7.87303309926265,7.75839427364603
14.6831109505612,15.2004817513946
4.67478629035519,3.39177228794073
8.6879198734268,9.2821898951002
7.33998383071156,7.85445960236617
8.09642229717016,7.04204002874892
11.4235261145813,10.4489653790501
9.90425977207071,9.78507137265766
13.7542330261578,14.5552470468883
14.4536993480624,14.3551188118758
12.1810891833006,9.33077755116356
7.85518346072087,7.98780702418921
5.58093214420972,8.80365767582975
13.2936027442217,11.1190532535007
8.66541165171294,11.3889535225938
7.5309615589185,8.39478685973542
9.06026533847031,10.7946201735225
10.0090918530171,13.3176299789556
4.27264626638097,8.04525806383327
14.4552326068183,19.0166818035234
12.3824945202017,12.9257691828615
15.8160597754669,11.1594530960217
7.72615547304973,10.0779000169286
5.80464153233315,6.15900630953094
8.02090038789409,8.58301658824416
7.07820995255704,9.51811750493389
9.04795980638336,8.50192829020829
8.15500146323993,9.36551978219654
17.4783181739029,18.6352365939435
11.7982587304279,13.9091063771999
5.32341251349175,4.77918456527627
5.39932114841713,7.39024709162785
10.3325534205643,10.7104010292796
9.52375384629058,12.1394063955838
5.33144854052885,9.43467024381121
14.6384761604226,11.8188069763779
10.1209363574931,10.3108611138665
6.99053158567719,7.2020466963886
7.79832615339367,9.59207972790735
6.89390334379509,5.61872702503179
10.2560657653224,11.7622129829172
4.55640853779848,8.49037423846364
12.8937555188369,12.3122155634689
9.62490961085989,12.1177408888697
10.4525777423929,10.548067131839
6.82070782668225,7.56171704350754
5.59141388907637,8.58380208960205
14.253921575342,12.5373059348365
5.71363529302561,7.59673447958155
6.96087217072991,9.02057979613939
9.28896446346523,10.5014331681466
6.85515528828448,9.99394448740111
5.16973675336127,2.35395706937224
9.39196406378345,10.4534555103807
14.4892088598581,12.3097700192563
4.71563753368363,8.42809691239126
9.37017138333927,12.5088136939799
10.9107354164152,12.7982641855317
7.64671322726679,9.08568675808223
6.44596081706071,10.3014030264834
13.4849725815401,15.2037387935377
9.03343498779333,7.17845329948135
13.1235780432186,10.1900331845807
10.8991015796932,9.32749571103974
13.892791466834,14.7785710397981
10.4623195319533,11.8278464534754
7.62093680213173,6.15635067569353
7.49498587980512,5.91035169121861
8.13045409888557,7.97689746713932
15.6198545101869,17.8106237686465
11.135722462587,14.1505692904363
12.5725921126352,14.8994292207486
9.13256966139554,7.13269056341784
15.3045022251225,18.1396510427354
13.499697073989,15.4297329333505
11.5379655509416,9.11435915493206
8.84689142083663,7.63305633528135
8.84952163189057,7.40976761533751
12.9973184140647,12.4272465600542
5.57766131512962,7.07083062192277
6.91327298633265,5.47318119541957
10.3167974013178,7.82926749229554
9.27083041799893,12.0859462966204
5.89948998471672,3.87670201442414
16.3815171740051,11.0142390032001
9.8831613974431,11.5441121813893
6.43199061957078,7.67216827532959
8.06634147238099,5.96704847270718
6.1010020646934,6.92546225677806
4.53338368517632,6.81643011419745
8.79638667323271,8.12774216672511
4.01386726219384,6.00470553987825
11.257217026506,14.6578150096044
7.9980001942465,10.3980566979661
8.17825084688454,9.19083739429073
14.3807762461707,12.3545600198006
9.46832122427979,9.46169566999716
11.4913034125425,12.0077281522015
5.59765240122481,7.41782685452593
7.18349290278479,6.06758159967529
12.3499060277693,14.0656867301633
8.99007854962105,8.72743834606077
8.09318473490129,5.92385601051109
6.38312477378738,10.2670283534309
10.8925103873332,8.35764305967718
12.0796835656155,12.5649779253807
10.867583628369,12.3162529708338
10.012534431497,8.68594041187665
6.3753474067376,8.92814090010282
11.621049862904,10.3074585208458
7.67003566857036,8.98579725436048
7.00780892968713,7.62330052165263
13.3407281044187,11.1678037822664
9.6202811553928,8.63491607606577
10.9328309203386,13.1539848454544
13.9046786825998,12.9332403235482
6.837043421227,5.37979492842601
6.19754252662168,5.31616804151392
5.45093070162396,9.15044306701258
9.93235951616815,12.349865356628
9.44617455827867,12.7041138275176
11.9061785676871,10.3145504089197
12.2806894143669,14.1182360034151
6.23144754245914,7.03807184617598
10.3377736478289,11.3291583742827
10.0804162788643,10.9707653503684
10.7362093747761,11.2230988892328
11.2818763717523,10.9230489686624
11.8166946595454,11.5610054007154
8.33522728429037,8.85801905458312
8.78544327589135,7.37913229829899
12.1798352166503,11.4831824534493
13.3151507535248,16.3418090599684
8.99004794738689,7.49014790160074
6.98906864148322,4.93977934358703
5.94676624291171,5.30554673681509
9.16467493260213,11.8142991945614
9.45068039592035,9.74431659037475
16.6912865130692,16.5983814540472
5.58609338924944,8.42110035640277
6.00482644202826,8.36155042030652
13.6936750313328,16.7454358996651
12.7144376492552,15.2658552221178
7.13057865583857,5.82065385653299
4.12719520576883,1.79457517268706
10.9212122443403,9.89629036146122
12.0784929959014,10.0235146142074
5.02110509532481,3.24755131759209
5.49271793009551,6.54461192737083
9.31895825813359,7.36158215663623
8.83617486777983,12.1756709736339
14.3016642172098,13.8364967264152
12.594870087919,10.1112533039271
6.23131146642413,6.23080459407506
11.6105458038255,12.7233783869152
9.10855751104583,11.2848099045406
8.92356806346021,6.85660328105282
13.3950572479494,15.9358178435546
4.5477823408735,5.57303196994865
7.18933239828913,10.0563412317188
9.67509588864127,9.0817592338016
8.81162105450149,8.30370360296379
13.6884399866966,12.9826972920226
6.08250635449654,4.56129932417972
1.95766240352599,6.64264422783807
7.58927326158418,9.32393481528657
8.63918161412614,10.5900561273783
6.5810846985724,4.99322502747732
8.54440734567245,10.0247564446704
9.8850654345107,13.0799865171717
8.11085575378143,10.6349365110524
10.3835384689668,12.268555169113
11.8434469154861,13.1921242040995
11.4615224122957,12.9394948089679
11.2285772627619,11.4832552369363
13.1158387117459,11.4059914263465
10.2260533536407,8.78704111737104
13.552669702203,15.4398550650152
10.563719575915,9.88414282905385
7.75774079319208,9.713555227624
13.9857003908297,13.5546335848834
8.14516131121981,9.43969232564141
12.6838405279711,12.5090827563962
10.8736659137675,9.87435806246178
7.02820601680504,5.3810313169489
11.4682650547937,8.96802904510279
6.13080523753613,7.81009850510559
6.38172926802404,4.74410221837437
9.29613776482918,11.0583831113948
17.4870189056928,15.3584747712114
14.6644756136862,12.2136157454495
10.8594076083024,14.4381274646662
6.08805470460635,5.78130624633141
9.95050185275363,10.9708081883731
13.1274556199285,11.7203515682641
14.7791517575467,12.9060677997269
7.78715080321351,9.06607789566205
6.43525103813123,4.21369244788117
12.5774060987329,10.1357973785936
5.47096181486615,9.42343722346114
9.04313284672044,11.9667741483015
12.8806550985085,10.5116707108284
8.62258414673838,8.71536070503421
13.2509917993237,15.7982278682995
9.54656951324566,8.41625336554518
11.3729854112373,10.6129962979939
6.28522085595592,7.26599558940898
9.60455058821554,7.88174965228055
6.21909326910614,5.01488789807699
11.5130706694533,10.0454702122041
8.75426513225834,10.3680747748405
10.1332203143887,8.56498404890012
8.06884143085233,8.05770540278523
12.2012586306275,13.9397954296417
5.94953053649097,7.28178770904615
5.79246893683945,8.5860389196365
12.4500921147782,15.1296948198116
6.96644079332193,6.52168413560944
8.28463079849685,11.6286827879401
13.2051136387507,12.0219850231958
5.39537473524909,7.82062499380635
13.0410243918654,15.6921125946429
9.31041932806635,10.061192037293
12.507384300445,12.2379446678503
7.82721342676147,5.82545273887862
6.91904640971301,8.0830165433739
10.7549982481927,10.7632674294223
10.3466818634399,7.96325146230715
13.4782439243556,12.180114517626
7.21161308428658,8.12654824907536
8.04093556877123,5.67397901692143
12.0978313096211,12.3679734423321
11.0816671122377,10.2178411821988
12.5666854889834,12.6605163452376
7.46723231427777,10.0139756022171
14.7581605870868,14.6129438088992
12.4341206999458,15.0368793743121
7.60693842168941,7.02212214685068
4.27522128810272,1.70612417992943
12.0017312392743,13.5263019103449
9.18956862268019,7.57628451144137
11.7152154488667,11.3137371142061
8.29481149994085,5.76655145797972
8.0751503052612,7.65867375493548
9.34963515138038,9.8090633009723
12.0524672187428,11.82951976623
4.75663066289739,7.05678185725849
9.82707683175697,10.0604188757497
8.39816877173143,11.6136723378049
10.4737405314438,13.6059566944175
9.37023676495424,11.9657769879924
6.36004519357697,9.8101090475368
10.0622934551652,8.82643886424733
10.1768832729239,12.380000681139
7.76865950053931,5.51107807753892
13.0646697170385,14.813988076856
10.0735688920888,12.3432370891322
5.98838172129222,7.94063536165515
17.5808130107753,11.0540142051852
7.12193550330683,7.61485261110226
11.1280087017007,8.85048249006407
6.81302722271589,8.45356530541352
9.77509474003384,11.7005343784091
6.85123402713222,6.6703591299944
4.75376725349228,8.55556133434919
9.77814801344886,12.513112201899
8.30509351603447,7.87628922634747
9.31751718747429,10.3602634300172
9.50841824260617,12.3815654402616
10.3849359554345,9.30475376063763
6.96760220716177,6.63818253930874
9.97780171099014,8.95331290685911
14.7194302731993,14.0568559429299
11.9211256710269,10.940723913634
7.23060641525054,6.26745776674203
12.81091602509,15.1034355144974
11.9044343316403,13.5225065289525
6.8137909670659,8.43231830002283
8.93059643233655,7.26093089232851
6.29390650827928,3.34986773917396
12.6863239681947,16.2469412321157
7.82518643186141,9.64779477400245
7.0483324590005,9.36784460200506
10.797903915366,13.8824845374146
3.25173820141532,7.03016834742259
10.3713901856076,9.94282939114999
11.3390795735813,14.0323379260339
2.20218168445001,8.9845107247601
7.18872072155211,10.549449624117
10.671795964131,9.83213803991034
12.744628664969,15.3178862016012
7.777054716326,8.63075491223507
11.626615458978,14.3257592124997
8.86851317415438,11.5413772975376
11.4009312903903,11.8577539913952
7.21126384543811,6.3149064609939
6.75454662966854,8.81028577611417
13.5304262019845,12.8435196182451
18.3771270185065,17.3934185430517
6.03453560104698,6.76433738370761
7.52493996636031,5.11704711284893
6.43973444589826,6.22140740943202
4.69692944719465,6.95962307216602
7.13233023823486,6.74904605932021
8.35315270978268,7.68366135949663
9.89869594728589,8.72221846414878
8.78138256395604,10.6030701407962
6.6926356193651,9.47063417226364
11.7768270541261,11.2169874953995
11.5548544233526,10.4664729572248
5.42108265078768,3.41638444206386
8.36072595905697,7.02435352530811
13.1960158584256,12.4369180257177
9.9965954178635,13.2690147732397
9.05042710141681,9.64661634029114
15.0783300032388,17.3197147735499
6.27789501100549,9.41857574287928
9.87804249502298,12.4006090180874
14.876298007063,16.2468462446614
6.62344543606366,4.49783547040418
5.28026807596439,3.18195033028064
9.74351330390298,11.2593552419242
10.5984156949722,12.490726498785
6.10950193665791,7.94121276832318
6.33911601676254,8.53622310061296
8.2582055592735,11.0688626882116
11.6262397849856,14.4776415000073
7.61663676645034,5.70458131370096
Rho_s: 0.80407032007032
Rho_p: 0.787093794398254
IC Time: 0.00999999999999979
