Rho:0
N:500
12.0607388392929,8.77502652806549
13.1990893154917,11.4681371113514
11.6101018323117,8.26672491794848
15.7180860730194,9.26516609012456
13.189478902409,5.99094606131488
14.1110307811451,12.5490981451231
11.5833754823985,6.5030237078957
11.209289992572,11.1104230663877
13.5032547815688,8.87478036564804
12.3780383363381,10.1617845228892
6.35948873812471,5.77802292681382
6.98315761838226,8.82027007368651
10.625708844257,15.6739245118865
11.3385327684354,6.56002929848375
8.1375820104397,6.8484823106241
11.3240286686561,13.7878610843099
8.93740349586849,10.5719948899173
12.1320561469827,8.11262007155795
6.93171575940166,7.66016112671107
17.2861257522292,12.3387086562236
11.0277810221899,12.8304345763339
6.14167897042472,2.64067406734702
8.39781821303019,12.7948661242007
11.7909217138887,11.6891821996339
6.88816993801169,9.64289593273478
13.7180746846482,9.85068539363591
7.17713970733433,8.89922694526741
8.82110662179092,9.49006423642206
7.17688883138861,11.4265647457356
10.3792457890316,7.09294597780342
10.7354107676422,10.9363744737454
13.3814483418518,9.9171567704424
9.68213805474933,9.72191780377611
12.722053367222,12.9519335425241
14.2975335962539,3.60325321469934
14.5169662535444,8.38882355457122
13.809408781397,7.95875568408096
7.07840704888461,10.6581409323512
10.6854664083459,8.4320546511522
15.2238615982757,14.1337231992128
7.31159916344321,10.6684842819354
8.00798972593115,12.8543069978399
10.6723274632364,5.53747177478241
9.56561314826326,15.4182197448988
9.90381619235706,17.3482067296626
10.7200548817495,14.2156262680919
7.86778167683301,7.84553148084468
11.136904495214,8.90381119909721
10.1774917816935,11.1964087983914
10.6473090937873,7.29057559845417
10.0433383476368,9.31942332735519
5.44521611991114,14.1677382351695
11.5135129464101,1.71341776988447
4.0341078919876,12.9707821899464
8.7937777085393,12.1897364937359
7.96090283133641,8.68425968273033
8.44623931127445,7.13868308307141
8.65342931041045,7.60437567123583
13.0059394514667,11.8059592171893
3.74154027305754,10.2849333105878
11.6484799191476,7.89258495901864
12.0034689857901,10.5349682895033
8.76261554089692,7.97078788598505
10.0239665665694,9.54926107194136
9.51983527532077,6.78800788689431
11.9947507519242,9.94959049217522
11.0085050760701,12.2713907067049
8.58217948045742,11.4246922218885
10.5894197948346,9.00366558217639
12.3920935928908,9.98402954721078
8.19662929476518,7.72787821380715
9.88654368731531,12.2716819020947
9.51035544271857,9.4941431700278
10.1485304219284,10.6255056413528
7.87510173315346,12.2737237641364
13.4600826794017,13.4165165460968
12.3991353641167,12.6346663499966
9.7998878685823,9.74187561847203
6.80046225728621,12.4679206929163
14.4224948282322,11.4858538022056
9.60670392666635,8.14690113517343
10.7046722703225,9.60269866168689
15.533372933823,7.72745061995262
17.2261931687903,14.0249375130882
8.57585062215637,6.59951996321357
9.82803109429938,4.49030748135562
11.1666427651737,10.400184335249
8.55202621072466,8.37753142194933
12.1106870994933,11.5250040767525
15.8010053005733,6.40753387903665
13.5380459687566,9.34832729451699
5.155092331038,10.0429858667624
10.1230257245696,8.24589875225882
10.2257070945167,9.31786233900252
8.89680475731066,12.2232333099392
8.33832580438514,11.961493324147
11.8754765700686,10.692952498165
14.088670969205,9.72914303781817
10.1553679063124,3.78805176062693
13.8831463354249,7.00906998526423
9.12848856553679,8.79005902180842
13.0039874341752,13.668513947516
10.8173124830359,10.8012588861636
4.84239960572884,8.65481447497364
11.4534216595894,11.3442359448853
10.8604534652332,7.31853798490921
10.3965214048431,1.89773794859793
9.65832905547021,15.1670719339671
12.4678744706915,14.4452592407253
12.7876901494471,9.29346067226563
10.3283300811729,7.37365373152433
8.73487327040049,11.1296636868564
5.87767542978763,9.73938178568084
3.75399022602606,9.66328737837992
7.1933855926145,9.39732753748502
3.7519315774252,14.0514697841197
14.1308601111901,9.78100943725695
7.01887853173293,13.9864157758042
12.5617811277827,14.7126603647985
16.9765910784544,11.9601972155122
14.0428640449054,5.58741098272495
6.7373219115365,6.4524482236712
9.26748651097915,10.3941569586737
13.8740414332382,5.47781785931851
11.0623366875165,5.23619543300646
9.24787364302499,12.1855453080336
10.7575765491814,11.4369601185681
13.5860433335603,12.3230006002233
7.67122548333411,9.02395767741634
11.2860693600524,7.58931161725778
14.0956695980493,12.2729759755848
13.5775704324458,9.92542989665399
8.78561571271396,9.05044829016843
9.41620797042234,9.83574744343744
14.3885995268699,11.9222203883394
9.58382687871934,15.2776422316995
8.05424274748896,9.3861828096256
6.31628748470523,8.43224479666344
10.3243366789545,4.75591358641233
5.24294564849472,12.6740130896663
13.720625974311,10.1504228084671
7.77436726706077,6.7712530985616
9.22930609018484,7.8356913889171
8.92968173141731,13.0446692982922
7.17419985939308,4.40690164265896
7.07826776416745,11.6081778701371
14.9314957947909,15.4574619303028
13.1102384595248,14.9177648623975
7.03473586706323,10.5287304069598
13.4728915411133,12.907862356686
10.4508128689215,7.8039219108592
10.8247240730142,8.31289126696346
7.52025849012582,7.97129723941026
12.5009016226066,11.2039350591109
5.59719500885177,9.23976243382051
10.3303789870333,10.5909131811439
10.3859701762683,10.2026139173661
15.1164990474153,9.96032581152583
10.4291639416207,11.4959836392411
3.72577057416702,9.56186643372166
14.1839298775057,12.0880433328472
9.73963328390937,8.19097463520615
8.57295648297202,12.6339278289231
11.7943330167795,7.38397529379423
12.4127187067111,14.1393849567291
10.5281938491822,10.5265902463051
12.7466168552265,7.0433694773828
15.0626688734968,7.5402406435342
8.29413292801753,12.4758365491063
9.44490319023544,9.98951654914005
13.3390724155252,10.7089022043481
8.28040059941249,12.5137201679397
12.0563555316497,8.21140719276852
12.7973283781955,10.1481515039811
8.69304937349845,11.0013784739468
11.7873386114634,7.68482310197372
12.3851840610643,7.82656647658992
5.93320143496074,11.5149360033637
9.1960853781173,9.52963140255706
11.177400465858,2.52174501319172
11.2478035612548,8.022907238649
7.90987557812128,9.25526153674814
10.007871921402,7.57339108301732
5.84878241814721,11.772253420982
10.4200496346339,11.9421897304724
15.3086658175683,7.06615987752197
4.77645742821874,13.7026570409802
17.8972576270793,13.5527765436825
15.1708176880568,11.1082518629265
8.3603289370918,13.0655627030705
8.45182211318364,11.002303794367
10.407738286173,13.1230302381823
9.56450341207193,12.6740393140022
11.1181176785261,3.85226171295642
12.5679622939229,13.1015654628085
13.3036638491387,11.6224730368339
12.4188664148078,9.17223568880249
7.88929394940683,9.83174276946048
9.78612592755733,8.45392324969311
6.16591612273016,15.0880998662671
7.47172709256838,10.2759414591927
9.99085985430044,11.5215876290856
13.4279819130335,5.02549141746726
15.657008575221,12.5300776139941
10.8928819933064,10.5839275433041
10.0867405149102,12.261305290306
12.3977201037548,6.95241404195182
7.82271316657154,9.02180266761565
10.2276519551875,10.5389927896458
11.5986198206817,10.6512239838507
9.44614679927925,11.3147761622549
11.6696267218717,7.35719691934124
11.0790424265479,10.5354412200893
9.14933167953762,10.0817044342996
4.59300754741498,6.39170625577498
10.9740353580007,11.2612760907794
12.1197712918417,9.42107979254276
15.3328341682053,12.055512177228
8.73520900500067,14.1685689710548
10.3776223128565,6.57530741728908
12.0109919231862,13.818015853747
10.417575350798,11.760619720147
8.49728019013098,11.8328103578851
10.1191508987364,10.2406897205254
9.44811189413717,9.48526799620447
8.68096381889704,11.6594127744872
7.41638377824603,10.9870852355793
10.4138888358057,11.32444208361
9.33399705781272,9.88046397373466
8.94791271365714,10.6294254864559
13.7712406328356,12.0610305138473
7.06261118661716,7.99230174608769
8.81189808709825,5.15211698319765
11.8690864328243,10.9391952557663
9.6999333504953,10.569440436141
7.97797758251894,6.2582155239748
9.263976955078,15.3017972598886
6.74477866280957,6.01710701921641
13.2604289776391,14.2617896127265
5.91273144956877,7.1939658067292
8.36768065270364,4.1008717421673
12.3134885029151,6.44284105637258
9.90646008633033,13.1912034740491
9.16602682932719,7.46574021743543
7.45026656725795,12.5029960909365
9.85412102448423,8.57297869659006
15.5990790471382,7.27946632604367
10.1298135864133,10.8166857923775
15.9197571573064,17.888349258832
13.220020489074,10.405357541641
9.22738331667234,7.86118270995888
9.5722711103605,9.25344517639707
4.53502181041571,7.50421791913682
4.82430000564598,17.3908713541942
6.64115203938985,10.7559480031213
9.78910329888451,10.554311601659
10.1406209521104,6.43070170203107
11.712206963932,10.7024498305731
8.39198331304602,8.13489260395455
10.3719483610034,12.2633160344146
8.46169030587997,17.8366504065919
9.92712530419118,6.98239131777007
11.5407024428576,11.8519571312254
12.0981203512778,10.927124633519
6.954916753026,10.4086483276262
13.8439242450814,12.4699173146396
12.5481473128686,9.99085025547182
14.9948247083686,4.9473537261538
8.04377556695214,12.671645009559
16.2386382180818,10.0622303988903
9.10545053331189,7.5048456168577
7.08309998053082,8.84819482451949
12.5978454180785,8.35617786912247
12.2510994609365,11.7172051940392
13.9194929160518,10.7883518415335
12.9647039761419,11.6908792877124
3.82928670249989,9.86731802284926
6.00083554060495,6.99421901860319
9.64453005849218,13.7374032766228
8.53809812183585,13.2972067508594
10.6878137574389,10.9300352685543
10.2363855593477,12.593728266487
9.13761534343055,8.93020379228729
11.9435779759987,12.2242270564557
13.0155772353443,13.8935362953265
15.2210886929858,15.4262192739045
6.74230478425367,10.3142003585062
7.09656615046874,7.17892331345282
10.6465544659781,8.84193919587891
12.379877504478,8.95795444730111
10.2297865718756,10.3817701643935
8.79670408812568,13.1090701769939
9.9850012679232,11.2108487748076
6.10172973362054,10.5890798438142
8.20190901366621,9.62433127252056
14.8765012109112,13.1605422830879
11.1860800284253,9.40334650927597
4.91660081556943,7.04079559219733
16.1776575663158,9.71032430501601
9.92861506394851,8.99097127433767
7.41654266913159,9.89818289235593
10.3288160954804,8.84558396542821
1.81284770902965,10.6203272453985
7.37982728881024,7.72490371591134
6.65426145835191,11.2319380350838
16.4480614902401,10.9994813150833
8.62144464458814,8.20470011057835
8.24288708887767,9.31425432172874
9.13039292756393,14.2454050693798
13.1876061645231,6.49876564467725
18.5478740442726,12.6355141826528
11.7510757104852,10.89172206583
7.21607025249761,15.6365162759185
10.9953146507258,10.0616047271078
10.3583618683231,4.26059545985924
6.50587043935657,9.1953486575633
10.1232356132215,9.81207168880553
7.99316387064787,9.03987199843245
13.8256616886513,11.0598968000758
11.0312851187538,10.4314349520839
11.0204181356478,7.30587817583786
8.62680121032919,10.2243661397289
6.25751487284407,10.0266550688467
8.11447733764153,15.7124797379863
7.10768542957455,9.83196224975233
9.51015727909946,12.1492040352702
6.21623826060967,13.9447019382199
10.6977609923828,5.39444372781917
8.25341764862479,13.5443476757247
8.03312881450282,13.1858543991279
10.2679666037145,10.3741754922747
10.4490760858856,11.7906938508876
11.2912191596404,6.87063253258547
9.56405004510436,12.7080998451421
12.8735075830466,12.2529128030422
10.8222881591787,13.2414845488494
12.773560081402,14.2577081719252
11.0163253224574,13.9511337919511
11.1759604395025,7.49194931338674
4.96145121841907,12.7765941948569
13.5722272791748,6.86154211385983
12.21254021086,10.5447461901152
13.8795781273793,13.9215262334379
12.432990498577,11.1282786707423
3.0473478256877,11.8129690953926
6.43618287169124,11.4953355894633
14.721769815724,13.5106657817781
12.2706312516933,7.48101006093825
15.6263782575272,10.0361112533939
12.2346393024431,12.0787390423188
5.84280391854753,9.69300785397135
8.95768898209933,9.74790744771445
8.99728220528378,7.4671115453446
11.9308750361166,8.2566247983007
5.64894816253477,9.58274243913545
14.0683783328474,11.3215853643734
12.1426276195384,16.2554445135503
6.08558836483893,10.3868428908038
6.49539923346247,10.011900944977
13.0259441108576,7.20071751317488
6.62000744729567,8.255836073458
14.8375306464177,4.15273316818667
5.0116805537968,10.5259156679923
13.5175845184608,7.95236213498378
3.76739364620752,12.8170696532487
8.3828907633497,10.1480114364339
10.1368936070821,13.1403932284044
13.4702880348197,8.98893424866593
9.66675752781758,13.2005915040066
5.36017168359834,11.0772696583742
14.7185882448294,6.4524248929555
9.3044203355499,11.8693303582497
11.3328505856028,7.5354059856701
7.90138281885056,13.7203059541105
10.1797760917976,9.88987238755969
9.62814524553797,11.7459105138654
14.3082506932732,13.6250567316398
13.239726008569,13.7791640743098
7.57709003492118,11.398987915416
16.4829092566358,15.3675496966635
6.73431154354366,5.80582694967391
6.72740154019854,14.5132676668741
9.11546705635149,9.72888111784012
5.49641457994714,9.81785541019404
12.4576804005106,7.81301015117445
13.3598732169339,4.1050881853983
6.20775467091448,9.58711919655128
12.7900209324858,11.7205229740993
9.8366307243435,11.1227738532651
12.3287787156605,14.2311478685731
7.12138858202034,3.77186765036322
7.56743848904196,11.4670415579061
10.0409620833833,7.28023935617033
13.0650877960189,13.2261450653134
11.1708889443301,11.7353116931957
8.78919972309856,6.11000931100203
12.709880140223,8.54985582728778
10.965500638261,14.2654414393511
11.354185235072,9.1016588800455
13.0896599536228,10.6342118634407
11.0256540802022,8.36434381423608
11.2659400563453,9.07668430635443
13.6427792705603,11.8340886123297
8.96745341700976,4.91178628326731
12.0960048392559,13.9202533821117
7.76319307154107,11.7658374651771
7.37187793147,8.13945945941762
15.2123014956495,11.4337663636182
8.20914807938978,10.3081927569389
15.2213896927178,11.173587457214
13.9423491345367,14.9848239534305
5.3119894527671,8.77869343513125
9.8769657534705,12.9016367813916
11.9405253600239,9.67341834306364
6.11890648766512,13.6269172813398
3.15913767570461,9.91844633273782
8.46154388333015,4.17817244733152
12.4972216003513,11.0038656556688
13.1265864586858,9.49378479060684
11.9603952602681,8.68938230553715
8.63968353956263,4.79050064491915
7.58192526549776,8.52138961857639
9.29421216087179,9.66583162549868
6.13590181778193,15.3850466427297
8.29069843973288,8.9703974125055
6.10940367814585,6.68133425835306
13.0823193918696,3.09055069807671
12.632084540525,12.2276663664899
11.8653231061807,11.0208474009568
13.1230809953419,12.6997520763542
4.98492410536896,11.2718302621806
12.1249781996107,10.4951369313663
6.73997944467878,7.57063822012068
14.374178699061,9.55969047818711
9.81217066187521,10.8317976556186
11.7428767283827,9.03142153765321
13.7953117362442,13.1979399473274
9.78250654652376,11.5894641900711
10.0721902594143,7.77248686020085
9.26892073585878,6.37626774678104
8.13252700796511,8.26096298889043
11.7616818112283,8.21803904461405
13.8334309381844,8.2899155313336
6.98730674198377,11.2127061033203
11.981871224093,7.71632771982143
3.90787289737905,12.8279247773476
6.98359566331448,12.9089053047383
6.68320343625489,6.59914946528922
9.36154051803397,9.41025671206355
12.4794556356281,8.86091101876903
8.32034090089867,6.48512068660592
13.5379459856297,13.5491076541726
14.4136745393772,9.17266738438552
7.40389941661157,7.45701379550991
11.5085956535164,7.53842827483947
8.92932226106112,9.42239234973952
9.20069195887184,13.585345172178
12.4761654595046,13.5781594694064
11.1150349745046,5.85928575935337
14.3585767063569,11.3438316461881
12.232972455468,11.1252256899577
12.3054753463612,12.4568768322319
8.56311540510001,8.52896701394789
11.6061263274987,10.141510615991
9.86495244225923,7.99201555936246
12.3791220997822,3.52739851389532
9.94598658135322,7.49012293090149
5.57407330493734,13.6176874231764
8.76748754006503,10.7879333360823
9.44454300840197,11.4426613927514
11.6300430140802,14.1652705759439
14.0561725274556,13.6031426144473
13.416914548099,11.6236633222154
10.3056474018169,13.204164155219
8.8701428965558,13.9180657527541
9.14767162633181,11.6137308227459
10.3099130249067,14.6203662722924
10.7549688025276,8.107203379836
8.16666506633134,9.84934612819339
7.1568971878067,10.4346285519543
13.7819605632187,9.55785437037552
14.0334382558427,9.72379733770362
12.2354280987257,10.807557579414
10.3730812303339,9.72123959092454
11.5739429940996,13.7314184495518
10.8902047166029,10.3689310807692
9.37914106465491,10.0705171913436
12.3508749973621,8.57387168825739
7.22156673521563,13.0456548708866
13.543037440368,7.27371045400665
12.742438378556,15.2735441435275
8.0417214513052,13.449823641968
7.60493661106847,5.65618429448884
17.0605536306459,8.42658158712267
8.25851795725879,6.8628612220471
7.72248628082006,11.3809535807172
8.86506925199915,7.91616005261431
11.0589126683614,12.5730023484967
11.3484607482437,12.3135088173667
11.626368276508,8.76082137371453
Rho_s: 0.0559875199500798
Rho_p: 0.0423124497751702
IC Time: 0.0199999999999996
