Rho:-0.8
N:1000
14.7473159042386,5.81682999342905
11.9395245915041,8.5239328681118
5.70625996201414,14.3535904319263
10.7898748114038,10.5544431549739
10.6974077138114,10.1095084846084
9.48540350638354,8.3500362520417
15.1192368478215,8.94545987353167
13.4029351534338,9.00353737506817
8.70342232005025,12.0009969641987
11.3504777329408,9.60001824752761
12.7197056342386,7.08777398041593
13.4372702343548,6.80168965241111
8.01575028359583,9.40122866468184
15.5310880363931,5.94519242707286
8.5803668575787,9.30660550028536
6.52844836654807,14.2825156761982
4.22713092164858,15.5621488571293
12.8996055829143,6.07206193173227
14.8257922267728,3.18994294604207
9.22099665604342,10.6404785577168
8.38388941751325,12.9977089723123
5.51545927589074,13.7575174336707
11.8502422309411,6.86852395116897
10.504490701592,7.54307997760981
6.26755510156211,15.4979839183509
16.5811237841229,5.44532283003424
6.22523370270518,10.8953765277959
13.0504633065075,7.82510305905126
14.6623223606423,9.07009029804452
14.7771608241374,3.86400837478131
5.83644559460007,15.6441565095521
12.5225400800838,4.54903529646802
9.30496655841105,8.46440222075109
9.32671316868099,8.63550317488107
12.0994217872006,9.19687641771283
9.45624222147589,11.8294631267407
15.0153861222092,6.9460254714773
8.67560660099998,9.46429487459481
15.226089109063,5.91565333314671
10.7010544030356,11.538420774818
9.33132271227081,13.4227502124329
7.06079672737792,11.4476732079083
7.85721469730543,14.0895305207363
10.6655911761788,6.42697185817704
5.14021149992525,14.328102931278
11.4677948358924,6.37651201612102
11.7768937747413,7.4898574018661
10.7271885131737,10.7251000405598
14.962489270807,7.34012816079658
11.8704743482604,6.73029509940117
15.8762192187925,3.87048871478681
14.119134950989,4.78036765467794
3.58648061682193,10.8559904261075
8.19964155760353,10.5951769941575
6.20749663319967,12.2543206231254
9.01282138296311,13.5093021802914
10.9363115330004,10.0245875321715
9.90347839547029,12.6317412870443
10.9394148617423,11.1619548942155
7.22825736095704,15.062227993799
7.21641485248251,11.7708247822789
10.2630058657956,11.4362275715306
11.9762329817256,10.2849329997232
10.6664213098399,8.35391706820771
10.5875980444325,11.545467984066
12.9917725933616,8.01662174886274
13.5353221180754,4.19530900512792
10.4079256403758,9.43685903598203
9.3868973783258,8.49400110609447
9.61526360059712,9.93798701938873
9.77770263214492,13.0255475397026
12.3591277363939,6.40370121990945
8.29889298033604,9.38844179600306
4.83933421008433,16.5177788141354
10.5859859586188,6.79602338953815
12.9702044550442,7.62412558223162
8.52921432695006,12.8656591012863
13.4570579322551,3.45138920436732
16.1027228618666,6.83015821793019
9.87448059560639,9.54039348102524
6.2918587182388,13.549686383026
8.4809039290932,9.71706011524494
12.7356300104486,7.56730483813751
12.979194638563,10.2921497384006
11.0048566495663,7.00255935148749
6.72436461794157,13.8574687731031
9.83306048794018,9.05535244725659
6.91451352556378,11.7709814861762
13.3481916789757,9.82937318776733
9.78299647947384,10.2899810716808
9.03569452276218,13.5195988667798
10.3524266711774,11.1503171580934
14.27183545488,5.51818463912369
10.0882453964876,11.2523213496341
12.9098643460849,6.81364698067869
13.0118480344503,9.57462198103942
10.3513809102084,8.20658475086392
6.32501528592458,10.8230568258673
11.5230442116534,6.7216483389024
11.6769926347759,7.51482865178141
10.9785191804252,5.99514186425103
12.2977451825604,9.3830503105053
12.298273425733,6.22852853012644
7.1389938692605,15.3200623796873
9.90649455933202,8.36170786723374
9.78819687507497,9.3317098518588
6.95597925183642,15.827802864234
9.344883122193,13.3728744954139
14.7198285593927,7.31910340815854
12.9804518731201,6.87903215587036
9.58127728788508,10.5457301035392
15.0250411390359,8.44255803202039
10.1167785979083,11.9954630500765
13.3276791310566,9.87234254080451
9.78099242664944,12.3703176297143
8.62787779350383,14.0630366286536
10.5920625188978,6.43395693255661
12.0674499321063,5.61921598248988
15.6925108716874,8.3797505484727
9.29225516161739,11.0639263577301
5.32860909388851,12.9266741326777
11.0102160813275,10.1665326030452
6.23053570380719,11.9815492786945
9.87949616229572,9.21771503416347
5.15985182149904,14.2714898432911
11.3979299473379,5.32934666770486
10.4430583416664,7.59196917039964
9.27702004260384,12.9275360422368
10.9106309624188,10.7675103685723
10.5470099664471,6.51829606546806
12.0852293979045,5.02558651388986
10.5147165444838,10.1630339352169
9.13400551716236,11.1937614230569
9.34772864820093,10.1450419650189
10.3154415010775,12.1829670150628
5.56340394878422,15.4872585915768
9.92529842276037,11.5644273315802
12.3488144885271,9.59451925442813
10.0687814647589,10.545238973821
9.79411735729368,9.90572803246156
7.66625290718487,13.7362608838577
15.5176686698012,4.84721173092938
9.86274388378595,8.87311600358337
11.9555295783479,10.0014467677036
12.8889254231764,4.99052664111493
7.53739678944926,11.0044684927137
14.2584547436793,5.3394410932808
12.7078349799056,8.57147252412994
5.87588913215355,11.4578399812684
7.35143930552914,11.2465395181713
9.3030866922691,8.37548168058876
9.27860843588023,11.7280735403867
9.88774640199873,10.0968516351843
8.80686752175778,13.8555125445522
15.7797682804414,1.88542696065792
10.8754175539994,6.13527973154354
7.75052826054901,10.3625061962327
9.83665691902187,8.5473332259665
13.5246420151396,4.51186309001765
14.7550678267318,5.74510116843102
10.0253292968005,12.4623857729041
6.4134056556592,10.6980408970252
11.5142996919115,6.96448193162161
11.908084916578,6.96978174326521
7.92486649759129,10.7418441329911
6.59336271849278,13.9430721033715
10.384153122937,7.78918175973172
17.8524656523276,8.8197731286972
5.73158353120516,10.6403134386205
4.96630932777368,15.6390725015432
11.483850191504,5.60601304966845
4.98202316696559,10.7641886628404
13.0150498728566,9.07495916476751
14.8483117130404,4.2661945647823
6.86919965718026,10.0997116069133
6.84483734004736,12.6749127961353
11.7124979570997,9.99933854500318
10.8772623717467,9.13409495622707
10.8069458749314,10.8997683225213
11.3858899758447,9.59388964649957
9.08399764936904,8.59887485048634
11.2362517184667,9.30813481941098
11.6865058009048,10.7484936914561
10.6410550816916,8.02358469174466
12.583649612723,4.99477686654765
12.0938019486146,8.10265133047621
12.2397863508799,8.00234512399977
9.18228210103479,12.8526382403126
10.1963654135284,12.3419953845532
13.3309008932882,10.0509181657116
13.7214238742569,3.39200196953961
6.86444164526106,12.806088642894
6.84060196167901,11.7863183371274
7.80137820305995,12.8399969359673
11.6460152397913,7.77963910220867
15.5798535692851,8.42443637890064
6.2238155397057,12.5535320040534
9.79012119946959,9.42864061500461
8.75532420915206,10.6278651018493
12.6143734002424,5.02122011911764
9.0021780675982,11.9343616886818
4.95008659216805,11.9265070999175
6.10227015831891,13.8445592115836
14.0064238594629,7.08400686414068
12.6613760324894,5.17904844824546
11.5517046052575,10.623447009242
8.82306226657174,9.89534696050096
18.5417821611533,8.41887868982023
7.45020718692419,10.3927082038772
13.9023833816337,8.16267327980917
9.5424868152349,12.8483413865026
11.1614957966612,9.00475647650548
8.7317675039602,11.8157680635715
11.3851787719106,7.34157625079481
7.90597323342186,10.4179004753735
9.01179495134942,12.7830634384997
7.8678823959724,14.6339740439612
9.70582019897981,10.5512242016955
13.2711949834967,7.63617374100605
7.87281760684539,10.4785536940075
9.70720991199827,7.99184423593335
9.65425497938849,10.7451506907827
6.43623223481859,10.3229457871261
6.20140635071631,16.001747401356
10.1326726521332,10.7279515861882
13.0797579637541,6.00753347554826
8.01375878648276,10.0373617974127
9.93678370195384,8.95208968979599
11.2866709340327,8.64552913820023
3.53606448189635,17.2738913981495
6.73446975287316,13.6348470566391
4.15866512008522,14.5088746473211
12.8122163218504,4.89518949107685
6.30603306369613,12.8144467015453
7.09400274316219,11.7413129651084
10.122347481915,8.73161986833746
4.92166808605127,17.1943755247348
13.6618737536043,9.47480348463052
10.7806609057323,8.47232063547946
10.2836408448067,11.3788513055564
8.76991468124311,13.8447958134408
11.0190572383906,7.72139404370414
7.0292991872131,13.1027258195985
9.26175887546207,13.4936162031455
6.3751957815712,13.7719929174129
5.06706794975505,15.9810640142881
8.30674434370732,12.0989819945975
8.48013619919156,12.0389221634199
16.6031371453343,7.63010552547846
12.3063384484102,5.19858999442073
6.95316073188965,10.5356865814932
8.87366981442436,8.9538089546381
11.0380680054661,10.6359333702255
6.20146423137433,12.9048412173618
7.22038673452665,13.0749794697447
13.1368624417819,9.42357018749373
10.1375057058689,8.75661305717126
9.17830574938632,8.79493030866111
9.05442682614563,12.4510089064591
5.52912143992437,15.6453396404574
11.2574330817626,8.02054404333043
7.31348345773607,13.3601645228717
11.9430637976398,5.59517888436874
13.1517816677828,4.94624453054943
9.14733836435587,11.8463733306094
13.524512473823,8.9172008959905
7.2735310318956,10.2126698484848
7.53661098845624,10.9289019573458
7.18325745544599,10.0798276521284
9.81778480450639,8.49879117302712
10.0257130234754,12.7790113592923
7.05685944503812,14.1243619564611
15.979243872119,4.54102305986232
9.50767314981157,11.5495908198934
9.30455271268165,9.89918396648801
10.4511661058206,11.6024318392707
8.88972182817361,9.62056668767274
9.45473439821611,11.8689696628756
10.7109445054355,11.0297329787602
4.270210512886,13.7666232993788
8.68376476922632,11.9759524959017
9.71304624544079,12.3297620574563
5.14673164276922,17.240652013132
11.2124308191484,10.1267130960231
15.0334124412954,9.39785222653686
12.6451439761454,8.68421450016452
11.1486010920193,8.53629291903473
2.2607319348148,16.577063753777
9.79847075971141,10.5370497873563
8.8200430204273,12.0755733653566
8.4891999839548,9.51692204416698
7.62334272904838,10.1502991104893
2.65433156605664,18.1953657631978
13.8151310573201,8.08598114136563
11.538187557356,6.85471715187892
9.64809641352954,11.7183678999667
7.1868977035621,12.2749766235008
10.6395190402548,10.5984341771332
8.27602394324589,13.1849250099706
9.59370025285528,8.55682934716642
9.94515832753105,11.3797676430435
12.0089865129942,8.20424520125383
9.32766889935702,8.62014484461969
9.0925902794479,10.9134712360245
6.12613991959247,16.2411034468623
12.198540644475,7.53273310118799
9.8789587544934,8.7628046469346
6.98162509272961,11.8667335084707
10.2212982172165,9.42531302005121
11.2575926456989,8.11426661379869
5.70085183382578,11.1299036740717
11.3402791916431,7.84083226433959
2.30565189301437,13.9149342848228
15.0421315364354,6.37941469892279
12.1502944489273,7.11319396154796
10.3957070968436,10.7856144063365
10.6428247964775,7.71086584809402
10.345378935341,8.21607293831017
5.58676142554576,11.0969537810873
7.21083106931813,15.2789253482947
6.33202343284739,11.9716124287479
6.79144023935209,11.0935382330973
7.48332382028416,14.7474735256662
8.66796006741327,12.3648814019732
9.03215692263468,8.58465223979912
12.226901760379,8.87672120338823
10.4888030248447,12.1223610123479
15.202727958024,4.15791940661547
13.2767669229745,10.0834036269574
10.1291056989539,11.1034983759808
9.89634862455114,12.2031944860439
11.1873354023096,9.11306878088727
7.16541416950635,15.43378352224
10.9599741005862,9.94751992744709
11.9825201659434,9.92623350021602
14.4508788549208,3.40079985560367
7.15341950302799,13.8004242366645
13.7323830082435,6.12035791097641
8.80344993737928,8.70097801376959
9.62618653273586,11.1707918847099
10.5698836889795,7.34994509746442
11.3485887999913,8.48060941298589
7.66010605914649,10.609341088458
13.3811504436205,5.78665297298997
11.0943666537228,8.3078741340429
9.41319200146073,10.7711268559523
7.12755352178308,11.4804752513353
11.0602942739077,11.3252716304716
6.72851521964482,13.054979671653
9.24421055200091,10.1566416231813
12.7138895948093,8.07762161245122
14.4936659385155,5.1935445172334
2.86534425174724,14.1508385470677
14.0457742717039,3.10579527390694
12.1441083715107,7.49044658876927
12.223568715629,9.64741635876852
10.2752566285177,11.2560100207324
12.3363563126797,10.3690910712001
6.5236918965206,10.5250430830237
9.74139125335904,12.3685466552386
8.99938456769283,12.2810665401734
10.8290541980615,8.36245895399962
8.67778326499057,12.1388535765436
12.211519016009,9.20602612367667
6.58326809824992,13.2831645869637
10.0820815491125,10.7947325061301
11.4914571787247,10.1405072259178
8.77866856080809,12.4799516766894
7.25065886322902,14.0657270913459
10.6622407724569,7.70634793458329
6.75798407182812,10.3876338636479
9.29457778491727,12.1679916878815
8.88930793602358,9.97384624002703
8.64847469331958,11.896663357595
13.3301781254661,8.46693507553345
8.79594752844763,8.84701103634771
11.0933665073464,6.03082043354721
7.74104093263927,15.218659576446
11.4469368303301,5.55700436621226
9.74409760972338,8.88412619802202
11.1275844181487,7.63730475828471
10.8771713489063,9.2839578271803
5.86622099558184,10.9043370188424
10.3306603743,11.5519973491679
13.0300259100315,5.97396857797339
0.794696506316262,13.8898655353869
9.33473263522061,9.60997390111641
12.9978704188437,8.04490352073932
10.0360735084671,9.86917397477765
7.56086976107838,9.8060800486968
11.9755774750744,8.83373043874434
13.3090055864402,9.31269338390774
6.92634150031611,15.6062037110033
8.43775605714391,11.0946512171243
6.34175592896951,15.0726913267162
8.17042844437479,12.6541141834072
8.00206450920613,13.4795381855009
12.1309228864446,9.10432613263751
9.70447526398048,12.7240036422504
3.83372372277083,11.5939265843631
10.864476371715,6.63268802340763
12.1999920491745,9.19043776623487
8.83078342834782,9.47709442625851
8.98265745898149,8.79391392674805
7.10528651462641,10.3212824577904
9.40684537810727,9.88700107579208
9.76556888102837,10.2677993257577
8.26969815133496,11.8246031448366
6.71414736473333,12.7569468773855
7.61045656879204,10.2746020180706
12.5513759490349,9.61217272452435
11.5041736908509,5.3025777616289
4.65465474525546,13.3766851399636
9.13986384855946,12.4525391263873
11.3082477937724,7.18368230336898
6.06481236235363,14.5524582769679
6.81069796731103,11.0474548157713
10.2265656499845,10.5317562415991
7.48611066802978,13.1796968348523
13.1837337080918,9.61699278645955
8.46835211455372,10.0813086334487
7.96104126238839,10.7402857233527
9.70568401021776,10.0285757599145
8.77222345869055,12.6478995831419
11.9198705409422,5.70016536489199
12.7133077104092,9.80455401150796
10.4281314088811,9.36789923129909
9.75148259306314,10.1562824308931
10.2822696946557,12.3007411447491
7.42660062947922,14.1014040671744
13.1179288919898,6.06446623304728
9.21131405113939,12.3088269621086
9.55946285196397,9.68494276581014
13.4157099647925,7.13738126222703
9.20485159503894,8.2998250478724
9.48139666335222,8.61644652923524
12.3507392688498,9.28288541162031
5.05023711406591,12.1525366345492
13.2922030887382,8.40272084514236
6.92738525435655,14.5040981138999
9.17001225564746,10.8936080752775
8.62972298393441,11.002442600761
6.05569108012916,13.7063421849715
8.40425377795069,9.12682785151719
10.799687244948,8.58622129179878
8.41852656087959,11.4202358487152
12.4245024415927,8.3070664054009
13.9623178722496,6.2845056277214
14.7429593168297,4.95528780410816
10.6637990913752,8.93387333380907
6.12329287688575,10.9441715278247
11.3764544375053,9.73272031469372
8.1171508803052,10.6412374775702
13.8508005245269,6.44880735363008
10.9954607799191,7.45390591935789
8.03652111296361,13.139865586852
12.0700344864933,6.43034761072749
10.448406975898,8.56809360111375
7.67414971457755,11.3881509298177
11.4077075692599,7.14703814467231
8.8483937584718,11.8738724163806
7.48576314786929,13.6250106504215
9.45326699268462,11.607610015432
9.27798309049648,10.5765024312445
6.95307542571445,11.4580633070411
4.4396221581655,13.6565156470887
8.39881253303924,11.4497800638621
11.0690633002143,8.54463010707383
7.28481066957176,11.6302038821624
9.35771421729635,8.93690502123084
9.25350662178814,10.1407596713381
10.6756292072909,9.63190879689213
7.67080110904424,13.8502789122569
9.1025643792666,8.42954095465341
10.1460673285983,12.162452815282
14.7269303856989,8.32822450353073
18.2757055147909,6.58867729137658
8.18094659109928,12.0224971126407
8.82279438728912,11.4214394949241
11.7297058349466,7.51921148533611
12.6887568650566,10.514218897268
10.3773776592416,10.0314515127305
11.7095917350436,7.84227654111574
10.5902371052636,7.04992363150508
7.16425886102907,11.5800341190564
10.7999978434436,9.18778665947646
11.5015126392087,7.19924580509884
10.7961392416385,9.16338204724559
7.73220384255705,11.8988223003302
6.89275370651361,13.6190576819742
14.1449095111622,6.24490368346232
10.5343598434405,8.97192889478777
10.5087076050148,10.5029812454894
7.92293777499872,9.81639491725828
7.60061339001225,11.4997512186995
7.98635271648516,9.49677457589436
9.54473576693408,10.0767559835006
12.6965863468603,9.72451967956929
11.4649319662455,9.53059889891744
7.3106980793539,14.3807287656825
8.51343397269994,13.3739768095098
8.93262974508716,12.1349460550328
10.4683852180167,11.5255096126234
7.33714376837277,10.434777371074
12.8187412940231,5.25315591155232
13.1323981276261,9.69917798190356
11.2683205425204,7.757184839048
12.4283828235615,8.31418546520998
8.44766475741326,9.70829567411904
8.48367884761008,12.6248927945377
13.2194692926852,3.51864589561604
11.8022961596815,7.82568361591044
11.2979388555945,11.3195072474168
10.8116077514173,9.38129691708241
8.64365484777563,13.4672088437451
13.7949696673074,8.36988300743117
10.2865458195496,12.119054334382
7.0764480853374,15.6810454373474
7.97587700732983,12.4997181901707
10.5495547338345,10.0081048809497
15.6054957072598,4.6413927664699
4.69708061820151,17.1352149766695
11.8121199130209,9.38991292823691
7.9472430908872,10.3890022132888
5.41547387518782,15.877719816111
8.23308893339062,11.9527996399091
11.3710227477741,9.50324015269647
10.2860238741236,8.45452665029948
3.78346620965354,13.6697888277167
6.60827174136094,16.3362044882252
4.75887276149471,10.8821310121318
8.55740955640079,9.17519011345015
7.77163965648779,10.7447840806662
5.69448755907318,11.7736452849027
13.8817360303734,6.71020119850419
11.0995857679845,11.3962250804507
9.94123080370344,8.69813771797518
5.63347163764836,16.7131945507285
9.12641364583128,11.6298058373326
9.86714835634943,9.13793748256905
15.8990147303402,7.87920058163761
9.33028852072514,8.63389347686715
13.7861512092724,8.02578084079283
15.7269312194523,8.434680590272
6.84754991299304,11.5131603756871
12.3644721715345,7.07613689485573
7.11924128536244,14.3080213557283
14.8984538693377,7.84075018771465
12.800316610195,5.93575551261471
14.587112020784,4.88802436571741
13.0726134613014,6.21296799959751
7.93012106755136,12.0024505321687
7.82431456368359,10.4176916659362
8.79531794840488,12.1185132011007
11.3752974041298,8.90723932888662
9.94076605819069,11.9195660050055
13.6057898845947,8.88994573177396
7.46535568432304,12.8884596285646
7.31358925553238,13.3363376888506
6.94992780503037,14.22079391978
13.0463260073843,3.95226036654022
11.951196063599,6.91847164341379
8.07136935488096,9.57858975202331
13.3174631175488,5.42193596908872
6.62465834080746,10.7370441424335
11.6644597874716,9.60219144917767
11.8960724690819,6.38371826342847
13.127559409546,4.89108111417934
15.3013591232736,6.32218039869188
12.5693906256898,6.11596061535047
9.10527142476922,13.2661312493771
12.9129750542162,5.41546685872996
7.99595632356909,13.8551913344038
11.4553871109345,8.80704922149225
13.0359709110198,7.77833907420404
10.2694778214876,10.3493228771612
6.83288379889351,12.7112869579603
13.0573220628573,9.58969985592904
6.22315635794581,14.2880796628192
10.5002029059207,7.78150171934343
9.37918261878762,10.9030426149748
10.962726445484,7.81313659835756
7.29846660464738,13.6988077092283
10.018552950778,9.83945002318328
11.2295557482822,10.7782735961865
4.44955880417646,11.7784119502994
7.35328877111508,14.8556781336621
10.4188419511516,9.50984867424104
10.6079307783424,11.8475732614169
11.8629493445647,9.61735502524118
16.7133300772612,8.72508527719975
9.96442149208916,8.17954423463887
7.06150628170815,11.4366808168097
8.82887570117562,10.3035756966153
7.46937753110703,12.9699315552175
10.035770833035,12.8184261578708
11.873225768213,6.22692470859215
10.3387083327396,8.86598146165757
9.07746576821034,12.5854735748297
9.68212541893122,8.10709018524572
6.46412564542123,10.7373697490198
10.1901743059756,10.8086858901076
5.45571776584126,13.1512147220794
13.6367061423995,7.28199238512464
8.21979109295292,13.6568891582009
8.93739198578661,12.7924107683156
9.24912886180905,12.7233153955383
14.1601496999575,9.47013644548293
10.851116309211,9.46578844097046
9.5761846327589,12.936756061316
8.44890277540085,12.8317480293542
10.2411854323234,10.0767466311501
12.8671284398323,7.36870706808704
9.36692963988519,11.5217649001643
8.14483347492503,10.2342110929737
9.6076909011309,12.9986974862615
10.2263662130338,9.86588143914311
9.59280602720409,8.93404388041523
12.751206225019,9.95036538903623
11.8723317697236,9.42768498446134
10.7511939319825,9.11694147313781
7.88896586668393,12.3640057437478
8.30435885503816,11.3186214140786
11.6873608097626,9.18977668986617
10.1681253655702,11.6804258611756
12.1391492772464,10.7147496611364
9.43218835207724,8.25052260667913
10.7579975370627,10.945274721674
12.5945764834895,5.11660953193843
11.3673551719542,7.68970719013027
7.71181168732411,14.0446113036478
11.6429005312022,9.8915605072028
6.86925924747685,14.8481258075073
9.68683275320508,8.5934097358949
10.2103619946963,8.44594899182661
13.0804466700689,6.62977004120095
11.3617440387873,10.635593882377
10.6625214709977,9.12769873604286
12.7964684123412,9.28818233594294
9.62159492755979,12.7558534041351
12.2164750574312,5.35684597246823
10.4308055671383,8.34812791126178
14.4168554457428,6.64010587220072
12.7764924845719,9.51171690532475
7.00135252341046,13.6332690185045
11.1009571468256,6.07527870241594
10.0324873213058,10.995002564002
12.4508015369895,9.75376843421308
11.0755896493392,7.3634509397724
11.7741855995516,9.77015972735161
12.5035779477466,7.36533795061575
9.72440640209749,10.7695036787571
7.78498471901669,13.9127403738048
11.1068145754864,5.8505653036211
14.1803501669829,2.2655077564863
10.9529000425173,6.92056607465597
12.7877635187919,9.09915400205444
14.9101208774576,6.51868863400701
9.05995207467087,11.3053359645505
10.1320092645915,9.71753795093397
11.9604705018134,8.53910195841358
15.1392624845833,1.90133466843933
10.4537079330356,11.0167820739898
9.7068148468077,7.52146146662288
5.49243559522849,11.774999195646
7.83715133281595,9.66802910138559
9.55148401533524,12.7215756592727
16.8168806874676,7.27485260728503
11.6126969771929,5.5194902496593
12.1983384528244,4.56064840362089
11.8216034833515,5.94774757661793
6.10406505748579,11.2565648297386
8.17642180531091,12.7855080500034
9.66420840408684,10.9236464924656
10.1869174861512,9.29769507674142
6.64852690353277,12.1319980377891
10.3257457821459,8.08112743104587
8.41205836987277,9.44912680780481
9.21964434182493,10.3516834114549
13.6565242850792,6.52503553627255
11.7484401417684,6.253536666879
9.26662643205639,9.11823201674514
14.1173789333573,6.74684324606285
10.8796721788686,8.77423599420207
8.55607788953664,11.6087340461496
14.1570014397055,8.4914591859586
5.72022765133958,13.9783815023542
6.56553900400861,11.5158037390904
14.4690720853998,5.38497294151479
11.4824057383269,7.84126348156757
7.31981654553456,12.2309789139218
9.54242763887686,10.4310396296519
13.2696635780745,5.02399388880689
8.81825062657509,12.1480736841503
8.77041188719447,13.6548143117486
10.7355314769028,10.8638585113411
7.10264450501177,15.5096296383793
12.0015558996794,10.1097214228782
10.6751501312412,11.5109880704449
16.9667990654689,-1.18634559879412
6.32754779541831,12.4227993687818
15.7826617235128,8.15045427557648
11.4779713461123,6.87037413928513
15.4016375927383,8.42079613208621
3.93502187917459,11.6386984234884
9.70929637795089,12.9093454391527
12.9129457485113,7.0860148920864
11.5922956072099,8.56222183828333
9.23491895460436,10.0858163271225
13.4675505534522,6.52667027506644
9.47540647960972,12.2665707236251
13.2122234469432,7.8498909088389
6.8543213998719,15.4261535713627
10.9550333286071,10.8285587964691
8.79169364051545,14.0486891756677
15.878763783408,6.91586900157995
14.7209575393135,9.44994069851051
13.1734839457199,5.07474302983017
8.05204795047354,13.181138892546
12.4671849293369,4.52193241282873
12.8440667871935,4.54814063584643
15.5593526475001,3.07718353767771
4.51362148967558,14.8093107876732
9.99741692565192,9.14278841703096
9.22079246624611,9.24930024387307
10.9156811780267,10.5196056545878
12.5454233058282,7.98292342419194
9.60393450481867,10.6179604185147
14.0411263615888,7.39639002742777
6.2831207740797,15.3065143744118
9.35998816135454,10.2076147975958
10.0244432854709,8.25993517687669
9.84600344126667,12.4686855533448
9.12963883750182,12.4467622055952
9.57575073251732,10.0785278045971
15.0260280232893,9.09496581897828
8.39460368479161,9.80805635923857
8.15331329293372,10.0217114283961
5.493703953,11.3674981750732
12.419283675251,8.04949868153493
8.80969260011164,10.6463963505194
14.1735215967667,2.79677129982151
10.1205446229531,8.4597252603727
11.576472139795,7.39455831584639
10.6270887517497,10.0159296726276
7.11133678842458,10.0592622612353
11.3090998872587,8.12109370851064
10.5354627588448,11.7244603700177
12.6872117893672,7.47061978453667
13.7333321395817,8.07478150005198
7.96327695733641,12.5930608881625
6.02538709427136,14.0827903768661
15.1851315224315,8.71449661177417
11.1397598670153,7.37918884523874
10.6856106720326,9.0406382634885
11.3777627305859,9.62809985054635
6.69129562896851,11.8001498316051
8.76729924292221,12.1924190936971
7.37936353569059,13.8686601421316
9.02999296501517,8.94942938536751
8.92748963940606,12.1883951251654
11.6409511786708,8.44948942085534
6.23663463823497,11.6933348337281
10.9854702205147,7.15451577903464
8.88051318422173,13.1325749460282
9.14754846211904,10.1110494872107
6.54341832848687,15.0994522160327
12.6952057851401,6.2451159079627
11.2218378184309,8.61715373130576
10.6162163700679,8.68426750021784
9.38798546394305,13.0633229652387
9.06432167602055,13.4295359153375
10.3034719315279,10.4418025716915
10.5475129779041,9.42874529927155
8.72515595937987,13.2649925775451
10.7406055680366,6.95277273222549
9.96311354252904,10.2753103974693
6.10890710485797,11.9154879811962
7.92403949311281,14.2182671383942
8.55678106668442,11.348970514221
9.25373201500463,12.4781450837827
12.082976869403,8.454501274536
6.90108069751069,13.9468113180764
11.217071780494,9.77735264502778
15.5266921003455,7.15440283456893
3.96277282597394,13.5723884807438
10.8470592145893,8.61318747625024
8.3068050731116,12.528115197388
12.9111776345273,9.43502000954795
7.55370077518375,10.515439640415
14.4992769281248,6.00674312221271
14.9661987242944,5.42308605627684
14.4306681873003,6.89256150405927
8.66860134930649,12.8722385910002
11.6822939162909,10.3636662742898
8.56530229197936,11.073120721291
4.20479700736298,12.3294462618345
11.0729089875818,7.88711235695405
8.96718602607978,13.357334631967
13.0984631247422,7.20619450584793
15.940084753938,-1.12301734910001
4.33010394090093,14.4530509728906
10.6110213996542,8.57204541870068
6.7973407707083,11.2740637690486
12.9219271346895,6.02594703274543
14.4593897887207,6.06955299937162
8.23142173266011,11.1161063353094
12.5777141318467,5.03738980286738
12.8100768148422,9.29650196941237
10.4122645343906,12.0638276497984
7.32880735863595,9.75054678787116
11.9004106247004,5.14218979993355
6.1972414486126,16.4356497419336
11.52479620385,7.54059876787592
9.05947362497639,9.17667002185121
10.7230600810234,11.2586748473762
12.224912269892,8.21135832736797
11.0418996656854,7.27737036193119
11.9944756414803,8.78164389889733
7.11030650057557,13.4311004774029
11.1506847878085,7.72390651546793
11.5397464022161,10.6679639467608
13.037700485174,5.39849298714208
11.5296012820775,6.75077258740438
8.15071272239274,9.65908992445942
9.33399998999887,9.82795705257566
9.72917202576156,8.96828054620843
10.9521764622401,10.9561855037214
7.04724318411779,10.2323497610003
11.0981847466216,6.35528052654925
5.24063606861638,13.7600495172801
12.096090488779,10.3536144545382
14.5556787191253,9.33170595949572
10.1259286268049,12.5004566931977
5.93363050973728,11.6036214357091
15.4907221888765,5.13916042827608
12.6695356730686,7.12296063723451
15.6346668600253,8.73312867178673
6.70290296127714,11.0767465598465
5.54768371383101,13.8368754975567
8.02616840416752,12.2205436591074
5.47349977554868,11.0092395422063
10.009202973967,12.8589854790092
11.5544723547286,8.83709973160883
13.7195853786084,5.74019863666035
7.93404041160008,11.4346101632109
5.94907830740384,16.6837315753216
7.20189356152571,15.3502441990346
8.59773158054877,10.6496504111209
11.7970980956257,8.47184214212337
11.1351103327493,11.3461876673306
8.94963878130195,9.77169963651485
6.84398309353222,14.3747789508326
11.2931404456574,9.25568592285679
8.29361147946677,13.273840559667
12.4398752364427,9.34929685070842
11.184500604347,11.2348523959116
13.0142512094481,7.76136492195854
17.6242892808677,5.62922313816421
7.02076171026342,10.1585388250068
8.97637183758771,12.4852053677077
9.70583563777865,10.6516371790058
15.2632030753425,4.14699833765148
8.18466008015574,12.6574438348506
12.4692484825989,9.98741171499049
12.5393642595072,10.293635677628
13.1764024657362,7.94565473989556
10.8042483313198,8.17767303887533
8.47411493516763,10.7319393737179
9.70296639193699,9.90076363098378
8.89351237703967,11.9813849652159
6.58727247443352,15.8822964859757
5.82637133122395,13.8286555469705
16.0333171449751,8.0765121186956
14.5704533642835,4.88457034683854
9.85495390012286,12.1063050935194
13.4023965261035,8.85480050263493
10.3270843113428,7.44660500666519
11.1677776214121,6.14926176143061
10.3171102613679,12.2288216942953
11.9902770656972,7.67873126761054
8.34120795697094,10.1563036851992
5.54291380384708,15.6967348229548
6.76397863287711,12.1921986864039
6.32568502930297,13.7072609375898
3.63355703437271,15.3157545700529
7.44532465540296,10.6241130170524
13.1264024670258,9.42843905911588
10.7624592105826,10.3349187758608
7.14618175821216,10.4385702981504
11.9434544157706,9.36514389690762
4.07998041941918,14.3227869372429
7.80722824867798,13.6057916521861
8.65278891103901,10.9704686881151
6.35460631900041,12.3857830155252
10.7715261197072,8.30631786723042
6.14289582555091,15.8604083105478
7.61153694773581,12.1074755327115
9.0683402982727,10.7571176193586
7.1238314764613,14.5753393372559
14.9754672276486,2.7456860864869
9.95631314270522,7.45525396423375
8.25546134729927,13.594269705118
7.23178184008957,14.5495509336111
6.6868374762045,10.7866030819375
14.0274589407029,9.59343951642973
3.4298171191013,11.4183081370744
11.3929600629577,6.48511675979476
5.59375181222106,12.3194148211376
7.72871122663734,13.8451303698648
11.85338559221,7.27271501150495
9.61604321908624,9.64879185556356
7.32961520419157,13.1364844139624
9.75066099703896,11.5567141483595
15.2432716931966,2.02281282574214
13.0500987374512,5.82601688373577
6.04070888151102,13.6262468069169
6.81786899150129,11.9247701733331
9.59561215685288,8.57108449411149
15.2446317261378,9.03850666809386
8.06603147193379,11.1034822214753
14.2208921370334,6.07033330970278
15.7137621758677,5.44411235927295
5.02760932384485,11.7507254178485
10.8168993331326,11.2784663130953
11.857491582005,8.05993459571904
9.90321291570519,9.00544477621766
6.25012423664259,13.2990878159402
10.9570596862712,11.7600784338816
11.3951031325336,9.74363834431593
7.85308976119044,14.787343859474
10.2632063400486,9.87225165601996
9.60261646489748,12.5139993783242
14.4277968646326,5.3742211547445
7.60838851192162,12.0689891821137
14.8694631724563,4.88590968647524
9.94554506518721,8.54646894333204
10.0965465989561,12.602927578955
8.44923982010649,14.4651988369397
6.27675261372725,14.8717837543589
6.60811089451649,14.3283465100142
5.72407017838945,11.9100705133694
7.78516678688943,9.69545631270258
8.64250468215235,9.95285732502225
10.0543555082479,11.451831308413
10.0706606478812,9.07724906059249
8.01302746424872,13.9160159639863
9.58648250839001,8.64482102872515
6.62380948044344,12.5322316386944
8.15659010248277,13.3507434040858
7.73304926703557,12.5583894566055
9.26228203049901,8.34004535539297
11.4148591577151,6.08318147492709
9.65211421411125,7.73132589699032
10.3240384088593,10.3938728137313
9.13911966033721,12.3332550600006
10.3684730672257,10.4039701037483
7.90934182969066,14.5911967808907
2.74763662115679,12.074795818466
10.5955541765812,10.7310445502051
12.7755089704962,7.70148331167313
10.989601022656,10.5106265532463
9.26301933638705,9.39394713445213
8.05178704779219,15.0256955014549
10.0914653095523,7.90793744510354
8.87000618224961,13.8458552013448
10.2030069551175,10.8847100091099
10.7641052157494,7.28596555498419
11.5777514637665,9.11750071923262
6.14489873414012,13.0126950968128
11.1226091920695,10.5419922270353
14.0405295434733,7.59972384985202
8.6387972661832,9.22352986414394
15.0593516042028,1.93006301306714
9.19654050590528,12.0307789275234
8.41028053408678,12.9402001206605
8.58815757582415,11.1371933065324
10.4540149094136,7.17814041016265
9.71616254101591,11.7356021725551
10.5099191429622,7.94150537730982
7.26604100302947,15.110970430392
11.7808918460872,8.86525546261418
11.2424061761165,5.6334016928662
7.62452144815491,9.5248504657795
5.56162713136656,13.3960095789017
9.74128592196876,9.54204361486935
13.1260784351329,6.39147693276841
9.01197072071603,13.1014149058173
8.32737805757533,14.5647700778856
7.09248600011171,13.2980001234134
9.62764018090073,8.44923830537601
6.75509300513739,10.88657046219
13.6336668491419,7.37292169459442
5.59409682582438,13.2318018858092
8.56943776097364,9.06286124418672
11.5342190210224,9.40251259955675
10.2357927142232,10.8507896780886
9.25280888937542,13.2913139686429
10.0823743345882,8.59227856775917
11.9153155913879,6.36809652520501
Rho_s: -0.802008214008214
Rho_p: -0.777819172001432
IC Time: 0
