Rho:-0.8
N:1000
12.0607388392929,5.07387274517658
13.1990893154917,7.11576530580422
11.6101018323117,10.7539140531339
15.7180860730194,1.924955393646
13.189478902409,6.52172650542845
14.1110307811451,9.34847531022594
11.5833754823985,11.1002901545789
11.209289992572,9.09306191873656
13.5032547815688,6.02875073336343
12.3780383363381,8.15190950589062
6.35948873812471,12.4260266571207
6.98315761838226,12.0974276871057
10.625708844257,7.70896818576095
11.3385327684354,10.3534803029978
8.1375820104397,9.67660094458107
11.3240286686561,7.30566520433064
8.93740349586849,14.0450672485883
12.1320561469827,7.38472104653753
6.93171575940166,12.8776593662906
17.2861257522292,8.53940900139739
11.0277810221899,10.973447391646
6.14167897042472,15.6172298370694
8.39781821303019,13.3472131465325
11.7909217138887,4.77902533707458
6.88816993801169,13.8024679854803
13.7180746846482,5.47654483393867
7.17713970733433,15.5901443752511
8.82110662179092,12.2392955738854
7.17688883138861,10.4078255061489
10.3792457890316,8.04686639777933
10.7354107676422,12.0161242666429
13.3814483418518,5.50618202129569
9.68213805474933,12.8779408909044
12.722053367222,9.64080758690921
14.2975335962539,9.15780074958362
14.5169662535444,5.42321402391082
13.809408781397,8.69414716022319
7.07840704888461,10.0013255308378
10.6854664083459,9.17348657458885
15.2238615982757,3.62953138077165
7.31159916344321,15.3179454367116
8.00798972593115,12.6622180970892
10.6723274632364,9.41310210450223
9.56561314826326,7.90034089943405
9.90381619235706,8.31139929407317
10.7200548817495,11.3403741979585
7.86778167683301,12.0000035020709
11.136904495214,7.64630457735717
10.1774917816935,8.73678686417793
10.6473090937873,7.30102542631402
10.0433383476368,9.15950692573891
5.44521611991114,15.1850694717988
11.5135129464101,11.1802930952954
4.0341078919876,13.4558802514343
8.7937777085393,9.78475679106668
7.96090283133641,11.7180914775548
8.44623931127445,9.18169848358567
8.65342931041045,9.59800951914091
13.0059394514667,9.65704039300035
3.74154027305754,11.412489748838
11.6484799191476,8.45522135509798
12.0034689857901,8.61819607178425
8.76261554089692,8.81653380421997
10.0239665665694,10.0461005669562
9.51983527532077,7.81463024822613
11.9947507519242,10.511582940708
11.0085050760701,11.3317982242549
8.58217948045742,14.4398429451439
10.5894197948346,6.95400604810723
12.3920935928908,7.15495787266687
8.19662929476518,10.2367752885007
9.88654368731531,10.6821261977024
9.51035544271857,13.2896652589727
10.1485304219284,8.7981713784661
7.87510173315346,10.0374032450649
13.4600826794017,6.20844922558634
12.3991353641167,10.0095682942008
9.7998878685823,12.8156738552676
6.80046225728621,12.0417927295604
14.4224948282322,7.81335197640852
9.60670392666635,13.1916391431571
10.7046722703225,10.973443106202
15.533372933823,3.11628504651067
17.2261931687903,7.11731635006355
8.57585062215637,12.6602689524672
9.82803109429938,8.20833385705484
11.1666427651737,10.8859358842814
8.55202621072466,12.8295299371395
12.1106870994933,10.2251453475318
15.8010053005733,7.62050112651387
13.5380459687566,9.21540249995904
5.155092331038,11.1868631031941
10.1230257245696,11.9941672456961
10.2257070945167,8.16120153976194
8.89680475731066,10.5212603522191
8.33832580438514,13.1436508287167
11.8754765700686,10.0159528217752
14.088670969205,5.83124405740292
10.1553679063124,7.88298399100643
13.8831463354249,5.76981775550369
9.12848856553679,12.0936891291181
13.0039874341752,8.2569568207735
10.8173124830359,9.26858618297163
4.84239960572884,14.3795095021168
11.4534216595894,7.80499786809952
10.8604534652332,11.3564672800712
10.3965214048431,10.620918472798
9.65832905547021,8.71698853162441
12.4678744706915,7.60011223874242
12.7876901494471,10.1744321239458
10.3283300811729,11.3203148240842
8.73487327040049,11.1827359257863
5.87767542978763,11.3237756526455
3.75399022602606,13.3430678250777
7.1933855926145,13.4095432014727
3.7519315774252,11.5302122764203
14.1308601111901,3.09087752564859
7.01887853173293,12.5561686485204
12.5617811277827,7.73009250642728
16.9765910784544,6.33146374214657
14.0428640449054,6.95257587405585
6.7373219115365,15.9478705642607
9.26748651097915,10.6964400516636
13.8740414332382,5.29930149995874
11.0623366875165,6.4413081819339
9.24787364302499,13.3005939688759
10.7575765491814,10.3487637384416
13.5860433335603,9.96677825854
7.67122548333411,14.9145818182666
11.2860693600524,6.40907707695697
14.0956695980493,8.12293368017724
13.5775704324458,3.38759524967612
8.78561571271396,14.1284232675209
9.41620797042234,11.9102246175157
14.3885995268699,6.83152089276779
9.58382687871934,8.42792469617341
8.05424274748896,14.1944448968893
6.31628748470523,14.3662780839079
10.3243366789545,9.71306101401939
5.24294564849472,15.4474266864237
13.720625974311,8.75904541437071
7.77436726706077,12.9990641411716
9.22930609018484,8.73246311889909
8.92968173141731,12.4989905025343
7.17419985939308,11.3284079605816
7.07826776416745,12.6397647370111
14.9314957947909,4.99208443737006
13.1102384595248,4.23063453798055
7.03473586706323,11.6576152895965
13.4728915411133,5.647784720222
10.4508128689215,10.8038528276922
10.8247240730142,6.85798145126833
7.52025849012582,14.1552283047697
12.5009016226066,4.01593482661383
5.59719500885177,11.0503884781944
10.3303789870333,8.83312885922488
10.3859701762683,12.3494758991422
15.1164990474153,9.190527847464
10.4291639416207,7.96530324579899
3.72577057416702,13.5308720780268
14.1839298775057,4.87889566704936
9.73963328390937,11.376120559745
8.57295648297202,11.2593043009881
11.7943330167795,6.63053895455976
12.4127187067111,7.70834604904021
10.5281938491822,10.2010068623872
12.7466168552265,9.792190270763
15.0626688734968,7.9629926075781
8.29413292801753,10.1209913648689
9.44490319023544,9.06602227626232
13.3390724155252,4.95433884646878
8.28040059941249,11.0250472719703
12.0563555316497,8.22943076562993
12.7973283781955,5.76571368972748
8.69304937349845,11.4530127482429
11.7873386114634,6.12267073987341
12.3851840610643,9.77401943141028
5.93320143496074,17.3382588073761
9.1960853781173,12.6128458462557
11.177400465858,8.3211896310634
11.2478035612548,10.3850553964478
7.90987557812128,13.770956679081
10.007871921402,8.68922416711087
5.84878241814721,15.444886522891
10.4200496346339,10.8389697830747
15.3086658175683,3.56972605156415
4.77645742821874,11.6058524875185
17.8972576270793,6.15564881110382
15.1708176880568,2.56841776494826
8.3603289370918,12.6225135201185
8.45182211318364,11.1594738035241
10.407738286173,11.533507617632
9.56450341207193,12.0837084375717
11.1181176785261,8.08143584065703
12.5679622939229,8.68333515208819
13.3036638491387,7.28801450778584
12.4188664148078,5.25623874019893
7.88929394940683,9.42138507957791
9.78612592755733,9.57604313358613
6.16591612273016,12.8531940085839
7.47172709256838,15.1341459749987
9.99085985430044,12.2490312944961
13.4279819130335,5.79844746975271
15.657008575221,7.90044823709843
10.8928819933064,10.6456898391694
10.0867405149102,8.19238083371772
12.3977201037548,8.58037898864306
7.82271316657154,10.3644492350945
10.2276519551875,6.98333602926614
11.5986198206817,10.0141144973361
9.44614679927925,10.5401902050725
11.6696267218717,11.1749540364428
11.0790424265479,10.9334700164788
9.14933167953762,13.1497841283564
4.59300754741498,15.378832111882
10.9740353580007,7.47256311977687
12.1197712918417,10.6894554455898
15.3328341682053,5.85858769429112
8.73520900500067,8.94950766009861
10.3776223128565,11.8666624219174
12.0109919231862,6.94534012160476
10.417575350798,12.2293486381013
8.49728019013098,10.0714042602442
10.1191508987364,12.3089825399065
9.44811189413717,9.97843984851188
8.68096381889704,9.41972998083892
7.41638377824603,10.3272096677076
10.4138888358057,10.7613710061246
9.33399705781272,11.0670397095283
8.94791271365714,12.0014460070212
13.7712406328356,3.37687147744204
7.06261118661716,11.3318730956411
8.81189808709825,11.717997851495
11.8690864328243,7.37489052928567
9.6999333504953,10.7327054080507
7.97797758251894,10.2215038355205
9.263976955078,11.1458224118119
6.74477866280957,16.490065111507
13.2604289776391,8.82124380772559
5.91273144956877,11.4222027758624
8.36768065270364,12.5190139237314
12.3134885029151,5.27956652889413
9.90646008633033,9.75626909036379
9.16602682932719,12.3451785372612
7.45026656725795,11.3970518994116
9.85412102448423,12.5817924763896
15.5990790471382,7.92209397499163
10.1298135864133,8.93887933122766
15.9197571573064,3.49266260922413
13.220020489074,7.4585377156099
9.22738331667234,13.2985622452035
9.5722711103605,9.74816692652946
4.53502181041571,11.7661652710422
4.82430000564598,15.9888142285615
6.64115203938985,10.6637638155305
9.78910329888451,9.94752527461216
10.1406209521104,8.55882839797875
11.712206963932,7.35607673594264
8.39198331304602,11.8082272222139
10.3719483610034,11.1231550498073
8.46169030587997,14.5423788191015
9.92712530419118,10.5812076558169
11.5407024428576,8.77367452165928
12.0981203512778,7.03855560885038
6.954916753026,10.8705452694937
13.8439242450814,9.36947190335635
12.5481473128686,4.86866488903225
14.9948247083686,6.41345584277072
8.04377556695214,14.6624590846127
16.2386382180818,7.39468364021655
9.10545053331189,9.51731541906232
7.08309998053082,14.7412239072959
12.5978454180785,5.82096808375846
12.2510994609365,6.75215821435866
13.9194929160518,7.89397165921933
12.9647039761419,5.83856298998818
3.82928670249989,15.3719396719065
6.00083554060495,13.3982097046702
9.64453005849218,10.0280484511432
8.53809812183585,11.3177937856441
10.6878137574389,7.82457792807968
10.2363855593477,7.65764712268409
9.13761534343055,12.624863155965
11.9435779759987,7.08003950875336
13.0155772353443,7.57848643562609
15.2210886929858,2.52291319561713
6.74230478425367,14.3815481311072
7.09656615046874,13.9747205763795
10.6465544659781,9.89869714151754
12.379877504478,10.1435362277406
10.2297865718756,10.1399017682319
8.79670408812568,13.2489855916318
9.9850012679232,10.7132288292179
6.10172973362054,13.6873382899412
8.20190901366621,10.674072033017
14.8765012109112,6.13594289889199
11.1860800284253,9.34247641362796
4.91660081556943,14.2864971410465
16.1776575663158,6.40370388916719
9.92861506394851,7.04894094284018
7.41654266913159,13.672361330802
10.3288160954804,10.4301345279568
1.81284770902965,17.3269831612782
7.37982728881024,14.56430845217
6.65426145835191,10.3885031871816
16.4480614902401,3.88620756848812
8.62144464458814,9.96528736169334
8.24288708887767,13.2776225201689
9.13039292756393,12.0441778999808
13.1876061645231,9.2740049274054
18.5478740442726,7.91975916464942
11.7510757104852,8.69590504901682
7.21607025249761,10.1159759547654
10.9953146507258,7.21440215829519
10.3583618683231,10.7591648756485
6.50587043935657,11.8098614595577
10.1232356132215,8.66672408308689
7.99316387064787,9.58308415213063
13.8256616886513,6.79583228488648
11.0312851187538,11.1303703334598
11.0204181356478,8.80863539374556
8.62680121032919,10.6517862857009
6.25751487284407,12.7031703077891
8.11447733764153,12.2323164232055
7.10768542957455,11.6307745980126
9.51015727909946,12.3120640021672
6.21623826060967,16.1941633296706
10.6977609923828,8.24279879478677
8.25341764862479,9.923374023582
8.03312881450282,10.2814282946779
10.2679666037145,12.6765824363809
10.4490760858856,10.3906325113333
11.2912191596404,10.7926477475228
9.56405004510436,10.9882685863932
12.8735075830466,8.45781897832665
10.8222881591787,9.82805002329138
12.773560081402,6.87118507706447
11.0163253224574,9.52978731361825
11.1759604395025,7.89230772693547
4.96145121841907,12.7920837956885
13.5722272791748,7.3848114906843
12.21254021086,6.98800423105723
13.8795781273793,3.34810380807305
12.432990498577,6.08803544834014
3.0473478256877,14.2262012624849
6.43618287169124,15.2010560039425
14.721769815724,4.17822249420369
12.2706312516933,9.24171002705074
15.6263782575272,4.05352334508306
12.2346393024431,5.56866993105321
5.84280391854753,13.6758766461409
8.95768898209933,8.6241752171771
8.99728220528378,11.2630170046449
11.9308750361166,4.72759604064695
5.64894816253477,14.3847177717204
14.0683783328474,4.07516958402221
12.1426276195384,9.80277836246143
6.08558836483893,14.5251482694425
6.49539923346247,10.7922073879549
13.0259441108576,6.56299525113837
6.62000744729567,10.1878843146338
14.8375306464177,7.34123239038953
5.0116805537968,12.9578890588249
13.5175845184608,4.221968171523
3.76739364620752,14.3721197064343
8.3828907633497,13.4960973198675
10.1368936070821,9.4316076457603
13.4702880348197,6.75138917105396
9.66675752781758,10.8901564261509
5.36017168359834,13.6828320984428
14.7185882448294,3.76154404596954
9.3044203355499,7.92238049784446
11.3328505856028,6.6755179846483
7.90138281885056,13.5980661081914
10.1797760917976,11.7569255515317
9.62814524553797,9.49498937900006
14.3082506932732,4.1456351010487
13.239726008569,9.43541530974197
7.57709003492118,13.1402769804672
16.4829092566358,7.5746675015398
6.73431154354366,13.1138155103536
6.72740154019854,11.333326568739
9.11546705635149,11.8176389902101
5.49641457994714,12.2177982962181
12.4576804005106,4.45483097021727
13.3598732169339,3.55191433986305
6.20775467091448,16.6681008495138
12.7900209324858,7.42875705255333
9.8366307243435,12.844271837044
12.3287787156605,9.16528919266818
7.12138858202034,15.3769918265225
7.56743848904196,13.5636481330632
10.0409620833833,12.2512749205241
13.0650877960189,7.18336652051148
11.1708889443301,9.17544268451256
8.78919972309856,10.9442678384595
12.709880140223,9.1616918680745
10.965500638261,10.4822929018701
11.354185235072,7.22676290916005
13.0896599536228,9.10414006535911
11.0256540802022,11.3407393892139
11.2659400563453,11.0609393526816
13.6427792705603,8.07677937401159
8.96745341700976,13.8015095149959
12.0960048392559,9.48639190165677
7.76319307154107,14.6618667524018
7.37187793147,9.93339616442055
15.2123014956495,8.72041536602808
8.20914807938978,12.3489654022592
15.2213896927178,8.53928121598272
13.9423491345367,6.2451935787061
5.3119894527671,15.5244737662374
9.8769657534705,11.5540239682837
11.9405253600239,6.45691241330993
6.11890648766512,10.9298257605384
3.15913767570461,19.2423517708192
8.46154388333015,12.3641928583325
12.4972216003513,6.57274877300837
13.1265864586858,6.90840237450515
11.9603952602681,9.20132420361535
8.63968353956263,11.9156091752342
7.58192526549776,12.1577398933019
9.29421216087179,10.9003735078781
6.13590181778193,16.3581462280415
8.29069843973288,10.5557156009258
6.10940367814585,11.126388652011
13.0823193918696,8.83549135854447
12.632084540525,4.66558665476972
11.8653231061807,6.38414258937577
13.1230809953419,3.8979252452458
4.98492410536896,15.8575946681647
12.1249781996107,8.96834133435912
6.73997944467878,13.9131430921658
14.374178699061,8.81822964741661
9.81217066187521,8.4492067935938
11.7428767283827,7.15573094132705
13.7953117362442,3.64225238964236
9.78250654652376,12.5590266953421
10.0721902594143,8.1354253664684
9.26892073585878,12.4460279663152
8.13252700796511,10.2926881017746
11.7616818112283,9.51847641283432
13.8334309381844,6.14608441146538
6.98730674198377,11.1366348742296
11.981871224093,10.5915390578057
3.90787289737905,14.4287790615528
6.98359566331448,11.0112393499828
6.68320343625489,15.021464498714
9.36154051803397,12.2991955365309
12.4794556356281,7.00299255553511
8.32034090089867,9.85150594184471
13.5379459856297,9.59111876982258
14.4136745393772,9.31445300407207
7.40389941661157,15.1302447382658
11.5085956535164,7.1461416810146
8.92932226106112,13.4476019665818
9.20069195887184,12.9151158893018
12.4761654595046,10.60636132744
11.1150349745046,7.79287543690943
14.3585767063569,4.19286487986494
12.232972455468,9.18419195815924
12.3054753463612,5.90206335331541
8.56311540510001,9.29119080092096
11.6061263274987,9.65672286707815
9.86495244225923,11.0632304454229
12.3791220997822,8.61566735026178
9.94598658135322,7.43176523378241
5.57407330493734,17.8150134808056
8.76748754006503,9.13104116577289
9.44454300840197,10.2037047035472
11.6300430140802,7.27018719812485
14.0561725274556,6.29803683240394
13.416914548099,9.44063892564371
10.3056474018169,12.304604186003
8.8701428965558,13.0647984489727
9.14767162633181,9.65173795216318
10.3099130249067,10.9434847414625
10.7549688025276,7.29976355160682
8.16666506633134,11.8853871633819
7.1568971878067,14.2669557038975
13.7819605632187,8.70066853855561
14.0334382558427,7.10466058556015
12.2354280987257,6.34833324967869
10.3730812303339,7.41851117338394
11.5739429940996,5.78885508474215
10.8902047166029,6.48202785981153
9.37914106465491,11.6876478418317
12.3508749973621,9.81836871843166
7.22156673521563,14.1997332334977
13.543037440368,4.24085953960776
12.742438378556,3.87335523286848
8.0417214513052,9.56558463510954
7.60493661106847,10.3122367289686
17.0605536306459,5.01335445695636
8.25851795725879,12.9509473280385
7.72248628082006,10.5160675295468
8.86506925199915,11.8710289941172
11.0589126683614,10.6089035997379
11.3484607482437,10.090909386281
11.626368276508,7.61497461679027
13.1912034740491,4.9806890777116
12.6346663499966,9.48403322440119
8.21140719276852,9.38857564155677
13.6269172813398,9.73345238516568
7.27946632604367,11.3142657699031
9.31425432172874,13.071318676067
11.5894641900711,8.84475683805537
11.3809535807172,10.5260810835008
9.03142153765321,11.7141881194184
12.8304345763339,4.52434160054088
9.00366558217639,9.74394722478663
11.2108487748076,8.93848956917132
12.3230006002233,5.16989456378759
10.0361112533939,12.8730870534603
11.2039350591109,5.77451553873656
10.3081927569389,12.5967743380427
13.1605422830879,5.70865137170217
9.55969047818711,10.4768141534808
15.1670719339671,5.9694867387409
7.86118270995888,10.139216659188
7.8039219108592,10.9235904232909
12.2633160344146,6.29489023078159
8.26672491794848,13.0000140231322
15.6739245118865,4.99236430550752
11.9601972155122,6.30331414428288
7.99201555936246,10.6764522961854
11.7205229740993,9.48565490596845
14.7126603647985,3.3087908822686
14.1677382351695,5.04515343194448
11.0598968000758,10.8203694093358
15.4182197448988,4.12291763276767
13.5491076541726,7.42598178353759
14.5132676668741,5.48281063978342
9.66328737837992,10.0960276568576
11.6081778701371,8.41511010508196
10.0616047271078,9.25979374408703
9.83574744343744,10.5095516705106
11.173587457214,11.1389741363622
10.5839275433041,10.2592310218484
11.4246922218885,11.180226392276
9.74187561847203,10.2951569839986
9.88987238755969,10.9139243218348
9.91844633273782,9.86864692707839
9.64289593273478,13.172320179274
11.5215876290856,8.15136241976905
12.7080998451421,7.80614189599015
12.4568768322319,8.02285291957073
13.9864157758042,6.49590956591348
13.6250567316398,4.98345217191094
10.5265902463051,9.72455179017705
7.53842827483947,10.1115509478144
15.3017972598886,8.79996307465373
5.39444372781917,13.1854100893561
7.27371045400665,11.3151991071446
7.50421791913682,14.9866299005433
4.15273316818667,13.1844794435072
7.95875568408096,13.7219110241352
16.2554445135503,1.52450190646582
12.6355141826528,9.07796223295772
9.25526153674814,8.96364451802072
12.2276663664899,7.33472212230827
15.7124797379863,7.92898384751888
11.0208474009568,10.0056444293772
11.6137308227459,9.13578547740182
15.2776422316995,2.6971660328615
13.2414845488494,7.2816888102634
8.2566247983007,12.1445803375037
7.60437567123583,12.9394460813034
10.4346285519543,9.71147094201318
12.4699173146396,8.99352782036326
7.06615987752197,15.1642915775419
9.02395767741634,9.37901816362032
8.36434381423608,11.906346862353
3.52739851389532,10.8041464454628
9.48526799620447,10.0820633430564
7.68482310197372,13.8301310895846
8.11262007155795,10.3418785870336
9.58711919655128,8.41603537794784
9.74790744771445,12.663820406095
9.83174276946048,8.24932456069607
11.8129690953926,5.12175472974261
4.91178628326731,18.3508399472387
13.4165165460968,7.33373151572752
10.3817701643935,8.55197301376708
6.11000931100203,11.7410109525901
12.7948661242007,9.49737643778857
3.78805176062693,12.2217854123907
4.1008717421673,11.6513677946854
9.84934612819339,9.77748038166835
12.5137201679397,8.98445098487436
15.3850466427297,4.5909803295012
7.49012293090149,11.6254114362405
8.68425968273033,13.1736705172797
6.86154211385983,11.6665777458072
10.9363744737454,8.51217296825596
8.93020379228729,12.3389908972088
7.72745061995262,12.7030825975252
9.99085025547182,9.43537044141632
10.7089022043481,6.70849790033472
7.31853798490921,10.1854706707914
8.99097127433767,11.9609185143739
11.4426613927514,5.64221134919695
11.772253420982,9.45129418896983
12.6339278289231,10.2305870154903
12.0880433328472,7.29439825569039
8.255836073458,9.19666101686558
7.04079559219733,14.3951922425874
7.1939658067292,10.0827039127715
10.0622303988903,9.76192148393427
7.81301015117445,10.9520897557531
11.4369601185681,6.87081754042891
14.2454050693798,5.66863648625222
12.9016367813916,4.62909543761927
8.107203379836,14.6585041814074
10.3142003585062,12.6600771198989
13.7203059541105,8.64116769568981
1.71341776988447,13.8438613178926
10.1617845228892,11.3932943280192
11.7459105138654,9.40305379253732
12.1855453080336,5.84226274488201
12.6740130896663,6.4850328187665
10.6255056413528,7.75362797978802
10.5719948899173,12.1575377367793
13.0446692982922,7.09368806239571
5.02549141746726,10.9632013599823
11.8519571312254,5.92728093747971
8.65481447497364,12.4751474317618
10.2759414591927,9.70896794090659
9.94959049217522,12.7674718704757
6.99421901860319,10.9778096397542
17.3908713541942,1.44821463571742
9.34832729451699,12.2258184575056
13.9215262334379,6.10995585499728
9.92542989665399,10.4551341890851
7.89258495901864,10.492368982061
12.2737237641364,6.46787284609431
8.19097463520615,11.2670297360868
11.961493324147,6.34052875679974
4.9473537261538,13.6237622460416
11.3215853643734,9.77876803990234
10.6342118634407,10.2799164684995
5.15211698319765,11.6458959729995
12.3135088173667,8.14730912069351
6.49876564467725,13.5671502220597
6.48512068660592,12.6469124798643
9.86731802284926,7.99147423453808
8.37753142194933,10.478659376934
12.3387086562236,6.40381680543136
6.2582155239748,12.1780348715599
8.13945945941762,14.2414801069689
7.17892331345282,11.6945956203249
6.95241404195182,13.4106837163574
10.807557579414,11.5556911874593
12.5300776139941,9.00177000287617
9.72888111784012,12.1841253565226
7.72490371591134,10.2580208980278
13.1230302381823,4.72166423848571
10.6512239838507,10.7540697687661
12.5730023484967,7.43454787948054
12.1897364937359,9.64330987525958
12.7765941948569,4.00874768295168
6.4524248929555,15.1119428206446
7.45701379550991,15.1715083370699
15.4262192739045,6.67211323481605
7.4671115453446,12.1887950941898
9.88046397373466,7.25522901650821
11.398987915416,6.76954931248302
12.5029960909365,7.07169179403377
12.2716819020947,5.97612461218979
9.52963140255706,9.18762972765859
8.26096298889043,14.9800456357792
5.23619543300646,13.616970905431
10.569440436141,12.0930990203642
6.8628612220471,10.9991593571862
10.011900944977,11.3919183425887
10.2026139173661,8.51567755416642
9.55785437037552,12.808326999976
8.13489260395455,14.5851878131962
7.49194931338674,12.8964023196216
10.5447461901152,12.0156263941356
13.0456548708866,9.78124268349439
10.8012588861636,8.74475501966616
9.42107979254276,7.78888349195977
8.022907238649,13.3717970598118
9.71032430501601,7.77816324862229
12.593728266487,9.18076076316011
12.055512177228,8.85773970989444
9.58274243913545,8.0514043113626
6.01710701921641,13.5659910309514
5.80582694967391,10.5291096206022
9.17223568880249,8.58215141930816
9.26516609012456,13.1987970584004
12.0610305138473,8.02189842774375
7.66016112671107,11.1047544687806
8.84193919587891,12.6938841713232
12.2232333099392,8.64135084588303
9.81207168880553,10.4473405257153
6.98239131777007,10.233422719312
8.77502652806549,11.0553843470401
14.1393849567291,5.70042875473841
11.0772696583742,8.84700657395382
11.8059592171893,5.74683499543743
9.40334650927597,8.58755136728618
13.204164155219,6.38766970799227
10.5259156679923,11.2942111516807
10.7883518415335,10.0906846431652
11.1296636868564,8.96486878306313
8.57387168825739,9.59679654745027
12.4679206929163,10.2137688435139
13.7791640743098,6.15417360016582
4.17817244733152,17.9587561851266
11.2127061033203,8.56075304181793
11.2319380350838,10.7082471314635
9.66583162549868,11.3387787673647
14.1652705759439,4.82740055585528
11.7658374651771,6.84589374377741
7.20071751317488,12.924897501156
10.3689310807692,8.30307212703204
10.5354412200893,11.2009478546409
13.7374032766228,6.32815331610926
10.405357541641,12.0825549792336
13.5527765436825,9.50064273870519
10.4086483276262,9.12778394961124
12.8543069978399,4.42163204920173
9.31942332735519,12.272728996396
8.38882355457122,11.0328735791355
10.0817044342996,8.81060718271606
9.02180266761565,10.1782673090547
14.6203662722924,3.45677965185632
10.7559480031213,7.09161631202713
10.1480114364339,9.98007332579096
9.41025671206355,12.6675363632625
10.5389927896458,8.02480008411259
8.79005902180842,9.03776623812628
9.96032581152583,12.2222695796963
9.03987199843245,13.7420723663185
10.0705171913436,10.4159889636871
8.2899155313336,9.43925202967331
6.56002929848375,14.9924435660334
9.39732753748502,10.8797490999789
7.97129723941026,15.0548735943994
10.8317976556186,6.31501614630711
7.57339108301732,13.1517701449747
9.17266738438552,12.1901269432771
14.0249375130882,9.44564815424813
8.98893424866593,12.0542567560537
13.1858543991279,6.32913720572296
6.39170625577498,11.821371698904
13.585345172178,7.11800837933186
8.45392324969311,11.9715640337742
1.89773794859793,13.8925714676721
14.1337231992128,2.89529217321338
12.5490981451231,9.53226204522792
10.2406897205254,8.9413629258899
13.5443476757247,4.51358416247319
8.42658158712267,11.686888827826
13.7314184495518,6.62885922573335
13.2261450653134,7.50636302102273
9.31786233900252,11.4860546676687
6.7712530985616,12.3879270781455
10.9994813150833,8.93014986702647
12.9089053047383,6.98352126660463
10.7879333360823,7.42513334511187
10.692952498165,7.09838554547827
13.5106657817781,9.25004268491115
11.6236633222154,7.472507836952
11.8693303582497,5.22808477722811
7.8356913889171,11.3309644911555
7.09294597780342,13.3721254142816
14.2156262680919,6.40028255130739
17.3482067296626,6.7545480343837
7.28023935617033,15.4898739226525
13.7878610843099,3.82047701362001
13.6031426144473,7.90383957517243
11.1252256899577,8.94475915643736
11.1082518629265,10.1979275038771
3.77186765036322,14.4732289719745
14.2654414393511,5.62240617619985
8.20470011057835,12.4602136659543
7.72787821380715,12.8365904721649
11.9222203883394,6.74071993037162
11.6908792877124,7.61963350828268
11.2718302621806,10.9384406533264
11.6224730368339,5.26729272475133
12.4758365491063,8.84243831619598
10.9300352685543,8.29080528480507
11.1227738532651,10.4691535975872
13.668513947516,9.92472466398567
11.0038656556688,7.84839838357331
3.60325321469934,15.1249953548452
13.7026570409802,9.7006219125786
9.78100943725695,9.94207459251499
6.37626774678104,10.8806443823207
2.52174501319172,19.5212395862803
11.0013784739468,8.70205307377397
9.56186643372166,11.5632477324239
9.49006423642206,12.5761693082588
9.23976243382051,8.30200069255244
11.1104230663877,6.8111698641306
11.1964087983914,6.23364316372379
9.72379733770362,11.6872702281433
3.09055069807671,11.2415519071508
9.83196224975233,12.357746729217
9.3861828096256,10.0121056835032
10.3741754922747,12.4644301845221
8.95795444730111,8.52262837561541
8.52138961857639,12.8424758933813
10.5909131811439,11.3883035584902
9.4941431700278,10.0264659455001
9.29346067226563,8.31600201724993
12.8279247773476,4.3736552748417
10.8166857923775,6.12937789351581
9.72123959092454,11.4396172617489
10.5287304069598,11.1232872532416
7.77248686020085,13.3933109433504
10.4314349520839,9.23221320010334
4.26059545985924,10.8343878370869
11.9421897304724,6.27451826692651
12.2529128030422,7.53324976712312
13.6176874231764,9.15001470896852
9.49378479060684,13.1155012502147
11.4858538022056,5.73925134483867
6.4524482236712,13.312688555612
9.05044829016843,8.74071193021198
10.5349682895033,12.1931834273557
9.07668430635443,12.9258782181128
8.43224479666344,13.1030447617664
7.0433694773828,12.5495346563069
8.84558396542821,9.33945927684293
10.6581409323512,9.28488788465995
10.3941569586737,9.60126638164547
2.64067406734702,11.9583492253379
8.9703974125055,10.5603529341323
10.0429858667624,10.1580941650143
10.6294254864559,11.0558604212508
9.98402954721078,11.5908281770497
10.5890798438142,7.59113560701366
6.5030237078957,12.2690854721575
8.31289126696346,9.55849221617429
11.5149360033637,6.91269064918071
13.0655627030705,9.41743417701155
8.57297869659006,11.017787417713
12.6997520763542,7.79848243892444
8.4320546511522,13.0141469621919
9.72914303781817,8.37105044308927
6.59951996321357,10.6051465268135
6.8484823106241,10.7588270611453
8.76082137371453,10.9894249022889
6.40753387903665,11.5338090642932
4.49030748135562,18.1297942857077
14.2577081719252,4.88065813762707
13.818015853747,6.91146324222055
9.9171567704424,12.5770515075556
14.9177648623975,6.83290543280528
14.2617896127265,4.6401285122989
7.71632771982143,14.1959265456358
10.3868428908038,11.0287155223075
15.3675496966635,7.92178855969034
7.91616005261431,11.2269351325878
13.9447019382199,7.62244907737904
12.2729759755848,4.62284256450123
8.87478036564804,11.6861183527643
8.54985582728778,8.93014903222585
7.58931161725778,9.63142611566908
11.760619720147,9.61884792568695
12.9707821899464,9.61725110820383
9.85068539363591,9.53285676763721
10.6203272453985,8.65247493960972
7.30587817583786,11.597747519664
10.927124633519,11.6928449361163
12.671645009559,6.05990154013467
17.8366504065919,5.26248618566584
7.35719691934124,13.2222545074471
15.0880998662671,8.83453564452683
5.85928575935337,10.8907945638512
5.58741098272495,11.6309282411447
12.0787390423188,9.73716971757938
6.43070170203107,13.1261075937117
8.14690113517343,10.6758104799316
7.84553148084468,11.9532218311174
10.0266550688467,10.1330454723685
10.400184335249,8.55733624503934
11.4670415579061,5.88193888375385
9.60269866168689,8.42714528910981
8.52896701394789,9.66866210549398
9.98951654914005,8.74265248853157
8.77869343513125,10.5691549204441
11.8328103578851,8.59668189271934
7.46574021743543,9.95035881508606
15.4574619303028,5.56839322389768
10.2243661397289,11.204491228418
11.3147761622549,11.617060949896
13.9202533821117,7.59375835077314
7.29057559845417,13.1214306078369
10.9391952557663,9.8402914450643
5.65618429448884,14.0068964653034
13.1090701769939,9.11769634503762
8.90381119909721,13.7078921452704
9.42239234973952,12.2139961092534
13.449823641968,5.63694683739033
11.32444208361,5.6069991944324
9.54926107194136,8.92551820074235
3.85226171295642,13.6471999216029
8.68938230553715,12.6852275138125
5.99094606131488,14.1926614682317
12.9519335425241,10.3536853312662
6.59914946528922,13.6691726618322
5.77802292681382,11.7264012032831
13.9511337919511,5.84276030671612
9.67341834306364,8.12322491719152
9.89818289235593,7.61457576717531
8.89922694526741,12.108041654717
10.89172206583,6.10733593667184
11.4337663636182,7.40486108873371
11.8340886123297,9.42774967060783
11.5250040767525,7.2296003954731
9.25344517639707,12.2734956907815
13.1015654628085,5.55968522894599
11.2612760907794,9.8676352409427
9.1016588800455,9.78916444905159
5.47781785931851,11.0196030180413
10.1481515039811,12.1307428563826
4.79050064491915,12.0721977364937
10.6684842819354,11.9171625061976
7.13868308307141,14.4517901254314
7.5402406435342,11.4891163898876
13.1979399473274,5.63836187425343
12.907862356686,6.61942186362831
15.6365162759185,8.55713925357707
14.9848239534305,2.92249918797202
12.6740393140022,7.52197401998084
12.2713907067049,5.80946452899258
6.57530741728908,12.2660359548999
7.5354059856701,15.0538407336064
14.0514697841197,3.23580236738786
10.554311601659,10.3322676337199
11.3438316461881,6.9672821673675
10.7024498305731,11.4189702638333
11.4265647457356,8.15674064987839
12.2242270564557,8.08061139832574
9.1953486575633,11.7910925031251
7.37365373152433,14.3698335587116
11.7906938508876,9.62706408755057
9.73938178568084,7.82682687492881
17.888349258832,8.60558924060797
6.68133425835306,14.3166558843096
11.7172051940392,8.12077240743918
11.4681371113514,11.2282484318952
10.2849333105878,7.78240677078644
6.87063253258547,12.5854328479648
10.9870852355793,7.22292952936327
12.1492040352702,7.04647975473686
6.44284105637258,14.9597766190487
8.82027007368651,10.9394307240883
9.69300785397135,9.7352233889596
7.38397529379423,11.3292714835271
11.002303794367,6.08696523747935
7.95236213498378,14.0200447963358
4.75591358641233,10.7070987293452
8.35617786912247,12.5144179870377
7.00906998526423,11.7658658202809
7.99230174608769,13.8622440875799
9.72191780377611,11.6965124036361
13.2005915040066,10.1633017451183
14.4452592407253,4.26172852283835
7.5048456168577,14.5186890803053
10.4951369313663,9.93678876027088
7.57063822012068,14.4193804343722
13.2972067508594,5.58110633676896
14.2311478685731,3.36227472622021
11.6594127744872,9.07566208350202
12.8170696532487,4.48586404637471
7.97078788598505,12.4416379370899
8.24589875225882,13.9002450884784
12.261305290306,9.51130128539373
13.5781594694064,4.43326727786516
7.82656647658992,9.66242040605991
6.78800788689431,10.6580270296787
11.6891821996339,6.72104804335429
11.7353116931957,10.5215272290395
13.8935362953265,7.56868998629302
8.21803904461405,13.7866367545388
9.62433127252056,9.68754832874708
10.141510615991,9.03043812548731
11.1282786707423,8.30201501956067
15.2735441435275,5.53594111811454
5.53747177478241,13.062437114599
11.4959836392411,10.4293931577707
9.81785541019404,8.70377025096854
11.4953355894633,5.53461736003973
4.40690164265896,17.0821885959866
10.1504228084671,12.4780655730298
11.3442359448853,6.47091153982526
8.86091101876903,11.8170199494217
4.1050881853983,14.7169402475819
7.48101006093825,15.0951355175687
8.84819482451949,12.0501680146199
13.9180657527541,7.473886223778
13.1403932284044,4.33442126423318
14.1685689710548,6.24060403060555
Rho_s: -0.802008214008214
Rho_p: -0.780821059232722
IC Time: 0.0199999999999996
