Rho:0.8
N:1000
13.7641625589488,16.9352284909036
15.1122562738524,11.1950019254021
12.6409690687926,10.2516379113401
8.25536516318997,7.83638260815327
9.49243429302322,9.00477128835446
13.1943365958019,12.49315708364
12.1551264618264,10.3422025409374
10.1147269993165,11.6091706126948
6.85100817431737,8.65323322718534
10.6369405081344,9.92165621056997
14.4273973723852,12.8159355533303
5.09144145140794,7.28746960314411
13.8868582724837,16.9092951627148
9.58657257002638,12.1023616266403
11.4896424839854,11.3709493510495
11.0352836850022,8.79660686732948
11.3140193960227,14.1811027812005
10.4169555017481,9.37234854315962
5.89533097041213,3.29029857965041
11.7696945254137,9.00813548875424
5.16912606206284,8.29767604100428
6.60203928976078,4.564175766341
8.88204192746172,9.05164055659578
13.4934606875998,10.2743082815847
11.2285265718765,9.62686569508163
5.35201261602693,3.25349619812982
9.11184557885477,8.90634527073995
14.2921000577354,10.9521138459953
12.8254544291812,14.8782228731093
3.81045520554144,7.38154382457783
9.35698543082157,8.4501490224422
11.0423599915973,11.2822089205847
7.25822524154351,7.54784196286352
6.4433376610833,8.46097444189931
7.00203599345071,7.8563224017859
8.27353794951289,8.3866327994106
13.3195500510901,12.9192954144083
11.453633182815,11.4644085539404
7.02302454301164,6.18183772663565
7.01294914347565,6.21114687279793
10.7092315552381,13.3045803731594
18.0340121810386,13.6622270155174
7.72635086323105,9.90082642411175
13.5870750566357,11.7772534197588
6.52484021768715,4.74649601523407
12.2087133280025,10.5333973538897
9.46769718426192,10.6669528179677
13.9162849732384,15.0527565545482
4.69461743618786,7.54113573769223
8.22468081438032,10.2965718004503
10.5181679808525,11.6017472477138
8.09397672825757,8.47182837459445
9.3035204386613,10.3430662032985
4.97273154048271,5.61105130642213
11.7710218994884,10.3579449212175
17.566802366882,11.0973107818
11.2131320362839,12.4307477331801
9.80917784651996,11.9309429363997
8.38568016428942,6.54640007097792
9.86633968291377,8.52791160157741
12.1453367593307,13.7955560049422
8.9202031144424,6.44566926751846
13.8889835987148,11.9300611178795
10.4118987101451,10.568872845345
8.42310041260571,9.75029944035396
11.4094828178016,11.3407605960696
10.3670255862366,11.4160389002923
6.28453595346991,8.73412715145163
13.8780572802977,17.2864634676107
9.82489302430122,8.9775744843702
8.0138447651852,7.15385907125341
9.77142098564256,9.72355704260444
6.86243403608175,9.95447645697232
21.0358557453543,17.2178608077935
12.1924202112629,9.47911193734868
5.90923224396291,9.38753115566923
7.63900088783967,4.5064979272733
11.2367464065454,14.0955465627615
12.5909795289394,14.3585623137507
15.351181419441,11.7870827153698
6.97591554209104,8.35622882257589
12.2611180795224,14.1672741776913
11.017409212709,11.29137709135
11.1845516048815,9.506913940243
12.4684013559071,14.8604187917163
13.3932788201931,13.4535314540248
9.86649646202017,8.92304870714474
9.25625540720587,11.1142981826813
8.94738431181807,9.73743587181732
10.0412628774457,8.20216030094259
10.0081849716048,9.29400019948409
12.3300726068173,12.7069169818684
6.99196680491315,4.00563644786471
6.28917452610291,7.85442085888652
11.7971185271428,10.2916379861842
11.5981526348118,10.4741570353462
10.7864791231295,12.4071264774145
8.88005403927257,9.65635931921471
5.17100562717167,3.00857808247208
3.89611939312917,4.29038507926036
11.6909712285201,11.7386902172635
11.3207790723185,13.1316711948708
15.0704114426082,17.6715515241653
7.18604910794815,6.97304068262538
5.01633164132653,4.11840125788211
10.9774174376293,12.9123383110242
10.335606042369,9.0251445948881
16.5698814556873,12.3579660259047
13.6013253070478,15.4647160969302
9.46536079579929,7.35691586526536
8.11485216643702,7.63666724922304
4.66642852843651,4.55129938331537
12.6803744515218,14.041053567673
13.0291940907242,12.3332425580667
8.02673654845686,8.67978781590475
12.3659463732387,14.5089919938921
5.96863995619934,9.55631101224169
12.979970555638,13.7606936358739
10.0651150724531,10.8920475656618
7.84003362300176,9.53433997304065
11.375329773784,9.04388920509232
8.12531698866671,5.55342719912084
14.3986057931093,15.1817317543733
9.03727749925942,9.89367899637912
6.01619276887842,6.72771010654297
14.1916476154283,14.5808404362725
11.0567379764766,10.8754367285519
9.16517965858062,10.5849792732165
12.5920338917016,12.4565440615663
7.06063896388689,8.00791585536287
9.20234655945088,9.32389504220772
18.8503687181809,13.9043857628315
3.61081913805111,2.87050887243191
11.1577136517364,12.0425116503287
6.61156251806045,3.35163261017958
10.7039648930315,9.89106416038635
7.74022873086811,7.79686826671742
6.4238574776844,8.11333658849281
8.55045086527217,6.84390576703526
8.61143550217053,8.25540057794149
10.1149909300973,10.1945861104557
3.46049700050501,0.308319221746457
12.9987895792063,10.4959923567285
10.3282541308485,12.510679308867
10.0469671286429,12.8757626736643
11.7307498737328,11.1033488839767
7.15780444162911,10.0086732059934
12.0318081389473,13.7758257140064
13.0508468424941,11.4240270556867
5.95949680462341,6.93608208959609
9.20001211373177,8.15065009474613
12.5843294704949,13.8502672391141
14.2552568670883,13.6079848297167
16.6901562411932,13.2884545340951
6.12652312397531,7.29294848774671
9.93541616797334,8.01699845875481
5.85533359636608,4.04359672596937
7.72726636682336,9.65449663340737
8.58043537001711,8.38823918078146
17.2188362602181,14.7226199418096
8.93012711386938,7.68137929825466
10.1015795017853,9.00920280399401
11.4416226775635,10.9269082231917
10.3283770316944,9.61111818701113
14.7969296805027,12.8453094665553
13.9869177269084,15.2065930631706
5.94465427152551,9.34158217429073
11.8339598703797,14.2809646836296
8.6178051159252,11.3397738483843
9.63618065311747,10.3583967816398
7.33872140996033,9.39354621348877
9.51191608003908,8.71407507194944
11.3165708072209,8.67479602063553
6.35077982235992,3.99806785029124
13.4165520539198,13.1787913018574
6.08928875095276,3.64083309139752
10.6552105102279,11.4823449438862
9.28930072536459,7.83000914029573
9.35546033881371,12.0147058499915
8.86477994664139,5.74039135376123
12.9087940014288,14.710702583928
8.45127056384474,5.8536825814065
8.76842265159176,9.6108417528004
13.9842230909755,11.0546088074533
11.371153020505,11.5270030181554
8.00618720131962,6.41034120651127
7.53294848082917,10.0959069686293
10.0932750468127,12.350948238642
14.602150719016,17.2131241004264
11.6970049344727,10.1759860032497
11.0306421685993,11.5186201995729
12.6708592201907,14.4302397518786
6.78593012078532,5.82676626579538
10.731376040422,10.6226044996687
7.35726642694489,7.22411621695899
4.47046091711012,4.07291531717641
9.83174454259902,9.58036684584449
6.3713468359171,8.34088463352568
10.0330272944284,9.98057695652639
8.80943003465471,9.90705915546186
9.53097460515777,7.78770218097124
11.3476218632315,10.0115575759527
7.53412754368624,9.23170765790215
6.81403682545204,3.25747157725303
12.5132131880615,13.3232393821262
10.161612942588,9.67613255017304
6.18433351977231,6.87094203968357
6.90145956942341,9.07370721964893
7.2384705685482,4.19414515086121
8.61441135190282,7.83853346753169
10.5641163188726,13.1448394227409
11.8465652969522,10.9461931759698
10.2632996290401,13.1240801503249
11.9110285431028,11.337644845649
3.39498723481803,9.22648088781154
8.97368420801064,7.60282949138728
11.5191694331418,12.4390343958589
13.1816927764788,10.4771219553366
15.6583560598653,11.8049324465334
9.90058370729454,9.92291625846349
8.74533654230971,7.8795204214846
7.76891440086273,6.94213249634652
7.45810605539625,9.45075041283907
6.28581767940182,6.17752554125553
7.99597703868091,7.09937030214096
6.71031674260285,8.89250290932444
7.01187855772077,9.07336836448494
13.4956349441957,11.5839768247517
10.4126337345496,10.332652969133
6.08268950538322,7.99572068913158
14.4314234202285,12.2609957480169
5.43870250845217,4.65379361994641
5.57602337287889,8.85772571037167
10.2226832898072,10.7016385746444
12.8621314793757,9.78325582896413
5.08223960856947,8.68163882345646
9.64779264968716,7.87291486756615
15.5952158361548,11.2871957565324
14.9942855239702,14.5508372035261
7.62833587444236,7.84324448423026
9.28115134102411,11.8819255052622
13.1071293702579,12.9950814657465
11.8010843350339,12.5829916551601
9.85488189482,12.2488961080867
10.0486274524593,11.3368498767733
12.8788985616835,15.3436932798621
11.8409636722793,12.065771034782
5.50502546076911,2.60008948272788
9.11517583158378,10.6585615103638
11.7969255750004,10.9979389297187
11.3972612872833,11.5909473312521
11.9877473591005,12.5890272321226
13.1151192447917,15.2234107204196
14.4930588219063,12.30299175437
13.7475405488643,13.7419493137994
5.61456216891388,3.01372394953195
10.7027763135482,8.09010360308951
10.2036789538948,10.496582955079
2.92780752467254,3.6061422897004
9.38085740233879,8.92327230203974
8.88668631423019,7.58778014339141
9.87949411160349,9.45743864640408
11.3681117564122,10.3486381497342
12.3810549561343,10.1516636764889
7.63065154697334,5.5042474798317
4.9988291654613,8.62978202296214
15.2332452433101,16.8048247996224
9.04792367120009,10.6490535797798
9.3627717807603,12.0040938272426
6.31655503828105,3.37433667630471
8.36387362026352,11.2772834443834
11.4066773430791,12.7003922709948
4.86493056489847,9.39531797847861
7.78732313141182,9.91321892409105
10.3608256623836,12.1576842541151
7.15991996380379,4.75540273059608
9.97780768837093,11.523264648093
7.18050076196832,8.89600191269004
12.638872532545,10.9928646970065
9.53108059054061,7.87742438208956
9.80703575173256,12.5576889475174
10.0521404086399,13.0631206001189
12.587434109852,10.2378259247392
10.1534810865496,12.2601676293676
14.738072615292,15.2484477076407
11.9076417531743,13.6537632798751
13.0688123487819,13.7104389456513
11.3335786874255,10.2872558598875
9.56899453897169,9.7693029545272
11.077911837877,13.0138791015112
10.4072821976444,10.4913498424193
5.34140618497917,4.41049772928188
8.1756955501156,9.31380873188008
7.59701338786357,7.39655507212609
9.61443920604476,10.5443418639404
15.2223978510571,11.0870196360166
11.2049181978826,9.77150204598584
7.00351229882235,4.11680930930149
6.4900467191981,6.32893003383965
9.58774383463686,9.15003950921
14.5718407051031,12.1788613320672
7.75800071693949,5.83792879405095
8.9531272211872,9.99578807989453
8.9784963057686,10.3131809036243
13.8257318007592,15.4885454194431
11.2494625116903,10.3002548883744
11.9267395184563,14.1107180258782
14.0682037513485,12.481484796878
18.2287132712711,17.9806339361448
9.31909219816551,10.8978218718502
9.8989024314151,8.99395921466173
16.3074151084156,11.6441022008486
14.7560797535465,12.0357354803199
7.43065778226452,8.35819603095275
12.9568664761957,10.2564521870456
9.1869193676947,10.5377151116897
9.517353735941,9.0610889181323
7.67501987954471,5.94618309861395
14.6109240893849,11.7285474041366
12.1364501667986,11.1228311280901
11.0192301836116,10.2596264568663
8.00434001174122,7.72199946898869
8.48595082042552,9.60940238236035
6.26868575677777,6.1174907905693
12.833185130561,11.9746594942637
10.2085884467474,11.5768649838612
13.3818791202502,13.3651443752461
10.7251788681477,11.3613127330975
7.46342465514709,9.58978721604308
13.4928686318376,11.3885546607824
6.79303352433604,9.55232744481844
11.5885033081784,12.6640163740111
10.0698032214291,11.3067769127757
8.45269930907602,8.18247780651484
12.2137046136652,9.95684964406327
6.56612360369238,7.48879659456818
7.15702561325502,6.61574247623512
11.5842088637169,11.6589715786696
9.96567851301074,11.8158335190012
12.8118814382263,9.66388438546325
10.3075587020773,8.16883313579436
9.24592318248404,7.55606204494116
9.24842740120627,8.32636340929229
6.55448810977685,8.11882977820876
10.9756721894289,9.99085125328928
10.242365957654,12.1589059460499
13.2264217972589,11.5396027789924
9.93048756271928,12.4956599430209
17.5275971868381,15.6701496761975
14.5002261736341,13.8796295258766
9.24182658629207,8.4845860627592
5.05538792381736,7.15426482529609
8.14783252818512,6.15062566653085
10.0920682374997,12.9404176106031
13.2737650683073,11.2513257475911
8.60300662786629,5.9711623538666
9.92716734310006,8.81085989082899
13.2185466374487,10.5514797962576
11.4725114711785,11.8795699330571
13.1572385663347,11.4061723436048
11.2492021586373,10.9118104383943
7.45743491561864,10.1133479613958
9.18053277726743,9.46515553751846
7.1298057688989,9.51584559846587
14.4173235450695,17.494897264889
8.33565598242165,7.91911517238045
6.44620916526418,9.90937088730243
9.85370803759353,8.06920915478385
12.9616107390542,10.1630286906961
13.5902725355409,12.1344686505313
13.5148138810067,11.8686431406019
13.6337728242488,15.8962048855523
7.75246126139017,8.29397350756041
12.7268655025835,11.5789716295217
6.96444103000571,10.3081550955709
11.8799427517623,11.76075279599
8.6263266517936,5.94625247354682
11.9706088040955,14.813213744816
9.34616704296618,7.43632883619033
10.1041672442004,12.8812954441606
15.177940725613,16.9961166681699
12.9483173910973,11.2570407399751
7.36705009245446,9.00150132067175
12.4210691561651,9.60843072901694
9.60621930751206,11.7911746527666
10.7363012203121,11.6491782837263
15.7995398215671,16.2381841353544
10.6249971363489,13.4891375573825
8.15026265164043,9.83101794362629
6.96321108522239,4.43381789324669
8.55115272793865,9.54712912036553
9.61694870597453,7.63994487313952
12.035847458102,12.3771532839588
6.37438772089069,8.97602098337083
17.6676726316546,12.4070641538143
6.83216365161968,8.10312608177759
7.27962188767546,10.1108683526429
12.0870076670153,11.5187295147427
10.5152093122644,8.83570647717781
10.4508605498415,12.8211135294494
12.4166701862169,12.430815047264
10.5380295353554,11.4424329176593
8.16407215722949,9.06671601294814
14.8072656271139,11.5362855573588
9.39515138909466,10.4427102064745
10.6684512641931,9.32631379535167
9.8503369281277,7.99650910908805
7.97158307357434,10.6188798778784
11.6661578478086,8.86316983403152
15.1053767218576,13.9297968384575
10.9723223555002,11.0808605781485
12.6123126955282,14.0632914997403
8.80257755415211,10.0301150984544
11.7363650067274,13.5242320129694
12.0254788021981,10.24349749179
9.0547893449391,11.4897987142393
12.0892366549244,13.0882832653764
7.50520478967568,8.27711611116581
15.0183560540302,12.7295980155044
9.69336820907173,10.4886500739039
10.2515659919273,11.0423235265372
7.21499359902504,10.1632407111552
7.60052709145974,7.80256019707365
9.43649321612778,10.6654224714363
9.10489713735167,9.38820351922265
11.4465877852286,10.5480695362722
14.9241928666327,11.950280480358
8.41887794641524,5.35463044302848
13.4887626470821,13.228309957598
11.3927223249084,14.1363871055465
14.5872142832856,12.8875887368482
12.5706352004977,11.7971767578251
8.56085522157986,10.4058553075996
14.9844525994575,14.0208127912872
7.93335988173033,6.27042678325164
9.30142005708,9.04210980240722
6.66468367692737,4.76355877184702
6.13051059993695,8.99920220895291
9.85913408647274,11.8770377603363
14.223683302759,12.8537348591927
9.83405480838089,10.287404848149
6.16631715933338,8.53920399834997
11.7573986441638,10.51654002978
10.5901335072881,8.68921124091232
11.2231730242859,13.0167894364311
8.5672580052632,9.85441130668451
12.2399107498888,13.3334543004347
14.7929562827699,12.9106930653294
11.6119305155146,12.5237321446256
8.89462179834938,7.85900494719367
9.59633316691546,8.96829855695087
8.21361126427191,7.25621679381997
11.2115852488617,9.41071755322174
9.27126929837455,8.44015470564947
11.8212560739028,14.3273958048165
12.7057151463005,11.2725586331889
16.0739259078389,14.7517667039999
10.0327404663229,12.9196839618214
7.56517871381132,5.6359209805372
6.53260367703381,7.13854335820326
8.18653908883774,8.47187256198374
5.74144547453959,7.31396227677848
7.28335605234907,9.95782272853949
6.79942883783587,7.45770458286538
9.15262303697111,11.3721940383299
9.6669441449887,10.0899550495506
9.56580315670319,11.601870683319
9.49994960609408,11.6189511488183
12.8894358518211,12.5188584163841
11.2911619135295,9.86480368791018
9.05173024940038,11.0020577245297
14.0534827278494,12.0756285742126
10.3338137175091,9.03402117985651
11.3438396306919,14.1926077764009
9.9455889225698,11.642227791536
9.26074431540876,11.6100936505062
10.7989857644687,12.6066376227803
8.50356951492294,7.80083452551251
7.37806622544118,9.63242381205784
6.66111756663626,5.32495843162376
10.2845872517543,11.2999163048117
2.97313105623234,7.02377177384848
9.70967246964247,8.30808822323741
10.7546338595017,12.7552686244145
9.51992404418584,11.9368098198571
13.2641709526771,12.2874006057554
8.6606335463447,9.19685630765685
10.8570484065443,11.9542304217338
7.50349634220076,5.5155115282562
8.73454690287916,10.5425651654369
15.025203676834,11.2777724762918
6.39763310254629,9.68724544631461
13.6399845089874,11.0510365371298
9.5248493493888,9.57245772699781
9.72677172674457,9.12703930118791
5.00469549018097,2.74480717818681
10.4113807705442,13.1959375164229
8.04174377047399,8.61391371330649
9.05727296539402,6.22359772558447
8.45783213475308,7.90572778036119
6.96583738700347,6.7488375915315
9.15551602839248,9.89504912196783
7.92591960512003,10.6131835863461
8.49351108833088,11.3841505900423
14.2397213715612,14.6698084178029
8.1094611852844,9.49643478120584
9.6559756345276,9.35729495268646
19.945360407303,14.6795727250061
3.99905351750655,7.90279929943765
1.72998510244642,8.43497684943789
15.1032504312989,18.8197425076711
12.5412114561898,11.4430275543349
5.09650045380883,6.87816219808905
3.7102500171917,6.08089753611698
11.5957064515415,12.5567680353725
12.6108252007201,13.2327995571784
5.79561934314235,7.9546246071542
16.9893740550437,11.2675636552799
9.73956450347604,8.28459234337802
12.7339914628701,12.4920900701265
8.09834849401467,9.45268676762077
10.590301356629,8.12677898424423
14.937089927665,14.9448747287872
13.417327235885,14.6700914166601
9.45524682565838,7.59785278322448
9.53855298661629,7.63368030283753
11.3097961407861,9.03779938284775
13.8653799206148,14.5667156669337
14.4178877376652,10.9137304987818
11.864689913414,12.3599396400664
8.55523654207466,6.45328059348238
12.4396591675811,12.2088340403218
9.56428276578564,7.70223484397568
5.40172779413251,7.598075605881
9.72704942433847,11.8025387028058
5.72486697626894,7.78140088085571
6.66072378245096,4.77848152005265
9.96771603593116,8.60887704753874
5.67779210634794,4.53592143754359
8.78581467769394,11.1474992144672
7.54396427987922,6.63552536720742
6.49585245442713,4.29597621867408
10.5350875412774,9.17079503700588
10.9075954538704,12.3166204738492
8.67328453855536,10.11967955315
13.6352197616549,15.4162913648949
8.64853791925263,7.27483248116
6.70429424044534,7.26631810774483
14.1265738519019,14.4319170810288
14.2611763515818,17.3405714594546
12.5364900746285,11.7136664996138
7.42440151526525,4.17702036354363
8.72566442552502,9.52879406721734
11.643322955449,9.84572369751526
12.7571865223985,12.756259257022
14.2995081699734,13.3854475534735
4.04308468867423,6.68337051663003
7.08710124330503,10.0732024125088
13.6893923883011,15.7839377174598
15.0316245586402,14.1830944389289
9.20969701722616,7.1062375000182
9.19066621444278,10.6630466686044
11.9945643549284,13.9167757001185
15.6848964844967,14.0593278361734
13.8351572022873,11.6424175199467
10.6587061166759,11.9904692812411
10.3994073599378,11.791158520984
8.47762484897753,6.5749625124109
12.1901527155705,10.513341988029
10.0079162752036,8.0127303643942
10.5662853499204,10.7493516203941
13.9821657670468,15.1697441906461
9.6915445070195,11.3973046716369
6.37461918721213,5.28675209476731
9.68929118528241,11.7213105978837
6.8584404738159,6.37499265520059
13.4341681151845,11.5881945103636
9.62401391452151,10.2063987268755
13.1601032148754,14.6350141658221
9.61908309163968,11.1456133895136
9.21693685790888,11.1036071755389
8.87284209835632,9.7588522382466
7.35470407760483,4.74044791701426
10.1241147903579,9.1543245330194
14.2908578623838,14.075461113583
9.37553809513048,7.63223483771464
9.09936260158888,7.24119548036668
9.30897002177093,9.66944626018648
8.86486552114997,11.5016720725529
8.95696584691055,9.93245367658196
9.41278640894659,8.62991556855368
13.5862472558696,12.7290584595257
14.8459750392385,11.4331831319015
11.9214354144371,11.1936887485264
9.45452042550537,11.3211853083805
11.4890522304679,10.7235695024678
13.556704186013,12.2860709497374
6.70491039420341,6.11045478890375
8.1269551522281,7.2330346007033
8.05088330246836,9.69009079623556
9.40885029825365,11.7259367661403
2.29046905020665,9.15880202540277
9.23552249989878,10.3950530134696
6.00363243859883,9.36782074755508
8.59141852885274,8.08335473482956
11.1704912566448,9.99416817369801
12.2896869092217,12.3878197543577
10.8133934577381,10.8585439825933
10.4653057858498,8.2568877300626
7.86485129791552,5.09043379967221
14.3415086680885,11.5768306721518
12.3784132620779,12.2351486534059
6.67167053111116,6.21226406719176
10.1846735307561,12.8985115380095
10.0969946334518,8.64950402314668
11.1488835952771,14.3132561775753
10.943599631667,11.019332100923
8.13911121142535,6.56716410448848
9.78366774145485,9.8472907583977
8.93447216408057,7.48226605189629
9.23746875960712,6.33806994152784
7.96522145575148,6.23700794797587
15.3849064870681,13.3906418572773
7.52570029341067,8.39765245027523
10.760145512131,13.1034825940279
15.970605257949,12.5411271863956
14.9085578077935,11.645442832478
13.1403099658998,12.5910170683515
12.9797928845643,10.2530608457609
12.5193776563561,15.4836678639434
9.02371486835343,10.1528128044248
9.40373853131632,9.84026742636419
12.0917460409643,10.8093870946078
7.82020282924769,8.61869367189358
3.72379560026953,7.26360144872232
10.7023794006998,10.4152194524237
6.36836913315311,3.21570166066443
3.52695672557144,7.6405086544882
12.1539568483682,13.3059374910576
14.4380952114329,12.3779315299159
9.24163403278784,10.6645782499395
9.32202239718002,6.98111951478481
8.91421051446587,9.54150802680127
7.29272767953726,7.13614856340855
11.8121502797646,10.3220223976879
8.29981511750193,9.88946614726627
12.2968667405439,12.7008743873866
9.67023595488353,7.49486739364875
4.59952885364272,3.64447354297051
8.2885149317839,9.71425875192025
10.7478145294665,13.4751854063895
14.5716258762404,12.3689710051232
6.16642153979035,7.59336498472415
10.2521226171749,11.9219853161705
13.2339149597505,12.0380473277632
6.10895068153457,5.5324439989457
8.58269226088103,5.71639725020448
5.01700189883063,3.28791329235498
8.32758778122379,5.55303573516165
10.3911976173731,8.69635611305665
10.1460102319113,12.6303784193475
8.8623523181293,5.87626311123706
17.8152656114269,16.2708368213232
5.00262571109431,5.87665435273509
13.8160566782432,14.3462900291897
10.6046295811154,13.1137077300522
12.557401760074,9.51455579787354
11.0930066065612,13.7193225960257
7.62061870490761,5.52318692975328
8.59830489643928,5.59173006134604
11.8864337040857,11.6944021948462
11.0486415371015,11.1939405054954
14.5547103855777,12.931084548124
16.6220612432448,16.4562464188307
7.31558471723027,9.60299862103633
13.1150782803392,12.5310159635002
9.35820991845645,8.1597255322687
7.81908564326571,4.9819418894816
13.1105515603702,11.9917274856668
18.5966871233425,15.0488035618313
14.5035622769062,11.3230267223185
7.93665151239734,8.31600560554331
10.853134407127,12.7670461186266
17.2041634075008,12.0359636522111
14.7097525922692,18.1372300332417
6.65944262286217,6.79923795248502
13.0139768077793,11.9099632887265
7.75507089439911,10.6730698764728
13.1442343579184,14.8729162090614
7.47946653948009,5.70998321646455
9.66475681271938,9.94593743734196
9.66436020360812,9.41916485879011
9.68681048178142,12.3298745886174
5.86739395867467,4.89430254940858
8.05427279333386,10.3460440779112
14.0090917431669,13.6028709345833
11.1330651275078,13.2277162074567
10.6848470466241,9.3354880981827
9.13092912583165,9.05802196621977
16.427234482241,16.3680822740907
17.9757386473467,14.7150638387982
14.2466594091528,12.7697690454948
11.3510432900188,11.0815931018937
7.04143783874067,10.314542562266
11.8810987027678,9.47222670783698
18.7328201116626,11.126218616769
10.4682710431581,13.6157764133132
13.9347851696627,13.1611709778639
9.92424119694253,12.1217993379046
12.1426944061441,11.6612576463708
14.229438904051,13.1912969831364
14.484714575714,13.6700829656577
12.9637113684499,10.305030613092
8.35332110873481,8.77014705111059
9.48819603199823,9.4257366361907
10.6458871422163,10.0805378396637
10.0815607615856,8.79089878854057
10.6979278168003,10.6276072101514
11.4193269694599,14.0300889449258
6.3887086733243,7.48369548946608
14.6609550712601,11.789218855047
7.98468481279211,10.3977443122561
10.8945716051506,10.2543761275154
11.6966286729988,9.75942044709355
11.4736663603025,14.5826868693353
4.13156788945423,7.39781317419348
8.66778204428271,8.13348365951187
9.33967782219766,7.41134672497389
9.28408456345195,6.93553739749755
4.41203130369815,2.58322195597299
16.0713749852766,12.3285526620417
11.5537622791488,10.6671560606522
9.12321892495124,6.65978073306857
9.43296317458067,7.19085405983275
17.0850213887429,16.1413549112484
13.3471912287178,12.2748996605072
8.04825463956,10.1207896051272
10.553059945615,10.1171542341769
4.96850800644357,7.02361860184701
12.0897366410387,9.98187598744321
5.71300087924419,9.55785908929466
12.3294611254552,14.2722766149926
9.99269170450795,7.62373926207869
9.09041184928777,10.4380552012955
10.3002420098815,11.2980961386551
12.7656688766597,14.1008658199489
11.2934757632132,8.70773330243051
10.8917711139648,10.0185712399441
9.36321170288556,8.8419791120057
10.6217563534458,12.1367042697693
9.4417909256712,10.8934041847077
11.4293298264044,8.73441418679051
10.6628266520844,9.49218986509523
11.680743550156,9.10969667201929
13.1530943675513,14.5777542224779
9.14861957161393,6.14759088697803
14.2757213652104,14.1703866038751
19.3641432179635,20.7592556840243
13.3366509872825,16.4777691244515
11.420042754851,11.8679002028404
2.27593400004734,6.77849506999688
8.73324855835786,9.39804366884617
9.05512894590303,6.97254199457655
9.63739816706487,7.51382110699911
11.1265946393523,9.32178087825741
12.2180604246196,12.2953714196754
7.97772420707277,5.53668599838366
10.8080873941347,8.74281344831848
10.0688483338203,9.35362675339593
9.24703446141133,8.98690299532992
4.55605560960597,1.24516440484605
10.4338885028077,8.69324065780851
12.5780030108558,13.7923552382517
9.32630930232975,8.41349174665627
12.7564171656355,12.7360170241909
8.83411984035417,9.62013672468784
10.2758921407886,9.0871277728259
11.0190456774073,13.4215361387217
8.91935925462505,11.5389031016663
10.2460004835162,10.5457163775113
10.2957770039925,13.1906158524209
9.25137971839399,8.41927141009947
10.565014684854,7.99191445148894
6.49678445420107,5.77216643311046
16.6132119946742,17.5804225153425
13.7235686290444,11.2687131066539
6.28427003873422,5.56105507562641
13.6424764588538,11.2056602759626
10.2804575963106,12.9566663027078
9.32801186889584,7.07785247195802
5.32667624927056,9.54496504497964
8.36001009034239,9.28452610866512
9.10618762877644,11.5093115040347
11.6528495526244,12.7760395474657
7.30833512366538,9.95255678653316
5.6513342284337,4.17382962074863
11.0276234214743,10.5844224855372
13.9690369920047,12.6696336273172
7.69080175209894,9.52901780978904
8.14127828068285,5.73846525231656
12.48518752058,13.5645917399667
8.57694836312885,8.7150181390703
5.29460001454266,6.42938278854663
9.32981092669912,7.39968939533432
14.0105105223351,12.8216956373784
11.9165204424117,13.2097102344947
14.6663855887847,16.7809193647823
14.016551853914,16.5730368774332
14.1091746905777,14.4986845064458
8.64959552106593,10.7005716832179
11.2153592225449,10.0217084219311
13.2608701696663,14.9428730250797
16.7848287650866,16.6775238853596
9.81999278740775,9.89545783541143
12.7759814818666,14.7790773193067
8.9611355924069,10.5097680511689
7.43651170407128,5.47996177177571
15.6064188317459,17.7528572632418
7.1141606334217,9.3622058958345
8.04823709387217,5.19836478546647
7.41068230398198,8.59546783543941
10.0620479885072,10.0871740663346
10.0638511139613,11.7122033305096
12.3007957750611,14.6490566741023
5.77044042709141,7.48084136527433
10.2005107607157,8.92235775481811
11.3158795124427,8.90580638232827
12.0189880454783,11.2784599540498
8.74191043211349,9.31935968463523
6.82674405843761,9.35581425809425
15.0363920104264,15.7145637701449
5.0794142977532,8.56564549851692
10.8871787955569,9.12154956267747
4.5395721447413,8.24321771928577
11.6726144235395,10.3098582364387
10.4363678463085,9.55038158953564
7.07756269681251,6.8818125737741
9.66914822636044,7.22704997500681
8.92972874517951,10.8498845997327
7.86293385440243,6.06796209576322
10.2715435978263,12.1151662413839
10.9698184957111,10.434264040003
10.4583997442013,12.2388354427607
8.7747328673518,11.3312526517055
12.6119179861427,12.3025243512067
7.56102493437201,6.77535566962541
7.42103168272487,7.64404224937936
10.2085218620192,11.1527272831567
9.85100594589323,8.6211403649023
4.39398480895295,9.258688156162
10.2917847318236,13.1347357796223
10.1220727781735,11.2969033531546
11.0366137327091,8.35871007090575
13.5192462038489,11.709589730263
13.1924347304552,10.2738428528392
11.4087211976724,12.4074080530457
13.0383907508225,15.7614277765465
7.70337973949792,7.3997309699186
8.39470274378533,8.23357076693704
4.14952010937206,6.53235347259039
7.90279859853247,10.6241163555503
8.86995841252888,8.01292802204974
14.4200693197036,10.6540462129489
8.08244808655291,5.88454458186188
11.7308951654793,9.3351043201413
16.1456905750617,13.7820036092608
12.0583223577335,11.9713924331465
12.3297772150209,11.6566247024148
5.79912485775786,7.57944580654823
8.98206549208791,6.4854641846577
9.40855555265334,7.39170650088862
4.6790600584952,8.58879217030505
13.1894360417538,10.9486605218064
14.3808799372689,12.8288123644309
8.7329766442084,9.38451122894094
10.4669801918596,12.7231095360038
13.6500572757803,13.9767226479882
11.7815223114153,10.2426604175291
7.1025778568242,8.33210823216102
8.67524026298828,6.94597487242432
8.21221126960054,9.16632295844256
13.1509883789123,14.3226210057639
6.32417952038616,2.78225793490062
11.9928303920713,11.4661280158548
12.1944255465865,11.0353543753216
13.9483915066367,10.7111624747851
10.1936884837681,11.5376629813791
12.23661120099,9.92999231095462
4.43469711693149,8.85641139892261
11.0875091578246,12.5010598047472
12.6424738626391,15.1991957381709
8.49952662336181,7.03121398645329
7.30067842171137,8.07037567066642
14.6764468475304,14.2989676477848
10.6058965982113,8.39201965277517
9.96132110234316,8.7801155656334
6.45441931241714,6.94368497170869
11.1710904588329,8.45750581189159
13.3189599477513,11.5441856654276
7.99947897028318,8.01227529403531
7.59197525744864,4.69361316497692
13.8971319729677,14.9907327719328
8.10622046535719,11.124677175358
3.18845663074447,2.63204080404423
13.7043593037276,10.4978258066638
4.92279158110134,7.51268720963947
8.26692911535625,8.46460517384674
7.54194789833536,8.60069575698085
10.0453711368422,12.5128533856666
11.6965309222848,12.6282882015101
3.65073378358267,3.17597223918134
14.163559391352,14.8394538678509
10.5696052756399,11.3475751433854
5.24363418967159,5.00877943392521
11.532586834239,13.9566335391149
11.1222473261614,13.2645523601343
12.400035362584,10.896440017741
6.77650716748523,7.2980154296124
6.12267510344204,4.9898374036254
8.82899293076238,11.5483498139232
11.1896379194842,12.6128885344612
6.21978191571315,3.93328052423251
-1.30868101736031,6.5017520759097
9.28956077704539,7.58974141515889
4.46323089313674,9.32457364961938
12.1533203371528,10.8408010930289
13.0818914702666,15.0066869542444
13.6173469988975,10.9441912044537
10.005503815432,10.3131550660001
13.5138969677591,15.5343979123844
9.41802012222035,9.72715055027773
7.10857564740654,4.06180080916064
4.37629952183905,6.0436413798182
3.58525731396949,6.30322326828386
6.95295094171412,5.94519254682998
10.6109200395004,7.95819561520098
14.067555299387,10.828321099308
10.3008897186323,8.85949199446471
7.40718592329056,8.60441308830472
6.9493669021365,8.98464394137251
11.6745879585054,9.52768618865875
13.5104607481079,13.3385779107921
8.97845506181168,11.2642547039511
6.01767439884113,5.6784229628176
13.0521194848647,15.0056486623689
9.44492795574754,10.8775863157354
8.3705286113475,6.99810450178951
9.3000626722165,11.5090040380449
10.2005587149923,9.92246746994228
10.3833769252201,11.0404269764643
8.90915792702672,7.24982993225159
8.6703630048225,9.56643938520974
8.37290568016796,9.67955984981703
12.0330207250453,11.3151011174606
9.48834306538516,11.6715068920728
7.69260425940522,9.64770439914154
6.58318382737978,7.91446770140671
8.08797884985931,4.97379561151166
11.4365426211266,10.7516729359608
9.75044918462322,11.4152981765947
7.08747347457763,4.37362432746914
10.0894223435119,11.5769298614029
8.26866105234976,10.2311562266435
7.45469537943246,6.86572331959162
11.4884766193527,11.0008135399756
8.52144856569972,9.00427562080292
12.2491487477769,11.0923758000325
6.08505474144184,5.99459169225787
9.27245735996794,10.9526982174354
11.3046979661677,10.7093963854956
9.8278176194501,9.09934339383797
9.6193126779689,7.23008846673707
10.1624060493266,11.5144249796795
9.19721700723647,10.0367623759444
8.6240334169084,8.09006211547591
13.4151236688371,15.2105905334011
4.24716386759293,3.32455854252819
5.53871368561751,7.4576389581484
10.4790644913866,8.9842538423381
11.0915961125763,12.0270184618542
13.8405121626054,16.8637206233057
6.25038955837255,7.79095204131378
7.91106158248105,10.1927105147297
18.0847945702415,15.6341501520584
9.06412791968089,11.5286973104254
9.898671881866,8.46259810182532
10.0902045837691,8.03285725762201
13.6973028800352,13.8601214482989
6.48709502378188,4.17156823190328
9.66029763902667,11.9461404128264
9.99268316264491,8.41335559187635
6.16635530102436,8.7203944378503
11.5560963983569,12.4032753505463
13.9921463648968,13.8436782663557
13.9857873710182,10.9768686176471
13.9398404992697,12.8351593783505
11.4844137851242,10.0455260969489
7.34124524800913,10.0302785805658
4.36085001259045,7.59959133682058
5.37565773614078,7.81288385649668
Rho_s: 0.80407032007032
Rho_p: 0.778978296704998
IC Time: 0
