Rho:-0.5
N:1000
14.7473159042386,7.04992363150508
11.9395245915041,9.42874529927155
5.70625996201414,13.6250106504215
10.7898748114038,11.3053359645505
10.6974077138114,10.7147496611364
9.48540350638354,6.73029509940117
15.1192368478215,10.9289019573458
13.4029351534338,10.6679639467608
8.70342232005025,11.6386984234884
11.3504777329408,10.5512242016955
12.7197056342386,7.90793744510354
13.4372702343548,8.16267327980917
8.01575028359583,7.49044658876927
15.5310880363931,7.51482865178141
8.5803668575787,7.70634793458329
6.52844836654807,13.8004242366645
4.22713092164858,14.5524582769679
12.8996055829143,6.43395693255661
14.8257922267728,3.87048871478681
9.22099665604342,10.1502991104893
8.38388941751325,12.8483413865026
5.51545927589074,12.5004566931977
11.8502422309411,6.87903215587036
10.504490701592,6.81364698067869
6.26755510156211,15.0994522160327
16.5811237841229,6.9460254714773
6.22523370270518,9.0406382634885
13.0504633065075,9.19043776623487
14.6623223606423,10.9561855037214
14.7771608241374,4.54814063584643
5.83644559460007,15.4872585915768
12.5225400800838,3.51864589561604
9.30496655841105,6.74684324606285
9.32671316868099,7.34012816079658
12.0994217872006,10.3536144545382
9.45624222147589,12.0224971126407
15.0153861222092,8.69813771797518
8.67560660099998,8.30631786723042
15.226089109063,7.36870706808704
10.7010544030356,12.9402001206605
9.33132271227081,14.3747789508326
7.06079672737792,10.0834036269574
7.85721469730543,14.3807287656825
10.6655911761788,5.3394410932808
5.14021149992525,13.357334631967
11.4677948358924,5.91565333314671
11.7768937747413,8.12109370851064
10.7271885131737,11.5567141483595
14.962489270807,9.14278841703096
11.8704743482604,6.86852395116897
15.8762192187925,4.99477686654765
14.119134950989,5.1935445172334
3.58648061682193,8.57108449411149
8.19964155760353,9.50324015269647
6.20749663319967,10.6463963505194
9.01282138296311,14.2825156761982
10.9363115330004,10.7319393737179
9.90347839547029,13.7575174336707
10.9394148617423,12.528115197388
7.22825736095704,15.110970430392
7.21641485248251,10.5544431549739
10.2630058657956,12.3294462618345
11.9762329817256,11.7356021725551
10.6664213098399,8.31418546520998
10.5875980444325,12.806088642894
12.9917725933616,9.3317098518588
13.5353221180754,4.19530900512792
10.4079256403758,9.59451925442813
9.3868973783258,6.96978174326521
9.61526360059712,9.59388964649957
9.77770263214492,14.2714898432911
12.3591277363939,6.64010587220072
8.29889298033604,7.52146146662288
4.83933421008433,16.001747401356
10.5859859586188,5.6334016928662
12.9702044550442,8.9172008959905
8.52921432695006,12.6749127961353
13.4570579322551,3.86400837478131
16.1027228618666,8.75661305717126
9.87448059560639,9.42531302005121
6.2918587182388,12.4852053677077
8.4809039290932,8.54463010707383
12.7356300104486,8.7628046469346
12.979194638563,12.3332550600006
11.0048566495663,6.14926176143061
6.72436461794157,13.2980001234134
9.83306048794018,8.53629291903473
6.91451352556378,10.3212824577904
13.3481916789757,11.9265070999175
9.78299647947384,10.0997116069133
9.03569452276218,14.3080213557283
10.3524266711774,11.9759524959017
14.27183545488,6.35528052654925
10.0882453964876,11.7784119502994
12.9098643460849,7.76136492195854
13.0118480344503,11.3881509298177
10.3513809102084,7.71086584809402
6.32501528592458,9.03850666809386
11.5230442116534,6.42697185817704
11.6769926347759,8.04490352073932
10.9785191804252,5.02399388880689
12.2977451825604,10.6496504111209
12.298273425733,6.22852853012644
7.1389938692605,15.4979839183509
9.90649455933202,7.37292169459442
9.78819687507497,8.93404388041523
6.95597925183642,16.4356497419336
9.344883122193,14.328102931278
14.7198285593927,9.00544477621766
12.9804518731201,7.84126348156757
9.58127728788508,10.2899810716808
15.0250411390359,10.2849329997232
10.1167785979083,12.9986974862615
13.3276791310566,11.9343616886818
9.78099242664944,13.1849250099706
8.62787779350383,14.8481258075073
10.5920625188978,5.19858999442073
12.0674499321063,5.44532283003424
15.6925108716874,10.3876338636479
9.29225516161739,10.8638585113411
5.32860909388851,11.1619548942155
11.0102160813275,10.9441715278247
6.23053570380719,10.293635677628
9.87949616229572,8.79391392674805
5.15985182149904,13.2913139686429
11.3979299473379,4.51186309001765
10.4430583416664,6.79602338953815
9.27702004260384,13.6348470566391
10.9106309624188,11.9100705133694
10.5470099664471,5.38497294151479
12.0852293979045,4.2661945647823
10.5147165444838,10.6404785577168
9.13400551716236,10.88657046219
9.34772864820093,9.64879185556356
10.3154415010775,13.6057916521861
5.56340394878422,14.7474735256662
9.92529842276037,12.3194148211376
12.3488144885271,11.0297329787602
10.0687814647589,10.7402857233527
9.79411735729368,9.8060800486968
7.66625290718487,13.7063421849715
15.5176686698012,5.59517888436874
9.86274388378595,8.36170786723374
11.9555295783479,11.3252716304716
12.8889254231764,4.88802436571741
7.53739678944926,9.77015972735161
14.2584547436793,6.06446623304728
12.7078349799056,9.86588143914311
5.87588913215355,9.61735502524118
7.35143930552914,9.97384624002703
9.3030866922691,6.48511675979476
9.27860843588023,11.7736452849027
9.88774640199873,10.0285757599145
8.80686752175778,14.787343859474
15.7797682804414,1.88542696065792
10.8754175539994,5.13916042827608
7.75052826054901,8.85480050263493
9.83665691902187,7.63730475828471
13.5246420151396,4.54102305986232
14.7550678267318,6.91847164341379
10.0253292968005,13.594269705118
6.4134056556592,8.63550317488107
11.5142996919115,6.85471715187892
11.908084916578,7.20619450584793
7.92486649759129,9.65908992445942
6.59336271849278,13.4936162031455
10.384153122937,6.95277273222549
17.8524656523276,11.0167820739898
5.73158353120516,8.434680590272
4.96630932777368,14.8717837543589
11.483850191504,5.02122011911764
4.98202316696559,8.57204541870068
13.0150498728566,10.6179604185147
14.8483117130404,4.94624453054943
6.86919965718026,7.94150537730982
6.84483734004736,11.3461876673306
11.7124979570997,11.1503171580934
10.8772623717467,9.51692204416698
10.8069458749314,11.9954630500765
11.3858899758447,10.5951769941575
9.08399764936904,6.83015821793019
11.2362517184667,9.98741171499049
11.6865058009048,12.5139993783242
10.6410550816916,7.70148331167313
12.583649612723,4.56064840362089
12.0938019486146,9.00353737506817
12.2397863508799,8.94545987353167
9.18228210103479,13.2661312493771
10.1963654135284,13.6548143117486
13.3309008932882,12.2031944860439
13.7214238742569,3.18994294604207
6.86444164526106,11.5158037390904
6.84060196167901,10.3035756966153
7.80137820305995,12.1480736841503
11.6460152397913,8.42079613208621
15.5798535692851,10.4039701037483
6.2238155397057,10.8936080752775
9.79012119946959,9.18778665947646
8.75532420915206,9.83945002318328
12.6143734002424,4.78036765467794
9.0021780675982,11.7863183371274
4.95008659216805,9.99933854500318
6.10227015831891,12.8184261578708
14.0064238594629,8.5473332259665
12.6613760324894,5.11660953193843
11.5517046052575,12.074795818466
8.82306226657174,8.96828054620843
18.5417821611533,10.5317562415991
7.45020718692419,8.77423599420207
13.9023833816337,9.80805635923857
9.5424868152349,13.6262468069169
11.1614957966612,9.51171690532475
8.7317675039602,11.4202358487152
11.3851787719106,7.37918884523874
7.90597323342186,9.11823201674514
9.01179495134942,12.936756061316
7.8678823959724,15.218659576446
9.70582019897981,10.4418025716915
13.2711949834967,9.17667002185121
7.87281760684539,9.17519011345015
9.70720991199827,6.2451159079627
9.65425497938849,10.7947325061301
6.43623223481859,8.08598114136563
6.20140635071631,15.877719816111
10.1326726521332,11.0474548157713
13.0797579637541,6.51829606546806
8.01375878648276,8.61644652923524
9.93678370195384,8.47184214212337
11.2866709340327,9.29650196941237
3.53606448189635,17.2738913981495
6.73446975287316,12.8722385910002
4.15866512008522,13.3507434040858
12.8122163218504,4.6413927664699
6.30603306369613,11.2586748473762
7.09400274316219,10.4179004753735
10.122347481915,8.42443637890064
4.92166808605127,17.1352149766695
13.6618737536043,11.5109880704449
10.7806609057323,8.58465223979912
10.2836408448067,12.2205436591074
8.76991468124311,14.5495509336111
11.0190572383906,7.67873126761054
7.0292991872131,12.1074755327115
9.26175887546207,14.5088746473211
6.3751957815712,12.9699315552175
5.06706794975505,15.5621488571293
8.30674434370732,11.5131603756871
8.48013619919156,11.538420774818
16.6031371453343,9.71753795093397
12.3063384484102,5.14218979993355
6.95316073188965,8.64552913820023
8.87366981442436,7.27737036193119
11.0380680054661,11.6804258611756
6.20146423137433,11.4214394949241
7.22038673452665,12.2665707236251
13.1368624417819,11.1034983759808
10.1375057058689,8.44923830537601
9.17830574938632,7.36533795061575
9.05442682614563,12.4781450837827
5.52912143992437,15.3200623796873
11.2574330817626,8.40272084514236
7.31348345773607,12.7830634384997
11.9430637976398,5.3742211547445
13.1517816677828,5.03738980286738
9.14733836435587,11.7507254178485
13.524512473823,10.6359333702255
7.2735310318956,8.45452665029948
7.53661098845624,9.69917798190356
7.18325745544599,8.17954423463887
9.81778480450639,7.54307997760981
10.0257130234754,13.8898655353869
7.05685944503812,13.9468113180764
15.979243872119,5.42193596908872
9.50767314981157,11.7709814861762
9.30455271268165,9.40122866468184
10.4511661058206,12.8317480293542
8.88972182817361,8.64482102872515
9.45473439821611,12.0989819945975
10.7109445054355,12.1388535765436
4.270210512886,12.3648814019732
8.68376476922632,11.6036214357091
9.71304624544079,13.1325749460282
5.14673164276922,17.1943755247348
11.2124308191484,10.9704686881151
15.0334124412954,11.6298058373326
12.6451439761454,9.95285732502225
11.1486010920193,8.87672120338823
2.2607319348148,15.8822964859757
9.79847075971141,10.5419922270353
8.8200430204273,11.8294631267407
8.4891999839548,8.3070664054009
7.62334272904838,8.59227856775917
2.65433156605664,18.1953657631978
13.8151310573201,9.71706011524494
11.538187557356,6.63268802340763
9.64809641352954,12.0755733653566
7.1868977035621,11.0935382330973
10.6395190402548,11.2465395181713
8.27602394324589,13.0255475397026
9.59370025285528,7.28199238512464
9.94515832753105,11.896663357595
12.0089865129942,9.12769873604286
9.32766889935702,7.28596555498419
9.0925902794479,10.609341088458
6.12613991959247,15.9810640142881
12.198540644475,8.4914591859586
9.8789587544934,8.21135832736797
6.98162509272961,10.514218897268
10.2212982172165,9.42843905911588
11.2575926456989,8.5239328681118
5.70085183382578,9.22352986414394
11.3402791916431,8.20658475086392
2.30565189301437,12.7215756592727
15.0421315364354,8.08112743104587
12.1502944489273,7.59972384985202
10.3957070968436,11.4997512186995
10.6428247964775,7.13738126222703
10.345378935341,7.73132589699032
5.58676142554576,9.11694147313781
7.21083106931813,15.3157545700529
6.33202343284739,10.3516834114549
6.79144023935209,9.47013644548293
7.48332382028416,14.8556781336621
8.66796006741327,12.1063050935194
9.03215692263468,6.62977004120095
12.226901760379,10.0081048809497
10.4888030248447,13.6568891582009
15.202727958024,4.95528780410816
13.2767669229745,12.2309789139218
10.1291056989539,11.7413129651084
9.89634862455114,13.1796968348523
11.1873354023096,9.62056668767274
7.16541416950635,15.6453396404574
10.9599741005862,10.6980408970252
11.9825201659434,11.2740637690486
14.4508788549208,4.15791940661547
7.15341950302799,13.4311004774029
13.7323830082435,7.15451577903464
8.80344993737928,6.71020119850419
9.62618653273586,11.3186214140786
10.5698836889795,6.253536666879
11.3485887999913,8.97192889478777
7.66010605914649,9.24930024387307
13.3811504436205,6.37941469892279
11.0943666537228,8.5934097358949
9.41319200146073,10.7310445502051
7.12755352178308,10.1450419650189
11.0602942739077,12.8656591012863
6.72851521964482,11.8475732614169
9.24421055200091,9.58969985592904
12.7138895948093,9.31269338390774
14.4936659385155,5.8505653036211
2.86534425174724,13.1014149058173
14.0457742717039,3.07718353767771
12.1441083715107,8.42954095465341
12.223568715629,11.1034822214753
10.2752566285177,11.9247701733331
12.3363563126797,12.1319980377891
6.5236918965206,8.44594899182661
9.74139125335904,13.139865586852
8.99938456769283,12.2810665401734
10.8290541980615,8.454501274536
8.67778326499057,11.8667335084707
12.211519016009,10.4310396296519
6.58326809824992,12.0638276497984
10.0820815491125,11.2523213496341
11.4914571787247,11.2560100207324
8.77866856080809,12.3297620574563
7.25065886322902,13.9160159639863
10.6622407724569,7.14703814467231
6.75798407182812,8.41887868982023
9.29457778491727,12.4686855533448
8.88930793602358,9.13409495622707
8.64847469331958,11.4497800638621
13.3301781254661,10.0217114283961
8.79594752844763,6.92056607465597
11.0933665073464,5.17904844824546
7.74104093263927,15.6441565095521
11.4469368303301,4.99052664111493
9.74409760972338,8.25052260667913
11.1275844181487,7.757184839048
10.8771713489063,9.61699278645955
5.86622099558184,8.90723932888662
10.3306603743,12.6574438348506
13.0300259100315,6.2845056277214
0.794696506316262,12.4997181901707
9.33473263522061,9.07724906059249
12.9978704188437,9.38991292823691
10.0360735084671,9.89534696050096
7.56086976107838,8.01662174886274
11.9755774750744,9.87225165601996
13.3090055864402,10.995002564002
6.92634150031611,15.8604083105478
8.43775605714391,10.2746020180706
6.34175592896951,14.5040981138999
8.17042844437479,12.162452815282
8.00206450920613,13.4672088437451
12.1309228864446,10.1562824308931
9.70447526398048,13.6190576819742
3.83372372277083,9.57858975202331
10.864476371715,5.74510116843102
12.1999920491745,10.3927082038772
8.83078342834782,8.44948942085534
8.98265745898149,7.00255935148749
7.10528651462641,8.4597252603727
9.40684537810727,9.44912680780481
9.76556888102837,10.0767559835006
8.26969815133496,11.0639263577301
6.71414736473333,11.3674981750732
7.61045656879204,8.62014484461969
12.5513759490349,11.1937614230569
11.5041736908509,4.54903529646802
4.65465474525546,11.8001498316051
9.13986384855946,12.5930608881625
11.3082477937724,6.91586900157995
6.06481236235363,13.7719929174129
6.81069796731103,9.44994069851051
10.2265656499845,10.7711268559523
7.48611066802978,12.4510089064591
13.1837337080918,11.5644273315802
8.46835211455372,8.88994573177396
7.96104126238839,9.66802910138559
9.70568401021776,9.77735264502778
8.77222345869055,12.5854735748297
11.9198705409422,5.42308605627684
12.7133077104092,11.4804752513353
10.4281314088811,9.46429487459481
9.75148259306314,10.0245875321715
10.2822696946557,13.6332690185045
7.42660062947922,14.1508385470677
13.1179288919898,6.7216483389024
9.21131405113939,12.4525391263873
9.55946285196397,9.36514389690762
13.4157099647925,8.48060941298589
9.20485159503894,6.07206193173227
9.48139666335222,7.47061978453667
12.3507392688498,10.5370497873563
5.05023711406591,10.2323497610003
13.2922030887382,9.8915605072028
6.92738525435655,14.2182671383942
9.17001225564746,10.6278651018493
8.62972298393441,10.2076147975958
6.05569108012916,12.6248927945377
8.40425377795069,7.08400686414068
10.799687244948,8.72508527719975
8.41852656087959,10.7418441329911
12.4245024415927,9.42864061500461
13.9623178722496,7.62412558223162
14.7429593168297,5.61921598248988
10.6637990913752,9.10432613263751
6.12329287688575,9.07009029804452
11.3764544375053,10.7451506907827
8.1171508803052,9.5248504657795
13.8508005245269,7.77963910220867
10.9954607799191,7.15440283456893
8.03652111296361,12.8144467015453
12.0700344864933,6.39147693276841
10.448406975898,8.44255803202039
7.67414971457755,10.2342110929737
11.4077075692599,6.96448193162161
8.8483937584718,11.5800341190564
7.48576314786929,13.3363376888506
9.45326699268462,11.8463733306094
9.27798309049648,10.1110494872107
6.95307542571445,10.0785278045971
4.4396221581655,12.1921986864039
8.39881253303924,10.7695036787571
11.0690633002143,8.80704922149225
7.28481066957176,10.545238973821
9.35771421729635,7.82510305905126
9.25350662178814,9.57462198103942
10.6756292072909,10.0968516351843
7.67080110904424,13.8551913344038
9.1025643792666,6.24490368346232
10.1460673285983,13.3601645228717
14.7269303856989,10.1267130960231
18.2757055147909,8.61318747625024
8.18094659109928,11.3962250804507
8.82279438728912,10.9236464924656
11.7297058349466,8.10709018524572
12.6887568650566,12.3857830155252
10.3773776592416,10.2753103974693
11.7095917350436,8.49879117302712
10.5902371052636,5.82601688373577
7.16425886102907,10.3690910712001
10.7999978434436,9.54039348102524
11.5015126392087,7.18368230336898
10.7961392416385,9.50984867424104
7.73220384255705,10.8821310121318
6.89275370651361,12.9093454391527
14.1449095111622,7.51921148533611
10.5343598434405,9.00475647650548
10.5087076050148,10.8997683225213
7.92293777499872,8.34004535539297
7.60061339001225,10.4176916659362
7.98635271648516,7.72139404370414
9.54473576693408,9.63190879689213
12.6965863468603,11.4366808168097
11.4649319662455,10.5984341771332
7.3106980793539,14.3535904319263
8.51343397269994,13.6697888277167
8.93262974508716,12.0389221634199
10.4683852180167,12.7112869579603
7.33714376837277,8.79493030866111
12.8187412940231,5.5194902496593
13.1323981276261,11.6933348337281
11.2683205425204,7.98292342419194
12.4283828235615,9.43502000954795
8.44766475741326,8.47232063547946
8.48367884761008,12.3419953845532
13.2194692926852,3.40079985560367
11.8022961596815,8.46440222075109
11.2979388555945,13.0749794697447
10.8116077514173,9.77169963651485
8.64365484777563,13.8368754975567
13.7949696673074,10.0014467677036
10.2865458195496,13.3960095789017
7.0764480853374,16.3362044882252
7.97587700732983,11.8157680635715
10.5495547338345,10.3890022132888
15.6054957072598,5.55700436621226
4.69708061820151,16.7131945507285
11.8121199130209,10.3938728137313
7.9472430908872,9.09496581897828
5.41547387518782,15.6390725015432
8.23308893339062,11.2565648297386
11.3710227477741,10.3636662742898
10.2860238741236,8.02358469174466
3.78346620965354,12.2543206231254
6.60827174136094,16.5177788141354
4.75887276149471,8.63389347686715
8.55740955640079,7.45390591935789
7.77163965648779,9.59343951642973
5.69448755907318,9.93798701938873
13.8817360303734,8.21607293831017
11.0995857679845,13.054979671653
9.94123080370344,8.20424520125383
5.63347163764836,17.240652013132
9.12641364583128,11.5495908198934
9.86714835634943,8.71449661177417
15.8990147303402,9.89918396648801
9.33028852072514,7.31910340815854
13.7861512092724,9.60997390111641
15.7269312194523,10.4785536940075
6.84754991299304,10.0767466311501
12.3644721715345,7.68970719013027
7.11924128536244,14.1243619564611
14.8984538693377,9.62809985054635
12.800316610195,6.07033330970278
14.587112020784,5.41546685872996
13.0726134613014,6.89256150405927
7.93012106755136,11.1299036740717
7.82431456368359,9.05535244725659
8.79531794840488,11.8689696628756
11.3752974041298,9.54204361486935
9.94076605819069,12.6478995831419
13.6057898845947,10.635593882377
7.46535568432304,12.1223610123479
7.31358925553238,12.7240036422504
6.94992780503037,13.9430721033715
13.0463260073843,3.10579527390694
11.951196063599,7.17814041016265
8.07136935488096,8.02054404333043
13.3174631175488,5.99514186425103
6.62465834080746,8.94942938536751
11.6644597874716,10.7484936914561
11.8960724690819,6.12035791097641
13.127559409546,4.89108111417934
15.3013591232736,8.11426661379869
12.5693906256898,6.22692470859215
9.10527142476922,13.8286555469705
12.9129750542162,5.74019863666035
7.99595632356909,14.0827903768661
11.4553871109345,9.53059889891744
13.0359709110198,9.12682785151719
10.2694778214876,10.623447009242
6.83288379889351,11.3195072474168
13.0573220628573,11.4476732079083
6.22315635794581,13.6988077092283
10.5002029059207,7.0860148920864
9.37918261878762,10.7866030819375
10.962726445484,7.72390651546793
7.29846660464738,13.4227502124329
10.018552950778,9.86917397477765
11.2295557482822,12.2749766235008
4.44955880417646,9.75376843421308
7.35328877111508,15.0726913267162
10.4188419511516,9.72451967956929
10.6079307783424,13.2649925775451
11.8629493445647,10.8559904261075
16.7133300772612,10.8953765277959
9.96442149208916,7.12296063723451
7.06150628170815,10.0813086334487
8.82887570117562,9.49677457589436
7.46937753110703,12.3007411447491
10.035770833035,14.0486891756677
11.873225768213,6.00753347554826
10.3387083327396,8.68426750021784
9.07746576821034,12.7569468773855
9.68212541893122,6.52667027506644
6.46412564542123,8.93387333380907
10.1901743059756,11.3788513055564
5.45571776584126,11.4578399812684
13.6367061423995,8.68421450016452
8.21979109295292,13.8686601421316
8.93739198578661,12.9048412173618
9.24912886180905,13.1027258195985
14.1601496999575,11.6302038821624
10.851116309211,10.0509181657116
9.5761846327589,13.8458552013448
8.44890277540085,12.5535320040534
10.2411854323234,10.1566416231813
12.8671284398323,8.55682934716642
9.36692963988519,11.6087340461496
8.14483347492503,8.88412619802202
9.6076909011309,13.9127403738048
10.2263662130338,10.0159296726276
9.59280602720409,8.07478150005198
12.751206225019,11.7244603700177
11.8723317697236,10.6241130170524
10.7511939319825,9.39394713445213
7.88896586668393,11.5519973491679
8.30435885503816,10.5457301035392
11.6873608097626,10.1097214228782
10.1681253655702,12.602927578955
12.1391492772464,12.6317412870443
9.43218835207724,6.40370121990945
10.7579975370627,12.0009969641987
12.5945764834895,4.88590968647524
11.3673551719542,7.94565473989556
7.71181168732411,14.22079391978
11.6429005312022,11.0044684927137
6.86925924747685,14.5647700778856
9.68683275320508,7.63010552547846
10.2103619946963,7.84075018771465
13.0804466700689,7.63617374100605
11.3617440387873,11.8988223003302
10.6625214709977,9.3830503105053
12.7964684123412,10.7373697490198
9.62159492755979,13.5723884807438
12.2164750574312,5.3025777616289
10.4308055671383,8.00234512399977
14.4168554457428,8.36988300743117
12.7764924845719,11.1371933065324
7.00135252341046,13.0633229652387
11.1009571468256,5.35684597246823
10.0324873213058,11.4346101632109
12.4508015369895,11.348970514221
11.0755896493392,7.07613689485573
11.7741855995516,10.9134712360245
12.5035779477466,8.37548168058876
9.72440640209749,10.8847100091099
7.78498471901669,14.0895305207363
11.1068145754864,5.02558651388986
14.1803501669829,1.90133466843933
10.9529000425173,6.06955299937162
12.7877635187919,10.515439640415
14.9101208774576,8.34812791126178
9.05995207467087,10.9043370188424
10.1320092645915,9.82937318776733
11.9604705018134,9.46578844097046
15.1392624845833,1.93006301306714
10.4537079330356,11.8246031448366
9.7068148468077,5.81682999342905
5.49243559522849,9.87234254080451
7.83715133281595,8.04949868153493
9.55148401533524,13.3728744954139
16.8168806874676,9.29769507674142
11.6126969771929,5.07474302983017
12.1983384528244,3.45138920436732
11.8216034833515,5.70016536489199
6.10406505748579,9.39785222653686
8.17642180531091,12.3088269621086
9.66420840408684,10.945274721674
10.1869174861512,9.21771503416347
6.64852690353277,10.7279515861882
10.3257457821459,7.4898574018661
8.41205836987277,7.87920058163761
9.21964434182493,9.74363834431593
13.6565242850792,7.84227654111574
11.7484401417684,6.02594703274543
9.26662643205639,8.07762161245122
14.1173789333573,8.3500362520417
10.8796721788686,9.13793748256905
8.55607788953664,11.0767465598465
14.1570014397055,10.1585388250068
5.72022765133958,13.1364844139624
6.56553900400861,9.90572803246156
14.4690720853998,6.13527973154354
11.4824057383269,8.3797505484727
7.31981654553456,11.1707918847099
9.54242763887686,10.1095084846084
13.2696635780745,5.25315591155232
8.81825062657509,11.9813849652159
8.77041188719447,14.2880796628192
10.7355314769028,11.8738724163806
7.10264450501177,15.6967348229548
12.0015558996794,11.5939265843631
10.6751501312412,12.8399969359673
16.9667990654689,-1.18634559879412
6.32754779541831,10.8086858901076
15.7826617235128,10.1407596713381
11.4779713461123,6.58867729137658
15.4016375927383,10.3349187758608
3.93502187917459,9.60001824752761
9.70929637795089,13.9149342848228
12.9129457485113,8.10265133047621
11.5922956072099,9.30660550028536
9.23491895460436,9.47709442625851
13.4675505534522,7.84083226433959
9.47540647960972,12.7558534041351
13.2122234469432,9.36789923129909
6.8543213998719,15.3502441990346
10.9550333286071,12.0689891821137
8.79169364051545,15.062227993799
15.878763783408,8.8197731286972
14.7209575393135,11.7280735403867
13.1734839457199,5.32934666770486
8.05204795047354,12.8884596285646
12.4671849293369,3.39200196953961
12.8440667871935,3.95226036654022
15.5593526475001,4.14699833765148
4.51362148967558,13.7666232993788
9.99741692565192,8.83373043874434
9.22079246624611,8.25993517687669
10.9156811780267,11.2784663130953
12.5454233058282,9.09915400205444
9.60393450481867,10.434777371074
14.0411263615888,9.07495916476751
6.2831207740797,14.5911967808907
9.35998816135454,9.75054678787116
10.0244432854709,7.34157625079481
9.84600344126667,13.3739768095098
9.12963883750182,12.5322316386944
9.57575073251732,9.69545631270258
15.0260280232893,11.1161063353094
8.39460368479161,8.57147252412994
8.15331329293372,8.61715373130576
5.493703953,9.42357018749373
12.419283675251,9.11750071923262
8.80969260011164,9.95036538903623
14.1735215967667,2.7456860864869
10.1205446229531,7.81313659835756
11.576472139795,7.77833907420404
10.6270887517497,10.4385702981504
7.11133678842458,8.0765121186956
11.3090998872587,8.56809360111375
10.5354627588448,13.0126950968128
12.6872117893672,8.59887485048634
13.7333321395817,9.68494276581014
7.96327695733641,11.9154879811962
6.02538709427136,13.273840559667
15.1851315224315,10.7675103685723
11.1397598670153,7.27271501150495
10.6856106720326,9.2839578271803
11.3777627305859,10.6403134386205
6.69129562896851,10.1665326030452
8.76729924292221,11.9716124287479
7.37936353569059,13.8445592115836
9.02999296501517,7.39639002742777
8.92748963940606,12.1525366345492
11.6409511786708,9.18977668986617
6.23663463823497,10.0373617974127
10.9854702205147,6.43034761072749
8.88051318422173,13.4295359153375
9.14754846211904,9.47480348463052
6.54341832848687,14.5753393372559
12.6952057851401,6.52503553627255
11.2218378184309,9.20602612367667
10.6162163700679,8.73161986833746
9.38798546394305,13.8502789122569
9.06432167602055,14.1014040671744
10.3034719315279,10.7782735961865
10.5475129779041,9.70829567411904
8.72515595937987,13.5093021802914
10.7406055680366,6.00674312221271
9.96311354252904,10.1630339352169
6.10890710485797,10.1405072259178
7.92403949311281,14.6339740439612
8.55678106668442,10.7370441424335
9.25373201500463,12.7790113592923
12.082976869403,9.40251259955675
6.90108069751069,13.7072609375898
11.217071780494,10.6516371790058
15.5266921003455,9.06286124418672
3.96277282597394,11.9815492786945
10.8470592145893,8.84701103634771
8.3068050731116,12.0024505321687
12.9111776345273,11.073120721291
7.55370077518375,8.9538089546381
14.4992769281248,7.27485260728503
14.9661987242944,6.51868863400701
14.4306681873003,8.53910195841358
8.66860134930649,12.9275360422368
11.6822939162909,11.7183678999667
8.56530229197936,10.3625061962327
4.20479700736298,10.3229457871261
11.0729089875818,7.99184423593335
8.96718602607978,13.8574687731031
13.0984631247422,8.46693507553345
15.940084753938,-1.12301734910001
4.33010394090093,13.2990878159402
10.6110213996542,8.58622129179878
6.7973407707083,9.64741635876852
12.9219271346895,6.37651201612102
14.4593897887207,7.44660500666519
8.23142173266011,10.2126698484848
12.5777141318467,4.84721173092938
12.8100768148422,10.7447840806662
10.4122645343906,13.3766851399636
7.32880735863595,7.78918175973172
11.9004106247004,4.52193241282873
6.1972414486126,16.577063753777
11.52479620385,8.05993459571904
9.05947362497639,7.8498909088389
10.7230600810234,12.3685466552386
12.224912269892,9.25568592285679
11.0418996656854,6.75077258740438
11.9944756414803,9.82795705257566
7.11030650057557,12.7855080500034
11.1506847878085,7.82568361591044
11.5397464022161,12.1679916878815
13.037700485174,5.78665297298997
11.5296012820775,6.44880735363008
8.15071272239274,8.32822450353073
9.33399998999887,9.38129691708241
9.72917202576156,8.35391706820771
10.9521764622401,12.2288216942953
7.04724318411779,8.3078741340429
11.0981847466216,5.62922313816421
5.24063606861638,12.4623857729041
12.096090488779,11.9195660050055
14.5556787191253,11.4183081370744
10.1259286268049,13.7362608838577
5.93363050973728,9.88700107579208
15.4907221888765,5.94519242707286
12.6695356730686,7.88711235695405
15.6346668600253,10.8507896780886
6.70290296127714,9.43685903598203
5.54768371383101,12.6541141834072
8.02616840416752,11.545467984066
5.47349977554868,8.93690502123084
10.009202973967,14.0657270913459
11.5544723547286,9.60219144917767
13.7195853786084,6.32218039869188
7.93404041160008,10.5196056545878
5.94907830740384,16.6837315753216
7.20189356152571,15.6062037110033
8.59773158054877,9.81639491725828
11.7970980956257,9.30813481941098
11.1351103327493,12.9977089723123
8.94963878130195,8.87311600358337
6.84398309353222,13.9783815023542
11.2931404456574,9.90076363098378
8.29361147946677,13.181138892546
12.4398752364427,10.7251000405598
11.184500604347,12.7924107683156
13.0142512094481,9.11306878088727
17.6242892808677,7.19924580509884
7.02076171026342,8.2998250478724
8.97637183758771,12.4799516766894
9.70583563777865,10.6412374775702
15.2632030753425,4.89518949107685
8.18466008015574,12.1829670150628
12.4692484825989,11.6024318392707
12.5393642595072,12.1185132011007
13.1764024657362,9.42768498446134
10.8042483313198,8.17767303887533
8.47411493516763,9.92623350021602
9.70296639193699,9.61217272452435
8.89351237703967,11.774999195646
6.58727247443352,16.2411034468623
5.82637133122395,12.7233153955383
16.0333171449751,10.0858163271225
14.5704533642835,5.39849298714208
9.85495390012286,12.9266741326777
13.4023965261035,10.5356865814932
10.3270843113428,6.07527870241594
11.1677776214121,5.44411235927295
10.3171102613679,13.6565156470887
11.9902770656972,8.49400110609447
8.34120795697094,8.95208968979599
5.54291380384708,15.5096296383793
6.76397863287711,10.8230568258673
6.32568502930297,12.8589854790092
3.63355703437271,14.0630366286536
7.44532465540296,9.19687641771283
13.1264024670258,11.2348523959116
10.7624592105826,10.9030426149748
7.14618175821216,8.70097801376959
11.9434544157706,10.5029812454894
4.07998041941918,13.2318018858092
7.80722824867798,13.5195988667798
8.65278891103901,10.2677993257577
6.35460631900041,10.8285587964691
10.7715261197072,8.36245895399962
6.14289582555091,15.827802864234
7.61153694773581,11.0946512171243
9.0683402982727,10.3493228771612
7.1238314764613,14.4530509728906
14.9754672276486,2.79677129982151
9.95631314270522,5.93575551261471
8.25546134729927,13.7600495172801
7.23178184008957,14.4651988369397
6.6868374762045,9.16338204724559
14.0274589407029,11.7708247822789
3.4298171191013,9.28288541162031
11.3929600629577,6.03082043354721
5.59375181222106,10.5765024312445
7.72871122663734,13.8451303698648
11.85338559221,7.59196917039964
9.61604321908624,9.38844179600306
7.32961520419157,12.3640057437478
9.75066099703896,12.119054334382
15.2432716931966,2.2655077564863
13.0500987374512,6.21296799959751
6.04070888151102,12.3703176297143
6.81786899150129,10.5106265532463
9.59561215685288,7.39455831584639
15.2446317261378,11.0969537810873
8.06603147193379,10.1563036851992
14.2208921370334,7.3634509397724
15.7137621758677,6.87037413928513
5.02760932384485,9.80455401150796
10.8168993331326,12.5583894566055
11.857491582005,8.78164389889733
9.90321291570519,8.56222183828333
6.25012423664259,12.0307789275234
10.9570596862712,13.4795381855009
11.3951031325336,10.7641886628404
7.85308976119044,15.2789253482947
10.2632063400486,10.0592622612353
9.60261646489748,13.1512147220794
14.4277968646326,6.11596061535047
7.60838851192162,11.0092395422063
14.8694631724563,5.51818463912369
9.94554506518721,7.78150171934343
10.0965465989561,13.8447958134408
8.44923982010649,15.43378352224
6.27675261372725,14.3227869372429
6.60811089451649,13.8555125445522
5.72407017838945,10.0798276521284
7.78516678688943,8.02578084079283
8.64250468215235,8.86598146165757
10.0543555082479,12.1883951251654
10.0706606478812,8.73312867178673
8.01302746424872,14.3283465100142
9.58648250839001,7.56730483813751
6.62380948044344,11.002442600761
8.15659010248277,13.2831645869637
7.73304926703557,11.7600784338816
9.26228203049901,6.36809652520501
11.4148591577151,5.60601304966845
9.65211421411125,5.97396857797339
10.3240384088593,10.7571176193586
9.13911966033721,12.4467622055952
10.3684730672257,10.7856144063365
7.90934182969066,15.0256955014549
2.74763662115679,10.0314515127305
10.5955541765812,11.4580633070411
12.7755089704962,8.83709973160883
10.989601022656,11.3797676430435
9.26301933638705,8.54646894333204
8.05178704779219,15.6810454373474
10.0914653095523,6.80168965241111
8.87000618224961,14.8093107876732
10.2030069551175,11.451831308413
10.7641052157494,6.38371826342847
11.5777514637665,9.94751992744709
6.14489873414012,11.5217649001643
11.1226091920695,11.5255096126234
14.0405295434733,9.33170595949572
8.6387972661832,7.53273310118799
15.0593516042028,2.02281282574214
9.19654050590528,12.1349460550328
8.41028053408678,12.8526382403126
8.58815757582415,10.5250430830237
10.4540149094136,5.94774757661793
9.71616254101591,12.1924190936971
10.5099191429622,7.45525396423375
7.26604100302947,15.3065143744118
11.7808918460872,9.73272031469372
11.2424061761165,4.88457034683854
7.62452144815491,7.54059876787592
5.56162713136656,11.9527996399091
9.74128592196876,9.34929685070842
13.1260784351329,7.34994509746442
9.01197072071603,13.549686383026
8.32737805757533,15.4261535713627
7.09248600011171,12.4227993687818
9.62764018090073,7.11319396154796
6.75509300513739,9.28818233594294
13.6336668491419,8.86525546261418
5.59409682582438,11.607610015432
8.56943776097364,7.08777398041593
11.5342190210224,10.2921497384006
10.2357927142232,11.4362275715306
9.25280888937542,14.0446113036478
10.0823743345882,8.15045427557648
11.9153155913879,6.08318147492709
Rho_s: -0.478853794853795
Rho_p: -0.503488021991373
IC Time: 0
