Rho:-0.8
N:1000
11.5430791709917,7.60494819026069
9.66166787334247,7.65082646680654
10.1930201931429,10.5461015111029
8.03426559378739,12.7363311434857
11.505172603107,11.3395048739062
7.49425157580526,14.0086102976062
7.97508468782194,13.3661073089993
9.49084404348379,11.5416018819334
11.4774176649377,10.8959842860687
8.950262153698,13.4731024555826
9.22779717077774,10.7005040782774
7.55871320941514,10.823613068318
14.1087293270761,8.26927108786748
15.8048944982695,8.71262525772264
9.10218619883767,8.59592325201215
8.05713231535202,11.9341220037218
11.6699620805137,6.87877816640052
10.7443091807103,8.53034029103383
7.49257174276859,14.412882283367
10.0486699162687,8.87165498005303
7.10162553786379,15.6160382007493
9.9549242354721,8.78518625873749
15.9475641599227,5.56966537541844
14.8566171169559,3.15262425826087
11.3135521113142,6.35872753684819
8.41828358826144,10.7269616600163
5.43503283998085,15.007860842828
11.5205166712996,8.01355973019301
8.23523733371694,12.0526148846502
9.54601017050972,12.8139637601247
11.6237749960891,9.55867148447376
5.44726391137086,14.0009288506221
12.0571023090021,9.66930582193797
10.4032657249669,8.35200948169517
9.95817092629467,9.56883474341547
14.7525907581069,4.88225530305787
5.01582271788275,18.0618200071647
10.5536508345574,8.49733742377101
8.72205141707781,10.2920959883472
4.97223762354773,13.2992954528863
10.202502968408,10.9123368461816
12.5885351922815,4.47311813233727
13.3944401920539,6.05997081500217
7.16451668151943,13.3718523467777
12.9307412556538,9.5094792145623
11.7206870384271,10.6261977448365
12.1700637850418,8.74135197890488
11.0050601671511,11.0150003134245
5.6419486530065,14.6061049035443
8.97167262061511,13.5103042524034
10.5841596989983,7.68631324415148
12.7684437027777,10.4843245346698
6.04088290417851,10.8067499476848
14.070519937121,3.54346095493004
9.39174102009635,8.84747687784127
8.12712632279866,13.0890494285753
7.35660389322082,12.9405272162019
13.5538909902697,9.72265999601656
6.4102189643073,12.7714045965587
6.36509685033256,11.1478761595721
12.6548099320003,5.17575305941733
3.25994884805662,11.574341075599
6.4211511450277,11.760185716127
8.83237512157329,9.99513607944956
6.88876897760989,13.4654096840427
8.06784965922992,13.6241030897292
10.5879985764577,7.49312024110475
10.2648959101074,8.71274821209296
11.748693705909,7.35733280068958
14.3396053540528,3.0925038921102
9.25351624736399,13.3327975580104
12.927812814684,7.61116936860711
13.6193501553339,7.85181209487948
15.0027404641215,8.8565952851377
6.90235189202419,15.0350391909046
11.9129245194853,6.34219455293586
12.334550852851,4.72456970185296
6.25011149193215,12.161621983339
10.3906372516511,12.3646170537783
13.3827260306002,7.1587206009034
9.27539008994404,9.05872531213497
16.1080325329624,1.25597290405908
10.3243090186381,10.5058486777606
7.45695755956664,10.5945980549975
14.8548548814213,5.54525682030839
10.3217912386402,9.85383454505471
7.12760964892245,13.8312334268823
11.3426601899951,11.3576023181751
9.48231485615299,8.23777144973
4.2986979920456,11.9106466072096
10.1770775681957,9.85792612847934
7.80576911256562,10.0465041538594
10.9168847609661,10.9423248561867
11.6702759401622,6.62643559827526
14.1079066870056,7.92112146440198
12.7933660285013,6.33499005326671
12.1672751261297,8.43414810491225
13.7514397605423,9.29689311601389
10.7599134621695,8.66672740403288
9.77988846135125,10.892478032477
12.5921291858695,9.99733938201892
14.5721877945366,9.46406327013054
9.44010350173385,10.8926458397106
11.7088097373314,9.38890694107854
17.7574760380574,5.76316309973862
11.2552054550352,7.61844463870073
13.2106250582738,7.6789348797087
15.6984574103534,8.29826691427098
12.1916564191689,9.94592537553711
8.26831895225865,12.9348013746903
10.5625622254577,11.5276401906244
10.6604730778534,7.27666456967131
5.02224532278969,11.7445317119949
6.09005051590063,13.3318908234464
9.40382458599929,11.5218696557903
12.0677672596948,9.4162048569305
10.5541146196662,11.587383108563
9.04802608925534,11.3184543681697
9.29449349857198,11.7086285840332
15.9808763835586,8.30551391358452
11.5615308911467,9.73612302603791
9.04732672052883,9.16219648629261
4.21186824637051,17.4682204990592
6.25465748732284,10.9048958711568
11.6218795877736,5.65177561062383
11.5667266138224,9.69837578493153
9.35509323372638,9.83243872780526
9.72505508431861,10.7299461821357
14.1095123670286,7.97751578309236
11.0118599109558,11.296150985796
11.5380287299561,9.65509400357569
9.83549217646103,10.2565083956426
12.7941624752239,9.72991425302489
8.19457373797211,12.8974889017696
15.4240832235405,5.25760843411773
7.54390805426266,15.6315446749808
7.5588713024096,14.2320122292653
12.1248770175131,6.88551476357837
8.9434440210885,13.1659794670423
11.2773633633926,8.44088911889692
8.68246067835526,8.70192789028063
8.46269092659187,13.4659505929997
10.4470872908193,8.77813725248383
9.77249720366185,11.7089420651541
6.98058128071646,16.0748132418703
10.2906688219836,12.4101592051473
6.44804282526804,14.7931107820074
8.46800776287927,11.8572967071783
6.98556427981793,10.1060397227579
13.1584609731543,7.56147451183605
10.4943517336981,10.9023456216816
12.8264713402674,7.9545524365551
14.9617872842964,6.39180828052239
10.3294126683433,10.9391011307093
11.1635133394269,11.0428211939867
10.2428137893236,12.5819897731344
10.9464694918491,8.12475355751992
8.02227014712019,12.0210879615635
11.8921896672029,10.005406490737
12.6409579057232,9.66461061363993
8.20908133747454,10.7838705197617
11.274277991926,11.3469201314371
5.19628651708564,11.0221928614457
14.330948235112,3.19640510583283
12.1343902161904,6.37393676050546
10.0837229586816,11.3936044041406
12.08923331983,6.30247356010509
8.5960984632969,13.7581721085407
6.44957743030441,11.5185395664406
10.9676184267074,10.5727644673617
10.2519584798429,11.1716755047941
11.1957169340815,6.00053444809412
12.9568562740059,9.23886306417112
16.9350528438042,7.94693697730867
4.69280763333245,13.2151631086252
11.2630646462773,10.6643084755238
10.3119122825716,9.40413714728395
12.460634299136,6.42200825683005
4.70533309633505,11.0942893889032
12.4152460762508,9.35211625726087
10.3640323096197,11.2627385270088
7.61648724060592,13.6433488651929
11.8262006956947,9.65683545167824
12.6855565150945,5.24523648790833
6.53008641248833,15.2518456419231
9.76707752239282,12.9513443911634
7.61913580098493,10.4062804829562
8.70143024358447,12.0783574287848
9.10240057824051,11.031082839003
4.03366124633908,15.2398223901267
21.270573048284,8.28046977440896
6.9128951485655,11.5091132000172
7.37396539286366,13.2460275382461
10.0121947672757,12.2750643157638
10.920637789545,9.04917597337764
11.3602343955707,7.35012515788563
6.36366543584482,12.2362206042697
9.29630920521896,11.1128545209901
4.15150043014751,18.066036815189
7.84776868805987,13.2046496561455
5.46450451646469,11.8792469035728
12.7242115968493,5.28597015584402
10.8421823043006,11.5161520203434
13.3074647674676,4.19658216402818
6.97625366972089,13.9756902303436
9.39718347563739,10.2395670227933
7.55047364173811,10.359449933652
17.5766523965696,-0.103720772752945
7.42028114928346,12.1093510338853
10.3527712656148,10.3405129095355
8.20163000362166,10.1343828870603
6.99734997289161,12.3404649005307
11.7748332797233,5.62661329428455
8.53094823306591,9.46585717149052
13.9523148146766,4.32808564090335
11.6404719147022,5.73419593012433
8.48950703996548,11.0610138535521
12.3753194492981,5.42660779045927
11.7810678263546,9.90555715445856
8.26645616504863,13.4009779415897
10.4919570813214,7.71615560179861
4.39283935467057,11.7114890466068
11.0084707136998,9.35189899567829
10.1272382871857,8.03280817468604
17.3150774049285,8.70917142383213
10.9298948888092,10.3265342783662
6.1584570439695,14.3342592763463
8.0904341374922,13.3274231349699
13.882449299778,3.88673703003454
10.4739965560766,11.2145588478095
13.6065019486325,5.18420914739181
13.0444757945411,7.28913443646821
9.91004888815317,8.94347156737006
9.18322201401607,12.0216889004123
8.0476695590384,13.8039757830818
12.1610497480986,10.0060686491663
12.3462525491614,9.17475957487175
10.2697319487458,12.2033610474632
7.3102486529742,14.4677458239673
6.56720090979444,11.7358813222339
13.3826628835211,6.61141741700917
10.5665216750114,12.146044659277
9.68780986371001,11.0312291701067
9.87398458401131,9.4190522594776
10.7624038976767,10.0109511212381
12.5853182642544,9.78071015063745
13.9743415714475,7.30937801063977
9.45855628824398,11.8216199057817
12.3832709843752,9.70737448396427
8.37169799054746,9.26351448023578
3.29588658923641,13.6235462512505
12.5575698395836,9.3178945395573
11.568005554204,7.25530865683471
12.0130199939997,5.98673696381748
8.09566831449806,9.35757325795264
8.10282443564507,12.6094073895632
8.71157130515245,11.445682762456
11.6562089880173,5.37955647942119
9.11884201682624,13.313210226977
14.3852063718522,5.60136625297358
5.89656599908065,13.8620954449321
5.68930155331361,11.9787493161779
15.4785587936337,7.081510049239
10.1916971951837,11.4893401743458
15.3954282582779,6.3489523665727
4.96823952890093,12.3938835479797
12.2260953047229,8.71798227188253
9.61841391220764,9.95902572790945
14.0029536944368,9.47873143935769
7.74928274732867,10.8119596334189
6.74781935107477,13.1720651400301
8.63891558859121,12.125692652513
14.1215787020284,6.34344549718421
6.85045701548434,16.3813539136753
6.03876901614595,10.3078223103946
6.19899941884139,17.2899662736089
11.9393012583582,7.44910388695828
12.2783081526225,7.98449630054906
14.4970513953653,9.2990207846869
11.0941531417459,10.8813581832795
11.672538954493,7.48773669295224
10.1276615463497,9.11330850470442
9.56939628974818,8.84708145980594
9.47707184437033,8.60921543275832
12.4834846475204,7.92517971154096
9.92292453532369,8.44469254961736
12.6719580279323,5.07237955220544
8.18406008395423,11.4434559322914
9.70858496047546,8.59522084706543
15.2483869591367,4.2733924036104
7.73909859852571,11.4476916401028
7.0365935572477,15.6465857026111
7.73253435747552,12.0074710705594
11.7190719974092,10.7319391309459
3.40893481652742,14.9320550009153
7.96511399464569,10.0278726687045
8.42688869133599,11.0907335206052
9.15824358088335,11.798442412647
14.2175434117104,3.3934629809057
12.9820408109669,9.24672670133618
7.80414570140632,14.2891962427424
5.7786388800424,16.0993449560762
13.7611329980848,5.51471141856644
9.58298747330895,8.49964520709139
10.7969077341338,9.06625714704714
7.03222133158848,15.975473190164
8.688934314855,10.7229295003433
8.62476680485581,12.5513322751908
9.14884888435231,12.4079091673052
14.1964047143243,7.54508054051777
5.48639061653758,17.265540102049
9.90714982080873,8.41582607285671
9.56820013947656,10.5470503466819
13.2735056291776,7.68277537866776
5.19908800788733,11.4957259111681
11.4896810916725,7.90355781734721
10.9247277403033,11.0360863846472
9.72521871927427,7.48355988611674
4.00763556247597,11.74931036466
8.90638846834169,12.8772917587012
14.4070271560521,5.43126711792204
9.4769889809294,12.3330293466773
5.31523537059101,17.9170632994268
14.7402555158369,4.30959283567659
3.95997573687214,14.7981594674559
8.55833224081132,11.7684935445994
16.7345171401427,0.744853443410149
6.18291002264906,14.6934754596751
5.6175226962191,12.3013816446174
10.4196600450897,12.2147183179168
10.2364993586062,12.6524287712325
5.36651413418287,14.4318018386545
10.7158960609159,11.8078726676537
13.7616870331691,9.86879283044635
10.8401506216788,8.24582397952656
17.1682042668016,6.74318707722384
10.702146598623,6.92758832472867
9.38512195189216,13.3833150485992
8.13608558694274,9.81940250172591
11.6412117343721,10.1930652854635
15.456125371907,4.77399023160215
1.56747420289735,14.2421124185145
8.9360879941143,11.9206484609338
9.16995851591125,12.9148908603956
12.4704676079479,6.94249855008069
12.2536857470202,8.34933860093656
15.4972168088692,5.98454663391237
11.5515525758474,8.81578326829336
11.5708433414437,9.63453955977317
11.8944391507785,7.48297312734237
7.49539773567477,11.8680622645117
11.887027897662,7.81956073255296
6.86869115294281,13.3419370685355
10.6276324993599,6.53150685666744
10.1347103784079,9.84930569191307
9.59049205781805,12.5895506943836
8.68267137455791,14.2149173085269
9.70494802330015,7.9876394993026
10.1299107368791,12.9195049533625
13.8564241182901,7.05056827848909
8.18476230970222,11.1485710858311
9.71879585814202,10.5604599711946
4.15297332049883,10.9494985633496
10.1535986037202,12.8594501589513
6.39108565162555,11.1071536772649
13.8881538676206,6.5803153339276
8.19148167282911,9.72591886801468
14.8201498577648,7.25182295839508
10.853958639645,8.92979903529627
12.0072256010356,9.36325756462528
11.3349828353567,7.59720500615668
4.50969627052909,14.6916991921392
11.9592622278229,8.7661413910759
10.4434567996245,11.5447311476729
8.08156625520364,11.7792802125031
14.0946641892616,7.93505283594755
9.3899415263304,10.2087678011128
4.13199129598143,13.4144961688584
11.4782418476334,9.28242582202863
15.1215670077363,8.70384353497007
6.80068233619703,14.4812356787967
9.95604272868407,9.09844906258204
9.77205349597008,12.3998225034761
12.4111749635884,7.87776905100187
11.97214165833,8.38165041656316
11.7161621725408,6.75938699320522
6.89308132633164,10.0807268606843
9.12926493896977,11.624149688798
6.22131081621448,12.6162057748515
10.8896734921269,11.1033349989051
11.3850205815792,6.26436263604034
7.36666810907585,15.154795118647
14.5291119593221,4.89665983911884
13.5600870536077,9.39946644828469
13.7943233486138,8.75907901470198
12.7241362280724,8.65465761375271
9.26233233342911,12.5456262059985
8.72160637971846,9.91587220546696
12.8864833926703,9.97403753950861
12.5193198122923,8.15882421205069
6.57728890054923,16.2349777509443
10.5110612976698,12.064041842865
10.7150124703787,10.7828928773065
9.5365238922246,12.9031309701466
7.72412929911458,15.0401655709064
13.7809573808692,10.0799583162958
15.7797515975541,4.73627692387376
11.5861592245192,5.39016369363808
7.74218415459092,10.3956862908335
5.5846152623612,12.9444773396104
10.4497063493265,8.05792228573842
14.7689480371186,7.78152298087198
11.2994730623776,7.83728095687897
16.8357370381602,4.50429158814002
12.2534871531567,6.43448820909873
11.2299761016528,10.236769474862
9.23714647211366,10.2223521553722
9.47245332403538,11.7823623314664
13.9158336679162,8.83442632326199
12.6162532018628,4.65557745269097
9.93480097578229,12.0994130940374
8.93350702744907,8.72667519658744
14.9818208754431,2.20043078137888
2.6975825924525,12.0729571944241
14.3447108804832,6.11232468283132
10.7865338954668,7.91222120352853
9.63407140126251,11.2348295604301
13.189616924491,9.57140356489693
10.4159444623173,12.1416250817304
8.25213346530633,9.72713731579707
14.1213082777035,8.0250751562374
17.209512056474,7.56797061136478
9.86948333568711,9.30648161475217
7.72505069229873,14.5047566219363
14.6924151017502,4.02123943551915
12.6405105976591,7.86957233000991
5.83959924238987,15.6898627428067
13.0405114196391,4.60969929177336
6.00226780666023,13.9617392951477
10.4793382673161,10.4052517760434
8.15421719594772,13.0469675610185
7.85680429342935,13.2806391656026
7.72728378920891,10.8159749567299
2.80772910314867,11.4428279856044
8.44330254831271,9.99094929817095
12.3144936646707,9.01471565487405
8.05156061143341,11.1773503772321
6.58036575427409,14.8904389067087
14.5371082027986,8.95123217677884
13.7245024382709,7.58471920043817
11.4967833531251,7.6785027966291
7.61389764724242,12.8997974378285
14.4425274037617,5.47116860854694
3.30727139386687,14.6701772049226
7.33588841587003,10.6321645837957
4.67140658540483,16.6287153465287
10.5084107721025,9.44161892627097
13.0501699726957,5.05371228667244
6.38796698875577,11.2946376494688
9.6311321780617,12.8391904693885
10.2066061624099,8.58011016394674
13.6720220295665,3.92287784659207
10.9430912867726,7.24242540045201
15.8826916437356,8.28003677375792
14.6695246799292,5.82809048168762
8.03856156442295,10.5815673307629
5.56401672663437,17.3760874989996
5.55183626332373,13.1505950878128
10.5618524115046,11.1011704287306
6.70018734843405,13.6945572086172
10.7948173312275,7.6156324697021
7.50939110368969,12.631593481645
12.0327070600551,7.16364044295878
7.91359104940821,10.7080106152416
11.1640920708001,6.83265921466702
9.89105980588536,10.5417509987401
15.2512839685192,5.8916114085901
12.0350208431932,7.93093100882258
9.20500795469641,10.3424658130758
9.2684655194252,9.36959059147388
4.60543519004394,14.5367516385928
9.33969091076657,13.4174974848616
11.3285775120961,5.88583483856903
13.8779818389268,6.67662374918504
14.4397831035401,6.077113513271
9.13306791289259,12.4935703886234
10.3992700501443,11.380150947629
9.27904274074984,12.9765136945912
11.0997455241605,10.4975381312657
10.5880572387581,10.4743822499
11.64453660486,7.13768753138611
14.1174259801975,6.62253344783553
11.1723516173933,10.9336621970483
10.8305541177681,6.42263021937879
9.28617350653782,10.5802344172261
8.58257725365223,12.2581947145272
8.79475253761866,8.87213266228642
13.1798115558371,7.92237863455654
8.42839094340854,9.21913569699094
10.5127195216924,9.50499211071821
6.64234417403858,14.5165594050244
7.10564006491425,11.644481221977
9.80922015946578,9.57035094653953
12.1344390024822,5.77103723988494
11.4046946140271,9.04074563227979
4.36883849983795,10.8745415598198
13.7845268000602,9.84086431499099
7.45744947265738,13.9032324469353
7.35419791439157,10.3974173843562
6.68915688328281,11.8104210393571
11.213869703908,7.39695009102999
9.63468014681054,8.34470294089325
9.83126281954327,11.5512264599885
8.694543810614,12.1874071780688
11.1843992632892,7.72142562880746
12.6168710770929,10.2906703544012
10.3309575910332,10.0838348684756
10.1372737132544,8.06528170178894
8.1396437332725,11.4829156732701
7.78851547544619,9.48135673790177
7.71156625375769,10.4075298816383
8.19577263717801,14.8230998444349
9.16920227082351,8.72812850943262
8.30734515302224,11.3656862332655
8.58510781830912,14.0048011941077
7.04800262484487,11.7277694903098
12.1570270755157,6.8309571192453
14.1280149733285,6.9559390063611
7.39667539701614,9.802037331151
13.3002626847842,5.47934764576856
2.74460575255235,14.5022457813986
10.0714948714738,11.879688386325
16.7136818767884,7.8291890646701
13.3289072585878,9.58141222244309
12.3147982125317,10.7502566055788
7.10256925138728,10.2437221093016
10.3376519687091,11.4496428375467
10.0400446854188,11.5679586096187
11.7301397996199,8.74854018875728
5.99959081196402,12.444396147803
14.4878333950949,6.01896813204625
6.28811712485076,13.1582847151416
10.4313165830777,10.398859754335
8.10669744388998,15.0220301312629
11.8805388305198,9.16674148923806
14.4175061348237,6.79625281192598
12.4157067034686,6.32463331396911
11.8682644077421,10.8404072888822
20.8876990138726,6.59321392873077
11.4031727321464,11.2403807167291
6.07161840088604,14.5467564063215
9.71253574878094,12.8280991215713
7.72447487509849,9.82581121874045
7.39265180744084,10.4970997498004
10.7937432756578,7.61682939286435
11.4888365485257,5.76743123392471
9.45306494646226,8.06359315878139
10.9847775052683,9.12766313028108
5.67659987490053,10.9970010064111
9.19248513831925,12.3697058290515
10.4307752385435,12.2938768441331
8.156591347097,9.45604179145121
9.09732387507207,12.6328623308456
4.77091519459014,16.4478295780159
7.86584172572176,11.1582971949422
11.0030954243736,8.03006315017837
8.60991520772734,12.7106074515772
9.06486029928624,13.4541724803738
12.2347534863478,10.1848918053054
11.5914213842751,7.06141632104561
9.96504414611295,8.71623581833419
10.0263339468302,12.6997840430255
15.4095974407238,8.2875988053267
9.86124829678287,12.443193034242
6.25687177901419,11.1343717591687
7.14531494168532,14.7963955608968
12.6425389553899,6.23783378143362
14.6090017508858,8.19295491242593
14.2957744236931,8.40391793751721
8.36904317602055,8.94947708223134
11.1962263692829,7.11703055359617
14.4748659525404,5.30108472709045
14.9353699547797,9.37573530604524
10.9108826097163,10.7656332039547
6.08856224705226,11.5196011770442
11.2129340344606,10.4820467760869
11.4947923061977,8.00876262645232
9.43753383165535,9.90461127706961
4.42628373181122,16.9011782848342
13.101744868892,6.96265302829956
7.64010108469674,9.71480226369972
11.6298296556458,6.38480044202402
7.84328385728517,12.2825170343805
6.65267698685712,11.496949679655
13.988221035242,6.55402669947322
7.21499512596622,13.1958918284091
11.3197297013933,11.4260256808984
7.69852638216302,12.4136720856163
9.62375966729694,9.70939400181159
13.1005192100314,9.42842772814239
13.2407914903601,8.95964051884854
10.4185760015997,10.4657478466899
10.07583212855,8.67977662449246
7.29768405042783,14.2195276434504
11.6339240333987,6.7628798321512
8.77727600451462,14.0383604573426
5.06851312469123,11.8791244121874
4.6182444271024,12.9558530911594
9.57331990219932,8.4671778992368
5.95662427913804,11.9343733404642
12.4032426279469,8.78967535555603
6.9276279090612,15.7651866252551
10.2777587377851,9.24874476917477
5.0848737790404,10.6895941124644
4.73185673192636,11.3760519315048
10.2598913849421,10.7805465483729
10.2257269572802,11.2492851263797
14.9088410675162,8.3297346984106
10.8763956931249,11.535007101136
5.86424088016474,10.9311162075508
5.93580747429664,12.4555118934787
11.7082512899513,6.66714447308042
11.3736576080585,7.64548412598816
6.97761730978749,11.5709656722307
13.8500692166527,8.89412976052538
13.1760998848958,6.78983273907819
11.9780174358338,7.77357870384404
9.83202112309087,10.2154919453252
11.3057025593033,6.04424181080553
8.26355964080464,12.686732840703
9.07821071649668,10.8508622588831
10.2407189124466,8.36701422889171
13.1537399136318,6.03219466687803
9.16638787186425,10.9939135745487
7.67375261118544,10.4666160915019
9.56872497650625,8.64359215666981
13.3210407219165,7.73590046070922
6.87952371581839,11.7114231526729
9.99977629762284,10.149399467048
5.05387760651923,14.3481317623559
8.88279328266796,11.9588951154716
10.2415842119443,8.70959937633964
17.1790820599051,5.57028159326534
13.7264589975267,10.1415826540357
3.75361413740637,12.3989706486262
9.41576014612445,11.0189626030891
8.79789082431866,13.1744559430282
7.48767790520578,14.0703099485752
10.5220636459324,9.35014990785929
11.0319969231255,9.47248995574627
7.40319418359799,11.5116882932953
9.54726597689566,9.71742044781809
6.44860226736767,12.7432442452287
9.30686662592306,9.91967404685924
7.07342149582946,15.3364102288971
10.6326843206612,9.42149272002287
6.89980186591935,14.6204050520108
7.77293891887159,12.5619753175839
7.38183180079189,11.0348609684175
14.4034590399322,6.61952076602658
11.0168623438047,8.26485490333529
5.8484344678596,13.6059516269094
9.32709097889733,8.61219571659934
9.1102457029799,8.30009171349531
9.54407082166812,10.0997549142863
10.3525751319615,9.86623474515639
5.02576129741452,11.1781552474157
9.82235549130919,8.7941618973747
8.08217641594054,13.2877717738213
0.57517586124002,14.2270828846322
8.9335733736862,12.3490208537173
9.42437447684885,8.4063868264482
6.74229628371285,10.2240758703523
12.2815484844922,9.18847305795255
8.57234133726329,10.6453518534889
9.55289040632646,10.1037730037342
7.44949504455942,9.52980543794686
11.3237288985013,6.18151443959448
6.29589368234945,13.7336100249195
8.5557398834281,13.3093717246222
10.9618802392603,8.38249643781877
8.7223210703113,9.48065699447101
10.6740580596776,6.66868827764623
11.1786558410255,9.9621874357805
9.83992765080688,13.1581610927076
3.07751681724173,10.941778051272
11.8667637625117,10.368630432252
9.38325876254424,9.66213537927872
10.6020329055139,10.2349632946478
10.4377816982856,7.37722737296454
11.3018068703923,7.28284402755041
12.4482340643291,9.63562204781844
10.4916827128458,10.0390226226773
10.4371474721524,7.96375161469337
14.6314727532726,5.05029271423962
4.83274132033285,13.4147226799145
12.2366802479021,8.03990742760867
12.4453449516468,10.3822895469449
8.95536511927835,8.85949624459398
5.47168205877393,11.0351489257886
11.0675195882546,9.07836135024101
9.81223691046706,12.4354455191761
10.9180661771837,6.87446499672594
5.46230251278934,11.2783985311185
5.83722232295659,15.2582700046607
12.1540204952266,5.66758507670863
7.97537909667077,12.7126577156782
7.35814399873126,13.0746391247971
12.8416412900786,7.00622234749172
5.41280783465562,13.8312547205996
14.110167481068,6.49837873330304
3.86163898857089,16.1978509457423
12.4546606412964,9.22985976104507
12.0599119768914,6.63461820305656
8.89105564958368,12.2249137888852
8.98649187306775,12.5282944206825
14.2681847666665,4.76245389662137
14.6598437121191,5.85742301197977
9.21461310996123,9.2200155264778
5.65913224612976,12.6171817191067
11.547073317173,9.49749048468466
15.290517942877,2.8944606538373
11.4437253523861,10.1889932200912
11.7595269577996,9.05046623192072
13.3762558937054,6.02586420111244
10.8111973401975,8.84416160001166
15.0492554784902,1.86613618836657
4.61323532741658,13.9504823639492
13.6267681593797,9.66588747150301
5.0336685235843,14.7409241984329
6.83449362301108,11.4503089533086
9.60590352450974,13.1303783933745
11.0408310678357,6.24770749751919
11.515423767982,7.13323959383946
10.7758381802571,10.5819824101055
14.6957624181396,3.51143130345748
3.20311796866816,15.7228657681585
6.88262270404037,16.1149553965655
10.2803373799166,10.9303101715367
4.00409786663693,13.7726201861169
10.017114656275,8.90822086934046
8.96281943429126,8.53258368196287
5.2010487413544,11.5901053489449
7.76609702409087,12.640883262303
11.3089704209398,8.14925735850959
11.7620735851715,8.4939605352601
13.6709444412102,7.82008221191945
4.3060458775888,16.3050934853989
11.2736465955505,7.22755015686786
6.25503374574722,11.7680698896126
5.54731379965375,16.5591527281016
10.5229511012714,8.23615071781803
10.8763295892561,10.1537359019779
7.41087559566148,12.071298943638
10.1223256765995,10.2628699462764
10.8523567771781,9.69885681566813
7.36916010453177,13.6859155974695
5.15253219280673,16.3082644565382
10.6019730200945,7.84194054323553
7.84931369097896,15.2901426269195
14.2336209702031,6.64214922441125
8.66100753486578,8.75381020770179
10.6599006586241,10.0080493402071
6.15527563683963,16.7632110414453
12.3456232578369,7.48717683404089
6.51725123878064,10.1528795827269
9.43029529960884,13.1600815969303
10.2751592762958,11.6671634800962
13.9670788048745,8.79473321048733
4.76951314715413,16.3260465736035
9.88667546136498,9.93826759778707
12.8034894689412,9.80081653028492
12.2224710234591,7.60190402357314
11.6372262793064,7.79099458599357
6.56342387792546,14.3390672753024
3.24734788728155,13.8220709485628
7.08848301377881,14.9331014563264
4.27122185064887,18.0697985164742
13.9564382382919,4.30011584470253
4.82656769027207,13.9858880877955
15.3263505778759,8.91717458366776
12.1401400564609,8.42278091588637
13.6005581372458,5.02382676188209
1.0947217308011,17.9033073263354
9.1890104617134,8.09545921475348
11.117104055806,10.0278802161196
9.9264397422047,12.5372282563125
10.4671784236472,8.04832249451472
11.8269585287861,7.47004647075908
6.5452914113435,13.6686694893758
7.42769650548825,10.2138782011497
5.86289838264031,12.8911678390585
10.6100266598827,8.88975913827603
11.3642265010054,8.425145510088
7.18283589525787,12.2994465294542
10.1681470648798,11.0799023035725
11.0584040595169,9.23419368826038
11.4702946681605,8.61177099754665
4.71521837941119,11.7474721946935
10.9865506622724,8.54081614894223
11.4979388977017,8.64945735396152
14.8948253674227,6.84685101778027
8.29274568556382,11.6085163617377
7.83467074396638,9.3789300216359
12.3332901260739,7.02425973323541
14.0480508261516,5.827373576185
8.35234657265551,11.1234920282813
7.48787033953686,11.39596229448
7.79991007017938,13.4685914226918
6.28673416853999,14.2161313957659
4.89775709993803,16.0776009298354
10.1936374367698,8.97825009624076
12.1182942036882,5.26764578041644
13.3989318859631,6.41131879344265
8.62657753017278,14.4156592925783
12.0269146778697,6.76172943382377
6.76990435822401,10.2442366505546
8.92459897600092,12.5572969965249
10.3050620093243,8.32995629149699
8.10022792614427,12.0990717144277
12.1563087259679,9.34989172277011
9.15707001980595,12.5327842081944
17.4804303454552,7.17951486609512
7.67063268905681,15.0976468752504
16.6559204276485,6.8295697026767
12.5930416693348,7.28293651378132
9.26464355963391,13.4713253900775
10.2378573196472,11.9840862425109
9.23013251760928,10.1493077644909
13.1270024624739,5.47975770455158
14.0802987962913,6.2418324588083
7.64139891864354,15.1867039968423
11.5778323411007,6.53051088266249
14.2102650069133,7.3695886145132
5.97179268819404,15.3986385059314
4.89834967276855,11.1551603453378
6.07310120762243,15.5010206700302
5.14611428868825,13.9838209625333
14.5586716651506,7.24525587747825
13.503351415361,9.41767390107295
9.75754479668175,7.87565865416835
9.86223817202973,10.2720728520702
8.42403315692596,14.4209750551617
9.56172029771824,12.9791746125592
11.0785851169814,8.71761277268402
11.1396897909014,11.2263242448895
3.00466781169681,18.1265955648482
10.0331302134755,8.2624965114464
13.08927892692,6.68031783027706
14.314496409633,9.47601211403594
8.1476596090338,9.06071970241884
9.3110165642487,8.36747868028509
11.1743915493539,11.7165643948503
7.41946849785588,10.2569161327438
11.9387410739454,9.78115239359973
6.00680761835879,10.7468585135018
10.5620185162966,7.11880258428838
10.7131936684,6.43932198133489
9.30377252831997,8.27006258439678
8.55185230917691,11.9581606830466
11.0355431194885,6.61666782497502
9.98707992564741,9.21574150420923
11.5848635392881,9.74902822019419
7.94469453872786,10.249884792123
7.38745003923455,11.0932956375876
13.7677412096048,8.37016490215668
8.2638273364344,9.52317694500143
12.183756224148,10.2646165644788
6.93505200165384,10.4217091216673
11.6235737474292,8.72824909348722
9.7178789816214,10.0382014224266
11.5306535288966,8.39642554440628
12.7276082468155,7.02746711029897
13.1768932494094,7.88365716469425
9.591708180297,10.6148802254246
12.7197457778841,5.1373961970689
15.6923486575361,3.26769010495766
12.9978315541751,5.35168442788231
9.14583958282418,11.2381209869386
1.82498017884138,19.0768229456661
7.95402587698683,9.71329959820469
3.92958305903142,13.9552608865404
7.04965044098022,13.1614602793767
13.1742455201117,10.2855023395878
7.18820967231638,9.75339875771877
12.7378702352887,7.40800956977695
13.076149983641,6.15340032506983
10.1187505622386,7.39791138826104
8.90996915506775,9.78974024263203
8.92009214937334,13.3715708475212
7.09600521324956,14.4233656436977
6.32115449486566,10.9717807290517
14.7702702758021,6.55359250958737
9.26833500666221,8.21735770485376
12.9653015603101,5.95859465842322
6.06694766770607,10.5036306243476
13.2497430264615,5.98967676700486
13.3515275976116,6.28457167928626
14.9217575575338,8.99183237076493
5.71161929873393,11.6867559553449
9.24703284538519,12.815567237356
14.5096545996794,4.87042219875816
12.9481131234088,9.01174358319346
13.7000056766991,5.1419395842235
6.88641956703617,10.2942978719069
10.1182557294573,8.44440542371281
9.70942871058991,9.92691921671968
8.89722432804015,12.1790287695653
10.6235423658541,11.7003124504798
7.28693125149131,15.2554523360674
4.40776131652414,12.1973641710457
8.83532638924093,9.68609269341284
10.5473770839523,7.54488230341
9.32517204836693,8.61986609360493
12.8538156089866,7.51263718227293
9.65105106644687,11.6994423499347
6.4561023048772,16.0491899245975
5.58289241921223,17.2116213978076
7.67020430871487,14.438384819924
14.1899892307227,9.61971019882006
14.4356946403592,3.65657195734016
13.5494788247308,4.94370298374297
15.3331588639822,4.23598681015286
12.9850838703842,5.01128742182449
6.39116624287676,11.9053613195082
8.4992050447466,12.424147215657
6.28237157448946,12.8463915809346
10.9034288493339,11.28376808899
10.1462609927475,12.5349296044138
12.8033626747391,8.5267214541903
11.5024934158559,9.2270725392447
4.59259925536273,18.0796028021628
6.6695721027694,16.4658466008857
9.25922551045432,10.2023677620294
12.3322108559973,7.46335913142941
9.30160179459502,12.2034478683251
9.32880875003795,8.61269169863084
7.59843353796012,9.71969729735981
12.358650955613,9.18965776472161
9.16440520327811,10.1866099582585
6.65629039446254,10.5398184185104
9.67290628193996,10.8293792216199
8.39145596974478,11.2128325493172
7.79595387175399,14.1936178124147
14.3852058342864,5.4200983192297
8.93645314463477,12.8651066023967
5.77203411832498,13.3464414561208
12.2721431389259,5.14509225360159
14.291554164734,6.33230202048172
11.4586462633166,9.79232993822625
12.4453351887118,5.32897118912072
10.6812784895594,11.5384716610947
8.55398210147897,11.9856994356226
10.2569327986273,9.72951079478735
12.4971019569684,8.12603436007248
13.3154746182251,5.8652259046873
13.9776184732479,7.2303010498222
7.17482163894462,13.3509623328186
11.5387754079876,10.6615062285017
11.2164352439004,6.90403118308505
3.26947315370318,11.6545445026087
10.9987052527637,9.16670674360708
12.3881708924925,8.05162537581308
6.24718691066304,10.7962263504045
8.01232728816178,12.8714076796716
9.51875067127219,10.4180984107844
12.0979084565539,6.41104961902668
11.3810910780154,8.89730065380213
8.10723090125017,10.2204782619635
10.2328749406034,7.84070134735236
11.7756999164463,8.34596446413912
16.5636203000891,4.05444047038
8.51363364908261,12.9384921859178
5.39326223208958,13.6885051613754
11.3323258574446,10.5442601095112
13.7368475038329,8.28035903798474
11.7981474695871,7.68478539485632
6.32513433993948,10.3851338872719
13.7860862752055,5.85236599958494
10.2953018247922,10.9512839785879
10.1717692682941,12.8955306576644
9.45716269677326,11.6027916233117
12.2803011705432,10.3577818479914
7.21778457071671,10.4194650975886
8.33680561285191,9.15634342683207
11.6159298454933,6.21127933654016
8.72527310858968,11.8226224920925
6.49867461470392,12.8900906124182
7.22455486637478,11.2478413176753
7.90169900570114,9.57441838862349
6.8301268219653,11.4739404792564
18.4762992952603,8.72841443813916
9.79953859778518,8.87889799985872
16.2619721919765,8.01581327280099
8.09682965351699,11.3328327702756
8.53262203287296,12.1873586421698
11.0210712644398,8.59995804550947
12.2441527366636,5.75490694729727
4.74732275656621,13.9205789425895
11.5268471780051,7.78722034677525
Rho_s: -0.802008214008214
Rho_p: -0.776915664094197
IC Time: 0
