Rho:0
N:2000
7.44954409122135,13.797014755496
8.78028589755505,14.5621951594837
9.96855497589086,14.6829231956419
1.84878880035874,12.1381692064183
12.1585311958559,10.6482074902969
9.8488939789911,3.75752361411536
11.0395521132369,11.2616158925369
6.5257222734871,8.29888336051028
11.8818358014415,12.8462192745919
14.3449963611522,8.59181389187006
8.37781837647384,9.70063676771015
4.87396629191753,5.11351378037632
8.95581513147498,11.7644715861587
9.17269982833483,8.55181705500211
6.34689294040685,9.45733571753185
9.23058596527174,15.3613540126144
14.2700597332039,14.1191579086454
14.1369843277554,11.1144401846447
11.8926578270466,14.5133769574521
8.36388570317758,10.9076754805225
7.33948368609854,8.89807321364844
10.7604917244116,14.5530054226523
6.62927303483834,7.15935641140679
10.1715002173122,6.87104335192853
4.83836247749722,10.4570192297396
6.71741772134176,18.3771916420246
3.93500371695859,4.64643254378971
8.63820110133188,10.5163318974929
10.6811730809053,9.67266358355095
5.55130316085913,8.930368790328
11.915788111175,10.6450605398694
11.4946697954207,16.7982447216484
8.57143088125166,7.57684406592105
8.86011530229363,19.0399500276016
10.1026928183059,8.40463621159825
8.146880308693,13.7361474530351
13.9967646118481,3.09421280591907
12.8152059537781,9.56555943646419
8.82861148213472,9.41739214928857
2.91881163324163,15.7521898451311
6.25874078960781,7.61045637994028
8.28932851428694,12.8596308769501
10.5386535571987,5.62625044351992
10.9507892554157,7.55413149191039
5.40583719963435,10.8150878376272
12.9516649014895,15.4916904930535
6.17720349098513,10.2450678150925
14.6431090216501,9.0687175769742
9.64610585918741,5.28873105311522
11.6673745152932,11.7836623980316
10.1612318748642,14.0171038192379
6.36887131648481,6.1914457509716
13.5057575509409,11.3783075015658
9.67984440450105,14.222563753332
10.9889156942796,10.9394919723646
4.13198026449118,11.5545345165577
14.6406260327037,10.3408017639681
12.5997289209207,12.6263872796069
10.7953515070893,9.35485670326846
10.0764925380713,11.0056587532065
7.35902030267602,6.73548993057708
7.10028337821717,10.7427905731754
7.19037619078945,11.7834283732855
12.0812524488963,14.4794276683654
9.24643125399252,12.6209284807961
5.42422828150529,7.57815478253488
10.2755650050173,4.47898758297404
6.78632275934536,13.5932374268588
16.0990488413184,4.85138363260474
11.9969196124244,13.6216920641863
7.73535299925136,8.22533996418935
13.3218108864185,9.80677850985979
12.929378282307,9.93480485380181
4.89175314351382,10.3521210981496
11.1381507524181,14.3216751614312
15.2645653605459,11.3666052685529
7.44116547608494,7.70694750363027
12.3155905647674,10.4631260942006
10.5490367366916,8.00753858295617
12.98610371413,8.33501861565624
5.00233642182208,9.18715879157339
11.4749667545582,9.5031700539639
9.10473974202307,6.12782665532134
10.5275560278246,9.70831583942642
6.35664535796767,11.3841901067424
6.42017034097462,7.85420970426617
11.6032602988823,7.91982391867056
13.4952455215742,12.5698552235397
12.2936956875662,4.4830668935713
4.36901591060313,11.560021550657
14.8565709211919,13.7764501066722
9.52697162320143,4.32244552004742
12.9451166295006,7.84816314639434
9.97118833980142,8.72995031539658
13.9371190892149,7.01516611668721
12.1849032405718,6.20134030636621
8.09358026048444,12.1003950406447
7.963901175487,9.81826906418043
5.29262723179205,9.7070830087497
8.12656060429417,5.76085287331073
5.81157451543783,7.64971831749356
4.95413878172871,12.09344316074
7.25720582620766,9.90122291558949
7.67646243254135,11.1931405377663
6.59384020759608,5.11640705604669
8.48618078560379,5.6239362367495
12.4196396998011,10.0510522877588
7.48127599789999,6.56738498846032
8.7702596781079,12.4636797141854
5.5827812368595,15.3890930948678
9.86283584499837,4.21138351443001
9.58591586582378,12.6276286698939
13.0645210826276,9.00896446456612
8.02661880337977,7.21535229693172
5.84403113086146,10.689971806289
10.1389941696151,4.6570382746673
12.8492993040144,7.91068397101475
10.0365084322903,8.51343081070439
14.5907593402653,7.7894935162654
8.54861566638707,1.63808582123928
9.41620271175542,15.1143982502378
11.7236891855252,9.39796320316133
6.10116444172482,13.7126275123138
17.9728293257033,6.72549046732052
12.5948610695573,13.7716524585149
13.516729368482,9.92670316246151
13.3590186871802,11.3701671656582
7.45760857796382,11.3437554880411
11.2928763479697,14.3836874871388
10.927506837493,14.2255299920031
7.95199210863093,7.99106844416451
9.24225175094636,10.8651777094701
12.2510540890368,9.02916231683189
11.9032693010312,8.08787739824154
9.60607483557765,11.1383749318391
11.3362325671839,12.4988813809749
14.3246736989842,8.96784578562358
8.01004677887908,11.2930728807372
9.48095229210582,12.9685126368317
7.6423871673163,10.1964801937816
9.22110268615755,9.43123175678633
14.511721908919,9.35068443760096
12.10308164616,8.9302900605782
11.3374645724089,11.743465195087
9.70052962913357,13.5872966697389
6.87555773866134,11.0493880443259
9.0392027893583,18.9076109672261
11.1752474676092,9.31831605130562
16.4796224076216,11.079638263355
11.9358204317168,15.8612192363898
9.43958701815325,8.49825004515287
5.29047611069001,5.31027322536432
7.86257558834758,3.93556940005809
17.0533268670942,11.4544336037154
9.68900123332265,9.84275390022769
11.4184958288773,11.1703691397317
8.41276434435543,13.7677904931589
10.0819733288632,12.4196949445655
12.3162796116626,10.6607106736449
8.94665969423986,12.1288864636415
10.4303495602879,10.6629796293438
8.4310364278501,11.9863452975647
12.542612324929,11.0709031587798
13.6175398852438,14.0406047240199
10.4877115278489,15.9119111659616
8.9630493347223,9.50575738200882
9.89822244089501,7.68813341665544
3.65605923831737,7.23398139539547
12.5846195510416,12.7478833802268
10.8369830254736,7.52235960296325
9.67994908679782,13.2885899724057
10.9002302546329,5.3397556792938
9.81938007951089,11.602099712559
9.15627817680445,13.3216778052883
5.03822143487929,4.60574566339746
12.263946066624,9.43321286995002
12.2043610401105,14.9664100324718
6.75422224829148,8.18627751242263
12.8834905574968,8.76512478655256
10.1718296472961,9.41729215022519
12.7589598305308,13.8274205091068
9.20948232084332,12.3598482464901
13.1343004162216,9.54630757826667
9.8762396760011,12.7537761488851
4.63742526150921,8.38348099615645
7.96798574287843,6.7361948649451
11.7689387945293,8.74696246735225
13.2219648728925,8.18681631596988
18.0591482063145,7.69215510889311
11.953308386008,6.73057722032994
9.38341280944491,5.99788077307461
10.2339020266984,13.3541551315588
11.8406719863086,11.5461549193221
14.3702586191464,7.44037265880903
7.19129887293749,7.35452315935882
8.28103981073382,5.78912746708641
11.9573008781858,10.1477776094755
8.15485090204164,6.22427322580942
7.61538893991847,8.8376062477308
7.58382610480714,13.0381904695876
7.01635375264482,7.22131596444826
10.0058089472577,13.5380877593228
15.1007794097581,4.552281174315
10.5765888670257,11.7789214319372
8.66286571080631,11.5554109939901
2.9784317119199,6.87178137586779
11.619889257551,7.44995874798123
13.2763926203459,11.6116008664111
14.9588835888093,8.41919816393733
11.1229977565267,10.1562434284449
7.56229266669635,12.107388092743
6.01505691699698,11.0601799833761
12.9037089787435,7.42195255546884
15.2992455603438,2.70270503201292
5.08266028455372,6.38201285681999
9.91692231381319,1.03197668002967
10.2496405016602,9.99066997352601
9.28488516534786,10.2641949563409
9.9825046936071,10.343775360824
9.45717903556043,11.3839870997069
9.76917459985031,15.8750057153881
13.473432686831,7.28514125419142
10.9380953956972,12.1387473214906
6.03646860324735,10.7441311319403
14.1179715305486,7.64087972375598
10.8546038519955,9.98874285901474
9.110302704358,5.29681377476013
13.5248558070162,15.5150403971185
6.89523376440238,5.95175530869596
9.02615107180394,11.3738071655954
10.600899175403,9.38136521718793
16.4302497552353,7.60343818673723
13.4372223747696,9.21123097582157
12.0804735713051,9.12154212074526
6.27185279334951,11.2838162687486
6.64005093313697,10.4286807287777
6.10831607898488,10.0236301964644
11.5567823561956,11.5421825132055
5.50574200035645,11.635810070695
13.7001606376701,12.4319854763204
5.84729388447506,8.69072908165136
7.60555109694061,6.4947182626421
9.45031317468319,15.754397186833
7.98768119491416,13.0912235283363
9.62524523225428,13.6495304901612
14.8545501276428,12.2068563790508
15.3841651016715,8.50905786353174
10.448146188795,13.551708063692
9.32370843589148,9.14797647455021
9.28082899796398,12.1631403892067
11.2472924427399,10.3886226419791
7.8623857392924,10.6492020814423
5.22472004143183,8.43686373693774
10.6780136724621,12.6646504390647
7.73266517568959,7.79919024917223
11.7558310647762,13.0083962288826
10.4109758220766,12.0344816281237
15.2284268210592,4.54680062097386
9.79625595385836,8.38189493999426
5.86424284480552,8.36866138054175
10.6355722762596,12.6063147539138
10.9371903236983,10.8296492511077
12.1118925059071,9.56658056333409
11.5573223639046,7.51120117263193
12.2104138113393,6.82396985819765
5.58189855859308,13.1501994304919
7.9573558808069,8.49762606255923
7.01346902031141,10.5084742215975
10.6741591489549,10.4049174450319
15.7439141972086,8.27825385488448
8.45670703936432,10.246405302938
13.2631827555847,6.90794776114789
13.5046891015562,5.0542587185313
5.78157639597561,2.85088866986902
8.5339714511357,18.5525835852854
6.98849598533943,11.912487650142
10.8305058546212,10.8115249333335
13.7203248769572,9.51069372605542
8.27227703746355,14.4966894265042
2.89951881566977,10.3242393688749
13.7075124454232,5.58615260946919
4.43377133399304,9.81261788318276
12.4451725552288,5.44063955488146
9.49556390118376,13.7318617266811
6.00682034219112,7.31739714951697
5.36502916722982,7.15841004775908
14.481111438166,6.60986910127916
12.4992601584439,9.87172368773064
9.75085125012498,6.95115848235179
4.10413904630895,10.0015227648422
9.56907992294928,10.2164293857672
15.1642054313394,12.2382613223191
12.777565023695,6.37567266213938
9.90664200689667,9.14701918978903
9.74934005661135,11.7071250840578
6.6663349892474,8.27909674410083
10.9851710833581,13.1184649777216
7.29514307725076,12.5517205609752
7.25395002979402,8.37010255441004
13.1790688913249,7.89469687584644
15.4707279204996,11.2616615854046
19.7551362634167,14.3815996962643
14.6214816493116,8.19589600761288
13.8061154754513,11.2584727379745
6.08291927552505,14.308178679877
10.0021071982615,12.8280400053194
6.01484919102431,17.7289815521976
7.01015772974353,8.41545693138556
14.0508791732037,7.9483405278606
2.97653656817776,7.4387434466926
4.62567000605555,11.9029832666686
10.1054679718319,5.18812774733058
5.95581997266045,9.55193241132518
11.6869192123805,11.3804275360757
10.230216920732,10.7274602098907
11.0651735913346,9.3744299644504
10.3374525703572,12.3537644475857
11.6766791676136,10.0785112024594
13.731819120616,9.63825778234688
8.71822870665896,8.2320570408217
11.2958538404018,8.01809630883702
10.53847543477,14.2511695342582
10.4515513482609,11.4808578099834
7.93572459399623,8.08258341184364
5.70576561305143,6.6833583537645
10.0788297863066,12.9716597720278
8.32967112488764,9.85718028127092
12.0880994712322,8.74775545160684
12.3111313276272,16.4111475345794
15.5227751021561,10.9056977554422
11.9187287347968,16.2002416266974
8.21688795722322,15.006117666747
8.26094406870427,7.35255830948448
9.91364003799267,10.6017674304721
11.0754963737573,11.034165786991
12.3474551016953,9.86838234081694
11.3985395648732,14.9823174730793
13.401416152912,8.11001023838722
14.1825067611408,11.9615172180528
8.44856200219954,9.5821568187827
11.5639344394455,6.13565566864757
7.66502836437387,10.4431122551311
12.0949009638923,6.46016487589903
12.7970307792215,9.80103112519401
14.728249900094,5.81166276529923
12.6892797077893,7.36299865598134
11.9925780629667,12.5971523870685
9.45670456878269,13.3102620276438
14.0483761356331,10.4719894181173
2.07642693874769,12.1458542684027
7.0735690284897,14.3736552447431
6.49362071895863,6.83603257724742
6.88446762026757,6.30635011443349
8.58084947814275,10.1703202109957
7.44315780898378,9.21379808085272
13.5104881097559,8.93221439414775
9.47223022852348,4.91767213227481
14.6575170558001,9.53722765229302
6.99893417211359,11.5195677117931
8.44864139606168,8.87860832796664
8.03480319388548,11.9386762264032
10.8187342116445,8.65516935997663
10.7080215571963,8.48406241039641
14.4262219192724,10.5846892314928
13.0237411083378,10.0934292674951
10.6950759970889,10.5313029688953
16.0908244092939,19.7606657920074
11.0142121694718,6.94099105067879
9.61296712181706,9.69630265200282
10.8611057654763,6.42626223955855
16.5225508297836,8.32362105334447
10.0010818094752,13.4001494087651
13.9631351523601,10.5654324856761
7.97957810610853,11.0039614350247
11.8742273889042,9.56380563442871
7.62272548472845,3.51327204830893
13.2905256695382,6.17134192894173
8.09632761753005,10.4272829549225
13.4141681347667,7.71241623589046
9.8184845984526,7.16706168103659
10.421450624588,18.1724410919595
12.9761289405536,9.56619876451663
6.9593349621897,8.19833711121976
9.07613766666684,10.2454208192957
3.14728175036969,11.1699632853988
13.9256614374949,9.34190665802241
11.2095201673872,6.48994430954897
8.60305018362012,2.25693966770511
6.99629595267759,11.5125676245119
13.6061769533516,10.144892268178
8.38163747450702,10.1339875022769
11.7710862189223,12.6013074172036
4.75388603467898,13.1060035722516
7.91184335274298,11.5380014264942
11.7638801063266,11.4824022666388
7.59939411955552,6.16023226677094
8.47048595539514,6.4504844277714
9.67993979396672,9.85852662691141
13.5228524511316,11.4074689570408
9.61282532232461,12.6166264911133
7.89430740195616,15.1168148494561
5.8498037120795,15.0810355921923
9.89622715543402,11.0587447322289
11.4210749760962,12.5677805922876
6.7798113730434,13.3425258543279
12.340955639391,9.76094012795795
6.87627523098649,9.17617545292787
8.79234852690431,8.82644902053798
10.5378732650004,10.4928844482262
9.63706099168173,12.4067579729965
14.701656249547,12.891112040125
2.59502829869845,4.18688253575543
11.1996628845654,10.9968796346259
12.9277343457317,7.38687627382847
15.0904877277307,12.527646235506
7.67729040448278,5.39465534483297
8.49542334906895,5.21111398930984
11.2781994889726,14.1285274484363
9.03709246038369,13.0056491903913
18.4109725725546,8.88978078363201
10.6881171915359,7.27353853362376
10.6966041638589,12.0794223627072
11.0347243578276,6.81937948369169
7.80039927758802,11.6352030665504
8.7833955348867,8.84718792492115
9.96990947216569,8.6590921989126
9.81623492657955,14.1287409047842
13.1665301617113,11.0721892982636
14.7330976850741,12.4015528477137
4.51991263327776,11.0647834593933
7.01321234702166,10.2583110246716
11.6503841869282,8.63754977551761
12.5332738511419,4.35993644567729
11.1037551664847,12.2612927968302
6.67446487553327,5.32684844211272
10.8720996474035,6.57975584224666
9.58967554511382,6.76723344582992
13.0025287746054,11.9159437964618
13.2120428509626,8.59827085171078
15.6343426702566,11.6042900089243
10.4832563600067,14.1113351621896
6.0645642827666,8.03046553311061
16.1153040883031,10.9584132755653
6.94291591114185,9.23531411678888
12.4840422946657,6.51108659704176
10.1194295506176,8.82357471938796
9.91096095423799,11.3822557996206
10.1585636066282,14.8415916960561
12.4188177118675,16.7689256794294
11.2669282144142,10.7496513378037
11.7692286896173,7.55599368559565
8.82785352948023,12.234859031039
11.0516342075926,12.6662549602042
12.5647784647942,9.06186145920362
6.45112913604789,15.2963626530819
6.37560102788588,11.9957807170653
15.3683270648003,4.82742292460696
11.8928128463207,9.42286142978233
10.763727743885,8.55854250742374
8.11447887785119,8.97319379471481
8.16048252087997,10.1992737232062
13.634527361194,6.10580243303202
8.18187371773474,4.48469914799224
5.13220008780023,7.62695750550931
10.5999464173692,12.2766820879931
7.27509972688284,8.95666557610186
9.14781327023093,8.64372274645639
10.954490579156,14.4005149704481
10.3706132866298,13.7104217912607
13.4154436902364,14.0702929621493
10.5262406316491,14.7560965704063
13.5003993304681,9.01886286641615
9.01918828167862,8.58096529443996
14.8941739030786,15.5914748857693
11.7446904132899,12.5544795033119
13.7906795038547,3.17206348954382
6.84242458281064,8.75194484247921
3.55936276667188,13.2194542309882
8.51042603713569,6.21905277605104
10.1861375444223,6.98604800480826
5.62406742719967,10.0047510595471
9.11051185579942,13.2796782914187
13.1996412276497,14.1737729966422
8.91667178650523,10.3897176891224
6.96995726584082,12.002931869874
11.4712060875025,14.2033661403011
8.22441005499785,14.3593869365841
10.9548556980754,12.5058266001707
13.2144679943091,13.5921805973813
8.55307849837913,7.07445337273379
13.1245458387825,14.0361171612906
11.2436854393247,7.77097952754059
8.37470485702119,4.0841907423719
10.8316124549059,12.8047909857802
11.2838405658112,15.2359834872171
15.0504342121515,4.12251818143631
10.0959540811166,12.6330624468602
9.8517333037986,9.10973807485286
14.9795649060711,16.2843763683018
10.9077230115582,5.38446153781067
12.7844503923136,7.83763712539134
14.270237921392,9.62212269607692
11.0458269229595,8.6800605516333
7.56501915989539,8.36003739258977
8.32577793893366,7.79656658543825
10.2036310451857,11.3588887312134
11.5407786183081,8.04601025183284
8.92924768060129,9.30451735380598
9.96458947552113,11.1366149266248
5.15626733893514,14.6767713005659
12.8446306272035,15.3321421445196
12.496109849721,11.410081175384
5.0817185417389,8.94824355810127
14.3091692284911,8.67255993723045
9.21918237344734,9.14439169216605
9.98938752063585,7.6734936468623
11.7973011507382,10.5854364090603
14.5185145134528,6.57221312773264
13.8060571733267,17.1349698682639
5.97600482917059,9.61193240329582
10.1386266975737,9.53246415931546
9.46020042246668,11.5281233793787
9.26211767375229,7.12981936725895
10.2043389928254,9.87139006644182
13.2335721471939,9.37054456451271
10.7742483298628,6.18687403485502
9.93184712005866,9.50336351231153
11.1613082630981,8.41652688875128
15.7252579662698,12.1963371856673
4.37791764419134,8.78927608976188
6.50456304638087,-1.57716338309818
11.5056055221987,12.0964273946205
11.4226013286938,10.7634024424911
16.7312478326726,12.8860796580842
9.66590103394132,9.78289556496543
10.2256845183538,9.41724923047018
13.069788695681,7.94498991841238
-0.173558057846799,14.9903623354793
9.27231323863019,13.4924311778784
10.9348308314624,11.9385653804666
3.43020279162027,12.6124789050413
10.9795760121301,9.64521726957542
6.69521082816962,8.14606056528771
8.77914438432643,9.92082030700384
14.1267609483052,8.11652623284517
11.4366641607976,9.08502503682937
13.5959713473099,8.8235300452501
15.9189373197966,10.6470907103927
10.2556253000508,8.66168248395467
14.8068674512865,7.38556719092387
9.893664487063,4.40387437658731
7.64852756425493,10.2428953475054
9.26510135970096,5.67832924108306
8.37321774354202,8.1556787982598
5.72017424869544,9.75875965936707
16.078428131661,8.76120113759048
15.4792448895562,8.30786206664396
10.5992384812557,9.43359679804023
6.02750205575148,14.9485722340649
14.0297381210727,7.75210589888332
7.55885870661452,9.41123571985461
10.6011002344477,16.0594383707344
15.0228962314704,5.79117654131701
11.8565967025285,7.37609639932099
7.09338010630501,9.03986882539344
11.7234629724119,1.64705065268362
12.9259264159757,11.4984249907977
9.78556248539735,10.8162915554526
9.0678353460011,8.59503575279065
13.9829385205642,12.1525063683574
11.5724135572984,8.17597157761163
7.3154136989687,9.55377320532599
11.2332046135068,7.08916005157398
6.37945310536095,8.93005121244962
8.7053960034397,9.88599297650447
7.01564935633265,8.91684863538491
7.88309853837722,3.50342495902823
11.6667445842918,10.4636017546706
8.97840156255371,13.9736172242501
8.30247232552667,13.6067627133232
10.5656319627142,17.9171453532067
10.1128605783492,9.85795525402619
13.090919541871,6.05010990649993
9.59521002337672,11.2077796908915
7.90323345514248,3.66509968528865
9.94076430627942,6.52272745382828
10.921368660601,8.19606867162201
11.2988218881381,7.90897498258201
9.51469715873809,6.94961818236517
6.08962174637851,11.1554003254347
6.2853911332644,6.11745558620338
11.2394772909602,17.7196773983116
10.7471870735764,10.4146687056868
8.24100256330737,9.12492829537698
6.45398185812552,10.486548809642
8.06352292430931,13.2586099879218
9.19359836517235,10.1782940270655
9.66146620048813,10.205630404228
14.2981387819588,9.39454975677734
13.6775786937683,11.5555662832737
4.95717581232175,12.4933967248904
16.1013838973489,13.0220090686648
8.42463600212638,8.08154901363948
12.2933326313537,10.8249673369732
2.36919531195455,10.5907649695964
10.5966407497721,14.8129841247189
7.65725367207399,8.79049989841789
13.6944389055367,10.2308247771181
8.9979941408249,11.6772214723478
5.98610228387701,9.37984579344771
4.63389636228567,6.70087887975318
6.26562846547954,10.0124914088817
11.7735982192827,4.94491380867449
5.44101635152263,11.4692542947998
4.99672442438538,12.8204296799149
14.4582408793524,9.90044183243713
9.44684135673563,14.4699391707457
6.93879871995414,7.82581733846603
10.3287813501509,7.35397135980076
2.37672671442649,10.086285322962
8.49947669688051,11.3739393982064
7.5044948758952,11.7286627307932
8.39145252937921,9.91111869796669
8.82183493305067,9.62297072924897
9.26944155063458,4.95881615922158
14.0324345114769,11.4481560034815
12.0209909379266,7.43387252981197
12.8040682804374,8.51568704149788
15.1070557958102,7.15302542338381
10.5971007941059,11.5969914896305
5.87961873408002,9.63594269182611
10.0410267738097,9.77612426406855
11.0157091600022,11.4941146192574
13.4631935788983,8.25759652680633
9.53756160443715,18.0466576565548
7.04335379166102,9.66832265997461
16.4704888942637,5.43182912649822
13.3453157154698,12.7922000416411
6.80930046823722,8.60186942054868
10.1085577679004,6.38302899654033
9.13021722752587,15.5607255434387
9.79850514146197,7.76392486879944
10.4499104578154,11.5607907103175
10.0831228348865,10.7934111981005
11.7176456101288,3.31945658025211
9.65127214866176,15.0843006156334
15.4167508697872,11.0065838741348
12.915156069558,14.609307821739
8.88835665625419,11.7817218017469
12.8470278192308,8.46090668505511
7.84505887487828,11.1751774362528
5.40569007317589,13.8158990226129
13.1592300199235,6.22297512969529
10.0313407413051,10.1427141470294
13.2280397525305,11.5731121423116
7.16067994218692,9.28570803601589
12.9330269116734,11.6898952944343
16.7615949734834,5.34639731200559
10.9624463019707,7.40352418999908
10.3601385456488,6.60162786636415
9.8390761668823,10.1653467806202
12.3834739650124,9.93277407940872
13.3065520196624,10.6429393641224
14.7073862997045,7.24994217028786
5.41258806229214,10.4221767872667
13.1414032759225,9.75129903442204
9.9964345953708,10.2943286367337
9.84928673576932,11.5737651346856
1.98973439241195,7.99429487848001
4.15994004046727,8.40246978870723
12.3687804383138,7.12995039702005
6.31058017258036,8.15971300025889
8.76299447553761,4.57228827160693
9.66678465546613,9.11370185495324
13.6456207408512,8.786894754638
11.1149510298917,7.64035962148609
15.3239752930204,14.8682449207944
9.46707499974732,4.7189040183917
10.8403807077811,6.38167978943429
12.5783617996191,13.199765824929
12.0252988931955,13.4781022556054
13.2193392748313,11.8056603455858
10.6171949530177,10.6523826738312
11.0063009351628,8.57612696260313
7.87769284542931,11.4324931321281
12.7270214243829,6.81707668775058
14.0232771696403,9.0148561291578
6.22170831802714,7.5715477490367
11.5999229004203,8.61615842200547
9.25808257153582,15.2235135078827
8.27391304276013,8.22533800228954
10.283293869684,13.6298142434676
13.5188449454161,11.8629531427524
10.2295586428057,14.05846263273
4.76569059229418,12.470609974061
12.573273566476,14.2461437669718
10.0708543347516,11.5064978042724
11.9366204665119,8.90944105722465
9.20641259119718,10.6773560579371
10.5632603221713,10.1593814695495
11.8750207835471,10.3250414172477
11.2258277935218,11.9997725285856
11.3803809113394,7.30135664432622
10.0945824606366,8.02451303592552
13.2493236848244,8.15269746513276
5.95999552818887,13.0126131154669
3.18532231087745,8.64878717246511
14.5265373891974,10.1152773287383
7.89169662476761,11.1612414487331
8.52568550356743,10.5471697998624
9.0805983799111,6.77833701854703
7.73967252222223,6.58947301979079
5.60646990439918,3.78765647268356
7.43376119943614,17.7491741764925
14.0387028517895,8.30819992221875
5.87933354909473,3.87536616734424
4.93677851288283,13.09366906204
10.7834706326444,11.2089882799976
8.37145720781764,10.1166178797339
10.4893160419273,10.2970807473868
9.29761407908832,9.17760120741585
13.1637557487055,14.6255518485791
9.3762991140636,11.2835666592864
5.82900768303404,8.11479305462727
8.60362568879999,7.55184902914323
10.4374965339379,11.7050936263831
10.7936288339212,10.4289775984577
10.4215175255953,13.0426487670104
14.0310305778785,12.0055109117825
6.33849807942779,7.52887388413209
15.1557097960725,3.91693551762577
16.5715685741143,10.9718523120906
11.2002968908255,6.32046443120773
11.9302228380836,12.8002310294606
11.2406702991416,10.281185919715
12.7990598224791,4.15484243247906
3.51600310048995,7.14969336498642
9.96471612834611,12.7326496819601
4.12057070447995,14.3771245491347
8.75098974511753,17.8631740046395
12.6566166134825,15.0990412916607
11.1961394975262,6.81993774980284
8.9677877186813,9.43698525658852
15.006543562918,9.07640854968986
10.1536493128984,11.8665528134805
10.5526184473162,12.4675854375332
7.0921247893114,10.8433833069183
10.639646813244,8.34618503059107
11.6069085609357,14.7041714219709
12.6485005146103,7.08684915510854
9.84061576380828,11.747149917014
13.7962886492342,9.75180802376415
4.77567715673101,13.0031612945269
3.55092680074313,16.2505943328274
11.3424913915475,4.96389985516926
8.2771001250836,9.93622127631578
14.1377214766104,10.2447521494343
11.5730483198484,5.06251496906789
13.2217591271866,13.8712095092808
10.3418429304096,7.51268101214612
9.19155855625312,10.3691221215543
9.62416768768873,16.1273861703278
10.9342750968856,10.9331807907847
13.3189051782655,13.7394439764207
10.9078216393361,9.4410689063686
12.2649022005236,9.33543114441022
8.2480070027116,11.0651975472453
12.3495173902797,10.5028167027862
11.4137826310043,13.3240147767722
9.97633840256464,3.83490861311364
3.45722859636988,9.41710813529047
12.0738574646319,18.0504886724864
12.576938574904,7.91767979127623
14.3037469831289,8.85398353682948
7.27852021489936,10.4945346515512
10.2510223574721,6.67608693196946
9.28819143190393,12.4612457427673
13.7318083864566,14.1271304148817
10.6141541097252,9.22142556877854
15.1784032114373,6.74440738540998
4.39482664092195,10.2290382613112
11.5581007039246,9.07283525015607
10.2187388343893,13.9856469822723
13.3538683354965,12.9475564517044
14.4849603210744,11.6315355217752
12.4712569050145,9.80986773392901
11.5990207659452,5.58080739270624
6.82469175226773,11.1515641627929
7.90826522955994,10.8498116484409
10.7328260272883,14.2250723220347
13.3977516999674,10.8919929785052
6.68982070450046,5.81515861260232
14.2741061157881,5.06926804157436
6.62203539732837,9.79824959508957
8.03731471958633,14.2067864252787
9.42419110637166,7.44329210893717
9.91384837051833,6.42331066688376
8.69466500144674,10.7201717897698
10.7225167144849,10.1577757473906
9.66153856619464,11.7197591202468
6.2957863529925,13.9726964945355
7.21533087130256,4.58172978329578
6.26028713028298,8.59231856713432
10.213303597069,7.70281915863822
11.6187345746679,10.8474631943779
9.55230398481429,10.1590887102118
11.0647806211103,11.2470167734387
14.1442907965252,14.4239379441748
5.39915244546527,3.67886068236591
8.24764541232146,4.68019519508627
13.4514526806074,6.2779865553315
5.99485609568169,7.8326581493267
8.57873060104147,11.2808350813023
12.2472810222795,6.63310101719311
7.04607863578954,8.91393885281292
10.3077504072704,11.2764718276568
6.5197243501033,12.4626536277352
7.77426161425653,9.52969732895876
8.65945339357717,11.0426272068663
14.0941768738393,7.96422232004296
12.5906328719247,10.2043532040055
8.40510465134365,12.7901788574002
10.6462069204278,9.9388403788637
9.44819363280286,8.91114572599289
6.88066429990255,8.98938121697546
11.5979632567513,4.62526021930516
13.014062618086,8.45505986598209
9.7884089507398,5.85438827552648
4.55749839321342,9.52663788913352
6.53778982011535,10.7023030544563
14.1098141272337,12.106906908014
11.13105380187,7.95764737041727
14.8135908819368,9.38747721391244
9.95740121736795,9.7583732721513
11.6586617009289,13.8593047192231
9.78733306554918,5.09503952994323
9.81668565649394,10.0140358240476
13.0551685518999,9.20935704181842
11.096935201316,10.5120431111123
12.5648601059658,7.78245277576326
0.375547649216863,4.65487250079598
3.33740531069601,12.8523678138064
14.1926437822786,6.76837125569079
6.69634474195539,14.7650398787511
9.01542073135678,8.78996163448641
5.07658064980757,11.7873952474453
8.75881472400203,10.189802338985
8.29062057216167,8.33863258057444
9.96316582292794,5.94503485907821
9.00857834835587,7.04546926150014
13.9385838563631,13.4265753808088
10.9654120860095,6.53756475217807
8.99661909168175,8.91930325749673
4.22518025452258,6.64004116701376
15.3801603461375,11.8600701842175
11.2039985677558,13.9933345480499
9.42802059385541,9.38604815862092
12.4921382847721,14.0905080444582
12.2743397913301,7.35070581793565
7.49504482100567,15.4789709436986
12.099346305782,15.2119831525063
10.1897664283034,11.6271681394675
12.9663985835866,7.20543836004801
8.14329619583263,13.2819577740952
6.16771236801283,9.59117172814133
8.59947305024988,13.6354424695641
11.9458884857679,10.5299175307178
8.24318105735805,9.78934627148573
8.23422334893452,7.97253021484372
10.9542268726373,12.3057064426016
5.85374798105844,7.49292034477136
7.58455985775546,12.4275745018446
9.40291531856091,14.6736351488776
14.4219795033679,6.89501110489527
9.13310700048523,3.58830261060509
14.2875216593798,17.2779632198257
8.26655520852594,10.2282880713525
9.97815608210463,12.7975937523777
10.3670246557181,13.6403215370246
9.98761065750117,15.3845169602915
11.3297250409729,7.06870408184668
13.4523139531989,6.83859680154467
13.0269554196738,5.63589366655997
7.11558918280437,11.2469255911311
11.8576042945334,7.81544229986241
9.0899731664171,11.5360179270362
11.1255745857385,10.1980600470564
8.28922820192571,9.14021026686133
10.8553624713308,9.89142048078004
14.5170267527168,10.5401575104857
8.04212750778816,7.4837431138865
6.17876411341258,11.8155669655378
6.65114631864118,10.3434408608929
5.88962088309222,2.6656855675395
15.0946341668983,3.81996136709465
15.1245287793539,9.60256121752121
9.42018918775585,12.0219084379772
15.3967978309331,9.08099868495797
11.6485535727127,6.840266150322
9.18772269785858,9.50330121378757
17.2611307589025,6.30895166861733
7.46753107319766,9.15379829006996
8.23136636243102,8.38758663838829
4.13777887905556,3.73739804440399
17.9631395484204,12.03638619905
8.25460309918411,4.68109179834013
11.4062736605688,8.79580947580445
7.13070126761481,8.95209032586134
10.7178190357744,11.4251697670451
9.37110606044469,8.18260032406439
8.15906106740234,11.6121790576352
7.37394030357347,8.84863269935826
9.12051823887736,11.1706609408249
4.75521775328426,8.30266299950511
9.13590839235976,6.3424225552131
12.5650179408424,3.6908422806874
7.7580963147495,2.11371310220979
8.14186411810128,14.487477740915
12.9101979888976,10.4571706904499
11.6720680682792,9.80487288435126
11.6377484135359,7.84963431869072
8.12469439001104,11.9739945860224
5.39475234991057,9.0355329864279
4.89612586042623,7.0579557453118
14.7624909930005,9.92736515824362
3.61104835995152,9.64814511669913
11.1954630664995,12.2248693075775
10.6121369716597,5.62062143469439
6.46902350107602,17.8185850624851
7.9417456082616,8.43856155856122
7.05951576803559,9.81557357030415
15.2000693808897,5.33611742152399
12.0796254726259,10.1101775973986
9.58317486459078,6.88108082081161
6.75589889091372,9.44163290520579
14.4488586316646,11.7618128209207
9.11348965236025,7.15449251998895
5.99371251494128,8.06052136393812
9.48297456224001,15.06306017746
11.1362374453176,10.0234994886433
9.14138796244151,8.64820171627529
12.942237812256,6.72107398194147
12.2054259415381,8.6354486281644
11.6243186012945,13.4481686408999
11.0146622751144,16.2961426586632
9.50250634776849,8.01918247402612
8.96133897752271,9.55580270494058
3.73702957732118,11.0719727161067
13.7092601893518,8.03924068950363
9.410529930995,8.02305492414279
11.0189222076593,10.4802687326907
7.96137342240362,14.8056748207211
9.89415054108068,5.43892079543039
9.54171404372446,8.02412623579243
10.9229986966615,7.17477578552625
9.46062865450459,8.80975282707325
7.68169661305492,8.39310773136867
-0.454260685207478,9.68961115347436
7.74933005682509,10.5215529963358
5.59696187030072,13.1969982503339
10.0153324814645,14.4795485517887
6.11835006078015,4.46015290121112
12.5669191650742,10.6099204715331
9.19234129847134,11.8437036579294
7.67333661399135,12.513862990957
7.95650421743511,9.34845484919862
9.16096495444491,13.4379013488567
14.8736238890913,11.3197880524779
10.3897529436652,7.01679494028977
13.7154151019305,13.0487141067981
8.59625613114721,13.0666519143509
14.4528813755043,9.71636752894972
7.13936193815519,11.4099515104471
7.58219935892848,7.96401450653237
13.1830482026684,13.9534529475256
11.4708908050195,8.61653924671944
10.0448154002466,2.61608863706612
7.64439014286676,6.64636618165118
6.53802731360649,7.72410884579866
9.76424611346156,11.1884391349386
11.0277191600049,6.16560415449208
8.68328640895309,16.418329118652
15.6761392448194,5.79401049416252
10.1532887535806,8.16158206302204
12.5983333491355,8.82209321183605
13.038908455779,15.4753004188242
7.41853763083981,13.0432468303931
11.5221045330834,21.3633130557194
11.3487617704446,13.8714815564202
8.76966807036469,11.2189282767831
5.51014081494955,8.07296984439033
15.6124583381822,11.8531674107488
10.926264858668,13.3691568930921
10.8735456903594,8.24080695136761
5.35152004660173,15.4549453366623
9.8344688421262,10.0667980423429
7.85008050527009,8.18301849562451
6.38589930431209,7.4059606779071
7.04740195758991,7.06351930143502
10.9145124373751,9.62908072100245
11.8321442075013,12.3213747323294
11.2645629757803,13.6143818128051
10.3158200088518,13.8024094369195
6.20874379772965,4.78696896824359
16.5717986140532,9.28366317558505
7.52279051679278,4.03464082367594
9.81833402546905,8.26826351372094
3.65312386391802,7.47921715913655
10.6737741434781,6.25326347608092
8.80032009643828,10.7198225112282
13.0093330301482,9.49189243039449
12.4880126463851,6.0168520916056
11.7205006831904,14.9766175165611
10.5746165014956,3.59845747426593
13.472682959104,9.06874290321514
8.30698032781228,8.64794103924208
15.7486805677737,7.08697476534663
8.9066786162575,10.5794775908328
10.3350321345176,10.1491156234492
11.1571640215284,8.58815663666371
15.5384439684024,9.67962937585202
7.64987223964991,7.40806154559674
12.8244196159435,7.93714500852265
7.14374490667308,3.6998063196132
13.0583952291323,7.64189264891387
11.7320744652267,10.6030232717165
10.0365212979898,9.57688205789413
14.2129148701081,10.3452434163431
4.09164990771664,11.9151781789916
9.18952174070156,6.8356569558389
15.9569481487673,12.2610492911225
8.48200677729994,9.20952167725709
14.8043716371463,9.85289304136254
10.7695666514286,7.40826028204459
9.24321958833016,14.0870201980971
9.83555352455418,10.2064548893891
9.79939458050704,3.51620882856249
9.89100253070767,10.068169922924
11.2205771345772,4.35349257269282
12.8862511941232,3.72140452310356
6.50085623581849,9.44489791642346
6.37091586870443,10.9838865782325
12.3349750004447,9.62829680005567
10.569680968029,4.83090005616074
8.47669341621119,11.0537850114307
11.5592307199549,13.7763931901806
12.3348487317248,14.0195480256267
8.28644461924905,8.67925323717751
9.13762945614192,9.6983743992074
7.90955401313693,4.06541967102642
10.1851234086667,8.39655674163137
11.9760863916405,15.1495872918472
11.7416715805553,12.4791537011202
14.0100858309738,12.8607044346646
9.75412322734479,5.64213046753207
2.86964375112734,4.0183901608192
12.4143915220764,6.54845513495794
9.81592032877909,13.9375593799042
3.95165334586794,8.76946740006386
7.30468051909695,15.7855994881547
13.3977935248846,7.88518297256881
10.3581107891964,15.6756574466441
9.49342408669635,3.21376584552686
9.93518326386634,12.2482360757772
10.1314268198989,10.9329218378605
10.2799122912024,11.5281327397997
9.7937583834127,12.6419193899777
13.8367572470673,11.099764516708
9.31196699944285,8.2943079619146
11.6764806245825,9.88832673194686
8.87879848688768,6.13549234368176
8.50379843627831,3.9883364372895
6.80130580642969,12.2374050766172
7.9603571692027,9.75862926028976
9.59781396475367,10.5737322413641
14.9260436655788,5.97634382868173
12.660231795865,12.2633232401828
9.29947211013468,9.76607118349665
6.88461905044613,10.2508882445318
15.2618594267007,16.693064026709
12.5595544756448,6.14822147862618
9.2295991019102,9.95544259413006
11.358150352937,7.94942854246291
11.106863814574,10.4408676895592
4.01364578612369,9.52649513714978
10.7883310741828,12.0054351538025
14.0159347243296,10.0645065190454
5.28685813622584,5.20989264985017
7.84414753279428,9.56769058854064
13.1115723550759,10.9909358801976
11.5367397388798,6.17783385506755
6.90083532281779,9.10823175856804
7.3181691574363,7.62312868948918
9.4515251266291,9.25494432751722
9.18382841205592,13.3196683760389
13.6142978921591,8.47838969753968
10.27619308905,5.97088497463125
6.84820329871709,6.47637106699952
12.0334965316632,4.71953447763306
8.79000943252288,12.6689015722147
2.79145221205141,12.4732354690746
14.1542711557746,10.4475221007038
10.3169263999066,9.81773056085833
12.4965727997859,12.3880356953022
10.0927622016237,11.6092520981861
12.3936356387002,11.3639128617754
14.170294037989,14.5117234848787
7.96850644528165,12.6062997683395
8.91752457588782,9.16888114581454
7.86552839835943,9.28999633158402
9.12085006025303,10.4802632467409
12.7422595255394,5.33239853897806
11.4064876584085,13.9596967325207
12.430330722521,9.54637729110166
10.7673883741685,10.8825837882652
10.3901463026519,11.6978123263808
9.54846083897948,7.6731694419597
3.83329473629961,12.1562158750845
9.50967543510571,12.5033764010778
9.92314222141446,8.93804424208725
15.0936230449284,5.66137580001473
8.34913964429134,11.3659212262116
7.8540355782536,4.89171371353413
9.38319505076358,12.9937413150759
12.8742229746941,11.0002253053574
9.60584596806171,10.7116494065851
15.4411400644564,9.44404584300791
11.0518478967761,8.2343744992395
5.37317881530813,11.732538494527
8.67393922682025,9.85726216071388
4.94472692141328,11.9087079860367
12.4159600153251,8.37219695030777
12.3471612664244,13.3096033581594
10.6873989868571,11.9458659406779
11.1948386026343,10.0123311665999
11.0819230724891,8.50352272312763
12.5388778525033,5.79986517945102
10.4401029446513,9.73484670636199
8.94518563348385,11.5072727127546
13.4728555396958,0.240523218655259
6.1724337721204,10.159145589389
5.72678757801336,9.68581393294223
6.41278010594909,11.2854054004962
10.0000687787828,15.5080784127874
8.04679624729046,13.9117876861517
11.5107070855664,8.85866869470197
9.73110964522244,13.0245204887252
4.61551981047556,16.5072010490162
7.95815111935025,11.4196909229465
13.5885740595372,14.4228574894636
7.86895999362502,11.6607098983966
11.4449640591578,6.14218751724663
15.6152927597456,4.52558850506834
9.49345777800783,8.47499422857683
7.95657491072616,4.53541282640253
11.2047722839817,14.8165972929532
12.6683678140823,12.3718850819056
8.9987138823035,7.84343059084917
9.32759059510437,8.96074447507717
13.4335744096028,5.78377407302499
13.1441429054223,9.34991776007865
11.3923307033237,11.6280973378217
10.1506928211982,5.6627594945981
7.21621487936847,9.56832328806805
7.30633533200353,17.6025586343732
8.71609473402613,6.08759182458934
9.10593900680053,11.5382126474147
6.16117728989585,8.72099622145499
9.13553714344899,10.059075706694
7.68454625568599,8.44750447910314
8.02313913187253,8.71363375148135
10.0603715186189,6.44606930503715
9.70960211187361,7.93980282613505
10.9859386513392,7.01132698895261
8.56451011571325,8.62046772506866
12.4033885603971,17.0727374625573
13.774038672782,9.53355284487566
3.93281037451239,11.5928011228803
6.50679600415653,9.5083167793597
12.9051269735613,3.27517108562261
1.66733861573207,11.6147190394135
11.2050893307173,7.27260850858811
9.62421937540869,9.80130599302207
9.90398190145185,14.0121363277767
6.18293625206902,9.57424269491009
11.5143178239647,7.07037713905446
12.4645268176793,8.10224693673676
8.05720890743434,12.6268610773049
8.19886326496264,5.89505480824393
5.83314267454092,12.1877507417227
7.33243053659897,9.03146962440319
7.52301933409759,12.7113433340011
9.26936269162269,16.5420162103071
11.6677276137241,6.21668278296567
14.3389790332461,13.2658024766657
11.348445619733,12.5714214123479
6.25424316661964,10.8978613872196
7.60695753163532,10.6851273681726
1.27461485563577,9.10674796698854
8.61338162712814,9.77128066238946
8.00284026305891,5.12977711431285
11.9705265527896,9.76995527938536
11.2263331765173,9.30624936168328
6.99783538936794,13.2743482198003
8.23009850301063,11.5509341403234
12.3657308249288,10.7559492099096
11.5302841609474,9.4355352304977
9.17969471764386,12.177448790097
13.9215889820993,6.05511385440246
12.6642191673536,7.23041681149986
10.8008376224121,11.4418677391574
5.00985114291894,11.0790316810334
13.3271815836007,6.34865576709337
11.7095847971412,3.95898858870309
6.82450905632708,12.1984225006345
10.5910619673151,8.37497890739695
6.7758704472074,9.67444596889493
9.60163669166369,13.3021236832929
9.51041289838391,9.4183856176667
5.77715469970488,12.2413699383766
10.9902064905836,11.1609529493081
10.6531118377003,7.30315255660897
15.6370997916233,8.73550705054564
10.7910733036658,9.97955870789854
11.8925290808807,4.70628983868783
11.4209192114288,13.1442382890645
7.94552175073473,10.243480589455
12.5900737976256,12.2341198148143
5.68153351109871,6.92557711488952
11.7655419840183,8.65217780854482
8.38231974876169,7.37127087185859
8.07246942639566,14.8773917415287
12.4353258371697,10.8262041409036
10.0367944023862,9.00425217870061
11.5251950859519,13.4517367286778
11.2572207497449,9.67972208708186
5.4571895889671,10.2026897870076
9.3374116815984,2.70445889088858
12.4531948984733,9.92428026991819
16.5938155877775,8.11957625416319
9.85556243834806,14.5053809033807
7.24327766682146,11.5558482085285
13.4444440001355,9.54773144252929
10.1460933239347,9.69725921538654
12.2162830275174,9.61371588677635
5.91925901318887,8.48945670869541
11.5572841250324,7.7840731976017
12.0813081551056,9.58680121879419
10.5325337955986,8.46931896231552
10.2849591030726,2.72427348882761
7.814132423603,9.13989352095488
7.9230329752271,5.53075120470104
8.59950037503059,6.19342270574269
8.66816951744885,11.5833698262596
4.73205586565158,6.75678084488121
6.82383328285718,10.9737416467292
8.55856685305304,12.4068597242648
11.9109539407568,7.23302725855103
11.2676890620174,9.78838983656888
12.3294827384444,12.1375226702464
2.91872592454334,13.3119765605628
10.3434524159763,6.0253774303006
12.1008348950741,18.633477403929
8.2781478289949,13.0237675988224
9.58808120237245,8.7150882611429
9.51097087079281,8.62756853577907
14.350575825264,8.03291622902744
10.3592632122711,8.24762595872846
12.0368566726383,13.570200538463
4.76145143781126,12.7091047006933
9.90007810911552,11.0899733638764
13.4315050999482,9.35180694269655
9.58425559860497,7.86803204011703
8.24284912783662,10.0813546249758
10.3079987440205,6.53373600537154
7.62302617554422,11.9801978904006
9.75112753952969,13.8661812301873
8.01542845434174,7.18893773726149
9.85065713188767,10.0689971664025
11.5678710819776,15.2418845200774
10.0595053794523,8.83622475736036
4.4613016882503,7.94976634971317
4.55378668337262,9.02154486343548
4.34681079259645,10.2230463801289
7.72372637652281,11.0125437131337
9.5316126537255,8.04157754996505
11.9191020518702,9.45219920902061
10.4971991313055,4.96880780522998
11.9782969084546,7.99370316808916
11.3251033829469,11.1715321536591
8.04662534641513,14.1877940884909
8.09323381746444,13.4319762787703
10.5981250881266,5.71128050389495
11.6269444139354,9.81170081867216
11.1957359098256,6.81200404788027
10.9630233294985,12.9393047302581
13.0190189015965,12.5281740052033
7.96304859649837,11.5093080985756
12.4364825054679,2.11538750066963
13.8565736286171,8.53087638992014
9.36307052410887,10.8427040600489
4.57864778133281,8.68964554800687
2.85550055143176,5.15289922415471
13.3304400717971,10.5869152045078
12.8874976435081,9.530379847517
13.1925156116323,10.3378635206995
7.24445133923919,8.50204312031208
14.8936865385758,13.7800350099944
12.7292281600182,12.1407738632061
7.73599315099871,12.4221802377527
7.95016057776065,12.0990771843094
9.17368393381983,6.60573891601325
7.82021332332293,11.8127715348988
12.3326131292897,6.05351568090062
11.8189959978666,9.85371376329187
8.84494976069167,9.11630878890947
9.8362600461824,8.10899001856934
3.89467355547189,10.4197381782532
8.22330446583637,7.19822581398727
4.15652124627595,4.78879055189148
9.67772566253441,13.7383682112565
10.7918374087338,7.62686736723467
9.67711557808467,11.7448546045165
4.52499184076885,4.08008022851391
14.6592941257816,7.33208725733118
8.89372105494055,17.7454066003612
10.4408901847976,9.06543326667887
10.6461603205845,3.69396989171513
5.44998789867846,11.9541211559186
9.42002279185325,9.124049211901
12.2783029210945,8.00765681315484
9.74937633222712,12.5050888868607
9.34367116324455,4.44293874082776
7.51235839448847,6.66367796824156
4.70932482114343,10.2988738306011
11.988807411607,9.27538612397154
8.49573938214757,11.8762822044016
11.4658682477248,2.22346045543864
9.02980271929061,11.7066033395184
14.6608482457165,9.62689022569533
9.37610356434399,10.9324695271073
10.5368336413699,7.32122070002451
8.4611974273658,10.766912899966
12.0971981613685,9.23167437588838
13.9648224412144,10.8068107927414
7.35036425063983,10.0296553361357
11.8125462596933,13.4896071932412
11.6065065964546,11.2044791042466
13.3217482839015,9.12995249459714
11.7116052140317,9.77851243482563
6.38247524806533,2.70658276258436
4.53091157238334,11.5737896332309
14.4659595817134,13.6194899295904
15.1884155755582,4.74410793653622
9.118010633167,7.38603374284488
10.0391338748416,10.6580069052702
8.70907575000679,14.5716293221394
9.2546537617681,10.8136838626226
11.4341884167506,8.203179597786
4.92475753724422,9.84164513771287
9.00420823301184,9.30990781501239
16.3180981147435,12.7268693030499
12.1518004106726,9.46190890972001
4.20312688372589,11.329186180807
8.48254474521406,12.696321632822
5.95721975308008,10.4424313384114
13.287883125135,8.03007381270042
13.3726723812884,9.09371242009726
9.11524926835568,7.71546113767948
11.4202944437537,7.0913791353329
9.06107060246431,13.0674852764727
9.83931133157166,11.4569011349433
7.86575852484536,7.36230332309991
11.8157716311738,7.6230302152157
13.415202290076,7.22737229187936
7.0851631373453,11.1177111472409
12.5198316045165,8.95392658133127
10.7462376877088,9.87575131773053
9.37100038806612,8.46684932367216
3.00188512820367,3.70839430908484
9.8836556378439,6.39471587204556
13.8022699659804,13.7084451456738
8.67589197524254,7.73993485608663
10.3981313053889,6.49984368619859
10.812687093126,6.10627909587857
16.2048184139409,11.1823313550713
15.9334767703444,11.7189901667345
14.4250412219172,2.61596796674571
13.5713777758906,14.452088623195
7.75849143326591,6.93245407192119
5.09597020279559,9.95413422636432
7.91485049469432,6.54207932583785
11.8503370069499,12.3353124080682
9.01213589274133,10.452221812254
12.1294230729615,9.90353332932261
10.160394847171,8.5198983875872
6.2318132414027,10.5192394141631
4.2267930047948,17.4462039931993
5.90248000080625,9.39536708283193
13.9411413122878,11.2172452582295
7.33851130030264,4.5468871431769
11.9526030103278,8.88858434488755
9.15150446863231,11.3693529158904
9.29620368461183,5.37306266924037
13.4185786447121,6.55005574726592
12.7311645522401,10.7499681839511
7.57730778665667,9.48418114703099
12.2607417914842,13.3184142772832
18.5314470635928,7.73797894237125
12.7848316443753,9.87656519335414
12.1429081146094,9.82399349486223
10.041146170215,9.49269638774423
6.04225336035833,10.0659225519044
14.6895472738453,7.96780890968419
11.8959187191809,5.50716345152411
13.1564676511312,8.62602275060179
8.51952789082541,11.4503401457016
10.6264588196074,6.19345403185313
7.21592617686868,4.23790040765734
9.55828971974657,2.4263126552948
5.62865573811126,10.6928623879343
8.15597442635617,11.2945463978588
10.7367501641295,11.1667864415984
9.10215488884342,4.2152654472052
10.6197751199463,7.50368097684649
10.5670473080282,9.03623931727086
13.7723770698576,12.961018354893
10.4379416158265,9.1383676729261
8.75127575655051,7.50399137492482
8.17335547466053,6.46065922343042
9.10036321703082,6.39036866853632
11.9749070377711,12.1864204654971
11.4697301517633,13.3846698542578
9.9854302717844,12.2088618361306
5.62756767557124,11.3918610746898
9.59927253945146,5.39756850184542
9.60532882179904,5.88055606606311
7.9181968235456,3.6806168693967
15.6057455846799,8.86833019519375
10.867915536411,6.42659667799919
10.9358354386567,10.8733922461764
12.7367785550133,12.4515785357373
14.0388252800437,9.34979935917692
7.43061043287127,7.52220669661626
6.93673499303691,12.0402424695441
8.1694658750142,12.9785279845058
14.0532417598999,10.5539316452966
14.4845249761962,13.9995299560895
10.9930646879057,6.29780397956351
8.85801193668913,9.18326707090275
8.37124177758527,13.0398135780722
8.45528449865853,12.6075846753994
9.87792079931429,17.091406145931
10.3790708954809,8.8058395765319
5.42954009605631,6.22161280316669
10.2897412430684,9.16316537418387
12.7020116481112,13.1579323921318
9.23100559364881,13.8387114730605
8.53044025097116,9.17438773995262
9.13010131365465,12.2426618611389
9.92119856741349,13.634663014265
6.64624862484744,10.2368311350393
14.5734885234656,13.2144300431378
3.74911439344677,6.73326145576408
14.2537530235304,7.27534585626695
11.7418855908146,12.2827819411311
11.4649947779866,7.71586947694727
9.80848897832446,16.7185764722206
13.7807888209429,12.3391345745377
8.46759906283166,8.40394911100869
9.94288910707878,8.53238978080782
10.5220034896294,12.2524800520061
15.7969431843674,9.13174003179224
5.77675961906519,8.16840301800458
10.076776777295,19.5177280407796
12.5537884028607,10.2610067467141
8.31946954076342,8.78264960341587
9.52048100528828,12.2824814775722
10.6594916553822,6.89050084508331
14.1077211788471,11.7878107098511
11.2125714873907,12.5070308226922
7.77620984653409,15.5029977693689
7.27720541551375,10.2486656598198
4.87846743361177,10.510711297409
8.82127488256183,4.19603215817994
4.98709325318609,3.49427899286133
10.0830503190674,5.29198300859683
14.3490636169228,9.45147235776393
8.11952936488553,12.4960619188533
8.11790415586304,9.12322447708608
9.82303939095068,7.84258275371936
10.595559366131,13.8803974572858
15.1476201280012,7.92100932775865
9.39434406482531,8.83519019667552
12.5758253459187,11.2468256105564
12.976078534797,11.1073125997151
11.969188282535,9.02275088789179
11.4307908921224,8.07251745518275
11.8156378872109,5.7694955386162
11.9726548778923,9.39922942475039
7.80871525450211,10.3325094472359
7.59100996740558,8.64811797042445
14.2370383531301,13.8539414083426
9.9563122954867,9.65941910127034
9.9685923093966,10.8118493418032
10.9338777238407,10.0254699518022
7.79468778663758,10.8636565746685
9.01736133732305,12.7064860580425
11.6090296668805,21.6594464947975
12.7788753808784,9.63027207618886
10.493450656743,10.3126748802371
14.6898872033859,11.1141437803287
12.6496580656474,7.18984015446917
12.8055399275542,9.3907824327109
10.5895694937146,6.01768639710317
11.1799412030281,6.60204671357144
8.08049830828793,4.75239228772877
8.45517896324095,7.22293689916585
6.91533267624577,9.48317290987525
6.96562977131447,8.86174563699707
13.9534446054171,8.79486918752556
9.54493220115854,12.6545419658866
10.6630346013692,4.99774102766986
7.09844646105661,14.9572233188096
9.79311261425811,12.7592495874803
8.28443469886036,13.3579815271294
8.42219370793924,12.7878940237924
4.88548172476732,5.13763130804719
6.88201577773323,10.1368548022075
15.5686952193537,13.822463456336
11.0671350799314,15.336562874428
8.70580212066175,7.64100482240633
7.39710594969898,10.700852182916
7.58619537543035,6.60102055108864
13.8459919222317,14.177812378672
4.00892225834584,12.2980598124572
10.3835677467114,10.6613767865688
6.96582184891112,11.4514584731776
9.3530670568923,9.83972970356256
6.74534205603734,4.20016946041279
7.56162953868493,10.5740160061738
13.3448409402551,17.484288763192
12.7293247673426,9.96256971760189
15.3593071651082,7.37208266056982
2.71446721413312,6.66436012526345
11.6128141413391,10.5920981367527
7.86562944617895,11.431658879736
7.80371036329574,12.5548098906868
10.8946043300795,11.6431167186829
0.909944243659602,7.04267516926696
10.4910556519228,10.30863930571
17.2751693321985,8.14033269778031
13.1521959704701,7.57303807546003
11.3897518878224,8.169672842285
9.72173901336131,9.12339601202638
11.4877197128571,11.252935515951
9.09156961157868,10.1291971729695
8.37425855677924,12.7087176070598
9.63636153530171,15.2479172663474
7.17871461928809,8.97027786223443
10.5307408210677,8.56454404036291
11.216704925737,8.0846856322186
12.5952640833374,9.42983305514614
9.02904577417446,6.64584228991268
11.1556952548003,9.29350806601056
9.81654603472235,8.78446861969079
5.96751336279382,9.86977675036363
15.6443415435951,14.3097684161189
10.1168550116357,10.0293116803751
-0.582674925518932,9.73298261893551
12.7925158246996,13.6950527725077
12.0252864154794,4.22515573690137
5.47910735145302,17.5052407242294
15.7119374604476,11.4553750484624
8.5010601399517,13.2915866849489
10.3976477700786,13.3265733299167
10.9261528240872,8.46054591563387
8.31537590312576,13.6069802270167
5.69581845650103,11.8062802221643
6.47457676745442,11.0153842750163
11.4001004069888,9.39754699173535
6.81009437245084,9.40809391166815
13.5362233925447,12.5025310921745
10.9945684366221,11.8134557950374
9.80489568015231,10.5437435519171
14.4343041376821,13.7341060787161
18.0209622710801,10.8109323026639
9.96876522173116,10.0215150870706
12.116073037877,8.69874738496799
9.8397321538282,13.6359303595056
6.28428494748877,5.53950682615607
8.39799793679156,4.2264237634523
4.32462189499481,8.89285509029006
5.80225841324883,4.40220490849364
10.4130369028135,7.64365629966621
5.89179423556211,10.0086814309354
13.6723120412678,10.9130816586552
10.5839229174565,12.0357044087289
11.2853915274288,11.0132528274552
10.9111027747403,11.5410265535146
8.60226984639055,8.40543144496393
7.36092295519357,7.11210440926956
14.4081149878114,9.13682583149222
15.1554918069159,8.33976412021512
14.3281215374795,10.7119013455885
9.73448310374929,14.897690664263
7.66632285729001,10.4826999263752
8.68316305690488,8.85465473761231
8.18069559166502,15.1137435803499
12.9068467436093,8.32579430051518
11.2850854755537,13.6641200595685
9.25403569815485,7.43505231475288
7.06230296463269,7.7534909984056
8.44107953944233,7.40375789377512
4.85898596880524,14.0816111617689
8.15175307461875,9.73303444496888
11.4489504764261,10.7188075110597
17.0560154765809,10.9776786944263
6.23936627144108,7.67856765409418
9.23786874766457,8.04966700293859
5.09902092153856,13.985439673865
6.58479544730836,12.2396277142515
10.2979873051333,6.73367327863229
14.2924217536673,9.16577724682457
9.91522501010718,11.6227295821841
9.62627680734614,7.22679513530176
9.03713148277613,12.1038393081043
8.26145769676661,6.15569022750215
11.5534085730123,10.8935068516511
7.01063738014611,11.2580121203901
7.84712347177157,10.4357438496667
10.6468827670241,9.11780627528761
6.25889304435672,10.6431507970569
7.92335927189157,9.65874454552613
10.6868237518846,5.8239776390699
14.0973687445491,10.3672748589116
10.736483976012,10.8004539488812
14.974224339603,13.8174393660623
7.83081049465302,6.06056576965894
8.00131102020949,10.976166226375
12.7518667419518,10.2342757031117
12.5580252104388,7.0463475201712
5.83700214054676,16.4699700752844
8.52619274654219,9.56648174358953
7.96422633302837,7.58610661636096
11.5708645117136,7.7482570920046
4.25757128761562,11.9251301730142
10.6496775867992,11.9157839138069
9.99151608069731,11.1961350800897
7.65764440792898,12.1194147716636
9.4964059520553,11.3309799003975
10.3845193487409,13.3279454280441
8.87581713231326,12.9731326179362
12.0735564190058,10.546552033438
12.0434484640088,8.77376993887714
7.20097118223059,7.82666594036534
6.02494278513905,17.5861562057576
9.73254667908396,7.86705590338329
10.3642580170542,5.36956952399589
7.97468734050561,0.432571254509218
12.8191621065914,5.29379132713496
9.92291695775224,7.98769720969838
12.1038629271107,7.58153794773508
8.28928994456228,12.8562670943426
9.22249222118342,9.96159518312138
8.31267766160737,11.4297049301107
6.84287716601209,14.6479250935396
6.70164061330693,13.2514386855913
10.6329724520459,12.0970334835378
11.7880396099771,9.42821157539349
9.47428976151919,9.07684906790275
5.38394713921,5.5115025878662
10.5465249779557,6.47147609221498
11.2361616161074,9.75655353953615
9.44016739589304,11.4686204762852
7.48317124211591,11.0157062328954
13.7697174082371,10.9832326432091
9.79658678947592,5.62349874873035
12.5779172481415,8.90315189988827
10.1737691946397,5.11676156835523
6.82405201425592,9.92471486385185
7.44918428696267,9.89435319285479
12.9616970011926,12.3382910613528
14.5512578589874,9.44602516508568
7.63887376772048,9.05032305031161
13.607534120551,5.77037961781399
14.1080419416844,11.3260785478401
6.58475260257568,10.0299494574028
9.50662217092272,7.73751669415887
11.0012814030944,10.5226768248526
7.16236944359931,9.64219478163992
14.1038729717589,9.98833929099676
14.2907182198177,15.0299573036729
5.99580355678726,4.86847720256099
7.90667218427507,9.57289000967769
9.43188542208317,8.75394877865749
9.82568370430252,9.04769695481208
9.62557975485898,12.5679015719003
9.23503807621799,13.1111799552146
11.8267460632123,8.54267455562471
9.09301722153344,11.5601547426921
9.91051400411684,5.84681321005586
11.016429254054,9.56005150990966
12.9378357027832,13.542531171711
6.86215311680691,11.8613574595915
6.97303477694045,9.00709719777311
12.0503503942623,7.91393370804397
11.6880437708791,3.34617040500668
11.9801769168754,7.55111514485791
16.3982603145192,8.96851510854558
5.98744778443628,10.6929048546473
4.16876295666178,6.64061151434616
3.86432064952359,10.571811152952
12.3835744608191,7.66931239666761
11.0883627721356,9.38236655879538
10.7057115611552,15.9191547191734
10.5859858314465,11.3952515333727
5.77325148478102,9.3242121287
8.16521390632214,10.4482513252683
8.51864360269346,10.1614998937918
11.1842982495515,7.05351471178217
16.3197877240612,15.4655935382033
10.5184086273809,6.75408064182655
11.9376624959528,13.0850113758633
9.63567579342385,9.47037186100829
7.29390638589755,10.9382446196894
9.66688232641954,11.1454177583629
11.272321427524,11.303267896899
7.13447834443797,13.3420440227962
10.7452655843892,11.8078432036594
6.39429757809705,5.14306977283137
11.739479617113,11.6889334818023
10.5241263279656,9.78206157871196
7.29888634114663,12.3669041092995
11.4060951179523,15.1135097045439
10.7283849830367,13.6465032651794
11.6962378921607,2.67263545327796
8.53067325514364,9.300062001355
8.12393020760374,8.59740522518011
9.55297651853793,14.6185003844445
8.86200582730999,7.96514887300568
10.4773151335668,9.60604844343189
9.53431303212144,11.6290388826675
8.93033133830256,13.625476127396
11.8792991711388,7.65185382711964
7.76886646323175,8.6241213695274
10.8187741976227,12.5878015362521
13.446424256628,5.21005180419665
9.41578203306003,17.6476426012416
10.7548992210881,9.55014864127045
10.1618868712211,12.2987822079128
8.18108404919706,12.0581181726223
10.8805440127253,10.7547922646653
8.08554840028565,3.34763758172315
11.1771887445651,6.53376338457491
7.76943976756973,9.54148741184271
7.41528826185291,10.1918205931196
10.886471739384,4.69739490406608
12.0958026968272,13.0685929985112
10.2118903011193,6.49803929215083
9.830129602768,7.37132593782598
8.79035406509225,11.7981823706874
6.54169969867319,13.3287600223419
8.58941591548416,11.595515561887
14.4708148092742,8.20277668236566
11.6211102523032,11.7161497243421
3.20049733127698,7.5917361433857
11.1963069113325,8.27719236961703
8.12051446533053,13.1568261374779
8.50900970033091,7.86862444202806
13.5677974260239,10.4317199702617
8.02903866255875,10.8514524373857
7.6802495641809,9.62156287171669
2.95922778209052,6.23151520263285
7.52477900189594,11.9131053615102
11.8553411133121,8.43664958877613
11.6732400976138,3.88387621616671
7.43491019215142,9.55324337637705
9.45715264619363,11.501523413882
6.08041815415037,5.81244980312277
13.0743152423476,12.9942665026982
11.7197704373952,4.63535786960145
8.98401434690201,6.18624501989895
15.3956141736763,10.2645476475724
4.53377914008278,12.9901128594144
13.1277485442601,9.42334700490904
11.5164970257213,11.7175409251631
12.1601626544795,7.75798022241662
12.9510387150193,6.93847247847035
11.0330334596311,16.6725925638318
11.6422344768115,13.7509676446256
5.44190212990452,7.10149525674435
7.71836020851149,8.76891976727985
11.5833497294197,8.40288675183395
12.3065859237638,6.99495151813159
9.7102254075703,9.49420019906387
4.88705594755386,13.8193338696724
4.16099030320766,10.8673604203165
8.81575375626733,8.58736642094332
8.92977662247157,13.8589712565893
11.9544344742046,8.26722644752816
8.79893956560477,11.9842820211206
13.8183183019097,9.48779116694752
14.8958787532717,7.80471751995295
14.2715254443907,13.1292338089376
10.9326938957015,15.2564412351959
8.14367679904752,7.76307348952176
5.82846807423284,3.50283485818159
9.69257104157575,9.30691045148718
12.0072523684751,4.91309352832761
8.73666023212679,10.2402385598145
8.63268411076077,14.8646195658156
10.8989721401765,9.8518431733254
10.1407943275963,9.3207843166327
7.48878150639309,13.0280063087918
13.0605464182429,6.58604294244017
7.20946651826579,6.89799149054593
9.51860092388284,11.2834177742929
14.1269043782866,10.4949678501812
9.58582896298665,13.3885043204593
7.08358135917867,6.79355440744145
12.230263561868,7.09967083293007
11.0207675444829,7.12971326211846
11.1901348335031,7.34968845650855
4.90322369019841,10.7822954674668
12.8843245486846,12.7555131760149
8.43708914627821,5.49887722100234
11.3722284864602,10.2112377255824
7.26515834231621,13.776350912961
6.96267322849116,18.0334282486124
13.0432544744849,10.8053730877093
11.9952695502647,13.2179718401572
10.8150431437512,9.32381117880858
12.7620848334899,9.38641257309082
8.41434906970203,8.44395180641309
10.4411092943654,7.46570108829661
8.07488177402331,8.9484148132993
6.53540085043961,2.97281381011731
10.5118906893999,11.6125767252282
6.379286558084,11.6283448568082
14.169037565125,9.23345911786138
14.7239964351232,8.71679967014004
11.9203976476311,9.63539160028077
10.0793582714029,12.1875937395298
11.8765145374137,14.5030654257984
13.212057310365,9.70405132676089
10.8601960663425,10.3143216590064
12.9324262872072,7.42585291345547
6.29654501573159,8.00280014646107
8.63290420638726,11.9883572581747
8.13638662133584,7.99742499107666
10.8774682722092,12.122031249701
14.523624603288,10.7448289160243
9.09011588754744,9.4724537624389
7.84637921139981,16.353075454549
10.6121992691948,11.1325360559964
14.3966410165351,7.60489054673934
6.26176854671118,7.98481558580749
9.66194774882771,17.0823716278094
8.99936794718734,8.57829683840138
9.19600084324188,9.51589043374213
12.2611176834996,9.91040924701341
7.8131613987981,7.04670336315473
9.45914527699026,8.96003900426615
7.96475290642731,14.0187290386392
10.5816501254281,4.16259815171075
13.7071810438427,6.92862195997117
12.1902246196689,9.69943758706158
12.5858701175045,12.7298380948116
13.144615450206,13.8673879273967
8.25246568056548,9.41952641310095
12.2483631739379,7.76286949161025
8.3337865267167,10.2660856817565
6.24579857976265,13.246515176573
9.22056572212847,10.0365927108961
9.35850959953448,11.5681094942004
11.1205295686238,14.0051857760122
8.27661193988627,11.2293386635985
10.7453539056998,8.60936908855817
9.07902635551247,6.2149959090595
8.93066245009273,8.941703869285
9.00955107387564,12.8987529788968
12.5350457658883,14.1943112701651
12.7718022317836,8.67176072758286
8.01019657395396,5.32827036707673
13.0394741053149,13.8521939964514
9.65887818385835,7.56823832340403
9.29745154504305,8.93454134105123
6.85326419724345,3.02219380458814
10.4501001596703,11.1230266680087
15.7691207161485,10.3808278803467
13.7575069236228,4.42653746402864
7.50934833474431,10.3201703748788
5.35572996164177,5.00382238915881
11.8942466281204,9.63845432227512
9.00246131497465,8.3897713806772
8.89209689674053,12.3294097317832
13.5175557319288,11.537879458921
13.5819447803669,9.53874690410573
11.684059451202,5.80358980702524
13.7754606540702,12.9744329249299
12.437546726177,13.76787710294
6.82525436724534,11.0901856585667
9.69643346545215,8.72158413037119
10.4638811004245,9.15093652467932
9.3159136893476,12.0775127710002
7.59284205896625,10.1011876069347
11.7451445999742,9.93172471407085
9.99944681771124,8.79490741193146
11.2213004309641,11.5640308251843
6.76853752501735,13.9508458261997
13.5405267602885,14.2151985901855
9.77021665397049,6.66580190774619
5.52404191186119,11.2984129211212
9.16324811644687,13.5028999443919
10.5110927520703,9.67253378496051
17.3196098835925,8.86924655801957
5.44961252835046,3.13774684989952
11.3772254096739,12.3231997131541
9.89938400843204,8.8707519148835
9.32673889495334,6.89420939237363
13.9766386501445,13.2355189808959
6.37850860083318,8.22930159585214
12.80532888727,6.43189018793814
6.28672039766041,14.2122459462216
14.6692810431769,9.06777181115489
10.7653273225376,10.4822677943165
10.7158515261865,8.71821279675008
11.6660447128142,15.1920166926994
9.42655022212384,7.48164436988193
6.68776106467194,11.1625577495348
12.753201368758,8.11695760724094
2.45397072727498,9.97945143219628
6.37172276787245,12.3680212468019
10.5994255966076,10.1301288520912
13.247993236386,6.43519916170426
15.2121603204909,9.95373836516778
11.6370010488342,12.1118890557509
8.90333782975412,5.57772185725747
7.1927076748869,6.78890662392925
9.95123435986941,9.17926385481445
13.0902741499169,8.92156220826507
11.1643278524453,11.3042894461686
9.17951076810188,12.0679958656767
11.1418715176369,9.43085675868523
12.5328200451273,16.4607034328333
14.0013217981589,14.647440953106
11.8746252444436,6.5351975173734
1.26709075102614,9.8742521106616
11.4408103060707,9.65067992303587
10.0021716232695,12.2173977072972
13.0522081241743,11.3445531314312
8.35805561596252,11.1755760157815
3.71785084043984,4.65978461752777
11.2579967456972,10.5982221704979
9.0808189600743,13.5468800777322
9.2383073557215,12.1369203128283
16.1213741453336,10.5610811924573
8.62852897840845,13.7422461394708
6.49541424558976,17.6373932985187
8.29396194513542,12.6749114246244
11.8215537186842,15.4082991636002
10.7789982003041,12.1966178286488
0.922265186157958,7.92776762233062
11.2715223537861,5.54878923415373
16.9489916391415,9.6779898710876
12.1813611058369,17.5046263965378
10.7602462463326,7.57696597451807
7.03669120154942,11.9365222419512
13.0183447550596,10.5218385873231
11.5068655574728,8.18991116136711
9.63005725745589,11.8080524050023
12.1997102625331,10.2056268501601
14.4122741631077,15.8084178637194
6.92493521127574,10.385944846907
10.2078303348751,7.55191946770024
14.3519407236216,10.5724039117227
8.21857317703458,10.9974760070762
7.91897859388774,7.38031046180573
18.4754208611363,12.9564616784971
16.5697258409708,9.86594605761177
12.1896570598758,11.7429445048413
7.14892098106858,14.067093196292
13.7802792109949,4.5094908653803
15.0988716935318,10.3247551286348
7.33363757167825,10.2172183377021
7.45928106819164,9.42656752193192
6.73504631017068,9.3585284707465
12.233485694438,6.40369006105558
10.8588088146313,13.4385540736021
5.89774556173264,9.42401671707582
13.5788364922168,12.2797751866173
12.4803950333996,6.42818337259785
10.2592955637326,2.77031276542986
5.29058007543284,9.84477568614717
10.4950347341807,7.99328211316418
15.7527007640456,11.5671182902921
10.3379994104506,7.26986572142791
7.44450461821592,12.9919324929432
9.92591198615939,4.54598917827854
Rho_s: 0.0068778872194718
Rho_p: 0.0185392204084479
IC Time: 0.00999999999999979
