Rho:-0.8
N:1000
7.44954409122135,10.9326938957015
8.78028589755505,9.83555352455418
9.96855497589086,11.9726548778923
1.84878880035874,18.5314470635928
12.1585311958559,9.62421937540869
9.8488939789911,11.6370010488342
11.0395521132369,6.25889304435672
6.5257222734871,12.6683678140823
11.8818358014415,9.10215488884342
14.3449963611522,6.37091586870443
8.37781837647384,12.753201368758
4.87396629191753,15.7486805677737
8.95581513147498,11.9952695502647
9.17269982833483,11.739479617113
6.34689294040685,10.867915536411
9.23058596527174,9.22249222118342
14.2700597332039,6.379286558084
14.1369843277554,8.18108404919706
11.8926578270466,8.4611974273658
8.36388570317758,9.69643346545215
7.33948368609854,10.5895694937146
10.7604917244116,11.4877197128571
6.62927303483834,11.6764806245825
10.1715002173122,7.86895999362502
4.83836247749722,13.7575069236228
6.71741772134176,13.5405267602885
3.93500371695859,17.2751693321985
8.63820110133188,13.8183183019097
10.6811730809053,7.90667218427507
5.55130316085913,10.9338777238407
11.915788111175,9.830129602768
11.4946697954207,8.01019657395396
8.57143088125166,12.0072523684751
8.86011530229363,12.9616970011926
10.1026928183059,12.3471612664244
8.146880308693,11.1571640215284
13.9967646118481,4.00892225834584
12.8152059537781,8.13638662133584
8.82861148213472,8.98401434690201
2.91881163324163,13.5885740595372
6.25874078960781,11.988807411607
8.28932851428694,12.7293247673426
10.5386535571987,11.1799412030281
10.9507892554157,10.3350321345176
5.40583719963435,13.5362233925447
12.9516649014895,4.70932482114343
6.17720349098513,16.3982603145192
14.6431090216501,9.29620368461183
9.64610585918741,8.58941591548416
11.6673745152932,5.62756767557124
10.1612318748642,11.2047722839817
6.36887131648481,12.0813081551056
13.5057575509409,6.50679600415653
9.67984440450105,12.8843245486846
10.9889156942796,8.04662534641513
4.13198026449118,17.3196098835925
14.6406260327037,5.99580355678726
12.5997289209207,7.91897859388774
10.7953515070893,8.48254474521406
10.0764925380713,10.27619308905
7.35902030267602,10.3901463026519
7.10028337821717,10.1737691946397
7.19037619078945,13.144615450206
12.0812524488963,7.83081049465302
9.24643125399252,10.0021716232695
5.42422828150529,14.523624603288
10.2755650050173,10.8601960663425
6.78632275934536,14.2129148701081
16.0990488413184,8.02313913187253
11.9969196124244,7.52301933409759
7.73535299925136,9.66194774882771
13.3218108864185,7.95657491072616
12.929378282307,6.24579857976265
4.89175314351382,15.7691207161485
11.1381507524181,7.814132423603
15.2645653605459,3.89467355547189
7.44116547608494,13.5175557319288
12.3155905647674,9.91051400411684
10.5490367366916,10.3981313053889
12.98610371413,7.17871461928809
5.00233642182208,13.0522081241743
11.4749667545582,7.92335927189157
9.10473974202307,13.3304400717971
10.5275560278246,8.85801193668913
6.35664535796767,10.3835677467114
6.42017034097462,11.8215537186842
11.6032602988823,8.89372105494055
13.4952455215742,6.80130580642969
12.2936956875662,9.31196699944285
4.36901591060313,11.6660447128142
14.8565709211919,3.71785084043984
9.52697162320143,11.5572841250324
12.9451166295006,4.88548172476732
9.97118833980142,9.13010131365465
13.9371190892149,6.86215311680691
12.1849032405718,6.82525436724534
8.09358026048444,13.1521959704701
7.963901175487,12.1008348950741
5.29262723179205,15.7119374604476
8.12656060429417,12.5388778525033
5.81157451543783,12.437546726177
4.95413878172871,15.5384439684024
7.25720582620766,10.4408901847976
7.67646243254135,9.67711557808467
6.59384020759608,13.4728555396958
8.48618078560379,9.22056572212847
12.4196396998011,8.05720890743434
7.48127599789999,9.79311261425811
8.7702596781079,11.969188282535
5.5827812368595,15.9334767703444
9.86283584499837,9.54493220115854
9.58591586582378,11.5068655574728
13.0645210826276,7.96475290642731
8.02661880337977,9.55297651853793
5.84403113086146,11.8792991711388
10.1389941696151,10.5307408210677
12.8492993040144,4.01364578612369
10.0365084322903,8.62852897840845
14.5907593402653,5.37317881530813
8.54861566638707,12.7620848334899
9.41620271175542,9.8362600461824
11.7236891855252,5.68153351109871
6.10116444172482,13.0902741499169
17.9728293257033,5.72678757801336
12.5948610695573,8.07488177402331
13.516729368482,4.52499184076885
13.3590186871802,9.06107060246431
7.45760857796382,10.9945684366221
11.2928763479697,6.2318132414027
10.927506837493,10.6594916553822
7.95199210863093,13.3977935248846
9.24225175094636,10.6121992691948
12.2510540890368,7.06230296463269
11.9032693010312,8.28928994456228
9.60607483557765,9.96876522173116
11.3362325671839,11.2645629757803
14.3246736989842,4.2267930047948
8.01004677887908,11.1418715176369
9.48095229210582,8.37425855677924
7.6423871673163,11.8125462596933
9.22110268615755,10.3434524159763
14.511721908919,5.35572996164177
12.10308164616,7.27720541551375
11.3374645724089,7.43061043287127
9.70052962913357,11.1901348335031
6.87555773866134,13.1277485442601
9.0392027893583,8.49573938214757
11.1752474676092,7.21592617686868
16.4796224076216,4.09164990771664
11.9358204317168,7.52279051679278
9.43958701815325,8.55856685305304
5.29047611069001,13.7802792109949
7.86257558834758,14.2537530235304
17.0533268670942,8.66816951744885
9.68900123332265,12.5858701175045
11.4184958288773,10.0603715186189
8.41276434435543,11.0671350799314
10.0819733288632,9.13553714344899
12.3162796116626,8.42219370793924
8.94665969423986,12.0735564190058
10.4303495602879,8.30698032781228
8.4310364278501,9.25403569815485
12.542612324929,9.09156961157868
13.6175398852438,9.60584596806171
10.4877115278489,7.96850644528165
8.9630493347223,9.75112753952969
9.89822244089501,10.2118903011193
3.65605923831737,14.6898872033859
12.5846195510416,5.29058007543284
10.8369830254736,7.94552175073473
9.67994908679782,9.63636153530171
10.9002302546329,11.4408103060707
9.81938007951089,7.52477900189594
9.15627817680445,12.230263561868
5.03822143487929,17.0560154765809
12.263946066624,6.41278010594909
12.2043610401105,9.39434406482531
6.75422224829148,10.1460933239347
12.8834905574968,9.90007810911552
10.1718296472961,12.4880126463851
12.7589598305308,9.58808120237245
9.20948232084332,8.11790415586304
13.1343004162216,7.68454625568599
9.8762396760011,12.2611176834996
4.63742526150921,15.9569481487673
7.96798574287843,13.0093330301482
11.7689387945293,7.03669120154942
13.2219648728925,6.88201577773323
18.0591482063145,8.79035406509225
11.953308386008,9.17951076810188
9.38341280944491,11.0518478967761
10.2339020266984,11.6065065964546
11.8406719863086,6.90083532281779
14.3702586191464,8.37124177758527
7.19129887293749,12.116073037877
8.28103981073382,11.106863814574
11.9573008781858,7.8540355782536
8.15485090204164,11.8503370069499
7.61538893991847,14.1038729717589
7.58382610480714,10.5816501254281
7.01635375264482,15.3593071651082
10.0058089472577,11.5164970257213
15.1007794097581,8.2781478289949
10.5765888670257,9.44016739589304
8.66286571080631,12.5328200451273
2.9784317119199,11.5833497294197
11.619889257551,7.33363757167825
13.2763926203459,7.62302617554422
14.9588835888093,4.34681079259645
11.1229977565267,6.97303477694045
7.56229266669635,11.9749070377711
6.01505691699698,10.3169263999066
12.9037089787435,7.36092295519357
15.2992455603438,5.89774556173264
5.08266028455372,14.3966410165351
9.91692231381319,9.42002279185325
10.2496405016602,9.24321958833016
9.28488516534786,8.15175307461875
9.9825046936071,9.19600084324188
9.45717903556043,10.0830503190674
9.76917459985031,10.7367501641295
13.473432686831,6.02494278513905
10.9380953956972,10.9358354386567
6.03646860324735,10.5110927520703
14.1179715305486,7.96304859649837
10.8546038519955,7.71836020851149
9.110302704358,10.7453539056998
13.5248558070162,4.53377914008278
6.89523376440238,13.3448409402551
9.02615107180394,13.4185786447121
10.600899175403,7.59284205896625
16.4302497552353,7.86562944617895
13.4372223747696,5.83700214054676
12.0804735713051,8.3337865267167
6.27185279334951,11.0819230724891
6.64005093313697,15.6370997916233
6.10831607898488,16.1213741453336
11.5567823561956,11.2572207497449
5.50574200035645,11.2125714873907
13.7001606376701,10.0000687787828
5.84729388447506,11.6090296668805
7.60555109694061,11.2853915274288
9.45031317468319,9.60163669166369
7.98768119491416,13.0394741053149
9.62524523225428,12.8055399275542
14.8545501276428,5.80225841324883
15.3841651016715,6.38247524806533
10.448146188795,10.4501001596703
9.32370843589148,12.80532888727
9.28082899796398,13.415202290076
11.2472924427399,6.08041815415037
7.8623857392924,9.79658678947592
5.22472004143183,10.5994255966076
10.6780136724621,10.4773151335668
7.73266517568959,10.4130369028135
11.7558310647762,7.24445133923919
10.4109758220766,11.2050893307173
15.2284268210592,8.63290420638726
9.79625595385836,9.83931133157166
5.86424284480552,14.8936865385758
10.6355722762596,11.4658682477248
10.9371903236983,9.10036321703082
12.1118925059071,7.9603571692027
11.5573223639046,7.24327766682146
12.2104138113393,6.50085623581849
5.58189855859308,16.3197877240612
7.9573558808069,9.94288910707878
7.01346902031141,9.99151608069731
10.6741591489549,7.58619537543035
15.7439141972086,8.21857317703458
8.45670703936432,14.1080419416844
13.2631827555847,6.04225336035833
13.5046891015562,6.16117728989585
5.78157639597561,14.3281215374795
8.5339714511357,12.2607417914842
6.98849598533943,15.2618594267007
10.8305058546212,9.92119856741349
13.7203248769572,9.82303939095068
8.27227703746355,12.8191621065914
2.89951881566977,15.2121603204909
13.7075124454232,8.22330446583637
4.43377133399304,14.350575825264
12.4451725552288,5.69581845650103
9.49556390118376,9.82568370430252
6.00682034219112,13.774038672782
5.36502916722982,11.4202944437537
14.481111438166,5.47910735145302
12.4992601584439,10.3581107891964
9.75085125012498,11.6128141413391
4.10413904630895,10.8588088146313
9.56907992294928,8.52619274654219
15.1642054313394,1.27461485563577
12.777565023695,9.23100559364881
9.90664200689667,12.8874976435081
9.74934005661135,8.28644461924905
6.6663349892474,14.2715254443907
10.9851710833581,9.17368393381983
7.29514307725076,13.9648224412144
7.25395002979402,12.976078534797
13.1790688913249,9.2383073557215
15.4707279204996,4.25757128761562
19.7551362634167,8.23009850301063
14.6214816493116,4.94472692141328
13.8061154754513,9.00246131497465
6.08291927552505,15.0936230449284
10.0021071982615,8.17335547466053
6.01484919102431,10.6496775867992
7.01015772974353,11.5251950859519
14.0508791732037,5.77715469970488
2.97653656817776,11.5302841609474
4.62567000605555,13.7697174082371
10.1054679718319,12.5952640833374
5.95581997266045,10.7918374087338
11.6869192123805,6.47457676745442
10.230216920732,12.0368566726383
11.0651735913346,10.7548992210881
10.3374525703572,10.5118906893999
11.6766791676136,9.5316126537255
13.731819120616,9.95123435986941
8.71822870665896,8.81575375626733
11.2958538404018,5.89179423556211
10.53847543477,8.07246942639566
10.4515513482609,12.1038629271107
7.93572459399623,9.50662217092272
5.70576561305143,12.7788753808784
10.0788297863066,8.04679624729046
8.32967112488764,11.9203976476311
12.0880994712322,9.34367116324455
12.3111313276272,6.96582184891112
15.5227751021561,5.91925901318887
11.9187287347968,7.80371036329574
8.21688795722322,13.0743152423476
8.26094406870427,11.4060951179523
9.91364003799267,10.2849591030726
11.0754963737573,10.4971991313055
12.3474551016953,10.2799122912024
11.3985395648732,6.26176854671118
13.401416152912,7.79468778663758
14.1825067611408,6.82405201425592
8.44856200219954,11.1771887445651
11.5639344394455,7.84637921139981
7.66502836437387,10.736483976012
12.0949009638923,5.95721975308008
12.7970307792215,7.09844646105661
14.728249900094,7.3181691574363
12.6892797077893,4.98709325318609
11.9925780629667,9.90398190145185
9.45670456878269,13.212057310365
14.0483761356331,9.49345777800783
2.07642693874769,14.2370383531301
7.0735690284897,14.4845249761962
6.49362071895863,12.5537884028607
6.88446762026757,10.3158200088518
8.58084947814275,11.8942466281204
7.44315780898378,13.0190189015965
13.5104881097559,9.41578203306003
9.47223022852348,10.8946043300795
14.6575170558001,4.32462189499481
6.99893417211359,13.7754606540702
8.44864139606168,10.6329724520459
8.03480319388548,10.6197751199463
10.8187342116445,8.61338162712814
10.7080215571963,6.70164061330693
14.4262219192724,2.79145221205141
13.0237411083378,6.37172276787245
10.6950759970889,8.99936794718734
16.0908244092939,0.922265186157958
11.0142121694718,9.32673889495334
9.61296712181706,9.66688232641954
10.8611057654763,8.9066786162575
16.5225508297836,7.96422633302837
10.0010818094752,12.5198316045165
13.9631351523601,6.76853752501735
7.97957810610853,14.8958787532717
11.8742273889042,8.80032009643828
7.62272548472845,13.8367572470673
13.2905256695382,10.2897412430684
8.09632761753005,12.5350457658883
13.4141681347667,5.38394713921
9.8184845984526,10.6461603205845
10.421450624588,12.1813611058369
12.9761289405536,4.92475753724422
6.9593349621897,14.5734885234656
9.07613766666684,12.3348487317248
3.14728175036969,13.4444440001355
13.9256614374949,7.1927076748869
11.2095201673872,10.5981250881266
8.60305018362012,10.5910619673151
6.99629595267759,10.4411092943654
13.6061769533516,7.90955401313693
8.38163747450702,11.5592307199549
11.7710862189223,7.57730778665667
4.75388603467898,13.0183447550596
7.91184335274298,12.4143915220764
11.7638801063266,5.09597020279559
7.59939411955552,13.8565736286171
8.47048595539514,10.9930646879057
9.67993979396672,9.85556243834806
13.5228524511316,9.37610356434399
9.61282532232461,12.5595544756448
7.89430740195616,10.3845193487409
5.8498037120795,13.1441429054223
9.89622715543402,10.1168550116357
11.4210749760962,9.75412322734479
6.7798113730434,10.1851234086667
12.340955639391,8.79893956560477
6.87627523098649,11.6422344768115
8.79234852690431,9.4964059520553
10.5378732650004,8.08049830828793
9.63706099168173,10.5325337955986
14.701656249547,4.4613016882503
2.59502829869845,10.8150431437512
11.1996628845654,7.08358135917867
12.9277343457317,9.60532882179904
15.0904877277307,2.71446721413312
7.67729040448278,12.7311645522401
8.49542334906895,9.89100253070767
11.2781994889726,6.39429757809705
9.03709246038369,8.93066245009273
18.4109725725546,6.7758704472074
10.6881171915359,10.1506928211982
10.6966041638589,11.6211102523032
11.0347243578276,6.81009437245084
7.80039927758802,12.2483631739379
8.7833955348867,10.3079987440205
9.96990947216569,8.86200582730999
9.81623492657955,9.92591198615939
13.1665301617113,5.90248000080625
14.7330976850741,9.45715264619363
4.51991263327776,18.0209622710801
7.01321234702166,15.4411400644564
11.6503841869282,5.09902092153856
12.5332738511419,9.18382841205592
11.1037551664847,11.1842982495515
6.67446487553327,11.4209192114288
10.8720996474035,6.54169969867319
9.58967554511382,10.4401029446513
13.0025287746054,7.48878150639309
13.2120428509626,4.15652124627595
15.6343426702566,8.25246568056548
10.4832563600067,10.3976477700786
6.0645642827666,14.2924217536673
16.1153040883031,6.96562977131447
6.94291591114185,14.3389790332461
12.4840422946657,8.29396194513542
10.1194295506176,9.81654603472235
9.91096095423799,12.2783029210945
10.1585636066282,8.50379843627831
12.4188177118675,10.041146170215
11.2669282144142,8.12393020760374
11.7692286896173,6.82450905632708
8.82785352948023,13.8459919222317
11.0516342075926,9.12085006025303
12.5647784647942,10.6531118377003
6.45112913604789,12.5580252104388
6.37560102788588,11.0883627721356
15.3683270648003,9.01213589274133
11.8928128463207,5.52404191186119
10.763727743885,7.0851631373453
8.11447887785119,12.660231795865
8.16048252087997,11.7205006831904
13.634527361194,7.86552839835943
8.18187371773474,13.0432544744849
5.13220008780023,14.0973687445491
10.5999464173692,8.15597442635617
7.27509972688284,11.1963069113325
9.14781327023093,11.1948386026343
10.954490579156,8.11952936488553
10.3706132866298,9.81833402546905
13.4154436902364,3.83329473629961
10.5262406316491,11.5107070855664
13.5003993304681,7.26515834231621
9.01918828167862,12.9378357027832
14.8941739030786,3.95165334586794
11.7446904132899,10.076776777295
13.7906795038547,9.80489568015231
6.84242458281064,15.7527007640456
3.55936276667188,13.5788364922168
8.51042603713569,11.7880396099771
10.1861375444223,11.8925290808807
5.62406742719967,16.3180981147435
9.11051185579942,12.4645268176793
13.1996412276497,5.00985114291894
8.91667178650523,9.62557975485898
6.96995726584082,11.4307908921224
11.4712060875025,5.77325148478102
8.22441005499785,9.3374116815984
10.9548556980754,8.34913964429134
13.2144679943091,7.39710594969898
8.55307849837913,9.45914527699026
13.1245458387825,9.8836556378439
11.2436854393247,7.35036425063983
8.37470485702119,13.247993236386
10.8316124549059,10.5746165014956
11.2838405658112,11.3251033829469
15.0504342121515,5.44961252835046
10.0959540811166,8.09323381746444
9.8517333037986,8.9987138823035
14.9795649060711,7.84414753279428
10.9077230115582,9.63005725745589
12.7844503923136,6.53540085043961
14.270237921392,7.13447834443797
11.0458269229595,9.23503807621799
7.56501915989539,10.0927622016237
8.32577793893366,10.6868237518846
10.2036310451857,8.67393922682025
11.5407786183081,9.2295991019102
8.92924768060129,11.8765145374137
9.96458947552113,8.45517896324095
5.15626733893514,11.8156378872109
12.8446306272035,9.29947211013468
12.496109849721,8.00131102020949
5.0817185417389,11.1643278524453
14.3091692284911,6.84287716601209
9.21918237344734,12.1896570598758
9.98938752063585,12.0971981613685
11.7973011507382,9.37100038806612
14.5185145134528,3.00188512820367
13.8060571733267,8.82127488256183
5.97600482917059,12.3294827384444
10.1386266975737,11.4064876584085
9.46020042246668,8.92977662247157
9.26211767375229,12.5758253459187
10.2043389928254,12.4159600153251
13.2335721471939,7.14374490667308
10.7742483298628,6.58479544730836
9.93184712005866,9.8397321538282
11.1613082630981,5.98744778443628
15.7252579662698,8.67589197524254
4.37791764419134,12.0334965316632
6.50456304638087,11.4449640591578
11.5056055221987,7.76943976756973
11.4226013286938,8.53044025097116
16.7312478326726,5.4571895889671
9.66590103394132,12.430330722521
10.2256845183538,10.6630346013692
13.069788695681,7.14892098106858
-0.173558057846799,16.5938155877775
9.27231323863019,12.3835744608191
10.9348308314624,7.01063738014611
3.43020279162027,12.1997102625331
10.9795760121301,8.5010601399517
6.69521082816962,15.7969431843674
8.77914438432643,11.3722284864602
14.1267609483052,7.95016057776065
11.4366641607976,10.7673883741685
13.5959713473099,4.87846743361177
15.9189373197966,5.44998789867846
10.2556253000508,12.233485694438
14.8068674512865,4.55378668337262
9.893664487063,8.87879848688768
7.64852756425493,15.1476201280012
9.26510135970096,13.1115723550759
8.37321774354202,9.51860092388284
5.72017424869544,12.1294230729615
16.078428131661,8.27661193988627
15.4792448895562,7.20946651826579
10.5992384812557,9.3159136893476
6.02750205575148,10.7057115611552
14.0297381210727,8.89209689674053
7.55885870661452,10.2592955637326
10.6011002344477,8.46759906283166
15.0228962314704,7.33243053659897
11.8565967025285,10.6468827670241
7.09338010630501,15.0988716935318
11.7234629724119,7.84712347177157
12.9259264159757,7.91485049469432
9.78556248539735,10.9261528240872
9.0678353460011,13.4315050999482
13.9829385205642,8.90333782975412
11.5724135572984,8.35805561596252
7.3154136989687,14.170294037989
11.2332046135068,11.2579967456972
6.37945310536095,11.2205771345772
8.7053960034397,11.9760863916405
7.01564935633265,12.1518004106726
7.88309853837722,11.8959187191809
11.6667445842918,6.23936627144108
8.97840156255371,12.4033885603971
8.30247232552667,9.99944681771124
10.5656319627142,10.7695666514286
10.1128605783492,12.7292281600182
13.090919541871,7.59100996740558
9.59521002337672,12.7367785550133
7.90323345514248,10.7158515261865
9.94076430627942,10.5220034896294
10.921368660601,11.4697301517633
11.2988218881381,10.5241263279656
9.51469715873809,8.08554840028565
6.08962174637851,11.4489504764261
6.2853911332644,12.5900737976256
11.2394772909602,8.43708914627821
10.7471870735764,6.85326419724345
8.24100256330737,12.4353258371697
6.45398185812552,11.7095847971412
8.06352292430931,9.92291695775224
9.19359836517235,12.7422595255394
9.66146620048813,8.45528449865853
14.2981387819588,7.44450461821592
13.6775786937683,4.73205586565158
4.95717581232175,11.1205295686238
16.1013838973489,3.74911439344677
8.42463600212638,9.02980271929061
12.2933326313537,5.62865573811126
2.36919531195455,11.348445619733
10.5966407497721,11.9376624959528
7.65725367207399,10.3592632122711
13.6944389055367,7.64987223964991
8.9979941408249,12.1601626544795
5.98610228387701,11.8553411133121
4.63389636228567,12.7925158246996
6.26562846547954,11.7116052140317
11.7735982192827,6.84820329871709
5.44101635152263,13.8022699659804
4.99672442438538,12.1902246196689
14.4582408793524,5.28685813622584
9.44684135673563,13.3271815836007
6.93879871995414,9.9563122954867
10.3287813501509,9.81592032877909
2.37672671442649,18.4754208611363
8.49947669688051,13.3726723812884
7.5044948758952,11.9526030103278
8.39145252937921,11.2676890620174
8.82183493305067,11.7655419840183
9.26944155063458,10.0793582714029
14.0324345114769,7.30468051909695
12.0209909379266,6.37850860083318
12.8040682804374,8.12051446533053
15.1070557958102,9.0808189600743
10.5971007941059,9.51041289838391
5.87961873408002,13.4335744096028
10.0410267738097,11.2850854755537
11.0157091600022,8.18069559166502
13.4631935788983,6.28428494748877
9.53756160443715,11.7451445999742
7.04335379166102,15.1554918069159
16.4704888942637,0.909944243659602
13.3453157154698,9.54846083897948
6.80930046823722,11.4001004069888
10.1085577679004,10.9902064905836
9.13021722752587,8.26145769676661
9.79850514146197,12.5779172481415
10.4499104578154,12.0503503942623
10.0831228348865,12.7518667419518
11.7176456101288,6.92493521127574
9.65127214866176,8.91752457588782
15.4167508697872,4.88705594755386
12.915156069558,10.2979873051333
8.88835665625419,9.89938400843204
12.8470278192308,9.73448310374929
7.84505887487828,10.4379416158265
5.40569007317589,14.1542711557746
13.1592300199235,9.09011588754744
10.0313407413051,11.8189959978666
13.2280397525305,9.43188542208317
7.16067994218692,13.1925156116323
12.9330269116734,4.85898596880524
16.7615949734834,7.63887376772048
10.9624463019707,10.5465249779557
10.3601385456488,9.9685923093966
9.8390761668823,12.7848316443753
12.3834739650124,8.71609473402613
13.3065520196624,6.93673499303691
14.7073862997045,9.03713148277613
5.41258806229214,13.6142978921591
13.1414032759225,9.51097087079281
9.9964345953708,9.00955107387564
9.84928673576932,10.7602462463326
1.98973439241195,11.9544344742046
4.15994004046727,15.6443415435951
12.3687804383138,7.66632285729001
6.31058017258036,12.9051269735613
8.76299447553761,10.6264588196074
9.66678465546613,10.5839229174565
13.6456207408512,3.65312386391802
11.1149510298917,10.9630233294985
15.3239752930204,1.66733861573207
9.46707499974732,11.4649947779866
10.8403807077811,7.72372637652281
12.5783617996191,9.18952174070156
12.0252988931955,9.74937633222712
13.2193392748313,4.57864778133281
10.6171949530177,7.21621487936847
11.0063009351628,10.886471739384
7.87769284542931,10.7283849830367
12.7270214243829,10.3790708954809
14.0232771696403,3.93281037451239
6.22170831802714,10.6873989868571
11.5999229004203,9.50967543510571
9.25808257153582,10.1407943275963
8.27391304276013,9.4515251266291
10.283293869684,8.28443469886036
13.5188449454161,9.67772566253441
10.2295586428057,8.68316305690488
4.76569059229418,11.6880437708791
12.573273566476,7.56162953868493
10.0708543347516,7.48317124211591
11.9366204665119,10.3642580170542
9.20641259119718,11.9191020518702
10.5632603221713,7.8131613987981
11.8750207835471,7.43491019215142
11.2258277935218,7.29888634114663
11.3803809113394,9.00420823301184
10.0945824606366,9.80848897832446
13.2493236848244,5.42954009605631
5.95999552818887,13.6723120412678
3.18532231087745,14.3490636169228
14.5265373891974,6.1724337721204
7.89169662476761,11.3772254096739
8.52568550356743,10.9859386513392
9.0805983799111,9.16324811644687
7.73967252222223,14.6895472738453
5.60646990439918,16.5697258409708
7.43376119943614,14.6692810431769
14.0387028517895,6.74534205603734
5.87933354909473,15.1884155755582
4.93677851288283,13.3217482839015
10.7834706326444,10.6737741434781
8.37145720781764,12.4965727997859
10.4893160419273,7.44918428696267
9.29761407908832,9.10593900680053
13.1637557487055,9.23786874766457
9.3762991140636,11.6269444139354
5.82900768303404,10.8805440127253
8.60362568879999,12.0958026968272
10.4374965339379,11.9782969084546
10.7936288339212,11.7416715805553
10.4215175255953,11.272321427524
14.0310305778785,7.41528826185291
6.33849807942779,13.5677974260239
15.1557097960725,6.49541424558976
16.5715685741143,6.88461905044613
11.2002968908255,10.160394847171
11.9302228380836,9.59927253945146
11.2406702991416,7.86575852484536
12.7990598224791,7.95815111935025
3.51600310048995,13.7723770698576
9.96471612834611,12.3657308249288
4.12057070447995,16.5717986140532
8.75098974511753,8.63268411076077
12.6566166134825,6.29654501573159
11.1961394975262,7.45928106819164
8.9677877186813,13.1564676511312
15.006543562918,6.73504631017068
10.1536493128984,10.7883310741828
10.5526184473162,9.93518326386634
7.0921247893114,14.1269043782866
10.639646813244,11.9801769168754
11.6069085609357,9.72173901336131
12.6485005146103,9.32759059510437
9.84061576380828,12.2162830275174
13.7962886492342,5.82846807423284
4.77567715673101,11.2715223537861
3.55092680074313,14.4250412219172
11.3424913915475,8.41434906970203
8.2771001250836,11.358150352937
14.1377214766104,7.97468734050561
11.5730483198484,9.59781396475367
13.2217591271866,6.20874379772965
10.3418429304096,10.812687093126
9.19155855625312,10.8774682722092
9.62416768768873,9.9854302717844
10.9342750968856,10.8187741976227
13.3189051782655,7.9230329752271
10.9078216393361,9.01736133732305
12.2649022005236,5.77675961906519
8.2480070027116,12.8742229746941
12.3495173902797,9.85065713188767
11.4137826310043,9.09301722153344
9.97633840256464,9.53431303212144
3.45722859636988,15.6152927597456
12.0738574646319,7.50934833474431
12.576938574904,9.17969471764386
14.3037469831289,2.86964375112734
7.27852021489936,14.8043716371463
10.2510223574721,10.7910733036658
9.28819143190393,9.3530670568923
13.7318083864566,8.31946954076342
10.6141541097252,11.016429254054
15.1784032114373,8.93033133830256
4.39482664092195,16.2048184139409
11.5581007039246,8.01542845434174
10.2187388343893,9.70960211187361
13.3538683354965,7.77620984653409
14.4849603210744,6.82383328285718
12.4712569050145,6.58475260257568
11.5990207659452,7.6802495641809
6.82469175226773,11.3923307033237
7.90826522955994,12.4803950333996
10.7328260272883,7.33851130030264
13.3977516999674,5.96751336279382
6.68982070450046,10.5184086273809
14.2741061157881,9.58425559860497
6.62203539732837,14.0532417598999
8.03731471958633,10.2078303348751
9.42419110637166,8.56451011571325
9.91384837051833,9.29745154504305
8.69466500144674,14.1077211788471
10.7225167144849,9.91522501010718
9.66153856619464,8.47669341621119
6.2957863529925,13.9534446054171
7.21533087130256,9.73254667908396
6.26028713028298,10.7789982003041
10.213303597069,11.1556952548003
11.6187345746679,9.62627680734614
9.55230398481429,12.1429081146094
11.0647806211103,8.70907575000679
14.1442907965252,6.64624862484744
5.39915244546527,16.9489916391415
8.24764541232146,10.1314268198989
13.4514526806074,7.82021332332293
5.99485609568169,12.3065859237638
8.57873060104147,11.8746252444436
12.2472810222795,4.90322369019841
7.04607863578954,11.6732400976138
10.3077504072704,9.38319505076358
6.5197243501033,15.3956141736763
7.77426161425653,10.4638811004245
8.65945339357717,13.5713777758906
14.0941768738393,2.95922778209052
12.5906328719247,9.63567579342385
8.40510465134365,9.15150446863231
10.6462069204278,7.80871525450211
9.44819363280286,9.79939458050704
6.88066429990255,15.6057455846799
11.5979632567513,10.595559366131
13.014062618086,10.493450656743
9.7884089507398,8.50900970033091
4.55749839321342,14.2907182198177
6.53778982011535,10.0367944023862
14.1098141272337,6.25424316661964
11.13105380187,11.6677276137241
14.8135908819368,5.83314267454092
9.95740121736795,8.38231974876169
11.6586617009289,7.20097118223059
9.78733306554918,8.00284026305891
9.81668565649394,10.5368336413699
13.0551685518999,9.77021665397049
11.096935201316,9.92314222141446
12.5648601059658,7.51235839448847
0.375547649216863,14.0100858309738
3.33740531069601,14.4708148092742
14.1926437822786,8.02903866255875
6.69634474195539,11.7418855908146
9.01542073135678,12.6496580656474
5.07658064980757,11.684059451202
8.75881472400203,13.9411413122878
8.29062057216167,14.4343041376821
9.96316582292794,9.02904577417446
9.00857834835587,11.8321442075013
13.9385838563631,3.20049733127698
10.9654120860095,9.13762945614192
8.99661909168175,8.73666023212679
4.22518025452258,10.7462376877088
15.3801603461375,3.86432064952359
11.2039985677558,7.73599315099871
9.42802059385541,8.53067325514364
12.4921382847721,4.76145143781126
12.2743397913301,8.39799793679156
7.49504482100567,11.4341884167506
12.099346305782,6.91533267624577
10.1897664283034,8.31267766160737
12.9663985835866,8.60226984639055
8.14329619583263,13.5819447803669
6.16771236801283,14.3519407236216
8.59947305024988,11.7197704373952
11.9458884857679,10.7452655843892
8.24318105735805,14.5512578589874
8.23422334893452,11.9705265527896
10.9542268726373,7.30633533200353
5.85374798105844,15.5686952193537
7.58455985775546,13.7071810438427
9.40291531856091,12.0434484640088
14.4219795033679,9.49342408669635
9.13310700048523,13.0605464182429
14.2875216593798,7.60695753163532
8.26655520852594,9.11524926835568
9.97815608210463,8.70580212066175
10.3670246557181,11.3897518878224
9.98761065750117,10.0365212979898
11.3297250409729,7.65764440792898
13.4523139531989,9.55828971974657
13.0269554196738,9.7102254075703
7.11558918280437,11.5708645117136
11.8576042945334,10.5859858314465
9.0899731664171,11.2263331765173
11.1255745857385,10.8008376224121
8.28922820192571,9.69257104157575
10.8553624713308,9.118010633167
14.5170267527168,6.96267322849116
8.04212750778816,9.65887818385835
6.17876411341258,12.4364825054679
6.65114631864118,14.4659595817134
5.88962088309222,12.7020116481112
15.0946341668983,6.99783538936794
15.1245287793539,9.35850959953448
9.42018918775585,8.31537590312576
15.3967978309331,8.24284912783662
11.6485535727127,9.73110964522244
9.18772269785858,10.0595053794523
17.2611307589025,7.29390638589755
7.46753107319766,10.4950347341807
8.23136636243102,11.2361616161074
4.13777887905556,11.8267460632123
17.9631395484204,-0.582674925518932
8.25460309918411,9.7937583834127
11.4062736605688,11.1957359098256
7.13070126761481,13.607534120551
10.7178190357744,9.42655022212384
9.37110606044469,10.5670473080282
8.15906106740234,13.446424256628
7.37394030357347,12.7718022317836
9.12051823887736,10.9111027747403
4.75521775328426,11.0012814030944
9.13590839235976,11.5678710819776
12.5650179408424,7.16236944359931
7.7580963147495,14.6608482457165
8.14186411810128,10.569680968029
12.9101979888976,4.16099030320766
11.6720680682792,8.79000943252288
11.6377484135359,6.68776106467194
8.12469439001104,11.9109539407568
5.39475234991057,11.5534085730123
4.89612586042623,13.7807888209429
14.7624909930005,8.14367679904752
3.61104835995152,11.6962378921607
11.1954630664995,10.4910556519228
10.6121369716597,11.5367397388798
6.46902350107602,14.4081149878114
7.9417456082616,13.9215889820993
7.05951576803559,14.9260436655788
15.2000693808897,1.26709075102614
12.0796254726259,8.84494976069167
9.58317486459078,8.16521390632214
6.75589889091372,12.9510387150193
14.4488586316646,2.45397072727498
9.11348965236025,8.51864360269346
5.99371251494128,14.974224339603
9.48297456224001,12.9068467436093
11.1362374453176,9.87792079931429
9.14138796244151,12.3326131292897
12.942237812256,4.61551981047556
12.2054259415381,6.28672039766041
11.6243186012945,9.58582896298665
11.0146622751144,11.2213004309641
9.50250634776849,10.7653273225376
8.96133897752271,12.6642191673536
3.73702957732118,13.287883125135
13.7092601893518,9.26936269162269
9.410529930995,8.19886326496264
11.0189222076593,8.51952789082541
7.96137342240362,9.36307052410887
9.89415054108068,11.5143178239647
9.54171404372446,11.7320744652267
10.9229986966615,11.0207675444829
9.46062865450459,10.1618868712211
7.68169661305492,13.472682959104
-0.454260685207478,13.9766386501445
7.74933005682509,14.169037565125
5.59696187030072,12.8862511941232
10.0153324814645,8.94518563348385
6.11835006078015,14.0388252800437
12.5669191650742,4.16876295666178
9.19234129847134,8.75127575655051
7.67333661399135,14.0013217981589
7.95650421743511,14.0159347243296
9.16096495444491,12.3349750004447
14.8736238890913,2.91872592454334
10.3897529436652,10.3379994104506
13.7154151019305,5.44190212990452
8.59625613114721,13.0583952291323
14.4528813755043,6.18293625206902
7.13936193815519,14.4122741631077
7.58219935892848,9.52048100528828
13.1830482026684,4.53091157238334
11.4708908050195,9.2546537617681
10.0448154002466,8.44107953944233
7.64439014286676,12.4531948984733
6.53802731360649,14.7239964351232
9.76424611346156,7.76886646323175
11.0277191600049,9.47428976151919
8.68328640895309,12.3936356387002
15.6761392448194,4.20312688372589
10.1532887535806,9.07902635551247
12.5983333491355,8.87581713231326
13.038908455779,8.48200677729994
7.41853763083981,12.8244196159435
11.5221045330834,8.59950037503059
11.3487617704446,7.75849143326591
8.76966807036469,12.0252864154794
5.51014081494955,11.8157716311738
15.6124583381822,2.85550055143176
10.926264858668,11.216704925737
10.8735456903594,8.1694658750142
5.35152004660173,10.8989721401765
9.8344688421262,7.9181968235456
7.85008050527009,14.6592941257816
6.38589930431209,11.0330334596311
7.04740195758991,12.9324262872072
10.9145124373751,10.0391338748416
Rho_s: -0.802008214008214
Rho_p: -0.777255638011356
IC Time: 0
