Rho:0
N:2000
13.7641625589488,8.85338854786138
15.1122562738524,4.26287309999821
12.6409690687926,13.2695764316235
8.25536516318997,12.579945057461
9.49243429302322,9.01419672885201
13.1943365958019,9.85484630606291
12.1551264618264,10.2614136388632
10.1147269993165,17.8776357946084
6.85100817431737,8.18263415363255
10.6369405081344,6.33206296054743
14.4273973723852,14.9749904227609
5.09144145140794,12.8894500544401
13.8868582724837,9.58400246077035
9.58657257002638,10.3642337180072
11.4896424839854,10.8837377799421
11.0352836850022,14.3694692308741
11.3140193960227,14.061521048396
10.4169555017481,11.7223982004091
5.89533097041213,4.52083261214564
11.7696945254137,2.82738495007702
5.16912606206284,11.194798361623
6.60203928976078,15.2895566954129
8.88204192746172,8.30717581391673
13.4934606875998,7.93934705541257
11.2285265718765,7.67709332112434
5.35201261602693,8.52132867699753
9.11184557885477,13.1816535351737
14.2921000577354,14.5169479446407
12.8254544291812,9.75177876207083
3.81045520554144,7.54566925477505
9.35698543082157,10.4287393569147
11.0423599915973,11.0012972329059
7.25822524154351,10.956564771339
6.4433376610833,6.20834286563179
7.00203599345071,11.9692641847184
8.27353794951289,8.02870369579056
13.3195500510901,8.24184419178343
11.453633182815,9.44158157258241
7.02302454301164,10.2888186788671
7.01294914347565,9.04372047875124
10.7092315552381,8.79037027791396
18.0340121810386,11.1038263153814
7.72635086323105,8.83737019122042
13.5870750566357,5.50083726103419
6.52484021768715,12.1116894325648
12.2087133280025,9.29142138886683
9.46769718426192,8.9506358833257
13.9162849732384,11.1082670770229
4.69461743618786,6.91435838967792
8.22468081438032,10.5315771255519
10.5181679808525,14.3740315152292
8.09397672825757,6.93884901047381
9.3035204386613,10.2061160808927
4.97273154048271,14.2111224939343
11.7710218994884,4.90292356626769
17.566802366882,9.98282797980647
11.2131320362839,10.6087489573846
9.80917784651996,6.05657461647155
8.38568016428942,8.44854885580818
9.86633968291377,9.09380189285545
12.1453367593307,7.94760008845553
8.9202031144424,8.87113812316903
13.8889835987148,14.2995935851337
10.4118987101451,9.10157722479717
8.42310041260571,6.24523572331326
11.4094828178016,7.12951471359873
10.3670255862366,6.63793198523465
6.28453595346991,8.79306728280971
13.8780572802977,8.11409643892063
9.82489302430122,12.7361708557158
8.0138447651852,9.78225801128819
9.77142098564256,11.2877324415543
6.86243403608175,13.3094594730608
21.0358557453543,14.4360880473589
12.1924202112629,6.59684322872074
5.90923224396291,7.6924366854333
7.63900088783967,6.2516652046889
11.2367464065454,14.0641779454573
12.5909795289394,10.4263057661695
15.351181419441,6.94923193473338
6.97591554209104,8.80270617306886
12.2611180795224,16.3904852570791
11.017409212709,11.6735746108767
11.1845516048815,12.752044111049
12.4684013559071,16.2690895294289
13.3932788201931,13.8252420511774
9.86649646202017,7.4117204719323
9.25625540720587,6.80518806649775
8.94738431181807,4.33260064116476
10.0412628774457,12.8794802151808
10.0081849716048,9.86931473662363
12.3300726068173,10.0547897860782
6.99196680491315,6.62447449881947
6.28917452610291,10.3073136383062
11.7971185271428,12.6321922720158
11.5981526348118,6.21862973827939
10.7864791231295,7.64454407632378
8.88005403927257,6.17600539249443
5.17100562717167,4.88626545955621
3.89611939312917,7.30871945331484
11.6909712285201,7.03274911621802
11.3207790723185,12.6173549698191
15.0704114426082,15.9712481426467
7.18604910794815,8.9532918344656
5.01633164132653,9.96263394572993
10.9774174376293,11.8438677296914
10.335606042369,13.7123796307399
16.5698814556873,12.3309181365074
13.6013253070478,7.03120782677398
9.46536079579929,14.533805332513
8.11485216643702,5.42262378153917
4.66642852843651,8.75886172228008
12.6803744515218,13.8501212314623
13.0291940907242,7.88937049911352
8.02673654845686,8.52720139036928
12.3659463732387,10.9439111774564
5.96863995619934,8.76577863327481
12.979970555638,7.43205215903692
10.0651150724531,15.5351745119421
7.84003362300176,9.60993494038886
11.375329773784,11.3693848598285
8.12531698866671,5.55095409005732
14.3986057931093,9.7404836157946
9.03727749925942,9.65284181186254
6.01619276887842,4.03604818183952
14.1916476154283,10.6573943485953
11.0567379764766,12.4473157650459
9.16517965858062,6.20906079786074
12.5920338917016,6.23710510591463
7.06063896388689,9.54530953476202
9.20234655945088,12.3847224528403
18.8503687181809,7.71383062816502
3.61081913805111,12.7166303610248
11.1577136517364,7.02057756024989
6.61156251806045,10.5873387382027
10.7039648930315,8.55040392926365
7.74022873086811,10.5433976627775
6.4238574776844,11.3480802178722
8.55045086527217,10.4321707374924
8.61143550217053,12.8534389882534
10.1149909300973,12.9981086469459
3.46049700050501,11.2559480570846
12.9987895792063,7.48522257362009
10.3282541308485,15.5831437292466
10.0469671286429,15.3889782258625
11.7307498737328,6.02848896178508
7.15780444162911,11.328860904602
12.0318081389473,6.92261687621061
13.0508468424941,15.5135609758895
5.95949680462341,10.800810316006
9.20001211373177,10.574175226916
12.5843294704949,14.339218210591
14.2552568670883,12.198260822556
16.6901562411932,9.19077237833871
6.12652312397531,9.38484533645638
9.93541616797334,8.91640627201858
5.85533359636608,9.81334100345259
7.72726636682336,12.2364139900839
8.58043537001711,12.780484825356
17.2188362602181,9.0271824729659
8.93012711386938,10.8392035632576
10.1015795017853,8.86010754820478
11.4416226775635,7.34945105987664
10.3283770316944,8.31723156414066
14.7969296805027,9.60752693455773
13.9869177269084,11.2002262663801
5.94465427152551,3.32634275508167
11.8339598703797,5.28305363734315
8.6178051159252,5.78305427896957
9.63618065311747,13.7392504381428
7.33872140996033,7.39596584426453
9.51191608003908,5.26401860020064
11.3165708072209,6.6252753463446
6.35077982235992,10.6372637944358
13.4165520539198,9.9272006285485
6.08928875095276,9.63604118675728
10.6552105102279,3.81399294060241
9.28930072536459,10.3223254342286
9.35546033881371,13.5268503883649
8.86477994664139,10.8491990848547
12.9087940014288,8.54312948401992
8.45127056384474,11.3028328789582
8.76842265159176,11.7826218857593
13.9842230909755,11.3291509435321
11.371153020505,9.89729093677279
8.00618720131962,11.6608338979568
7.53294848082917,13.0160583003869
10.0932750468127,9.88015531744196
14.602150719016,11.9129560227775
11.6970049344727,10.5623733889759
11.0306421685993,13.4291874841257
12.6708592201907,10.3392590558984
6.78593012078532,7.23138252686161
10.731376040422,10.8973377858642
7.35726642694489,4.84134086821831
4.47046091711012,10.3735116133649
9.83174454259902,7.79151629438456
6.3713468359171,13.2969881615824
10.0330272944284,8.79774831440296
8.80943003465471,13.8253393249737
9.53097460515777,7.74386911911142
11.3476218632315,10.5007421893779
7.53412754368624,10.0260118031558
6.81403682545204,8.34223058788964
12.5132131880615,5.74275989628266
10.161612942588,6.50097953335379
6.18433351977231,14.8976315257508
6.90145956942341,9.50177869458705
7.2384705685482,7.77530675492304
8.61441135190282,12.0983862475763
10.5641163188726,4.29720273443229
11.8465652969522,10.7015632937797
10.2632996290401,14.1530861335721
11.9110285431028,7.83079472561737
3.39498723481803,3.83324276861815
8.97368420801064,9.26098281027493
11.5191694331418,1.88583030312811
13.1816927764788,6.14029602385111
15.6583560598653,5.16920928111602
9.90058370729454,11.7769488199375
8.74533654230971,10.3181235849922
7.76891440086273,5.66520949070241
7.45810605539625,8.93421379411784
6.28581767940182,9.71012524628408
7.99597703868091,3.68602034986544
6.71031674260285,7.73864529476966
7.01187855772077,9.23695364487027
13.4956349441957,8.15809193255134
10.4126337345496,7.54359933933691
6.08268950538322,9.43603001089262
14.4314234202285,9.42413559511587
5.43870250845217,9.8377114073272
5.57602337287889,6.3915380643053
10.2226832898072,12.4399454365926
12.8621314793757,8.60905393739123
5.08223960856947,12.5675164778857
9.64779264968716,11.9520530904961
15.5952158361548,2.31301439546464
14.9942855239702,12.337716798541
7.62833587444236,13.1474313583405
9.28115134102411,7.03037743953646
13.1071293702579,9.55485097413435
11.8010843350339,13.075144894105
9.85488189482,7.23915649369421
10.0486274524593,7.69856934312445
12.8788985616835,9.42395809269838
11.8409636722793,9.47011101119779
5.50502546076911,7.2275498267929
9.11517583158378,8.65685688471665
11.7969255750004,12.4293751514786
11.3972612872833,11.1423224098173
11.9877473591005,10.7450624526492
13.1151192447917,10.254419706241
14.4930588219063,10.8356213347617
13.7475405488643,9.60902016917542
5.61456216891388,2.60947090057362
10.7027763135482,15.8023104425282
10.2036789538948,11.9728556540356
2.92780752467254,10.7039775749348
9.38085740233879,7.06717787946702
8.88668631423019,10.3849603702741
9.87949411160349,10.225883219667
11.3681117564122,13.6381640231933
12.3810549561343,10.7791942258792
7.63065154697334,12.532361253552
4.9988291654613,13.9097892664201
15.2332452433101,8.39875587403057
9.04792367120009,6.3244760308268
9.3627717807603,9.24023803526826
6.31655503828105,11.9593960390557
8.36387362026352,7.27897705577966
11.4066773430791,7.94692559962513
4.86493056489847,12.7931227760784
7.78732313141182,8.46013269009354
10.3608256623836,13.4026405577321
7.15991996380379,10.4262677967345
9.97780768837093,13.6676979467173
7.18050076196832,10.5994567510552
12.638872532545,8.94080183778657
9.53108059054061,12.5872749988191
9.80703575173256,5.3717084530204
10.0521404086399,11.2908209177719
12.587434109852,6.0195166709339
10.1534810865496,5.46574808815484
14.738072615292,13.2829746333017
11.9076417531743,8.51966497608459
13.0688123487819,11.201285217714
11.3335786874255,12.1192233096211
9.56899453897169,10.3062868883672
11.077911837877,14.4537056172453
10.4072821976444,9.19822320931601
5.34140618497917,14.6993256609949
8.1756955501156,14.8843071878541
7.59701338786357,12.7945098753844
9.61443920604476,13.3730494347811
15.2223978510571,9.71807284918298
11.2049181978826,11.1587478406903
7.00351229882235,11.167422034769
6.4900467191981,11.4560868009596
9.58774383463686,7.05611431770664
14.5718407051031,15.7021575501208
7.75800071693949,11.2903635603309
8.9531272211872,9.74079610450752
8.9784963057686,6.21354731870852
13.8257318007592,8.83555262669818
11.2494625116903,10.334457264005
11.9267395184563,14.6266523197881
14.0682037513485,12.2957732761347
18.2287132712711,8.91550229671333
9.31909219816551,10.1115028795061
9.8989024314151,3.90174036514961
16.3074151084156,11.7959270721801
14.7560797535465,8.26667512583436
7.43065778226452,15.6572175031905
12.9568664761957,8.37413526573749
9.1869193676947,7.22493104958023
9.517353735941,15.0245481220772
7.67501987954471,3.45362186748254
14.6109240893849,9.84313234877218
12.1364501667986,5.09903591562643
11.0192301836116,8.27569731122792
8.00434001174122,4.23729974783605
8.48595082042552,13.5847628532394
6.26868575677777,13.7709465848256
12.833185130561,10.0171720284667
10.2085884467474,14.077882051654
13.3818791202502,8.10052699641147
10.7251788681477,14.369386722561
7.46342465514709,10.198722386676
13.4928686318376,11.0035168949119
6.79303352433604,10.5352119860605
11.5885033081784,7.57768925097085
10.0698032214291,12.895825662304
8.45269930907602,10.1027173322897
12.2137046136652,17.6299290415741
6.56612360369238,7.44046798754852
7.15702561325502,8.48852656856094
11.5842088637169,11.6743457410008
9.96567851301074,11.8126346428522
12.8118814382263,13.9175692851698
10.3075587020773,9.94035398870587
9.24592318248404,13.3968670951374
9.24842740120627,13.5280309660749
6.55448810977685,2.35575946801857
10.9756721894289,10.8811722363941
10.242365957654,5.41040084241827
13.2264217972589,8.69157723651643
9.93048756271928,11.1782731629521
17.5275971868381,8.37303340522821
14.5002261736341,8.65142747189598
9.24182658629207,11.4056047054955
5.05538792381736,11.9826143780882
8.14783252818512,14.3528810581104
10.0920682374997,10.7736273566679
13.2737650683073,8.66346775267106
8.60300662786629,12.8561696279682
9.92716734310006,4.53740749713437
13.2185466374487,7.64007590313293
11.4725114711785,14.0038785312386
13.1572385663347,9.06030255163154
11.2492021586373,10.2968630824277
7.45743491561864,9.07852969164697
9.18053277726743,13.3425759107674
7.1298057688989,9.05720397925399
14.4173235450695,13.238585858884
8.33565598242165,6.60008433891684
6.44620916526418,14.0070805728987
9.85370803759353,10.1609237383305
12.9616107390542,10.5548575503265
13.5902725355409,6.41704692223906
13.5148138810067,14.2017315211151
13.6337728242488,12.6583946227563
7.75246126139017,10.5825873672816
12.7268655025835,15.0866934690052
6.96444103000571,10.0758311864067
11.8799427517623,8.61594637793392
8.6263266517936,7.29281300529935
11.9706088040955,5.78914417789569
9.34616704296618,16.1905800811384
10.1041672442004,6.59102560441573
15.177940725613,5.93682907489756
12.9483173910973,7.47531472071295
7.36705009245446,4.46834018885521
12.4210691561651,10.5957356741175
9.60621930751206,8.78701491430938
10.7363012203121,11.2542678571418
15.7995398215671,9.50536263193761
10.6249971363489,10.7689080964786
8.15026265164043,7.55290294749169
6.96321108522239,11.0881435161358
8.55115272793865,11.3995785291902
9.61694870597453,6.05743884456582
12.035847458102,9.06791949892692
6.37438772089069,11.0118862970634
17.6676726316546,9.31086217386128
6.83216365161968,11.2539198220272
7.27962188767546,11.3261290104954
12.0870076670153,9.30910567126752
10.5152093122644,7.36158621695825
10.4508605498415,15.7970057503074
12.4166701862169,9.98731937453142
10.5380295353554,12.5521462815578
8.16407215722949,12.7348525489195
14.8072656271139,7.36567563987609
9.39515138909466,11.7509898571955
10.6684512641931,12.7400721342582
9.8503369281277,14.3155565237481
7.97158307357434,11.8477457770915
11.6661578478086,13.4972636183798
15.1053767218576,6.01306859406194
10.9723223555002,12.2447904472913
12.6123126955282,10.7315606314756
8.80257755415211,9.87613487386305
11.7363650067274,2.97551154157316
12.0254788021981,10.6446795213138
9.0547893449391,7.88654401631485
12.0892366549244,12.6904956883242
7.50520478967568,16.625706814298
15.0183560540302,13.8877121470801
9.69336820907173,9.31917302751597
10.2515659919273,11.3873520155501
7.21499359902504,12.0279093326939
7.60052709145974,12.2190140208701
9.43649321612778,15.1146475507532
9.10489713735167,13.0423491539812
11.4465877852286,14.9276244288512
14.9241928666327,6.03687981455264
8.41887794641524,5.02818909463208
13.4887626470821,11.4069736694471
11.3927223249084,13.7510636042202
14.5872142832856,13.7861898867594
12.5706352004977,8.99918912183083
8.56085522157986,11.0259414696214
14.9844525994575,7.42832687485925
7.93335988173033,10.7562564664096
9.30142005708,9.20824633069882
6.66468367692737,9.583787742426
6.13051059993695,10.8069613692498
9.85913408647274,11.7922776288892
14.223683302759,10.4925623586413
9.83405480838089,3.46393221383827
6.16631715933338,5.2487765655918
11.7573986441638,4.16960539309202
10.5901335072881,11.7849261592715
11.2231730242859,10.5423620729288
8.5672580052632,10.2637023277548
12.2399107498888,10.0523560755007
14.7929562827699,9.10298054418937
11.6119305155146,8.48638014509227
8.89462179834938,7.57604967302987
9.59633316691546,13.440137769992
8.21361126427191,12.1907639743762
11.2115852488617,9.39763793457823
9.27126929837455,13.3877546689558
11.8212560739028,12.6960765079963
12.7057151463005,12.7346435709464
16.0739259078389,9.80544549319976
10.0327404663229,8.74121224109695
7.56517871381132,13.1287800075824
6.53260367703381,11.8189096291579
8.18653908883774,5.13725549401573
5.74144547453959,3.99371337920807
7.28335605234907,8.9976640729245
6.79942883783587,10.4788874875005
9.15262303697111,10.267624304826
9.6669441449887,11.8912894524196
9.56580315670319,12.7370175927013
9.49994960609408,8.85040642204928
12.8894358518211,7.95841722996602
11.2911619135295,7.11828252493716
9.05173024940038,11.8498991678147
14.0534827278494,8.83771440845985
10.3338137175091,5.60522893287484
11.3438396306919,10.4333405432103
9.9455889225698,11.1989338420914
9.26074431540876,12.3124503550457
10.7989857644687,14.6513145928335
8.50356951492294,13.5897584153979
7.37806622544118,9.68640629364472
6.66111756663626,0.58877634436092
10.2845872517543,2.4360114354105
2.97313105623234,10.2451716815521
9.70967246964247,8.79691802257877
10.7546338595017,10.5057013046045
9.51992404418584,2.75205371272802
13.2641709526771,10.4675157121013
8.6606335463447,9.27234686679592
10.8570484065443,12.132240425916
7.50349634220076,7.58921668521667
8.73454690287916,8.68831380503939
15.025203676834,15.5831257046847
6.39763310254629,8.0199819209857
13.6399845089874,5.35881172328082
9.5248493493888,8.54563324699363
9.72677172674457,9.55753408059705
5.00469549018097,7.1243140102792
10.4113807705442,9.85253733846186
8.04174377047399,12.1742040105142
9.05727296539402,8.4599247191393
8.45783213475308,6.00873517247469
6.96583738700347,12.3374146211613
9.15551602839248,6.50309520809378
7.92591960512003,5.24997038929223
8.49351108833088,8.72235939452566
14.2397213715612,11.9244127076847
8.1094611852844,13.1892946176494
9.6559756345276,15.2754329517315
19.945360407303,12.9494085164177
3.99905351750655,6.92980077017416
1.72998510244642,4.98456045970423
15.1032504312989,9.1076237387511
12.5412114561898,14.2430523091777
5.09650045380883,9.26100302507535
3.7102500171917,13.2847785499913
11.5957064515415,13.8729718142922
12.6108252007201,7.79627572551799
5.79561934314235,10.8030317622986
16.9893740550437,13.1045956205953
9.73956450347604,14.8858988276272
12.7339914628701,12.4892021458793
8.09834849401467,12.6960958664907
10.590301356629,5.99385875524767
14.937089927665,12.5003370110733
13.417327235885,6.46212473405312
9.45524682565838,8.80633100306469
9.53855298661629,8.69722969053749
11.3097961407861,6.43151050268028
13.8653799206148,5.85104928023186
14.4178877376652,5.36580523834108
11.864689913414,13.5154831897719
8.55523654207466,11.2828826392736
12.4396591675811,7.69629129610078
9.56428276578564,8.08331798352646
5.40172779413251,9.96822396582355
9.72704942433847,9.17407706830457
5.72486697626894,13.2437837164886
6.66072378245096,9.51792834360554
9.96771603593116,1.28281990122612
5.67779210634794,16.3964029677717
8.78581467769394,8.48829589943144
7.54396427987922,9.47002930894633
6.49585245442713,6.32764767064286
10.5350875412774,6.61471944393852
10.9075954538704,12.8889746284148
8.67328453855536,5.50180644526779
13.6352197616549,9.06563381775923
8.64853791925263,10.8860911102344
6.70429424044534,2.46985246209088
14.1265738519019,7.77378895704005
14.2611763515818,7.68002556646553
12.5364900746285,6.66628051682304
7.42440151526525,12.4827459516946
8.72566442552502,9.3144550478797
11.643322955449,7.95373799309194
12.7571865223985,10.1169115695948
14.2995081699734,9.29822775821314
4.04308468867423,10.680278441794
7.08710124330503,7.85056678243745
13.6893923883011,11.4587695745356
15.0316245586402,7.82651646876572
9.20969701722616,15.5761194754141
9.19066621444278,7.73021464916823
11.9945643549284,12.8806305560783
15.6848964844967,8.58234489448204
13.8351572022873,11.0266336022884
10.6587061166759,9.16502552278298
10.3994073599378,10.7857658025412
8.47762484897753,8.39119529020643
12.1901527155705,8.79899965379612
10.0079162752036,9.78237823771432
10.5662853499204,11.4579725533955
13.9821657670468,16.2925310753635
9.6915445070195,9.96750360688025
6.37461918721213,7.66683352394803
9.68929118528241,9.97777523212128
6.8584404738159,14.7598569240041
13.4341681151845,16.3512631003867
9.62401391452151,9.81558499364038
13.1601032148754,7.96996787751915
9.61908309163968,10.8252653704952
9.21693685790888,3.56813398649484
8.87284209835632,14.6609738846949
7.35470407760483,7.87430157720572
10.1241147903579,11.7969043637092
14.2908578623838,10.3899222816275
9.37553809513048,9.21304273842233
9.09936260158888,11.8814830098828
9.30897002177093,9.49167364844496
8.86486552114997,10.0176017169588
8.95696584691055,12.3674657808255
9.41278640894659,6.11951152743696
13.5862472558696,9.63513263480614
14.8459750392385,8.0185728047727
11.9214354144371,6.69334261617516
9.45452042550537,9.40161465076109
11.4890522304679,12.6377848283271
13.556704186013,6.00431000785842
6.70491039420341,10.8130247898393
8.1269551522281,8.78695692308889
8.05088330246836,4.68375957126298
9.40885029825365,11.3460467315631
2.29046905020665,7.95803278685549
9.23552249989878,9.82713146376552
6.00363243859883,8.40959240026229
8.59141852885274,10.2856483038542
11.1704912566448,11.3291910445779
12.2896869092217,10.344014895486
10.8133934577381,11.0014788971083
10.4653057858498,10.4430684170856
7.86485129791552,10.457951627424
14.3415086680885,10.4848283512247
12.3784132620779,10.5601744421472
6.67167053111116,12.5435318555801
10.1846735307561,9.59843115922607
10.0969946334518,2.22523200512476
11.1488835952771,6.29723025654806
10.943599631667,10.0201656098089
8.13911121142535,10.9626172760771
9.78366774145485,10.9427881846988
8.93447216408057,8.64246616022138
9.23746875960712,8.72505611710967
7.96522145575148,7.40253937609885
15.3849064870681,5.10780263949101
7.52570029341067,9.27807426066204
10.760145512131,9.63525524426283
15.970605257949,8.36339098189936
14.9085578077935,8.78893556299464
13.1403099658998,10.901074730086
12.9797928845643,11.5898222556067
12.5193776563561,8.15309771872584
9.02371486835343,11.6175522370163
9.40373853131632,8.22093343498777
12.0917460409643,13.6467284684275
7.82020282924769,10.6373685299085
3.72379560026953,9.77413417428363
10.7023794006998,12.1606293883442
6.36836913315311,7.70341959102419
3.52695672557144,8.7275944465763
12.1539568483682,17.164621874887
14.4380952114329,8.74981573812876
9.24163403278784,8.72086002502833
9.32202239718002,13.2112095490271
8.91421051446587,10.0614080259081
7.29272767953726,11.4748944337201
11.8121502797646,8.79861488574224
8.29981511750193,6.41062212683744
12.2968667405439,8.708503813773
9.67023595488353,9.13830559722096
4.59952885364272,9.06615428663572
8.2885149317839,7.79145569572663
10.7478145294665,11.9444377485048
14.5716258762404,9.19535094018125
6.16642153979035,16.5801969453697
10.2521226171749,7.62634957629705
13.2339149597505,7.94357812258157
6.10895068153457,10.54296717125
8.58269226088103,4.25936302021112
5.01700189883063,13.2028649758458
8.32758778122379,10.5479673188752
10.3911976173731,7.68593358901969
10.1460102319113,8.08523734547433
8.8623523181293,8.8992769497363
17.8152656114269,5.59169975219718
5.00262571109431,10.4872098929724
13.8160566782432,6.1884450701304
10.6046295811154,9.49530382474292
12.557401760074,12.4970410828869
11.0930066065612,7.09816007138551
7.62061870490761,9.54953991130541
8.59830489643928,10.0600083980811
11.8864337040857,12.461236120525
11.0486415371015,10.9474285198989
14.5547103855777,7.51245227678354
16.6220612432448,11.7420856734706
7.31558471723027,11.922097334048
13.1150782803392,12.6274331661261
9.35820991845645,5.62922584793888
7.81908564326571,6.78565112238954
13.1105515603702,8.53800808539368
18.5966871233425,12.1436054935737
14.5035622769062,9.5256283831633
7.93665151239734,4.15453919979394
10.853134407127,11.2978602276093
17.2041634075008,11.2835334641283
14.7097525922692,6.75820712554608
6.65944262286217,7.03095161052776
13.0139768077793,13.5425980631517
7.75507089439911,12.6187438976515
13.1442343579184,11.3863981424971
7.47946653948009,6.93826644480652
9.66475681271938,10.3442877596473
9.66436020360812,7.63010372426763
9.68681048178142,13.8076990445868
5.86739395867467,9.33748925110984
8.05427279333386,8.57430330662944
14.0090917431669,8.61392790838962
11.1330651275078,9.65425523434944
10.6848470466241,6.05014222048975
9.13092912583165,13.5427558901829
16.427234482241,14.3831995191646
17.9757386473467,9.80217542632839
14.2466594091528,11.3798185973068
11.3510432900188,9.80985124729539
7.04143783874067,9.13406677554181
11.8810987027678,12.4499057394228
18.7328201116626,6.91658413894384
10.4682710431581,8.02312995915308
13.9347851696627,13.0077308324543
9.92424119694253,10.2397552966607
12.1426944061441,8.81928416312242
14.229438904051,10.1300007277746
14.484714575714,9.02085683440372
12.9637113684499,14.6730261029057
8.35332110873481,12.1553139747494
9.48819603199823,13.3782117665757
10.6458871422163,12.172125451463
10.0815607615856,14.5618192647866
10.6979278168003,12.0401280797344
11.4193269694599,5.30909769414444
6.3887086733243,8.65455430040694
14.6609550712601,8.27958307561359
7.98468481279211,3.45311256297153
10.8945716051506,8.73542765409099
11.6966286729988,15.2191451147538
11.4736663603025,13.3975958658592
4.13156788945423,9.58876034870661
8.66778204428271,12.7625094154192
9.33967782219766,7.20270537525185
9.28408456345195,10.4941615200866
4.41203130369815,8.93092983152598
16.0713749852766,11.0141830818692
11.5537622791488,11.8899562630236
9.12321892495124,6.35410619765457
9.43296317458067,16.5154810515696
17.0850213887429,10.658251848247
13.3471912287178,7.07146728800625
8.04825463956,9.35160890062095
10.553059945615,11.9151090758249
4.96850800644357,10.5524139669498
12.0897366410387,13.2847021650302
5.71300087924419,11.3676584952743
12.3294611254552,7.78463471956996
9.99269170450795,12.3947296265371
9.09041184928777,11.4293238395244
10.3002420098815,6.93060318379635
12.7656688766597,10.8734284632942
11.2934757632132,10.1522077653347
10.8917711139648,11.5093466860791
9.36321170288556,9.87583586761205
10.6217563534458,5.87128281204659
9.4417909256712,9.17510151920613
11.4293298264044,7.97952264745452
10.6628266520844,12.0174147644859
11.680743550156,13.8257257452339
13.1530943675513,6.77630152866042
9.14861957161393,11.6567249181887
14.2757213652104,10.5928483189335
19.3641432179635,8.91951006910724
13.3366509872825,6.58978937306742
11.420042754851,12.6651846477393
2.27593400004734,7.11197490107079
8.73324855835786,1.36215109448838
9.05512894590303,8.63873999466067
9.63739816706487,12.6422516699745
11.1265946393523,11.5757064113927
12.2180604246196,8.97291876491722
7.97772420707277,11.5062355556653
10.8080873941347,8.6221810569593
10.0688483338203,13.4585126214757
9.24703446141133,13.4752732436535
4.55605560960597,11.778339256435
10.4338885028077,11.2239760626948
12.5780030108558,16.1047262101571
9.32630930232975,10.9872821080574
12.7564171656355,12.2892512769355
8.83411984035417,10.6143302401702
10.2758921407886,6.90938168480093
11.0190456774073,9.7473701782256
8.91935925462505,14.656385715109
10.2460004835162,11.816797503612
10.2957770039925,2.37007914267879
9.25137971839399,8.61817151209887
10.565014684854,12.1406427369415
6.49678445420107,11.1102419155307
16.6132119946742,7.16619248123467
13.7235686290444,14.5314886123177
6.28427003873422,4.60303632363639
13.6424764588538,11.4433105410443
10.2804575963106,8.74750868305034
9.32801186889584,12.7299002906692
5.32667624927056,7.67444586011683
8.36001009034239,11.1191667096805
9.10618762877644,12.1915777516023
11.6528495526244,10.7080921702519
7.30833512366538,9.76797766550147
5.6513342284337,10.3371939918034
11.0276234214743,8.54147644223714
13.9690369920047,9.85868385950905
7.69080175209894,9.09490752672663
8.14127828068285,12.0329510116181
12.48518752058,8.42688564197043
8.57694836312885,8.18698540201043
5.29460001454266,10.1101182190614
9.32981092669912,7.50304390971675
14.0105105223351,6.15586057994731
11.9165204424117,9.6605704278853
14.6663855887847,6.82457993945449
14.016551853914,9.34978748113048
14.1091746905777,10.2179977538294
8.64959552106593,6.5962769678347
11.2153592225449,12.4098964109591
13.2608701696663,14.0018703420097
16.7848287650866,11.8904352425062
9.81999278740775,12.8365658188723
12.7759814818666,10.3835792396596
8.9611355924069,9.45452008181548
7.43651170407128,9.64361431200896
15.6064188317459,14.8604589811387
7.1141606334217,12.1300733188263
8.04823709387217,8.02310418369192
7.41068230398198,10.5902711893677
10.0620479885072,10.4368315444679
10.0638511139613,8.8408624040142
12.3007957750611,7.02994535838029
5.77044042709141,10.1390790853582
10.2005107607157,5.97450412947179
11.3158795124427,7.32135852261706
12.0189880454783,13.188464260402
8.74191043211349,7.64396166530908
6.82674405843761,5.54965499963177
15.0363920104264,6.11397904077286
5.0794142977532,12.165227544995
10.8871787955569,9.36934901264598
4.5395721447413,11.1832202230826
11.6726144235395,12.2239569647842
10.4363678463085,9.21823859706836
7.07756269681251,10.4977605004388
9.66914822636044,16.2762183758168
8.92972874517951,12.0977767943066
7.86293385440243,12.6375226094523
10.2715435978263,10.853046715152
10.9698184957111,8.31664819008888
10.4583997442013,10.4410197857582
8.7747328673518,13.6747888785035
12.6119179861427,3.77219120411999
7.56102493437201,11.1579557145063
7.42103168272487,12.6308943345327
10.2085218620192,8.61261781025125
9.85100594589323,8.83294112300541
4.39398480895295,16.3453020343888
10.2917847318236,13.6554916746001
10.1220727781735,10.8945291375151
11.0366137327091,10.192313301273
13.5192462038489,6.74020822629337
13.1924347304552,9.61090279243151
11.4087211976724,11.2666252808131
13.0383907508225,7.07829117531243
7.70337973949792,10.3852865416168
8.39470274378533,9.90226143899282
4.14952010937206,12.0097424069326
7.90279859853247,6.1586052340303
8.86995841252888,7.6811937621763
14.4200693197036,16.3241830905544
8.08244808655291,14.7618813320805
11.7308951654793,11.4445012172223
16.1456905750617,8.91341468588997
12.0583223577335,15.1714148021448
12.3297772150209,9.07283652265552
5.79912485775786,7.07175634508657
8.98206549208791,11.9185193746739
9.40855555265334,11.0441786672279
4.6790600584952,16.1295350092601
13.1894360417538,11.1126742316289
14.3808799372689,14.2577440066893
8.7329766442084,17.3241747923742
10.4669801918596,10.4478070448538
13.6500572757803,8.97756849579394
11.7815223114153,1.54509511614209
7.1025778568242,16.8619647451614
8.67524026298828,11.4367148607604
8.21221126960054,13.4677692311082
13.1509883789123,7.6850248102355
6.32417952038616,9.69438410038898
11.9928303920713,9.75248822457363
12.1944255465865,13.1824513351264
13.9483915066367,12.4691588884843
10.1936884837681,9.33114339191123
12.23661120099,9.68240329701645
4.43469711693149,11.7190522239239
11.0875091578246,6.69839417950748
12.6424738626391,12.822175502476
8.49952662336181,11.4900023437551
7.30067842171137,9.3117905835649
14.6764468475304,9.36792000226846
10.6058965982113,10.2781739875807
9.96132110234316,6.52234354838495
6.45441931241714,8.18977410393301
11.1710904588329,8.7522628476283
13.3189599477513,13.9823526212577
7.99947897028318,10.962018466545
7.59197525744864,6.85920714867316
13.8971319729677,9.75857886067739
8.10622046535719,11.1317770772776
3.18845663074447,12.5597381510292
13.7043593037276,12.5832053059451
4.92279158110134,13.0387495165611
8.26692911535625,12.0878508499832
7.54194789833536,11.3845454767228
10.0453711368422,10.4803137683486
11.6965309222848,13.9498858007097
3.65073378358267,15.9597585427541
14.163559391352,11.5155359084556
10.5696052756399,8.43130084248279
5.24363418967159,8.98695939751227
11.532586834239,9.56613654527138
11.1222473261614,10.6427645385531
12.400035362584,6.15533869505111
6.77650716748523,5.40755623690236
6.12267510344204,9.72619072873962
8.82899293076238,12.1000681607593
11.1896379194842,8.31320731300808
6.21978191571315,8.10602969666103
-1.30868101736031,9.8462788465247
9.28956077704539,9.5882068491246
4.46323089313674,8.83589666659437
12.1533203371528,10.6527753732905
13.0818914702666,9.67092552056337
13.6173469988975,7.33441413154836
10.005503815432,9.2414141988421
13.5138969677591,7.2961475052435
9.41802012222035,8.85891950840791
7.10857564740654,11.5328241743217
4.37629952183905,6.8251086280298
3.58525731396949,7.65820989053488
6.95295094171412,9.44779599808967
10.6109200395004,12.4142710899081
14.067555299387,13.2872615156792
10.3008897186323,6.68032387345582
7.40718592329056,10.3986918317855
6.9493669021365,8.66870637828631
11.6745879585054,7.90534509391073
13.5104607481079,7.72848520977715
8.97845506181168,13.0016138857579
6.01767439884113,9.75789710603824
13.0521194848647,12.4663100990589
9.44492795574754,12.1361346163853
8.3705286113475,14.4018682467517
9.3000626722165,12.4712571513258
10.2005587149923,8.18993855699044
10.3833769252201,12.1361662667416
8.90915792702672,12.5503589919629
8.6703630048225,5.88618577342734
8.37290568016796,11.6884191146864
12.0330207250453,8.32591405313883
9.48834306538516,11.597840958674
7.69260425940522,10.3327546107045
6.58318382737978,7.91815563883614
8.08797884985931,9.94342707330457
11.4365426211266,12.4572108774678
9.75044918462322,12.6082947994687
7.08747347457763,9.30542125781763
10.0894223435119,8.59301597039925
8.26866105234976,5.99482884222039
7.45469537943246,7.66993097518435
11.4884766193527,13.2396258488775
8.52144856569972,8.82820811080995
12.2491487477769,9.53733211741087
6.08505474144184,8.56800577217103
9.27245735996794,9.57989508943201
11.3046979661677,8.3351463975056
9.8278176194501,8.44209309287183
9.6193126779689,11.239125004326
10.1624060493266,9.97679332445349
9.19721700723647,11.2620559883191
8.6240334169084,8.91668215980156
13.4151236688371,9.18714463016786
4.24716386759293,5.15600393607206
5.53871368561751,13.8911905535656
10.4790644913866,11.8070993058587
11.0915961125763,9.77010767174702
13.8405121626054,11.706023536023
6.25038955837255,11.2495107939837
7.91106158248105,16.0193722301413
18.0847945702415,6.43001269146733
9.06412791968089,12.9346979262053
9.898671881866,11.9080888472639
10.0902045837691,9.04705284167419
13.6973028800352,15.5547108194599
6.48709502378188,9.53678780792444
9.66029763902667,5.50560065992342
9.99268316264491,9.58115642857075
6.16635530102436,7.35757482752838
11.5560963983569,17.9543432544117
13.9921463648968,14.3307334673597
13.9857873710182,9.55191001851652
13.9398404992697,4.65505099111518
11.4844137851242,7.17751702115509
7.34124524800913,6.98118646040829
4.36085001259045,6.82970232047986
5.37565773614078,5.54400135188551
10.0367623759444,4.01482305376018
7.9546246071542,9.31240795413306
11.1142981826813,11.9588149190619
11.8770377603363,9.97114797089647
3.00857808247208,10.1208901012072
10.3430662032985,8.8439546979882
12.5576889475174,9.99637916360951
11.0973107818,11.0556831219449
7.99572068913158,15.1278757772525
7.51382110699911,7.71675630577898
11.6566247024148,10.960160331013
9.4257366361907,8.06150801493045
10.6585615103638,10.1057559716686
5.59173006134604,11.5647273564652
11.5768649838612,9.49914654218368
11.3841505900423,14.3135937476297
11.2570407399751,10.185152765728
6.44566926751846,14.35425500608
8.16883313579436,13.3245679221105
9.54150802680127,7.0803472776458
12.9404176106031,9.59663043524935
14.3273958048165,6.96544296453359
10.9461931759698,10.4504978319305
7.60282949138728,8.4092197252049
10.7493516203941,8.67538939380339
10.8498845997327,12.3356348367535
13.3334543004347,9.37392833950547
6.08089753611698,9.4688420738722
10.8978218718502,10.9293787897587
9.67955984981703,11.8997120089939
12.430815047264,7.20801922280176
7.26631810774483,14.9034417900484
12.5829916551601,4.51880598570915
11.2725586331889,8.65040631024052
9.3351043201413,10.9368540650728
8.01292802204974,5.80417898270269
10.1528128044248,8.48761896239027
9.31935968463523,15.3521610368797
9.55785908929466,17.1306314269263
11.4331831319015,10.3510760902972
13.6537632798751,10.0800315158166
11.789218855047,10.7289187977776
5.94618309861395,12.3295241913743
9.55038158953564,4.4847121920595
5.55303573516165,10.9408698444289
6.63552536720742,11.1453140632333
11.0808605781485,12.6093176937286
9.29400019948409,10.7867438397285
8.11333658849281,11.0979228666925
9.04210980240722,9.50011764694441
14.5777542224779,7.06918838395988
6.79923795248502,10.3838091407051
12.4071264774145,9.87572084799389
11.3211853083805,8.13885338853383
8.2568877300626,8.66329683267638
14.5089919938921,8.11214858230763
9.8472907583977,13.9957276620454
11.1474992144672,7.19539850211834
12.9950814657465,10.097539074432
9.6108417528004,10.6893409854481
15.6341501520584,7.4155691930428
13.1912969831364,9.46823854356353
7.79686826671742,11.1405259811054
12.5237321446256,9.93502128043966
12.8812954441606,9.66734532741084
11.5483498139232,7.13620728621415
9.84026742636419,10.6479479195064
12.7760395474657,8.17032739115145
5.55342719912084,10.5175151278116
11.2513257475911,8.00239097748675
12.8453094665553,9.91547264010701
12.6128885344612,14.3720897280747
13.1611709778639,13.025638602122
9.38753115566923,2.31602632772176
13.2884545340951,9.83027667515188
11.8025387028058,11.5723282267098
11.0404269764643,11.0471009246372
4.37362432746914,11.3822934438467
14.0300889449258,13.4651017557778
11.9309429363997,12.9140520561072
7.83000914029573,1.65878100502679
9.53433997304065,9.45721764137745
9.06671601294814,10.5499047477512
10.9928646970065,9.96940669842347
14.7517667039999,7.80327692917201
7.81288385649668,12.5293130631766
7.23008846673707,7.12628401968181
11.2784599540498,9.32724470259825
9.92246746994228,16.280221801044
13.228309957598,14.6874284180549
12.8159355533303,9.41219543095614
2.60008948272788,9.13223924546492
9.7693029545272,5.93501134064956
4.07291531717641,4.91195824410372
8.62991556855368,10.3963164218182
12.7003922709948,9.47380771098372
11.4160389002923,11.8980932002594
11.3151011174606,14.7886519846091
6.97254199457655,11.2475208849258
9.94593743734196,14.0699106755863
6.5749625124109,11.3533221749926
4.11840125788211,12.4378884200774
17.3405714594546,5.71700265911823
11.8795699330571,15.4411260029884
7.03121398645329,6.11105167100311
15.2065930631706,4.83301040203344
7.19085405983275,7.2884165941296
10.0217084219311,14.7037669567182
8.98690299532992,5.8374281755887
3.35163261017958,7.50589073114506
11.6589715786696,7.52218599669183
4.00563644786471,12.3023622637946
10.9768686176471,5.03865885979862
7.598075605881,9.45294031978317
15.7145637701449,10.431074535765
6.86572331959162,17.3024945670521
16.4562464188307,6.01704476200658
10.4978258066638,9.83947670685477
15.6701496761975,11.968786020788
11.2871957565324,6.8009390804115
12.4390343958589,10.0912956871093
11.5839768247517,11.0075653908336
11.9099632887265,7.41633250671849
7.51268720963947,9.64331307550083
7.80256019707365,8.29444518063544
10.9526982174354,6.75969185054288
9.51455579787354,9.10848565746539
5.94519254682998,8.16360438361833
10.2564521870456,14.0329189837
9.95447645697232,6.05413519617679
11.2822089205847,6.68170492472235
11.0870196360166,12.9394483872178
12.1788613320672,9.70545903371561
11.2999163048117,7.02837154155186
8.59546783543941,7.40679824555228
13.5242320129694,9.36805259982964
3.37433667630471,7.04421889845652
11.5144249796795,6.21919631435933
11.6612576463708,11.888276722168
7.45770458286538,4.7686467889053
8.47187256198374,12.9199112239898
10.0302785805658,10.1728527300928
11.3368498767733,9.31535143555543
6.8818125737741,8.23811769562257
13.4891375573825,9.12679534304008
9.32631379535167,14.2356924893628
12.3779315299159,16.0450170210371
10.0899550495506,9.69654004366443
13.0882832653764,8.37774431169771
11.7870827153698,9.44246904002384
7.91911517238045,8.23728234256901
7.39655507212609,8.41264026120031
15.1697441906461,12.625838597452
9.86480368791018,7.88486621158427
16.6775238853596,10.4956740976921
7.58974141515889,10.4506094413699
10.3579449212175,7.11094091436015
5.71639725020448,8.97374860951674
6.37499265520059,10.7360962815923
11.1936887485264,11.3271467727607
7.57944580654823,15.5119944959271
11.0815931018937,7.43231709614108
10.2596264568663,9.45360734742858
4.97379561151166,5.37371208142134
8.9775744843702,8.01406386664065
10.2872558598875,4.63940993346297
14.6490566741023,13.6462024700779
11.5093115040347,9.77857915465037
15.1817317543733,4.0128058496472
11.9917274856668,9.52979145004181
11.0546088074533,7.62674077818382
9.00150132067175,9.22888219151633
10.6540462129489,8.39929583577247
6.56716410448848,5.44221671927612
13.1347357796223,13.9235706963274
11.1228311280901,8.63367800745256
3.25747157725303,10.4522888397728
13.1240801503249,5.91483827208271
11.8049324465334,8.72941282258568
14.2809646836296,11.2083739020809
13.1316711948708,15.500556514786
9.38451122894094,9.01837382637934
10.6226044996687,11.2253882152478
13.3651443752461,11.8034180882115
8.69635611305665,10.3151459121287
11.3721940383299,5.82328183282206
14.4319170810288,8.89309592121427
14.3585623137507,7.33159208525871
7.91446770140671,10.5364786184622
7.38154382457783,11.7190327846586
15.0056486623689,13.8796961891524
7.63223483771464,6.78934609741305
8.56564549851692,13.1476507042934
10.2543761275154,7.71455250564235
12.2351486534059,7.6554071641989
10.2743082815847,10.1346372310703
13.2277162074567,6.39846019217676
10.8775863157354,10.5355793508407
9.93245367658196,7.71087094069987
9.00427562080292,9.31490296180101
16.7809193647823,10.7485894206833
8.24321771928577,9.17205695531872
16.1413549112484,13.9127984220985
12.5567680353725,11.4756156734013
5.56105507562641,7.65025404847484
11.7122033305096,6.3675189742411
13.7820036092608,6.00102984209407
11.337644845649,7.1676406486651
9.23170765790215,6.45637520614285
10.4427102064745,14.2463782283718
10.9137304987818,6.47793109545172
7.22704997500681,8.95272107782462
5.9711623538666,15.0254075093917
5.47996177177571,15.4596212849649
11.6189511488183,4.90175511777571
12.6640163740111,12.818082165447
13.4215361387217,10.7033830560514
8.15065009474613,14.3315416065677
11.8158335190012,7.62848074267772
6.93553739749755,14.0013431141236
10.0455260969489,12.3482079756323
12.0425116503287,12.3149205599591
9.64770439914154,7.2951506739193
12.3599396400664,8.05082542360466
8.62978202296214,12.7036262379442
11.4661280158548,8.8424740443791
8.81085989082899,14.8448655604282
8.11882977820876,11.3591607329643
10.1927105147297,4.99354688305843
17.9806339361448,11.5410858200191
11.6091706126948,8.21146559185792
7.48369548946608,10.8100714313203
11.8679002028404,5.99693555039012
7.24119548036668,14.4185738379751
12.2609957480169,7.77795642349149
12.9192954144083,8.81144620357363
11.2969033531546,12.3536795225903
14.0955465627615,14.6893440956816
9.49643478120584,11.6425218285883
9.54496504497964,11.3436692389479
10.305030613092,13.8896629211766
7.39170650088862,8.57543551497325
9.39531797847861,10.9538298143347
8.46460517384674,9.20766944899965
10.11967955315,12.5277161134791
6.21114687279793,10.8547873880739
15.5343979123844,11.4036085618628
12.8875887368482,5.53328281345878
10.4152194524237,13.5479745519995
5.53668599838366,3.6892901388056
9.52901780978904,8.05853457969893
7.13614856340855,11.982702135558
9.89106416038635,8.15361039365125
11.791158520984,11.8574700284826
14.7150638387982,10.2628369948814
7.35691586526536,7.07012422283285
13.0138791015112,11.8625463564291
9.68724544631461,14.3658603577444
12.7069169818684,7.16093934672206
11.5789716295217,8.11840194864649
11.1036071755389,6.41933960709042
8.0127303643942,7.4214568294855
12.1217993379046,4.43281384915994
2.63204080404423,11.8119786725859
8.30808822323741,11.3669891090883
4.65379361994641,9.59019713593304
5.8536825814065,9.87475382623289
9.05164055659578,8.95479045766823
10.7005716832179,7.32720541334858
6.72771010654297,13.4137061337849
5.09043379967221,3.29456401350206
14.2989676477848,10.5464999081618
7.80083452551251,7.82137078128825
4.74649601523407,10.4423772094909
4.76355877184702,13.2110282956937
11.0423235265372,12.0300272003728
9.1543245330194,11.7204086360381
8.90634527073995,11.3003122111475
14.6698084178029,14.0625336172402
12.4032753505463,14.0808631775821
14.6795727250061,10.6461403833988
6.65978073306857,16.5059226666021
11.4644085539404,15.1052080405012
8.7203944378503,9.23649273077603
10.2063987268755,14.8150150442617
10.3460440779112,10.7794780371491
11.601870683319,7.7736057865502
11.1527272831567,16.2028474406683
9.61111818701113,5.67013406966165
13.3045803731594,13.5611071507081
13.1137077300522,10.64216053098
9.45075041283907,7.51489307830481
8.1597255322687,13.9930363939052
12.2388354427607,8.77075117138286
15.4162913648949,5.56521602291491
15.3436932798621,12.3782253025808
10.1108683526429,11.6032485258426
8.69324065780851,6.38019136548449
11.645442832478,14.7351856291798
12.7697690454948,5.5529663769013
8.85949199446471,7.75625348238981
8.18247780651484,8.99764487618245
9.34158217429073,5.97657652140096
9.89545783541143,13.6868972874713
11.5909473312521,9.10716385780739
7.2980154296124,14.1979979133516
11.3885546607824,15.2484798765697
4.9898374036254,5.43370750528566
9.10969667201929,17.63613350744
13.5645917399667,9.27769894029222
3.01372394953195,4.31238466139773
9.92999231095462,5.73969590963301
9.63242381205784,9.92065121498472
8.46097444189931,13.4288993331995
9.66388438546325,15.0322217814668
9.72715055027773,13.1208681568775
10.496582955079,14.7454366696679
16.4777691244515,11.545621305485
15.2234107204196,7.95653280552122
5.5155115282562,11.8965889468066
11.019332100923,7.24933026565435
14.6700914166601,11.8261973175732
12.9196839618214,12.8321183801667
9.07336836448494,8.83612412531044
6.42938278854663,5.81924696516745
12.4070641538143,9.74369364149552
16.2708368213232,4.68120673259059
8.3866327994106,8.01978995405989
9.05802196621977,9.32246473660891
7.95819561520098,11.4964762025888
10.9441912044537,13.4949253329625
11.7259367661403,10.0198508215713
10.6188798778784,15.8547305667483
6.7488375915315,10.2047839720243
13.1906158524209,14.09533898179
9.98187598744321,8.9860329261192
15.4885454194431,16.2063321865659
6.93608208959609,9.79984935665101
9.55232744481844,8.11790667220724
14.4302397518786,9.22429842028856
9.38820351922265,4.5983160141308
8.43497684943789,10.3734758291894
13.3854475534735,6.3078044280388
12.1151662413839,7.49247388152014
10.6645782499395,7.06195268233803
9.90705915546186,9.13806056165935
4.55129938331537,4.24702366944613
14.3462900291897,13.9333684877141
7.79095204131378,8.81614106506087
9.22648088781154,10.2094600298324
11.9713924331465,8.15042649101762
13.4535314540248,12.8626322466468
11.5396027789924,8.26115237518423
5.6784229628176,11.8393833363925
11.7213105978837,4.0413619220495
6.11045478890375,13.0897773037813
7.39781317419348,10.0410060984356
11.523264648093,13.4313440038586
13.1448394227409,9.26403223240562
10.0185712399441,12.8197899890365
7.48226605189629,8.87231947170806
10.0301150984544,10.9353385652651
9.17079503700588,5.54300521564689
11.7911746527666,12.5673683171658
10.3950530134696,17.2969357820984
4.29597621867408,10.9933331850976
11.5286973104254,14.3398883833038
10.5425651654369,10.3145803682105
12.2088340403218,15.2319669111297
15.7839377174598,11.1364664879247
11.3973046716369,14.4474629934299
8.29767604100428,9.85051421666343
9.35362675339593,5.29079936098593
10.1759860032497,11.0461725973813
7.64404224937936,8.8698167300935
3.99806785029124,11.1928815861063
8.71407507194944,10.6561168280413
8.20216030094259,3.15580372634471
15.7614277765465,9.11178935223245
12.4307477331801,10.8816504387631
6.23700794797587,14.3780008338399
8.96829855695087,9.16296700988652
7.07785247195802,12.1514964941652
13.7606936358739,14.4686121156222
3.21570166066443,5.44801593263519
8.86316983403152,16.0917238384278
14.1830944389289,7.97405448329112
6.21226406719176,10.223248913275
6.68337051663003,8.35207534157028
5.74039135376123,13.2676102835734
11.9461404128264,14.6508183577922
12.8985115380095,15.2984425138217
10.4913498424193,12.395186512195
10.5457163775113,9.08782846137612
10.5849792732165,14.7727684945895
13.9167757001185,12.9748185089101
13.6700829656577,11.9704883832929
10.4771219553366,9.78616096080372
12.9566663027078,2.78106291201908
6.30322326828386,10.3921246180738
13.3385779107921,8.18314311187403
9.00477128835446,13.9409188644266
3.32455854252819,6.41272013261121
8.58879217030505,9.82880284095049
10.3422025409374,13.7660040817973
9.92291625846349,6.50614954588126
4.29038507926036,8.47758343872307
12.7290584595257,12.4135879617269
8.39765245027523,4.9994878937041
9.92165621056997,12.822375303761
6.0436413798182,2.27089791376045
8.35819603095275,6.07184159278062
8.06920915478385,11.4777485924825
12.3285526620417,6.82499875853206
14.5826868693353,10.6982269363543
10.51654002978,10.5876874885201
12.065771034782,8.02545802840462
16.9961166681699,11.0585603294772
13.6079848297167,9.10646542877626
8.92304870714474,11.9256578577301
0.308319221746457,9.81510720871213
11.5881945103636,7.79715675597423
11.1950019254021,15.3119147376244
7.54784196286352,9.21970706567235
4.19414515086121,3.88761397699088
4.77848152005265,8.35817444302742
4.53592143754359,7.98710002594027
12.8288123644309,7.88080229589177
9.12154956267747,10.3924701089319
9.35581425809425,12.3092800968186
9.0871277728259,8.64175880564252
3.64447354297051,7.2112469223967
13.3232393821262,11.765930472114
11.8819255052622,11.6768716574801
11.0923758000325,13.2235560054762
11.709589730263,11.9231294831892
7.24982993225159,6.99356787949143
11.0020577245297,9.50120535840006
8.23357076693704,9.04212511237963
7.99650910908805,9.69062403398383
11.1456133895136,10.5763527517877
7.83638260815327,7.07673961812514
12.9106930653294,7.94697398604003
13.3906418572773,10.7352492033695
9.00920280399401,8.98649356333103
10.7093963854956,11.4794108498259
11.950280480358,9.46517644488059
10.2965718004503,9.22082180043071
16.9352284909036,5.22863034359446
6.1174907905693,9.98774824854015
8.32636340929229,10.3355351161141
7.4576389581484,10.3681876350157
10.5333973538897,5.9062261859701
20.7592556840243,7.74862982571785
12.7552686244145,13.2658147774123
18.8197425076711,10.9284076329037
17.494897264889,11.1966237617854
12.0270184618542,8.9173303087946
9.3622058958345,8.98546480062299
9.60843072901694,6.96109433662023
13.7955560049422,14.116101935148
8.89600191269004,10.3241124914619
11.9542304217338,9.76476408826412
9.66944626018648,9.88764116206166
11.2687131066539,9.31261913468784
6.94368497170869,13.5625677780643
9.60940238236035,11.2977896505721
13.8436782663557,10.3812301213669
12.9123383110242,11.1288109882164
8.64950402314668,8.48676963930363
13.7758257140064,10.2924631921511
12.3878197543577,12.2669774916997
9.88946614726627,10.3452009263446
9.47911193734868,9.30823116807653
13.9043857628315,4.58808701377205
6.84390576703526,6.04837810334617
8.8419791120057,11.6908311888966
12.7295980155044,7.30240402278526
6.5017520759097,12.4834192223109
10.6131835863461,9.39013886425982
10.828321099308,7.45734545850416
8.74281344831848,11.3376437671076
4.17156823190328,10.1387692173303
11.5016720725529,8.29279562992803
12.3025243512067,9.72959546577775
9.32389504220772,8.11840222135586
10.4741570353462,5.31213761718138
7.87742438208956,9.19878810507344
4.89430254940858,12.553848380363
8.65323322718534,11.1745332805832
7.99191445148894,11.252403601372
14.075461113583,2.50175562427512
14.5508372035261,10.6811880422453
11.6100936505062,5.36430191171859
8.4845860627592,12.75987696529
8.9842538423381,12.4584648615553
11.0510365371298,12.2702965426286
8.00791585536287,6.71673549527373
9.03402117985651,11.9138466784947
10.2738428528392,13.4286255589243
10.2916379861842,11.6503957911803
8.70773330243051,11.5162948057102
10.434264040003,11.5688702323057
9.91321892409105,4.36623998500001
5.70998321646455,8.1270718979565
12.8216956373784,6.46769171017806
10.3977443122561,13.1546450222689
8.68163882345646,4.18515932005471
12.510679308867,1.82891534237558
5.87665435273509,12.3842774759846
11.4424329176593,8.20690835645686
7.48879659456818,10.3265159607312
9.52768618865875,13.784199004512
7.29294848774671,3.82158948895559
8.68921124091232,7.92598736479115
15.1991957381709,10.4549898281031
11.1033488839767,11.2505945424797
10.314542562266,7.58489463099126
12.3332425580667,9.4938397015007
5.61105130642213,7.18047727328764
8.08335473482956,11.6313190243496
9.32457364961938,12.2527875098418
10.4380552012955,9.7217329372918
9.28452610866512,11.9607393707293
10.9979389297187,5.58981774312605
10.1171542341769,12.329094384465
12.1589059460499,14.5406141149902
17.6715515241653,8.17503940368856
8.07037567066642,9.87189907950627
7.6405086544882,10.7978541676079
9.12703930118791,6.96608807749545
7.59336498472415,4.21401084920099
2.87050887243191,12.2899326375163
10.3131550660001,12.4700456324075
7.49486739364875,13.1564679474689
10.1630286906961,10.1956302129628
10.8408010930289,6.32492541936536
8.97602098337083,17.7811704696944
11.5187295147427,7.73504352432882
9.0610889181323,7.11604450061923
11.29137709135,7.38298878997379
10.1945861104557,9.82583599350756
12.931084548124,3.87551263978391
11.9219853161705,10.4565717805189
9.46515553751846,11.5636999360234
12.4074080530457,13.3764700178485
6.32893003383965,5.14373649275035
6.54640007097792,8.96509908737209
8.67978781590475,13.3627522164757
10.1207896051272,5.51065519859186
10.4886500739039,6.95212301714523
4.11680930930149,8.81917940183339
9.99416817369801,6.66875867662105
14.710702583928,10.8669209205177
8.99920220895291,10.5017687332483
9.19685630765685,7.429985345081
16.9092951627148,17.8818419903054
9.3354880981827,15.2442453445654
11.5768306721518,13.507690243116
10.5377151116897,8.04250506731594
7.3997309699186,9.0097849780179
7.72199946898869,7.45036777885394
8.46259810182532,8.75104601357622
15.4836678639434,4.73979254480598
9.36782074755508,8.34312954175696
9.62686569508163,15.8940087568354
11.6017472477138,15.2579421543153
12.5910170683515,7.11800489309055
12.4956599430209,9.61287893075749
10.6490535797798,12.6963924067178
7.87291486756615,7.1180851454803
11.3407605960696,16.5313532624129
8.60441308830472,13.8289965797005
8.44015470564947,14.5953945494492
8.47182837459445,12.9189153232619
12.7670461186266,12.5371633861463
6.41034120651127,10.159926832839
2.78225793490062,8.02576110946687
12.3298745886174,13.3873022935931
10.5844224855372,13.9894783259529
10.5097680511689,8.6331217061092
12.6696336273172,12.3669105441204
12.0040938272426,15.7077559389186
14.1703866038751,9.35313133726544
8.85772571037167,9.97646602277283
8.33210823216102,13.0120430618034
12.350948238642,9.34712600494988
11.6441022008486,11.2928923287762
8.67479602063553,11.9766857453136
9.04388920509232,14.0210004521615
12.4920900701265,16.2431374885298
10.1516636764889,12.7359683744175
10.568872845345,6.13197708093741
7.90572778036119,11.282531468232
8.45750581189159,13.1159887905575
9.90082642411175,10.2417670249778
4.06180080916064,11.7811256134963
14.8394538678509,9.10256773998698
7.41134672497389,11.0547761455623
11.1939405054954,9.3834750445652
1.24516440484605,14.9653222625354
11.4823449438862,11.2563353976231
10.6630466686044,7.3538584856013
10.9269082231917,10.1303617101659
11.9300611178795,7.69578998697108
6.4854641846577,7.59414262985673
7.02377177384848,10.4098996608754
13.1959375164229,9.35728322718217
14.8604187917163,11.2021473143006
9.95782272853949,10.7221321110146
9.54712912036553,12.4269110272024
8.98464394137251,16.5821201644516
18.1372300332417,8.17814746705131
15.0066869542444,11.3717209389902
13.9297968384575,9.59966306144094
7.63368030283753,8.7233810547176
8.13348365951187,7.28248776515596
7.43632883619033,16.4853147765219
11.76075279599,9.88405529257775
2.74480717818681,12.2696978447636
9.09934339383797,6.83304774788793
4.17382962074863,14.4318873737308
15.0527565545482,13.8921901509119
11.7971767578251,10.0847232318968
10.6654224714363,5.31855191460968
8.7150181390703,9.67284133289369
12.3579660259047,7.3870146796341
6.45328059348238,8.02996210865902
7.85900494719367,11.8281856134254
10.4058553075996,11.878218833362
8.29397350756041,13.7879596024872
11.5389031016663,12.1683018802862
14.9428730250797,10.0827973359368
12.2748996605072,6.34987082970439
11.7136664996138,9.92144071178395
3.28791329235498,13.3852975338131
7.02361860184701,6.42019144194206
6.27042678325164,10.1858375257416
10.3002548883744,11.3353998523167
11.5441856654276,8.90200650373365
11.2675636552799,9.48408575271865
9.37234854315962,12.1590451185993
10.0959069686293,9.55683465429777
6.14759088697803,8.12040381359545
17.2131241004264,12.8120096150132
10.0086732059934,6.09359835754399
11.3312526517055,11.73846635426
5.83792879405095,6.91096362998576
11.9904692812411,15.9515010263842
9.71425875192025,13.5609930218025
3.29029857965041,15.6394924234353
12.7008743873866,8.8530337334848
11.4897987142393,8.12327939069447
4.43381789324669,10.3689885019532
7.1062375000182,8.90233399678438
10.4959923567285,9.88687687267457
4.74044791701426,8.44341960636779
13.8502672391141,12.5351644464556
8.41349174665627,9.45883927776191
16.2381841353544,11.9636246666421
9.78325582896413,6.89775881439856
7.63994487313952,6.62991522224756
12.756259257022,7.00344777918363
11.4061723436048,8.05495117838922
4.69361316497692,11.9785195809119
8.79660686732948,7.61112370538268
14.8782228731093,7.30896689331561
8.01699845875481,8.13692593575438
7.78140088085571,9.73665474074316
5.5324439989457,9.08479252883724
10.3486381497342,13.412024706608
13.1034825940279,12.0186841043932
9.65449663340737,9.53920106104311
9.03779938284775,9.58142808655545
9.65635931921471,12.5091275601555
11.6944021948462,8.71475937799884
5.5042474798317,5.3520655995147
3.25349619812982,4.19181473576355
12.5188584163841,10.0691765233167
7.58778014339141,11.8936342299168
13.7104389456513,14.356298400603
8.92235775481811,12.7541469354383
8.35871007090575,14.9725428615217
9.99085125328928,4.71520401444866
9.07370721964893,12.7773690133332
8.01227529403531,3.70087597730326
11.5270030181554,8.68371344099314
9.52879406721734,11.383917005127
14.4986845064458,13.3252967256961
17.5804225153425,11.0587615378517
7.84324448423026,9.59273981889425
17.2864634676107,7.65898558032843
9.98057695652639,8.02238609768551
14.1363871055465,12.1340405913774
10.7516729359608,10.0076377888579
14.8729162090614,12.9303124656592
10.2426604175291,8.46023338897372
12.1023616266403,5.2575264028682
8.90580638232827,4.84096117113413
12.4565440615663,11.3962529270524
12.8537348591927,4.2740283284786
10.3131809036243,7.31914053655691
12.8757626736643,6.58664366888494
11.4152981765947,12.5824561225447
5.35463044302848,5.49194465441485
15.0488035618313,8.49018030053193
11.0353543753216,15.2846354490712
11.5186201995729,10.8379888854474
9.72355704260444,7.96412205861369
11.9746594942637,7.30297231176477
12.5890272321226,11.1917545130502
12.7231095360038,7.26967682827395
8.39201965277517,10.2438616529278
3.6061422897004,12.9155156323678
7.54113573769223,13.8895078377009
7.68137929825466,12.0908615704139
11.5769298614029,6.31751388818179
10.7016385746444,10.6455884230346
11.8686431406019,7.66819992548387
9.58978721604308,7.9244766603585
9.67613255017304,11.2427560957707
10.3081550955709,7.39005099148826
12.8211135294494,8.74824854728959
13.7923552382517,8.54597651598197
7.70223484397568,6.8498535984693
7.83853346753169,8.6896972498122
10.6671560606522,10.504427698771
7.59785278322448,12.0040438868302
10.8093870946078,10.5789458175465
9.69009079623556,13.3569531353071
5.32495843162376,14.0282206380578
5.73846525231656,15.3933885766615
11.3613127330975,10.7142197673809
6.87816219808905,4.36044379187509
4.04359672596937,10.5108302277912
10.3098582364387,10.2929309667735
6.17752554125553,11.1794271386613
11.2772834443834,8.4889321736477
6.22359772558447,6.03900559942904
15.8962048855523,11.3322395268408
7.78770218097124,8.53502922713832
10.332652969133,6.79555148207227
8.83570647717781,11.1637488288659
8.7801155656334,6.3297388325588
12.0147058499915,8.94415013155925
11.3397738483843,9.86736643779791
10.5514797962576,3.67723145439975
7.8795204214846,11.9554873302085
13.6157764133132,0.998778481145866
9.15003950921,9.54465574955148
8.09006211547591,7.65604675823102
11.7386902172635,2.30628242622276
10.8934041847077,9.33404906387932
10.0115575759527,11.2307197645327
9.51584559846587,12.9881727967464
11.6715068920728,9.9385608731567
8.92327230203974,8.85667089705015
9.49218986509523,11.4521310511448
8.60887704753874,8.5331216973312
12.2601676293676,10.7496910480185
14.2722766149926,8.1678399379965
17.7528572632418,12.922405928344
9.57245772699781,14.6838202855143
4.17702036354363,11.6901662268465
14.7226199418096,9.52255111450957
8.52791160157741,7.81015051091244
9.47222670783698,15.6430956470235
9.7588522382466,7.08210470729738
13.8601214482989,7.07218281269651
13.0631206001189,7.28146096780485
7.85442085888652,15.5250059730007
10.1133479613958,11.13461262954
9.84572369751526,16.2303665421495
14.9907327719328,9.41576736570429
12.6303784193475,7.95250000217229
14.7790773193067,10.4743465466658
10.2378259247392,9.45382637085405
11.642227791536,5.84921174733421
13.0167894364311,6.91436291645315
9.16632295844256,11.6685904690165
10.0871740663346,10.2909239330139
9.62013672468784,12.7283357884301
13.4751854063895,12.9482739555775
9.56643938520974,7.69683597490743
12.0380473277632,9.44541697542603
14.0593278361734,10.6627648642699
11.7285474041366,10.242367046411
8.35622882257589,4.64875485276982
9.89367899637912,10.3173945639876
7.31396227677848,9.02771840726104
10.6669528179677,6.4144803232938
6.87094203968357,9.37318629536895
9.32178087825741,13.9231804148769
11.6424175199467,8.68238768427612
13.9767226479882,13.7659275367512
7.63666724922304,10.2564785188489
10.0732024125088,12.3512436975996
8.4501490224422,8.29336908473557
3.17597223918134,6.8731692691784
14.9448747287872,9.97053679325757
14.0208127912872,7.10802577474241
10.2530608457609,6.63593883201917
10.7111624747851,10.3037809845575
14.5808404362725,2.1404086578739
11.5376629813791,16.2432724508599
7.13854335820326,11.6339162879654
6.06796209576322,10.1444046649411
12.8351593783505,13.7652649951521
11.124677175358,7.07885168006197
8.09010360308951,14.0779734018741
9.75942044709355,13.9540607241065
12.3771532839588,7.08995907993881
5.6359209805372,12.046070462359
13.2645523601343,14.3262836029626
9.45743864640408,8.57515170973533
9.00813548875424,13.6472742638141
7.55606204494116,6.7522082588429
10.8754367285519,7.67021020806651
13.2097102344947,13.9643638018706
4.564175766341,13.014005075435
7.39968939533432,13.8668754155179
10.3583967816398,11.8709981395839
10.8585439825933,10.1297069580758
14.3226210057639,12.0696477511231
9.95684964406327,11.4487150345471
12.3689710051232,4.64376394325562
7.27483248116,10.8540605085569
6.61574247623512,16.6940101715103
8.6211403649023,9.69975303303488
5.19836478546647,11.9233203010703
6.99810450178951,2.48465121130594
9.35729495268646,12.5382075621193
10.9486605218064,6.53551037143907
13.1787913018574,8.95501495807213
11.3230267223185,4.51529015917205
11.2980961386551,6.99492351537894
12.2860709497374,11.8971084990022
12.30299175437,7.17831310154719
3.93328052423251,4.9937925515024
13.6028709345833,8.32505121313931
14.1107180258782,9.06208732291359
8.34088463352568,15.1102193693879
12.2953714196754,14.9133635558337
11.3475751433854,7.792550196333
13.8796295258766,13.171255996854
8.60069575698085,4.45560455765663
10.7235695024678,13.7267731643995
6.77535566962541,12.378699418152
12.49315708364,10.207041630348
7.8563224017859,10.9693942041735
9.258688156162,12.1589366852582
11.2642547039511,14.3985417801685
5.52318692975328,5.7961612481734
7.15426482529609,11.6401287706176
13.2327995571784,11.1932210785479
11.5362855573588,11.3281849903454
8.77014705111059,13.1766735567816
11.2056602759626,8.58066869500029
6.53235347259039,8.29797525060851
11.6491782837263,18.2942948593504
5.87626311123706,8.20517003468939
8.03285725762201,10.3859991537811
10.513341988029,8.54536169499767
7.15385907125341,13.3308263383273
10.8920475656618,6.19880712991571
8.27711611116581,14.5839761075621
10.287404848149,6.11368374670606
5.94625247354682,16.1121921381483
8.99395921466173,10.695790695082
15.2105905334011,7.22375929614632
5.88454458186188,2.45463730385749
14.0632914997403,10.9209619385266
9.41916485879011,14.6982759103597
12.1367042697693,13.5537191160029
11.0008135399756,5.63336362913186
10.2516379113401,9.9935902290376
12.1576842541151,9.17001987673495
9.39354621348877,9.9524674966207
16.8048247996224,12.4010855917026
11.9368098198571,5.07966192859986
5.99459169225787,7.55312125633957
9.75029944035396,11.8870627598937
14.6350141658221,10.0286659851796
14.041053567673,11.2995160777312
13.7419493137994,12.4164309432935
10.24349749179,7.0887107534852
14.1926077764009,8.0100865992993
7.48084136527433,7.19482258802034
9.83101794362629,5.87381818415152
11.5090040380449,9.11791587069173
11.3067769127757,11.1127861608835
9.77150204598584,15.7526502489289
12.481484796878,6.73385076420869
9.55631101224169,11.8256024937858
12.6066376227803,9.09812347682901
9.0251445948881,12.2517586363932
9.73743587181732,7.91952558522013
7.28746960314411,13.4232510559201
11.4430275543349,11.8175897367615
10.9521138459953,6.54994709635707
12.5128533856666,13.8405269445751
8.25540057794149,13.2501642199162
7.09937030214096,8.27855091401699
7.22411621695899,9.78445182558591
10.6730698764728,9.78839602485289
9.60299862103633,12.7351338370775
9.41071755322174,13.0195836646581
12.2874006057554,9.82763676814114
8.73441418679051,12.5235100878704
4.9819418894816,10.6055943508938
3.64083309139752,9.45341568251099
8.79089878854057,1.94238800170464
9.506913940243,5.08328831284218
14.1672741776913,8.37231662193148
8.89250290932444,16.6990499584931
9.85441130668451,8.32867828817633
8.38823918078146,9.17593876748854
14.1008658199489,12.9215460171937
14.3132561775753,14.6362264256025
10.3220223976879,6.13609436960928
12.7360170241909,7.40508990148505
13.7193225960257,10.536339234041
4.5064979272733,9.93879572673262
4.41049772928188,12.019320194051
9.39804366884617,8.5448925351566
6.94213249634652,13.4273645405586
8.85641139892261,11.7791196513588
11.7772534197588,14.9147647256369
9.99578807989453,8.61395504389736
6.97304068262538,11.1994402845278
6.18183772663565,16.4115769194151
8.12677898424423,7.25469848267914
10.2311562266435,7.0441040109715
8.53920399834997,9.97590431649985
10.9118104383943,7.59240490577374
12.0756285742126,7.60792677879478
14.813213744816,9.7433652085767
12.0359636522111,9.87589420408017
8.10312608177759,1.12034196769117
2.58322195597299,10.0046197336331
12.5310159635002,6.57946065833347
5.77216643311046,11.4566253196314
13.9566335391149,2.70036573098306
7.90279929943765,9.68353293191692
10.6276072101514,7.5564573864247
6.98111951478481,14.6940346782696
8.73412715145163,7.15482000630328
9.90937088730243,14.6300801064571
11.4240270556867,13.9879788963587
13.6622270155174,11.6590232083307
8.28459234337802,13.3551029512871
5.82676626579538,11.940025607337
16.3680822740907,8.798540883841
11.2777724762918,11.3698563488635
8.31600560554331,11.8065446282603
14.5667156669337,7.66347522411998
12.5010598047472,10.9459951765226
12.1344686505313,13.5083871255104
10.6241163555503,9.2877205865959
9.58036684584449,2.03945574079965
15.2484477076407,4.07532886408294
8.41335559187635,11.1848068608828
6.33806994152784,7.63697849574059
7.2330346007033,9.94025101372803
12.6282882015101,11.3157550042929
8.61391371330649,8.12726945536932
8.61869367189358,7.43422043951417
11.3709493510495,10.8677407339321
16.5730368774332,8.33970313835994
14.1811027812005,10.5731734123637
10.5443418639404,16.7186764603763
8.41927141009947,7.38774275763669
10.896440017741,12.6846014262762
13.3059374910576,11.9334741796904
5.28675209476731,6.49716543632975
10.0805378396637,13.5302048969946
17.2178608077935,15.4865762642749
9.31380873188008,10.1134426797751
7.26360144872232,9.09186381712126
12.2488961080867,9.94830205386003
16.8637206233057,8.80940348770151
12.3166204738492,6.51760443452621
6.15062566653085,7.87476632271474
7.62373926207869,8.00352710468529
11.126218616769,15.9803391638071
7.25621679381997,11.214198893063
12.5411271863956,6.12107905071886
9.45268676762077,7.55142428926791
9.89504912196783,11.5554894497135
6.94597487242432,12.3695745560188
7.59959133682058,10.6898584426523
15.4647160969302,10.1078157665554
6.77849506999688,9.91124269978723
10.1632407111552,8.85650494455471
10.5480695362722,5.16935689433549
12.0357354803199,10.2927456908843
9.95255678653316,9.20991829079391
9.15880202540277,4.37948437750453
4.75540273059608,6.95701596793662
5.00877943392521,10.8897294306093
Rho_s: 0.0068778872194718
Rho_p: 0.0178701526998691
IC Time: 0.0100000000000016
