Rho:0.5
N:500
5.10307089343441,9.06552155789088
9.81101120954897,10.0556274501948
7.88365941518679,8.25933263859878
9.05746545509341,5.34033712660703
9.19916119212088,10.3655577121215
10.459478406553,8.08254800773787
12.441660795854,13.1947945705092
11.4929068839921,10.0816916506461
10.5077437538323,13.0140987028641
7.76316476039765,11.5418264984203
9.92794192674467,8.5464542098458
4.12244483415185,11.6747410996332
9.96771149326625,12.254823169819
7.96905723562712,10.9041399123374
7.98996560501605,7.38593745590577
16.0789481999068,8.97358103388238
10.7276073682695,12.7237945653578
13.9574401237305,15.558488257692
11.0559218297784,8.04328193897052
3.37290822216348,10.8665823874907
10.8733816803676,10.3739349981441
13.9099250150914,16.1931144916035
12.29369365758,13.7361254981032
9.85881814379713,13.2972048766133
17.4046957610393,16.1085515600947
12.9188059431382,8.1407291558633
13.9040280655742,12.4893530034552
6.35646033501646,3.58442626263826
14.9588975635737,13.18681077473
9.05538207158928,9.62016517837273
13.383086884437,14.9825739499426
2.55751790812352,7.26662364454957
10.9931900110052,8.02760361983343
13.7248048774442,14.7564383455629
9.41147933990862,7.49996133285836
10.6301440787432,13.3557269017039
13.8055793401061,13.8400779174638
4.73940868001135,8.08464423964391
11.9341627964315,9.46036156863821
6.61130694543154,8.50989358514484
7.57813244655973,7.0936201293127
9.66666728709914,7.40761442920186
6.6846066723224,10.6146395142656
12.3387235361971,9.62217244464463
9.52300814589177,13.2995988326515
7.96689816205009,5.07439172465841
14.9144818295773,12.834350566059
13.5557784795941,13.5371036049483
10.9342493595598,9.61513332725309
10.5577542948467,10.2368443811297
11.9447547086384,6.97787585244822
9.74330294976712,9.45435678573165
4.27669303424201,5.37230939911621
9.7010894862212,9.81323150290978
8.66189884052279,9.65511702087972
8.30772660570304,10.1529620962667
6.49727204223356,10.298271920172
9.95802724612858,10.3037328780293
9.1157282423908,9.2514742453475
7.7256516688959,11.1789863890559
9.41264773442876,10.9667836422045
6.62657310005722,6.25311143685365
12.5518398523084,14.5935864662778
10.1914847004409,7.72693948525565
16.1425157991995,11.358989724035
6.08324175800761,2.56180272198673
7.99885032707336,10.8367370620702
10.1701413975725,11.472937412953
10.4882665314916,10.6969256915888
11.0663448289784,12.496336959309
10.5725374869111,13.5926129662932
11.3134207420142,8.25445131348495
10.3385860900784,6.19356339834005
8.764421375468,12.7029504438406
11.2544583571881,11.2552988525414
11.0069803932035,7.23103698684868
13.871435509852,8.94790119680232
13.4936641914539,11.1989849622589
8.33605519770058,6.67846394671985
14.4505682457417,12.9886759051874
11.2584622304645,9.48118582174865
5.9675000431118,11.8681200619527
11.4084258619167,8.04603717921521
9.44328006936975,9.2639229383259
12.4100525013866,15.3640815771095
7.42876128406194,8.61073999163959
12.4005349504089,15.5967165361186
9.79316751149317,10.1585879575747
10.7049826202715,10.3679262441814
3.91398407068165,4.01109760210831
6.05754988070194,7.82295458983718
5.79447223586989,3.57597662647804
14.6951190337439,15.5818947010536
9.9892198537079,6.93803325169252
16.1016110060253,18.1413549490819
10.8655188451599,9.2190108106377
14.9000075216348,9.54596638290833
5.36820065846731,7.17802682477705
5.77169955903977,8.50368074356437
8.53226269957505,10.9277247475946
9.36069214453533,12.6933152801866
13.3739498987317,9.45072681787556
7.58354060240102,5.60370540037815
8.61874030982849,11.0614045401632
11.7764379107321,9.0807724420082
12.974079686811,11.5984002954375
9.09169554234757,11.1302078648421
7.85684451282603,6.37899798377008
6.02381184661904,7.21181330557531
12.3274409282998,9.46021903219042
14.4222728590276,15.7183531601584
7.30847498520712,9.24571976454515
10.6533867693465,12.829774606326
12.9787302403149,15.1721984909541
10.9942931871851,7.43935829930341
15.3715572466003,9.34010515592563
12.7776902247087,15.9764973050276
7.88990316533279,5.77888074904123
8.48423569296393,9.72026440596018
11.1962689708166,8.49762145398996
11.2922902646142,11.4643001671969
12.995046742614,12.872189543352
10.9604251800973,11.4007890109143
14.0883689249647,13.7692059734729
13.2343034798484,14.7129236772109
11.6011352887877,9.15852239674509
15.0170851403084,17.1099478523848
5.00963576416688,5.58555511792232
7.01590252000203,8.65338643114682
14.3386752966145,13.4300310555148
9.37797432938114,13.0301457794609
12.0899932353218,9.89906507507357
14.7921378697129,8.17898281241361
7.36541447488714,5.07664763282273
10.3871883585046,13.3763368405442
13.4598498961387,8.86168969966325
10.300488950072,13.8735105972036
9.7684361913704,10.7418982271696
18.058225242254,15.1193062868749
7.22515000008377,7.29070679703135
6.30156452653006,3.68964699935404
8.07879103876875,11.5154431173944
13.2859671495386,14.291250411494
9.9832498827133,6.46112798116164
7.39909854198311,8.0618423673171
7.66611255343688,7.41047174504525
11.5199204991772,8.33618538134666
7.94452702141047,7.5417635963613
10.9989585307575,7.97394840918497
11.4214095042614,11.5254732026142
11.8617695853781,12.7949782338579
8.12383020546603,9.06253585868588
6.45265175392311,8.23550998941752
9.01198196545303,12.8831125338947
8.87275966419825,6.13415249198033
7.45371638055831,9.7713455773488
10.5634860858023,10.5003932994239
16.1517128646653,12.2242074895097
9.59065690260097,6.3415200475143
7.47215135180294,3.76929887344517
11.212121848759,7.88664207972519
9.14605139850209,8.40838563784766
14.8111609253375,15.2533886242179
9.63002965935519,11.1623154110628
7.52115247528569,9.80228379668752
8.21415174877559,5.2705974399975
11.1009346961289,11.1194225344297
7.78071905007143,10.9956417870168
5.15947578378968,7.39471528620156
9.65996076100536,8.82705458035743
11.8282798022335,15.4238851702366
8.70755189109763,6.01783594121725
9.49669302314453,7.44719863685582
11.4132397360979,11.677405092479
8.65317044787298,12.0043848374844
11.4347598389571,11.2786268700374
10.4679685202013,11.517471127487
9.75221699254127,10.2250227549369
9.59094925617203,6.7797301791738
8.5772377289516,6.60130538630311
5.53243663461129,9.67438074802
8.62864535078761,8.19495869480353
8.23451840693328,4.11781809036983
10.7369136322617,6.43860729989483
7.91194590782561,9.10558769692103
13.0569119017109,11.0682607408042
14.1946072219802,11.194175719433
5.79504488273762,11.0120270344946
12.9414107876631,12.754813101834
6.08541511665048,9.61879317426829
5.14043555868919,11.233101676677
7.10466572551895,9.71640589788572
9.18573879692842,9.33057040394975
9.00399142305263,6.74058603977321
12.0240984118437,8.05575289883556
9.81845379114544,10.0578980403059
14.8595582389088,16.8044086319133
11.5198805234524,9.30251139878138
8.363711762151,10.3556452572909
10.1778081891776,12.0263474843094
3.98536395958556,2.09142798328611
8.46136513446981,6.51783698699307
7.34202609648064,5.34782575365806
10.5827708128651,10.1225535159919
11.7721781209517,11.1049906330658
6.79211037510603,9.46367772418588
13.946654191205,8.19632815450935
12.0979816064968,12.2856627611175
12.0171794146761,8.89090177610764
12.412345700027,12.8265879692091
10.1512240491389,11.8798526913041
9.81481876891157,12.3158898878923
8.8182281981561,9.28730028997946
10.017261922251,5.55000738429878
9.2323215793791,8.56314740046527
9.53869119570895,12.6208671217717
10.0996293112696,11.1835217747943
13.7661470450841,9.79706930031935
3.14340034760816,7.71342538828482
5.24652385976321,6.35711746517816
7.69196028750118,6.68196247970696
9.40097329782474,9.19071241851393
15.1183154519141,9.26661814491875
7.73243102005845,11.3592119122317
15.2119274616645,13.8143196621237
7.19349848658421,6.66818421620078
9.774035230318,9.64652453201009
12.0050720156855,9.66546732393728
8.28205488022389,6.81554866836808
8.81597070040092,10.5592798912348
5.7056193014097,8.12542901792908
14.5801343316466,13.166832457049
12.2049737537525,12.2995511704306
9.08714858534787,8.81689492849105
7.28588764659066,10.9890566178848
10.1666203909698,12.1742031468736
8.74765392755628,6.16527078018413
8.24365863081229,11.9621387206981
9.39101374985947,12.4243301665189
10.9250011440222,6.13085735609472
10.9653601572461,8.31424501534625
11.5559563835904,11.086465720303
10.364726846515,6.18281547285438
8.30564305700047,5.20780755194927
7.47457748177491,7.09286193689793
4.67656661915282,9.20941643484123
10.0107444789472,10.0409873072812
9.97191030986829,9.47913641104315
12.9977957895557,12.2447021752923
11.7522659481619,12.4047519225603
12.7420927518218,12.1166702145236
13.9863299339118,12.8660711744708
9.43007080510446,10.0409834593058
8.23806163499709,12.7287095654051
11.7582010951706,9.96509584236358
9.40639030648343,9.97677745558614
15.0570603324979,12.9565411636793
13.1351236215167,7.8854173400843
3.87158356827228,10.2390668388663
8.20510646728274,11.2992323546759
8.6959961359905,4.52157263306262
8.59923167666249,12.4090012676522
15.6501381984115,12.0637626611378
10.8941698401376,12.2564391473747
12.17081013489,14.3640272149202
6.24274094558865,8.97665343029093
4.08255839181627,10.6856773108145
9.76178774408247,5.34906507726759
7.83922330107399,12.6217269029096
8.75010405403549,8.76583746064107
9.78248650687767,9.0660605537313
7.53185336245168,4.3021987140954
17.1011118981821,10.218667227818
17.2619616132516,14.5568771663345
8.54363848829984,11.9559230554047
3.43958626895513,6.70326548267161
12.1170914416425,15.1842234260468
12.9358316992193,7.97867124365139
9.74746717678545,12.6802192811848
11.934589266646,10.7975107923427
8.69208936087366,9.71729836434377
8.45255631041556,12.565155941545
11.0871914808745,7.39944931048482
14.8854988485507,8.27200593144564
9.46957198409081,10.3802270192312
8.10589876879619,3.92726992842223
10.8351096633473,6.18029219032334
11.6422610480931,9.36897007835892
0.689928202540221,8.12944821605241
8.29533960645548,11.2563089831665
14.9010122951704,11.7750769103849
10.2517890987555,10.2655872353327
8.88093363194461,8.40976753950193
11.9127246492674,7.63842774791051
10.9659021116222,9.3481552484529
8.69599011642117,8.82698735095411
8.03467580108767,10.4406212451023
9.26923111011713,12.1449870659294
8.2213098241345,9.75869317101475
12.9139721758946,10.3146799509974
12.3498901578681,13.6975834037551
8.54989814385374,8.19486222808635
8.01847423316556,4.41012285516334
12.6258075528841,8.55958324885193
6.14222700401997,7.87541046992701
6.94369042386083,4.24014691782712
10.900182674435,7.78101036032071
8.94958862726297,6.747155787714
11.8309728451649,11.2579705406738
11.6725073692335,14.334249183524
10.3479278349095,10.7867704014467
9.74958996275849,6.07535134756552
13.8451798811695,16.055666302244
4.38293468695516,3.41103782128434
9.74348280287009,10.3395901672741
2.96641362953086,6.54816893049124
6.00641026099059,11.6886274616644
13.8119177189532,8.17631155758791
9.18435659021426,10.5543056982569
11.8879647676219,12.6501393388216
15.7834510164555,14.5637037577372
11.0428680977687,11.9472153304174
11.1066863706212,10.3538300908416
10.3271835344007,7.32609365760294
11.5375331988581,10.3226915922757
9.46683550228289,10.222329918127
13.7509000960616,9.59133206680322
6.46356831415951,3.24896359031294
14.5984608093066,10.0740430446053
6.58903431138327,7.420349385008
9.26912073152272,12.1826031251596
11.1476427341945,8.8996324465992
12.5936024598475,15.0686681617786
9.65114036331418,6.67983258977516
9.15085497491099,9.44226842871548
14.4839602606762,13.4009365670109
3.84282174054059,10.2140852471014
8.12942238837749,6.36075570880127
5.7033582012226,3.72025552050872
10.7736585727424,6.69100589426257
11.3067130059026,8.85319581923937
10.3787152400133,9.58136133201593
12.1737521841384,9.71524500163424
9.91614735273162,7.14445983348379
10.9979288344353,13.4240022029294
15.2178830999313,9.66519999972892
12.9879549453287,15.9463961428007
10.3447885183083,8.35757315123621
14.1255335068586,14.282267109537
11.0671420854517,13.5299769103539
12.654893134936,14.4886018253041
7.60401753001365,11.8377444081685
6.97252692301502,7.82347204128197
16.4400428937859,17.111731840329
8.49617927959699,7.73125498996044
13.4702290222911,8.5637662262677
13.3489859713582,10.0615483235577
10.3260026278578,8.65656457778597
13.7536892484253,12.6779707068184
12.5201704997563,12.8033291763911
3.52344649865078,10.1522152949854
9.01155179775781,11.2091070350278
10.6437679329975,8.5877457869262
13.6314494831111,11.5406353210609
3.56246543910483,7.22965154466903
14.4621855667815,10.8190341755652
7.592957941097,8.11688447219903
6.3075896848626,11.7890364261491
12.5834737981552,12.9647431326343
6.58918662458145,5.19669381158911
12.42681687123,11.182218236864
12.2833689347552,10.7807402497769
9.52194431930029,11.9409462774598
6.91398035987652,9.1677009568111
11.8488483076179,12.1902522958896
13.672201461597,13.3040655373372
10.4542273894052,10.8251248771289
9.32589518219584,13.0208265077626
6.98966244579538,2.4059690393399
7.71215110228265,7.259580691225
8.35076440318432,9.25319544714777
10.7395413628677,10.5434772836548
8.35175841677525,4.16132412393639
9.46898178399514,5.24754982888658
7.37465204289691,9.39999539254024
14.5780920793755,10.3815869410582
7.09578734293166,2.71736383429725
0.90415552252005,9.56030652753211
10.5769241659255,11.4098472581532
12.4046675013436,8.26684716068581
11.1665094598655,14.1943719703597
6.04862089919306,11.2682485300078
5.24545932636946,10.7486739894908
11.031355346575,9.45819525125027
13.5733967229763,13.2303683425064
12.2839735095766,15.4245300565041
9.63679382427463,7.14767342120921
6.32482291063262,2.95473154125796
9.50876156614314,12.3069109979609
6.05831103423874,5.64386646080051
12.6955603678314,7.44393125404738
11.912714814245,13.0688427993405
11.0596716911968,6.23163392229062
6.93415382314014,6.41376944171425
8.78236244314133,7.75326193837127
9.59076252126871,8.308638641225
7.58468811884242,10.4866952037105
9.4804664923992,7.95694197334741
11.9053599344342,8.26877958112827
7.70083281398834,4.14930968521505
4.94608483759908,10.1953286735225
7.44126903893116,9.81901197267452
6.28686325301067,9.34827428746423
8.75623439038795,7.55933704567914
13.9258499258324,11.0165688038455
16.2967585907811,12.8389388116686
7.89258205476798,7.97807524097817
8.44473889140524,10.0645030658869
9.30249759372759,8.27566127613053
11.5054649735636,12.7912980517706
10.5244000204958,8.31654664522714
14.0242728949729,11.142871424158
7.2523765688738,12.2862641648668
7.52327417438323,10.1323259423513
8.28458143174002,7.06763979147683
9.26096564979961,5.89868409941885
11.0213758691374,12.7210115455126
17.0532459115982,13.9372641212384
8.23864458182818,10.4272041380635
9.64613042577118,9.18703897235374
12.1792216112151,12.2420223775399
8.42304744255975,9.92493394317976
13.6162930641858,11.1744288215244
13.2629371737408,10.0954362008175
9.24078064082549,11.3524334474449
15.1078011697003,16.2724319903851
9.81951969337171,12.7498951552189
8.51516916272323,4.8520623114669
11.9163455480704,14.8034883344109
10.61248967062,12.5421714837939
7.86441506369958,4.73436723492225
11.7493140462816,11.654887428326
6.19894954208405,5.55340290953551
11.5989906310579,13.9494641704742
6.81367429436723,11.5301635362187
10.5397446527031,7.45988180149103
8.54405643615407,4.3864224740841
9.33116395750679,7.40888637368006
12.1047694929044,8.97718283718677
5.25583867643931,6.93456947414663
7.32021483202682,5.87509991092079
5.54579680423769,3.96670793629963
11.8856791554915,11.7166468248752
13.4519636046424,10.3206518400676
17.2241174978769,16.477281638903
9.35964517644226,11.1376006926239
13.0628322264229,12.9146804967473
9.91273436640166,5.72956361165128
12.4112650856512,10.1055957848352
6.87615530139075,5.50911456595876
9.72322464070102,7.78920318625062
11.3294705802601,12.3716472153812
5.54068939842066,7.35346273264113
5.98963966913049,2.00131524765222
4.77350806016192,7.59911030549877
12.0321912305912,14.9763212846084
14.6124780420977,8.66478701686234
13.0294423326285,7.64548831366522
12.8739800421437,13.6859082740922
10.633018338555,7.53962693537523
9.62805422566557,10.613032600527
14.3393432272022,8.00130788274949
6.84438858764862,8.64711634335871
4.49757410389635,10.2154698338489
15.9245271804112,10.7033172971821
8.92113726381653,12.327571620633
7.43012222926277,5.71493299184493
12.3356300736629,13.1324285082932
9.6888952705994,12.0267307771345
13.6937362348825,10.5692802680538
5.66537622351771,9.53748704224432
9.4207562947799,7.81500294536564
9.24910229652217,8.63745192476166
12.0269264130401,13.2790158798381
7.96541371420235,11.8330895333276
9.30029788112527,13.0885257422866
9.15971063282878,9.19610404640061
9.96377496182056,5.60902951195072
6.88581179150735,9.81211330633895
10.0931190260696,12.7639617616946
12.021484013582,10.5986126197912
7.41453883039671,10.5033684266988
6.15728601511117,6.62316458924001
11.14873069835,9.25380297874911
7.46547502796626,6.36713594587621
10.2959956071639,9.00468940983268
8.35766694208053,5.9584819446938
7.78101538411894,7.54136742788766
6.39832353530957,4.84356820229637
11.4894364867393,9.14800814958489
Rho_s: 0.514985707942832
Rho_p: 0.533099183168129
IC Time: 0.00999999999999979
