Rho:0
N:1000
10.7206472753789,8.54899162060743
9.12311216977486,11.9142805513223
8.33711153363384,7.51619675082372
14.9535585436271,8.99942532514907
7.73876989291878,14.5331778584153
8.39279234204092,6.57737522449727
11.3292577956209,5.11689998848993
4.36321642220928,3.19964989894446
12.7949214230968,6.04463532980046
8.48856012361837,15.2651034965614
13.4858322444725,10.3399012539952
7.96739455604308,7.34761133166207
7.46052984686809,10.6856951208644
9.31933756113656,9.34752483749371
9.68425442931353,13.7175308849847
14.9730026966225,6.82458827987028
6.99520567168878,10.6845851400792
12.4840508202711,11.5259544285863
9.71729190920912,14.9218709063123
10.330554368597,9.847364132139
11.5040737893084,8.77388687134497
7.46916860232195,11.7890748051139
10.3376327450116,11.6117550749991
12.5059284181562,8.68478390566656
14.6468887383794,6.44068693290507
7.99590264976281,12.067584719515
9.01375508000612,9.51544355132958
9.53711344003735,13.5048707510188
14.7667625381965,7.65248749613644
8.62322710256869,6.67801031953899
3.53209832224157,9.89392545571992
12.6943334710154,10.3510339980414
9.13831346484079,10.0527982954122
5.35880078754877,10.4146523382197
7.65758957983834,5.28348625302665
14.6486747968365,9.18360415852623
8.48195627491192,8.58562426201707
4.99574409740309,7.42614227244985
7.46359779682,13.7014418232324
15.7806583469652,8.00756809525338
11.3993027478844,14.7501355972915
10.8814637797736,12.1679185989265
10.4546092927686,15.2611092634566
5.12712854785617,8.29022327266847
11.3340843701532,4.27501541942283
12.8559225780237,9.6263253382634
13.5046487544992,8.56779884687824
6.85403022211434,19.0319108551448
6.99753870469582,8.65458243133883
10.3780053778371,12.6027742047458
14.3196753885776,10.7816804735363
15.5424302611628,14.1206064532314
7.96596711973918,5.5906109842417
9.67120722913964,10.6033246323224
7.55601212172639,9.63475693846741
9.57990073541086,14.2790140211872
9.70583378707607,9.91543305561909
15.8476401024632,9.41839700698484
18.1554516031023,14.327417091389
14.0199208200913,5.50529572464335
9.83812966423651,16.702897941327
12.7487485468221,3.97076544630901
9.28502903108379,14.1514046703471
8.98930440632466,11.8027588625688
7.86497271561543,10.4307587883952
8.96386519390516,4.08149926224038
4.4258176529898,7.17363869989643
10.2984934453041,11.4336289105882
6.4810484268532,7.34011542724251
14.2971686979394,9.23415427663768
9.58208102679839,9.74283141469041
9.70544220026844,9.21889000628723
10.8680350015547,12.7294249973424
13.190557065584,7.1851626347024
13.7277992351111,10.7084939480393
1.95878988794179,13.2867775713074
13.044180148592,13.9318485684308
14.527203102522,8.34069312762665
10.8749204734257,13.1773804238645
9.29695979847996,15.5854749566787
4.94584687729545,9.20253482123212
10.0906266088424,9.55911206094639
11.1280366981039,11.9814502833452
10.2914944746842,12.8416347143505
14.0077088627129,9.77688076920014
14.2155918841417,11.2241071035949
9.15106367393447,11.9942228502327
13.8113456249581,19.5672781637422
10.2759419404894,15.2528116761244
7.20487780313217,13.7521807471332
12.776281759026,12.7641401025854
10.0600678539461,9.91213154915044
13.3867975514173,12.2261672566655
10.5943745164072,7.58443193655861
5.91324689753934,12.9438491566948
10.3832358086029,12.2402279811035
11.8809891177749,13.5416908849935
5.10248934623867,12.3274565344466
10.5770636193785,13.2558481011573
10.0181072255173,7.03122922165707
7.10267315291757,6.31507070907236
7.52401014709796,7.07382285222642
12.6762818386083,8.80428063415816
6.20347567419362,7.83326077490408
9.86012538155193,10.0777017712174
7.19546179356088,8.88399516820532
7.33731970669557,10.7130613335839
11.6040750771047,8.49875525473788
10.2079084257488,10.5277723404704
10.6137302087645,10.7226713529598
7.59312716016254,10.2438812281044
7.22728010829184,12.3473475191686
12.3691566514314,6.64174654519431
11.4813769102915,3.85071317337417
6.23211612954414,15.8472530251927
11.9796346743896,14.8639883160554
14.8188439099423,13.4598529406376
10.722226507588,8.79903396417926
9.85277580799939,8.65975442552355
9.59707851585401,7.36215641479993
11.5900171332881,9.42843908480576
13.9983610816804,12.4997440879656
9.97730337665847,13.3004189333733
15.979166346507,12.6629573643404
11.1304575282094,11.1398257988329
12.2875915689963,10.1894509219082
5.96930014733998,10.3819921682542
11.1239117230416,9.28852901192708
6.61937920583994,12.2112799086035
11.2237830483749,7.04250456034201
12.7367693855953,2.61765372162404
10.3182085932746,7.70784183291917
18.9638683784801,10.4071565594043
2.6975219143604,16.2212389781844
8.95274270876266,14.20738344782
6.91641289432919,12.2528994546909
8.78550357683226,10.6911354201846
10.074246934597,17.0658757869848
11.1701969343766,3.78887754764163
6.6969502367738,9.68894346913335
10.4575682891392,10.7772863233737
12.7077896881068,12.0672197467556
9.52290180586126,5.46710020300152
7.78133891242722,13.6149524917969
8.90939425776257,5.04864269295006
13.7430313870828,14.1854773744769
12.2026580455096,7.63220740444483
11.5900800450137,11.1988547147384
9.52761371838454,11.299875547186
15.6652038533139,8.35931589301434
8.5210010166841,12.9297422975354
10.2788777735923,11.8358078884597
11.1580498350548,8.1035008011893
10.9113554450458,12.6945476719181
9.54208797231909,13.1819247675648
7.89189638131999,13.2416471241269
9.11221847471099,10.8206988440697
11.8798573808705,13.7414862751136
10.9943492013897,9.70166908903238
10.5563206269005,8.32748468781347
12.6972081812874,10.3577207833803
10.4866552620877,12.3154985633727
10.2721028911783,13.2898769193299
8.8181436478175,7.97517708601973
16.2412533582854,13.4696154659104
7.55671735414849,6.40862687202823
11.0475635953678,9.03898067710385
16.3631856857823,12.6431643219682
2.75190454465288,11.5893400297793
11.2912466860066,7.71325599383779
7.33343262254653,3.93080566261852
10.6264980838875,13.9504541719413
10.058068374045,4.61436455484286
7.59178129182034,9.39356193107328
6.63653784874027,9.55162078424687
9.39387400489326,6.16711541062684
11.5886012498987,8.6812681491025
12.5006453310777,9.23243994993593
7.67162532800039,12.076879321151
3.72498047740548,7.09736252106322
13.3518487807731,10.5142138528493
11.0588662475689,10.2778504341263
8.65913383348107,14.5397668057098
14.9503081515117,9.03249356812958
15.313664488035,9.74440513486875
11.2262913616566,11.6601859813485
9.06395262738755,13.3995518139493
7.06638548875084,12.4321367417675
9.84088905981425,13.2118188674994
9.71520759052353,5.18912472989035
11.0675889855256,3.87048823595961
9.00369048770734,10.0579955329222
8.66933631016186,13.7740289105974
6.36071083409474,6.60168490253082
5.94244531289637,12.2521875500825
11.6196103927891,9.95892215454744
14.7366511782971,8.14284448295271
10.4773021687182,13.1041890704583
11.7067017078499,4.75864091941289
4.57840818964747,10.9011067537296
7.16951190596918,4.89986518460736
8.71217262659111,10.9396982027018
10.8895915907214,12.5318637822098
11.6902530785604,7.90306695064551
9.70712216631076,10.0948849963551
6.93108099527949,8.26921390767673
11.3800171338767,7.90308515654235
7.66307818668736,10.6885173723814
10.1341394115548,11.3261526776096
11.7874330093764,3.7018572445314
10.6898014634557,5.61888694040896
9.29759823045402,4.16553441979118
14.750011534036,9.13234622345878
11.3005293179622,8.93699386037308
10.274084013572,8.07398469473045
5.89809488910221,7.83988067417769
8.9373383920316,12.7788146641801
9.59914619485846,6.49423644541737
9.19840975043402,5.93856950163765
14.7643029893468,14.4138578796091
7.10306643372798,11.7302701522479
10.0442183875289,11.9011178434787
7.96614201652998,8.05143348373775
13.3652793827438,10.14782609023
9.48575361299851,11.3945255614778
7.39791501702734,12.2569696122777
11.1844383331628,12.1058994438977
9.23404816260994,11.884750140377
8.98231895112063,14.4238161795866
10.2601024321583,6.60022248516837
16.6865051843584,4.33756751028973
7.43897437827595,10.4813962823816
13.6662487688938,13.1935089529315
9.67533913484604,5.51539943967404
13.092372799953,11.9478556780148
9.30883518540575,7.0622596931871
11.7518569605191,5.06114743505721
7.56660686236878,12.2333381895527
12.6057009062858,14.5965325977325
9.26165074022257,8.76309758622027
8.33305851385467,16.8477519121327
12.2979998401835,13.2907584758046
9.72310766886938,12.0428993814785
3.39334221824409,10.7932785993859
13.0363869224368,9.79309531678652
7.55179347109377,6.50616495311252
9.17579738829566,8.52234154169446
9.30650308575038,7.61578292389447
5.00896547841693,6.60136171257357
20.6925165733587,12.9241180207785
11.7919464723258,7.8449651080226
16.5968245702691,12.7183665314719
14.415920503189,5.36382339798358
6.68461947625234,8.08140704419115
11.7495217317457,7.68932063343333
7.86958780066837,4.90998990559951
9.53744451135603,9.00855104093676
6.19151468256991,12.5964432785779
11.9822655106819,10.9285512464519
8.27063343349591,9.55614594957969
12.4591044348287,9.78386077872114
15.0651397699527,9.86245820464011
9.79345095832281,13.1369515615995
6.5994631150428,9.47120539901396
4.714966186263,10.0463314939689
4.86943188638877,8.95889186278419
8.43658128912491,9.59586724325593
10.214125738225,8.40407940015356
10.8014370839987,8.33532950422473
9.49184687087092,11.7183031693412
12.4764954224696,13.7942647869073
5.28097146658836,11.192130383667
14.0260986394762,6.45737518117124
12.4999984339017,16.9749057970755
11.8815225861125,10.227830846286
6.54663999245115,7.61652306886288
7.88889478548853,12.8550485071169
7.92979377388033,18.3773078832243
12.138543465348,7.65068218341637
9.34171058352096,5.15184539477104
12.0678392742085,8.0413479081055
8.87463237320605,11.7872197885561
13.8976813827638,13.0241407019304
10.2428092498725,11.2127887445246
10.3011216180339,14.822973542551
9.47810747353311,8.71115247910318
4.57712352099563,12.977569643555
9.95787053441845,7.75246815621959
12.342922189414,10.7039768617443
9.63995788152322,13.5305429452844
8.24304738341613,3.55095622583304
11.5928036322314,13.0022765959783
12.1666552684532,8.32166012367798
9.3328011644491,4.78635778535727
15.2857852924001,13.9822644162515
12.0225198816516,7.36317192869936
10.479340344969,8.54469355490898
12.9577258120448,13.431672927506
6.58810517357645,8.52057109693932
13.0216357918671,9.11484437432385
7.47609598181625,10.898592104461
11.5244731621731,9.65236153070269
9.47352690009254,14.0204547017382
9.00753512218859,14.0035835069142
5.21731326954716,6.29357108969337
9.40698293026666,6.14884486232372
9.22526026314989,1.94543953342538
7.36956085277468,8.27102736468414
10.0247401580266,12.27890833579
12.7723095948001,9.93392968857859
7.7616987886057,7.40553625297938
5.4255878963235,5.55081999449883
1.06413567682192,9.92589618698222
10.9352524164288,8.45217443869461
12.3124811687367,12.6960816308571
10.8959135769562,6.29540412626483
7.90105626632892,6.77449410629881
7.83426664614115,8.16487784225712
13.6766480562703,14.3903358999608
8.65697090773902,10.9870791376092
12.1072365320627,11.6551932440465
5.03810673279329,10.1094771855866
6.84363985804782,5.97650417366109
10.0412073654419,7.76259311350261
15.5614887843659,9.78588353413698
9.53592008033735,9.55514365939389
12.7397505167447,13.4331894502733
9.63414738803412,9.00821709373696
14.4943346259728,3.17080796072419
11.0171992526627,9.90894145513328
15.5291729383963,5.30561133103455
15.5980975858208,12.5718882730336
6.80440605438678,14.8446107128913
8.85311276457853,11.2804142151397
18.1078525963146,9.32464734645853
14.4992528386819,9.13285781589289
8.10020917190542,9.26698990294354
11.7937309568988,7.6189822340157
11.2722530017512,8.34272181753745
11.1453460625763,6.71263539753496
9.33359814412361,8.5298942758173
11.8095421779158,8.70908107767111
5.84682474310775,8.91932446889426
11.1763933184354,7.24569463590366
8.6538370946954,10.3663782933326
6.43483267282032,6.89673291649033
11.2189260902155,7.76045920872648
11.9252544945638,5.35161490561103
10.6696821062134,10.4758878529107
12.6056633818146,6.41488045757526
13.3974088162312,8.2171198667807
10.5697819923795,5.67945357991056
9.45376192302921,11.0794486724223
5.46685315950189,10.9489769788756
9.04062078736182,12.0874588135104
9.8929248649027,12.9212279625334
14.4517157312729,9.74445702681286
5.8767495249401,6.1310746508404
8.11775324235307,10.8315907176707
10.6159047354573,8.97148400348534
13.7736282524699,10.5907938818566
7.55907117192973,3.59389109704692
6.76477350295383,8.48085057001398
5.48694490767112,10.1399429365794
11.3960802005535,5.5606989776268
10.5604546239405,13.5296843290824
9.60556575578514,12.9369095990574
13.8189992792712,11.3276148948029
12.8516033197526,9.087585580834
5.07711105990794,13.0078215929124
12.0766316349482,8.49327686241351
7.89179542636916,12.1846841254972
9.32321964091419,10.1243145233836
8.61104348840268,11.045919300653
9.56793485977168,8.62826477331403
12.5120616882502,2.26663352423176
9.19238963747126,9.75552150709926
14.0117375705785,9.55339955903187
8.86163724369291,11.2146897251895
9.50551361340831,6.56804309645406
12.5329643233503,11.6157131448618
15.8282949741539,10.7419049932181
12.1005741610008,8.02590520792878
13.704106798945,6.8209115385126
7.70135193970924,5.34609830153795
7.19055145998825,13.9063930428156
15.2366264113108,12.371024609733
15.8479138418347,6.7004881742831
11.7210854792903,10.0138263817539
9.87140166684786,7.11000813781501
14.2069065226229,8.94213520611177
13.9701027260018,20.7945193151024
4.21027802460258,7.51471872591324
15.1426752880845,5.54124673548354
12.0260094088862,12.1318319926372
10.5070649685463,7.07954438773067
8.77054007489257,7.83846652259646
18.0842883276956,1.80368513270592
13.80325758289,7.12934619085425
10.755232864413,9.33697991078804
7.49992651411549,7.9936130592658
10.6762414058924,6.62360867208245
11.7271696714388,11.2823045927339
12.7466303019648,9.29389934230306
9.23778414688127,7.1699901024066
10.3192409303989,9.17832621100988
8.55845609470378,9.19257189150662
15.0581422684649,7.80062209428288
5.44251937764153,7.22982593032464
9.84220141539267,8.38729646069128
14.3037418475494,9.90291593814801
8.43399089322903,9.93176694692754
5.69571704949277,15.5308711322253
5.98421154949448,6.22289377997436
8.72698280830949,15.2217318939008
13.5613701416785,8.46454937796026
10.5291885125855,14.7527224221845
12.7718855236137,14.7419813810133
9.14952063588098,11.8281456453306
6.95571873677008,8.25295204960857
10.503190991301,10.2901918668006
11.6174859870322,10.9879880015562
13.907968407665,7.99176989698353
10.8127116908211,13.8796936785538
5.64816589397311,13.8311711067846
4.60942737295819,16.2213083199494
9.45208911855323,9.03073101024035
7.10102854491754,8.36401735960786
14.0882789624719,12.4108089215387
6.04288679195804,8.84467918208
7.10219281273557,14.2789715299992
10.9963348678759,8.33505853224811
13.2346993562037,8.25997125208339
10.2879458474744,14.2122749357161
4.1765372631771,15.5269829300946
7.31515718930464,11.0120044412924
12.2176898010147,6.5157318640179
8.08070280961864,11.8318632565874
10.398249701112,7.8862873318615
14.2656476017973,11.2712519731006
12.5485404074066,6.49579220599625
10.3920637768608,12.4981669058932
11.8921179146971,8.49220631152807
10.9553694427975,8.71058144165595
9.61833044431871,9.87071049404322
10.7464653952116,7.49509477926261
6.12442732039828,6.06518787704388
6.21285715887745,14.9073740687053
7.20022099247771,10.4888532997234
8.78130198351092,7.11350484014934
7.92424914758752,11.5456511835774
8.80037646574613,5.30963957939876
14.2808043913194,9.31672015865011
6.22113380599135,11.3597867659079
8.67519654148663,11.6982208968902
13.3061583425095,9.1736237659899
8.03669284068123,9.00251665984734
9.66235794125075,11.8204853199305
11.7347013685221,6.92175230265174
13.9442712619702,11.6208297534318
8.53264025817331,10.366574700932
7.58059481909262,8.77416611898366
7.13109290376984,8.66618025262151
11.7762672300502,8.08109346388365
3.73982368072073,11.2261534912844
11.23633704148,8.09290276777834
7.24814234559421,13.9579737317636
12.524998317214,9.31766579446307
11.9723978833256,11.7701295921872
10.6870580797426,13.6365930669406
8.64677129959916,10.6531862593735
7.40910701960809,12.6844292242494
2.39097644555351,7.41467118226706
13.4085222545586,7.70306954777219
5.15275266516009,17.6865985318814
13.2164371172478,9.63410940486886
11.8541981918828,7.75839867516879
10.3360962675142,10.7383030565994
8.83138661257564,10.9106965080263
16.4850101114509,9.09937249796431
10.2962229974127,8.93550868335233
10.5868972999038,11.1409206392237
11.9738602902235,8.77356061829442
5.60742634256366,7.91530967097443
10.0392750718566,12.7106482336627
15.4876306881339,7.36627752167425
12.5487161384176,12.6040679297609
8.24464449378473,11.75866874901
8.37396449334982,6.9552017358931
10.8520183950794,9.2985377809987
12.2546851359063,6.42763982951557
2.28905845781431,16.6887626116975
12.279481568156,12.704510256516
12.679083922483,9.92728591538355
11.8318885985026,7.68968927414588
11.2474456782536,14.6821982937851
14.5945257115953,9.78631839524332
8.47363547415959,9.33002245639682
7.91320767654091,4.09816484783177
7.32610813389396,9.61890858339913
5.08611655781578,10.3224509450006
8.2366187443178,6.90751642216865
13.6732783207908,6.62197456540325
11.7753909521698,12.2987986340981
8.72521932865574,3.46660205445726
14.101961208476,10.1986582383262
6.33607418550208,8.77063272862854
11.3407262164702,8.23952368031764
13.2458841617343,7.54901961173067
11.6528270536782,11.235819829791
11.5285611226002,10.3899956790983
11.393127138367,8.33277608555631
10.3849030287339,14.9880343429809
12.0356387097303,8.85704798123428
7.25487168830834,5.67147682291981
4.45803733897748,7.91206962537782
13.1209413466988,12.2721354066654
8.74031130596254,8.92555760051916
13.281441736949,9.98206083271078
7.58717887366177,12.3790034273798
13.1175891616503,7.93438886417822
12.0892645809447,9.52956034747265
8.25985184226701,5.85765024203258
6.02477216774863,8.3263198153669
14.1201406768786,10.0195001923712
10.7293468547729,11.6776989558209
8.7688343211406,9.9700945004042
9.45047676081298,6.93853461636253
12.2965951827605,10.7137083089405
8.87357562828574,13.3202390867516
14.4757743772066,12.1191727536587
8.45710256201864,9.20766521856777
9.82457548340015,9.57521375604151
10.2832527107986,11.0259969094297
12.6241963266492,11.801774865659
14.075807531402,6.10313954113834
11.4063609187877,10.0150078004063
7.53916710505571,4.94942937701592
11.1543908317144,12.8712751137568
5.66507815323936,9.44985770989658
3.00427486704563,6.78567999953276
12.0630682307735,9.1543803936049
12.0588912639636,9.89659523494866
8.82879564779625,7.52901802876446
14.0256062592625,12.3917492537143
14.3403193768698,10.4556380241824
11.6240091648738,11.5751509948682
16.866097069174,12.0217686834855
16.0811563382249,7.98959391502836
12.4527158973707,4.78231592258326
8.79455702926824,15.4462817426159
10.7289966885028,10.624301670775
7.02780443614214,10.9761648623001
7.06814515075608,12.7491037200586
15.064203041803,11.5072473961409
13.9748427377186,8.38120209693787
9.98869478659086,8.07975538010415
9.47113292736287,10.1042926345175
9.92439520700161,8.96212363047655
5.07137421970177,12.8088915226247
11.3095912856102,5.87667741182799
14.3115066564436,15.3517382277945
3.22665824935452,10.6704414973182
4.96418312183882,5.31836981440475
11.5441321625653,7.78438580034326
7.81991968670925,9.77066966816723
11.0664683873741,5.78741844135875
12.6171550086395,12.5900449165293
13.26228780542,8.21224386696827
8.37426184292445,11.234924736395
5.87752169154941,8.21567151331533
6.25371793281587,9.13413368319357
10.5867133051617,7.04365478590355
6.39468654341906,11.2628509063487
9.8988164565881,7.83723015815915
9.73973770997095,10.5237138129488
11.0137735637627,12.7267583750114
11.9539336061019,12.2178507352136
15.3504254494759,5.08954364335396
8.67609106288285,11.3771420512402
14.9201358790443,12.1155968948769
9.50355298732464,12.3700804893525
14.2812769671003,9.64784669200977
6.37594967480273,7.17125259583744
7.95884012324859,11.6334950274905
3.69448876536071,9.75652867824162
12.498470204478,11.2350266918201
9.27362869232045,12.5788614026635
9.25240188073813,8.58017931536463
8.61218543407793,11.9501703904149
10.5366905955464,7.94972726647175
7.02447758365852,5.50657423162963
12.3991796066738,7.89208243138991
15.4637063368559,13.1410437724614
12.5772264331849,9.83515765891364
13.8031288486938,5.09492835537382
14.0251231758542,9.32023941952801
10.0643074097734,8.46626230110381
11.3604762211786,15.1160002501139
7.16962823426424,9.45640008143232
7.77960139439903,5.94302469467844
10.479425588971,7.70356089356802
7.74823216875179,10.0786633812372
10.9329149474853,6.9877106645685
12.0898425798257,12.0262867812207
17.4468695588246,9.18180039435788
15.4264746336691,13.5947139983803
8.87350121793267,7.80422381735017
8.00821794122204,10.8630929753925
6.3185844063486,6.33249720296976
9.06039067453548,2.49820445427816
9.42269883472529,8.51832856922377
11.0837919684522,9.86007754086289
13.4084855313251,10.223785174196
14.6297408589876,9.94848958620972
4.87517566019098,13.0996939574472
10.7436436983665,7.48081341839766
6.72278582664407,12.7384352649471
6.18453459120743,11.7525303772729
5.15128294641342,9.37555902280729
12.5481441646655,11.6504611280168
13.6853233570028,13.1281044146225
8.76656159652496,10.9223441258166
9.58871086584849,6.81587214235199
11.9475786127522,9.72954741732847
10.6627714162538,9.72294794834177
9.6781619830741,9.11084992326348
10.5087917462644,11.8068728115589
7.20594094946583,12.8590365946731
9.4792862843656,10.022939923179
12.0517599011875,10.4470808638027
8.43925704376065,5.04859048755595
13.2428979406958,9.01569366090628
8.50577630525188,5.44021597464634
11.5061078604296,8.94035560056462
6.81370271496753,12.365637684654
13.561784890491,8.91838323732829
6.42519152664554,10.8630402754537
5.28208584842429,10.8121501975753
8.91049082484439,10.9740535739484
12.155038442936,4.37087554234501
16.8199716608214,10.6292048060998
12.6334664474628,8.12651197827049
10.5383636734554,6.93892905121521
13.2193921044269,6.40477221970259
12.8304475596095,11.0879503097365
10.7197587715304,14.7286361286416
8.01320647321899,10.9072234148389
15.2008701291771,10.3452679640868
9.80700403754638,7.65455018116365
15.082856277573,10.7220025230553
9.67583552970827,7.01607084381419
6.91393481849455,4.62735417479759
5.30790975684655,2.82332691392256
13.0909874460773,12.8871431510548
8.29778899565251,6.8200753252217
8.11546833603314,10.3221291104182
12.017421527989,8.83600513697696
6.60941443073189,8.39554720291763
10.6772272456529,5.0249014464224
9.31857519463533,13.2088249007769
9.82833246161449,9.63638223456155
15.0964358277853,8.81285002377344
7.42823623013317,6.65916527104151
14.1777955153698,5.2840208243043
10.4164986206308,10.8169833109637
10.6607387006925,3.60621348463566
14.4792920195162,15.0132254121007
10.2054462339488,12.2703945085957
10.162267207434,17.4821187732248
11.4771045857152,13.4346874414569
3.91887930280724,9.46445140109138
7.36341043798789,6.68142879077743
9.43062518389746,15.3389588276667
14.136681850868,8.41031906751834
8.62461768352498,10.8970963130915
11.7510842874515,8.9253555916971
5.7234895090193,14.0017291148635
11.2635201406846,9.14134191778869
14.4896687169921,5.11681168098191
9.91273328470342,8.27829767144895
8.34674918376202,10.4018366429489
8.03367534272018,12.7628265584369
9.82409069456951,11.9562466794242
6.23047377143245,11.8382217147762
6.91440204890238,10.244344982659
16.8077984761477,7.4783289290572
9.2493282600233,9.35912897774414
13.442685614161,8.14173584337611
8.06677559280591,12.6419831076879
11.4789337798622,10.4336819530216
15.0082386731349,6.49233224719736
8.65011849963171,12.5944738221769
7.91847400761569,10.1496923368041
3.68261116030197,10.7494911580989
3.17247091654151,9.62109969132457
11.0414213495958,13.5788285954305
10.8627632354507,14.1637879409622
12.0663988137513,6.70632829049948
7.18017017016489,14.4770319122357
10.4579928253091,7.45780642653926
11.0976609160514,9.7371051957745
9.96780750523325,8.35905860915293
10.0602954816753,6.78437459221168
10.9593954071783,11.8815943899988
12.3306443055607,9.28147022923032
10.0565002455456,7.47628934247869
6.74639001186102,11.8106038494724
11.6354173885871,8.10672174151808
13.5530219678052,9.68565339276302
14.617958604428,8.44298776015151
5.46338574721531,16.6938268539865
8.75685208556299,11.0758268609379
5.64429896068521,14.2820882695312
9.0470633070998,4.81846724924764
7.72253905112813,14.7200402953693
9.23662421607475,8.92640127655716
9.28772442911272,8.75422890117826
11.2377521537953,12.469989864682
6.39139458009326,9.44732120562301
12.252346840329,10.0787088560971
14.5428389981069,8.53317813160497
8.2716862614424,9.10261823795125
8.09488917384728,12.0174671859495
9.71280215737224,1.76271224060477
8.0120564312119,10.0250637413543
7.56115956119394,7.43346077498518
8.23989183470666,9.58648698047842
2.57945949299544,5.73778024952356
12.7801514220257,7.92773436289024
9.88684047093214,13.6785612001992
9.66764709005996,3.51259896971543
10.9857683325715,8.93096972625451
11.3252877157975,15.3067056913957
11.6856406142577,11.6348079340553
5.58738876459226,6.70547364954124
9.16195709165768,10.9965744736372
14.468697542315,9.20280468768195
3.95938688776964,15.2654668585926
8.70862396017541,16.7591781582746
14.9190913772034,15.8236298114004
9.99662004592634,14.7273725581934
8.02860710945908,8.03768364760585
13.9268262364635,15.7392330924222
12.5783322531061,11.9187799010109
5.19319830413015,7.57658164205083
6.72080373927228,2.5788681646529
5.6442542662235,6.01572988962087
9.44201786100809,8.95710721177736
7.81004253068767,8.13968933292081
8.46242087498042,4.25595929238868
12.0004486186445,12.341428953498
7.5828992774755,12.8074066555585
10.0349495292334,8.02664840595056
10.7098562597633,2.53265549320051
12.3601057825972,9.85529610852981
11.1258003669873,12.6860224051866
6.37226319325909,8.28313639240621
11.9752222623409,12.9407854741563
8.49325161276662,9.16226046395901
5.38640386300893,13.0516165251944
15.0460590476431,7.24510088268752
8.20933090383134,11.7227907361701
7.98507433986863,6.26517373425536
13.3557887202613,13.3371611063326
6.43831184291165,4.5902926854971
12.5603954221907,11.0115797543678
6.83503795344586,8.1950136358596
8.04099881551967,9.97167237222257
7.98812728072364,6.87736539757144
4.69846762822951,10.8499297064577
2.1758262127277,10.0744293200538
10.5808016372789,7.32149281154935
12.8442496800132,6.54319169548585
7.82249800203176,9.10228831706195
13.2435169192123,12.8395943906232
9.87619412454187,7.99877080906864
2.9487737387043,6.66273457655813
10.0913608018974,7.05403046340888
8.77700132608249,8.35751365031084
11.8419477469324,11.0791106061238
11.9967056136405,9.15359498092752
11.5161006501526,8.47489407632058
12.0663651491779,11.3072389629629
11.6913842426788,6.36973731654319
9.00296501556008,6.63632142604911
6.12987690253512,4.41474753034409
10.3474060007524,10.0318623431929
17.3571809559946,10.5443057392514
11.133380679939,13.078666769134
11.4445124205511,11.2797999547054
9.47270412651637,5.73944825381653
7.95999200603546,8.91831986986735
10.2430993831695,7.82271862522098
13.5024473460151,13.581518616867
10.533242078952,9.66157084319264
5.80538123922319,11.4481421074011
17.6048880967924,13.7911035788657
7.27464347911611,8.91285856183633
14.1336934430412,9.36221392084447
8.11813723296243,16.1927942820142
6.91640070094425,4.86517705059218
6.82129059131115,12.2298224776327
8.71974779891079,4.34706583671721
2.50406654139402,10.4519136933402
9.57463979404671,9.05905673764668
10.253100749637,11.8364784100633
9.21439736737208,12.6856832579415
16.750679458449,12.3037431519524
12.9313159135643,10.9812607824421
10.1261146156241,15.831097598527
7.27660708075456,11.7882974780662
6.10968806847577,5.35209654884086
8.0785085273443,9.84916170275945
14.693633433289,8.48516629266896
11.5711892519876,9.00065718953174
13.2105491460747,5.22762224770784
14.4525712795285,7.38775199067149
6.87047950432191,8.68044738287193
12.7882858939211,5.6001904880234
5.79250054200105,8.51562635773061
10.7295853843836,7.84761165174016
6.4070835578004,9.88290283839447
11.9013921032569,10.6340744793163
9.48141933172181,4.91105949964188
5.54235136522643,11.5717171088198
6.68662515428903,13.534355528872
8.47014780908922,5.56244407083445
7.57005161064496,12.3914720733458
13.7122522817038,7.16343656210393
13.5167732970914,8.34713668736693
14.1351374241935,14.3753303644184
7.28051878744381,12.8152656568006
15.3011309118815,15.7937179594127
4.07665495609331,13.7454990718768
6.89031215790427,11.1634860871894
9.32204927100837,11.1902482986633
3.96134053017505,4.06509198653739
6.98209681080948,16.7683512205881
17.2069399373784,12.288858900736
11.2428860685674,7.50051404433663
10.4860814265192,7.69169538667453
9.41775690714319,15.6234026314043
10.5777530051004,15.7903054101537
5.44675977296718,7.53667562765359
10.8273685479541,10.2777860557414
17.7275386884805,11.1269026773991
6.11819588281037,1.75830881434643
7.73567826739979,13.1980489120844
7.64022726709646,15.5157453539811
12.7149004841779,12.9375005195891
11.1307276005435,13.6830478428963
10.4081172807779,14.6722668491846
10.3785445687468,9.87748847541126
9.50046821198197,11.6737199593752
17.5570961089385,11.7906598242438
13.1705014629323,5.94415194568085
10.4665091006451,6.10353031075213
12.1090191008474,7.37420640715193
11.3404834456642,12.3731737143175
10.2713739449157,15.7125736733407
12.5513751332321,10.0266045182143
15.4447520260409,4.36604206162572
9.29089215401959,12.2423303573677
7.00072093641345,14.7631542512764
8.80942058394192,12.66902649164
9.97396561547009,9.64630817073075
12.9782198953358,10.3354089094663
9.62842179573196,14.7129828075111
8.62770002412666,10.5577398044549
12.5997341573957,7.84861387603387
6.43929354348715,8.94090992543894
10.486750047728,10.8692427275402
6.01078855509902,8.81533532702956
11.1563899225387,11.0999041409754
13.4399238397089,4.4335225884328
13.1030706184877,12.2695760750706
8.96098488132457,5.71328151148157
10.9322134161223,11.3402667972333
9.4084195774545,6.19303930649099
8.39836658592584,12.6314138879614
6.03378665221286,12.3889454109239
10.5189299705752,9.57170343240707
11.915503768513,9.85501000478043
10.3809625827814,10.4844505403912
12.9058030828799,8.20868101893965
14.8890395489154,10.5532222686116
8.33743515235322,8.70231093346201
11.9565353675819,9.00722593743947
9.05845880478863,9.69815874342689
3.45756732707785,12.1096958571832
17.1280433063789,7.91437718071196
5.9790482843451,9.27648558179366
9.65693223320695,6.37185191085496
13.9716704787226,15.7580663805612
6.00525709967328,10.7112594342519
15.5472016609832,7.36957155091826
10.7553524982347,9.12630856813283
14.2951329197422,11.4261806798795
13.8056039793766,10.3831184910946
12.7830558187868,5.91419230673458
7.38500822393032,13.8919875162422
7.04477481915271,4.32288752295342
10.8613662741545,10.9393577170541
10.284201630149,8.11011597930108
8.30936478255393,11.4711563144748
9.42818948959514,8.24639139104774
8.87008958053029,12.1429473373954
5.50172038130067,10.384154592239
8.09666471038772,4.94873757329026
9.88172274779257,7.21925970932868
14.2630833637435,11.7211389231616
7.54978240694019,8.90462273037166
10.3104212602683,11.5936852860294
10.097305324378,14.3840931345813
5.90417655826028,9.90385195153797
11.6611199720265,7.09548109771398
8.43390276277646,11.6579055653115
12.8069955276908,5.77067821096219
12.2614514854808,11.5298275833561
8.9238718636837,12.231153216943
10.534580569998,9.32168189635886
12.9109829726417,13.2103625994463
2.92495510885139,9.75389087865519
13.3359270666522,10.4433605049546
7.64402649806468,7.0199811376903
9.22517122920324,11.5127901497977
10.1722052069107,9.62473887308132
11.1544846570116,19.3586576705071
9.84194384058359,9.70797503037373
10.2735767577074,7.606441984128
9.32331209777497,12.025554346194
10.4352237723714,14.9358269521472
8.12532839182245,7.52707532509607
15.5193867779692,9.30147881526505
8.00917877353331,10.9821520396496
7.77231783618115,14.4233886261376
2.70917914489536,0.101642155437482
9.6055126841892,6.61426938593621
7.65742326746776,12.746382632086
11.2960133365278,4.69001168678251
14.7819549693625,7.69127397054913
11.5389090240524,15.9402842225063
8.51290534666888,7.59715512340871
7.64484500687646,7.97743491145132
7.74504460306049,7.42740838254977
16.8740333472117,2.48186065750384
13.5421535649032,9.05994892495312
3.41693247934899,7.90751918703922
9.76483557828388,8.77715709183392
10.7966751479197,3.87082623208142
7.86233008163491,10.5240858708421
9.67035837955084,10.3549535934165
9.85850690938213,9.3164042617315
11.394656661214,9.86955498925406
7.15133094840811,14.7634299449982
7.50852318139713,8.07675431527686
9.65448510560216,10.9355196209413
6.0772953634111,10.8248099417781
14.2458144213766,11.187682800248
10.7160399468724,11.9453496838795
5.73263793372339,9.30843266517394
11.3831299571904,9.24454868017416
9.6398419556524,8.74553106251793
5.10998068054206,5.80201449301917
6.56329062281879,7.27934389777245
12.3589575417771,13.1013293520985
9.72301703673307,12.9521675786285
9.74927564085104,7.73619784025341
7.68674377064639,7.31131854320577
5.28663834152774,7.79449015782231
11.0424369397535,8.58647682513386
5.09552103873894,9.72036999592776
13.0562220555199,9.8799517678555
7.28169149261378,11.0476506677012
10.9058747141665,9.46534921240955
5.94812462402892,12.5222603600546
13.3032266996229,17.6348876419973
11.6252320147589,11.3072444604313
12.2762782597213,8.32712123517558
10.2799572382011,9.61479899623659
10.5647929124121,12.2437605083156
4.33978752252183,12.5270171898044
6.73744074211869,10.9588852305151
10.9644554765623,9.64899918932156
11.6901753336593,2.41349107027623
8.65497822255881,8.73806811827048
7.55130856616874,9.57347282508718
14.943037668259,7.90452070978908
7.41008551028288,7.27880887457601
13.245565238432,9.2697356615673
5.57773140391255,10.5452358983677
12.4441406601464,10.1426945187363
11.4435741622003,11.8350309585642
6.20803258494958,10.0074778459429
12.8958332963264,17.1371984129087
8.90969023771013,11.5200259792774
11.4525958238755,9.56765550621275
7.83397688194979,7.38950506191303
13.9924194631768,12.27056985024
Rho_s: 0.00191875391875392
Rho_p: 0.00591749795965451
IC Time: 0
