Rho:-0.5
N:2000
5.04833149520283,13.5704153788196
11.808431656185,9.20382796203581
8.57834833837344,11.0717646671448
4.60716090604895,10.6760501246179
5.73663699825582,8.17401818234825
10.4766625016545,12.1353218588632
10.3892986136831,13.9971703879314
6.2314936638171,14.3002126651959
10.4430012327706,8.24389530194078
12.9375215980733,10.6432547725655
8.2364118471378,10.9398522428376
10.7291856946102,9.62330863871861
8.66954829639539,9.8943788118764
6.96603382662401,9.96974671498791
10.9164414730664,6.28928793830295
10.045064630891,9.353357280758
8.48164475016298,10.6247107099289
5.78261110828195,11.2220719311371
6.14419062725864,8.5355625949344
9.71121558714011,9.09523784668974
11.5112709160983,8.19925954742416
10.7090646942391,9.00102109091375
10.7548106335428,6.2861731564415
11.1092776579652,8.76977523224796
8.49422864088967,11.8978020338021
7.47899273006213,16.082263541136
9.72293074313303,10.7547093444236
7.97174194669537,8.26511585577417
15.9760404124132,1.35550615668658
13.2372114641277,6.44085741505055
12.8383907912613,7.04414512332279
9.40139923526164,13.6453340100127
10.5830516678235,10.4947861564919
6.47060790841698,9.90239107975417
11.8083781160593,11.3236688267387
13.7446546938751,8.17632501356214
6.13121400081631,11.932193297743
4.62582198696698,9.33525001429683
9.7387163007499,8.28437201957102
11.9886748415033,7.19305042858399
7.60033783597906,12.9194216043019
2.75667433571591,12.594341026517
12.7953044130833,11.5341485687493
14.897958010751,4.81322152651059
8.23058134160032,11.1792656172728
13.2262445365799,4.70358449123118
12.7781805282892,8.41630277982281
10.5437280540399,13.6351742441789
6.377486451844,12.7211711834908
4.90352451451158,12.7616316535081
15.3855331184185,0.579952183501172
11.8885141428597,11.1727862292089
13.9490821582941,10.8656040609889
8.92929156706075,13.7890804795609
9.43767935734566,12.6975086133113
6.63153588735078,12.0378068462844
6.26585242446289,8.05013448747441
8.46497924786356,14.3706589936935
11.0254566818319,10.0318467858717
8.56821852859295,15.6605634407788
9.79469882657516,10.2234649967571
6.54309756464684,14.3354804511397
7.31542257239506,9.08730407170229
9.14078568191183,8.81204159091022
11.214820976882,9.78600781433965
8.08481867033297,14.224608329062
9.88085386997236,9.89006258519353
10.3662483560789,8.3514502479217
15.4245962105435,4.25340905047847
11.7517142102974,4.54936541034216
6.3839605789718,8.36419319198761
17.8241567119915,5.52290240832979
8.48919946980011,14.5325061721201
6.85784872528977,13.2478061533107
11.6040424404443,5.2600489104547
11.0181038807732,8.10203461752049
10.2319320773872,7.76526479878695
3.81948466813621,13.7324231926378
11.0622645135836,9.57644218549857
9.63657095010128,9.27532299767
7.54572500615229,8.26487479160948
16.102320843391,9.58248860220676
12.0881748866195,11.2578755742543
14.8406675197166,5.63077884766625
13.2402443935577,5.13475634164746
8.41316366038186,10.4919651446767
13.5079408193938,8.47421689154594
6.62617363292649,8.65380407660137
8.77296251604244,9.29758341438579
6.93471424872056,9.49196097117562
11.9689417695563,8.81154376132701
8.95658455524913,12.5196657008741
5.45284889579897,10.1030384246289
11.184368273237,5.09986447386631
7.0122501345523,16.8603402693662
4.99374844994441,8.32062449226569
9.95798836524862,10.9123380415855
8.25637300439419,14.7703741390319
12.8301169384709,6.37086661862955
5.51689581755743,13.0552649764891
12.152251550567,6.79437522194394
9.16941032041727,15.1072053415221
9.34694247254239,6.10570550216439
12.9162462895973,5.80169668107503
6.53920048359363,11.7148475069542
14.0763760024393,8.386096192699
15.9614233711463,9.7691740373112
8.60814580516695,7.07281110705276
7.3805895328065,9.74610643413888
9.58775516925141,8.69262019826462
11.4076968021526,10.4000091185519
7.01148166449804,16.580936664587
9.10949926562073,9.49263874003774
15.2251952943548,0.717767304178061
6.37874543676475,15.5613443136002
8.94572205482325,8.02513872631051
6.68496037030284,9.87403493494739
13.3202192052896,7.5683722731029
15.5995266494498,0.0284815679053967
9.47435472667117,10.2020379462941
11.4657139537877,4.45807313399151
3.92684907146064,14.4530317244063
10.8167151253464,6.97204948576777
14.0749922289939,8.80280626546027
9.93330691573888,8.46865251568823
10.7201943454985,7.32423507584223
14.606664656003,4.36508070116334
9.92576566463749,10.7865229650719
9.00905675468365,8.28557175458319
9.44565392765234,8.18894313447153
11.633438535043,9.14582469180993
14.2285080072214,11.1858373886007
14.3863529623365,9.07800898830307
9.4519684399569,9.4061283678178
12.0362042451788,7.96509569057539
6.88244904567255,15.8778491052994
7.98073628747043,8.04054692269757
7.28756269914394,10.3362002036868
14.3630597137428,7.5838679369977
6.6928055956177,13.3992820723377
10.2242892952361,12.8183666597436
12.3000920827339,5.28996120595157
7.99652481852271,15.2616881404833
9.6820936570154,7.16515182944325
7.47639636991219,10.7307197725384
12.1880654108965,12.4743169661248
13.7042388170234,10.8215523214719
2.93079190676006,9.46378796491879
15.0299262231103,8.1619483843643
12.2823319086324,5.65112559477484
8.61030575520619,10.395428261526
12.2646075049222,8.76056353549104
14.3839921764636,7.09362765750155
9.5734841454451,6.6232160720379
13.5191568706473,10.1974137253568
10.0841772548356,13.1057180319891
1.17580557485212,12.1329848921135
6.18200609881929,9.87711904422776
8.68822627041741,12.3535951390578
13.8527576351288,11.1948452979561
5.09068803013946,14.5335466951197
12.6372553034843,11.0147233330313
10.2993261480625,10.91191958698
9.74929148030781,9.6593839769417
8.71258658926343,10.1429551676933
6.43603420047972,8.53013911885073
9.81456932514285,14.1297889490718
12.8734981969221,3.62427325072395
9.46231553477985,12.1123831609492
7.62098253917936,7.63036441415703
6.95210545758454,8.09077425483219
2.8240903792409,12.447770488266
8.52464532372531,10.6959951717073
5.96265302068192,16.6231406941337
14.4056163070096,6.51213004407872
8.14549858950788,11.3700427884681
9.90479709995788,12.7466530265968
8.66849959936581,11.2261871050628
8.26044992852596,13.8677876724699
9.2457924627078,9.51089454009026
9.97155746921954,9.29760688637357
9.66938270273182,10.3191066898756
9.37112673408983,7.11908233810829
9.64399850417362,7.91145849839602
8.2649028868161,9.19688492963594
8.5809061088393,12.1368811401022
13.592693379337,11.4366136484092
4.84217358056391,8.72995876549532
3.22921218023152,9.87538149855136
10.0799225371735,5.88915829290783
8.04406235377337,12.2199840451897
7.18445629656238,14.5747606141792
9.69193802781832,6.65240952767234
6.09253915751674,13.0930573375945
15.8057602192603,5.88829753447695
3.46149435725376,11.5700120916692
12.7383492664835,11.6982971960235
6.26387756355395,10.5855923697999
11.8862736751875,12.7411501688849
9.55683389934559,14.5221953698041
3.65922864178887,11.9054919460616
7.79633804104574,9.85690817456056
11.8915477154995,10.5308566565036
9.81932683602418,10.4442167255526
9.61608371890435,8.56189337374079
11.3237164657085,11.640059372034
7.12910244606014,13.0796599463786
5.28500244910658,8.59034734928091
10.719783359284,12.143707750498
13.1772810294809,11.6608865755001
8.90011413413209,13.8205119708901
12.9599849211756,8.28171178174526
5.91316557231649,17.9736854684059
6.42808257038602,12.2626113346587
9.71520192109136,9.3118499811994
8.82564183493537,12.267576092231
7.03044282559224,11.6342761124581
15.7062292193931,8.44631590390357
12.1727995840628,8.17186907139377
13.3271654975363,9.43378316172859
10.3657602235639,8.39134928086619
11.4056895484272,12.4360457166391
11.5275474264731,12.1034903578513
13.8276119595056,3.29346646043699
9.07232468974728,9.48454222188794
9.6259331714339,8.27054010682642
15.254474224152,3.44142287048285
12.7524575422239,7.36929314720368
12.4078972230523,5.3110801873451
10.1782507902943,13.1048037660804
6.16131375373381,16.2053826063048
12.6630333553945,10.7090293527562
10.2826119166279,9.05358215638007
9.03007986236152,14.9761455308814
7.38680934732178,9.81480803898521
8.02954572087883,10.1671263898281
9.16927056726669,8.6299412093234
9.92151938412154,6.30894109066071
10.6778088254706,11.4977327678985
5.41654611372534,14.6710277933997
10.3554658718789,9.6813507476623
9.89116774075163,7.04215558976747
6.40867516689111,12.3615677737405
8.58866401784347,12.9147542577644
8.19694844524851,13.847244736237
9.14825433555305,11.4460561487841
6.54883294216821,10.3278971745807
8.30175139577132,13.7102112591602
11.1874059741667,11.2554979015249
7.73433993120941,14.094213490154
10.1356820781834,6.5308688579172
11.7438805744749,4.39788904616592
11.1569516795065,10.3482042800939
10.5213839983829,12.1655795046187
4.45091073608482,14.3106445955478
5.94644105573661,12.1153355998696
6.72912637870567,15.2142057549827
5.37556757794259,13.2025103247739
11.6569748476044,7.87023034948
8.83871825810224,8.346314478717
10.7894184443568,9.52274693406691
13.4501776074561,2.7356361674013
5.17964345740333,10.4088216531555
8.9735683693938,10.5817884289653
6.64040858642843,10.5960063034031
10.5190189795828,10.1967186127787
10.2831037072165,8.96496408937141
7.55638448135493,16.2190696654023
3.24003820711768,9.54065446058854
8.49243328881998,11.461924738996
8.81591222432654,10.1198177210488
12.8777045796315,5.8105926599459
15.4565353896778,8.20027299574968
13.8332058936809,2.14451629536236
4.51140550915542,13.6254845149478
8.89875965256315,9.28809099876266
12.0111900483793,8.79395678790712
10.3617697299978,9.61632319072515
9.5745957794681,7.03594046869259
15.1422445996773,10.9973960762628
11.1448883699269,7.8096185640208
10.4268318023945,5.53577293919545
18.2089679356096,8.81987652626443
5.60958579417413,17.2658759444971
10.9805525984074,6.74737587733237
9.98537350344723,11.8095002007476
7.81487959778794,8.94491716008094
10.4310931965884,11.1429984167958
7.40018225153061,12.4917313761585
10.4208712413615,5.38390761960631
11.1789471098641,7.62939855834482
13.914230458256,7.64777621491944
9.71631831668328,6.79931565974399
14.1132406757068,9.5568194183967
9.3324648711844,8.28755329966218
13.3843102280906,7.8317688911622
8.38901792923184,7.97015029366658
11.7535459195764,9.06673708205637
9.35357075282954,7.77673326351404
10.9824446067658,13.4523760005465
10.7186302367149,10.4358903486927
13.4087217601818,7.7075303089814
12.5914048806039,11.1224517695165
10.485532370832,5.34125807691169
9.33527245263226,10.5581601842962
12.3517379024657,11.9335539427229
12.009834591374,8.51409965268178
9.77733492473878,9.9031894853342
8.96952801063232,13.0709921947348
10.9123831473024,7.11499755004669
5.38079048356201,9.74991179854596
10.6380740973362,7.29160829655392
10.4225291927758,11.4796433165666
2.60078469083181,10.3089010286132
16.2439198519576,9.42662852449317
6.62611060453574,11.8724096483868
8.3152845341357,12.0074241098312
11.2411372947011,10.1743841129808
13.3796216597965,4.71575308137746
9.67675754007583,12.8090878216237
7.98581797363878,15.5643823742645
13.9679914201951,2.02467318671463
6.44686238899331,17.7607130852602
3.17964618707086,12.9092876425059
8.53103968216243,8.80497347672284
11.5006424906363,11.167718959197
14.3938193117899,10.739666428947
7.59600788944096,8.95002733085994
4.97820823075327,15.0103831310158
14.3082143649809,10.7092624249507
6.96858428188105,15.538509767335
9.40090759616166,10.2045994543946
10.1604124742637,6.98229098598726
11.1077204677298,10.6279940585823
6.4646738792189,8.16593497418732
8.42584546492972,13.520245585279
5.09801543878407,9.1312915282731
8.34582770205568,7.74720375773582
9.47191919871739,13.3030327178784
11.0493476558464,7.22802005193735
7.7737398008903,7.85940635281273
14.1568655872208,11.4290118891629
4.63727029961,10.4544253645896
11.9578533553935,11.4738103840923
12.9861559488393,6.99109460157323
12.1045511162336,6.25334932932106
14.4775128793639,7.30015747910862
11.7260000449435,9.20344457352665
6.68192762376211,10.7105826731819
10.9528271177306,13.4235246979859
13.9579399900621,10.2609232771084
8.7207791081496,12.5255431341568
14.6066789804261,11.1791833431415
10.816716652061,8.15626110658567
10.5358399290671,7.22254532866561
14.3511602728056,11.5616800515285
6.4453110286618,16.6048597469906
10.7172596213242,11.8985226494265
12.7783834377709,6.26454386528936
10.3406927601579,5.90502900351395
6.12723362595571,10.3331616208287
10.5169978996892,6.37385042624092
9.96193997313611,6.02330670504753
8.92212962346884,7.86976421680028
9.43688012437721,14.4465290236927
13.9276822064953,9.53614482116858
10.0980577157022,11.1658340110086
10.7159144823933,8.32111217072496
14.3696256437693,6.92931561660814
12.7636161036582,4.94639763774161
14.4282362667475,7.71960165008276
12.0354127938542,9.66583945436655
6.58738627521034,13.9921311677089
6.51738248787347,15.6746802249073
8.28813737602592,10.5339483979961
11.3054127465593,6.45264155207443
11.374363861486,10.8368265412618
9.21756351863517,9.68905518426001
8.74136606141324,13.6193323466013
9.17865898924713,14.7516343862385
10.0391602542521,7.90640023941098
9.24412753426974,6.73330453539509
13.0903852213011,4.5176211263371
4.36149630485448,14.9781532121719
7.08971338979214,16.8379049889392
8.1224676429422,13.8904581798777
15.412355170427,10.0625725702137
11.7285802463157,5.30568205931951
11.1873994686151,10.8655779618471
7.8855349322403,9.72365548111629
9.05156554096611,12.7905360208605
5.57260625435594,10.1248136925728
10.5350811221337,11.5154493620137
12.0673455812987,8.40957008639094
10.3850995807011,10.0012771508497
10.936505608403,11.2563992607068
6.83563349828749,10.5155282122971
13.3745810553092,11.5185989773393
10.3713375539157,10.3341029150863
12.1551823270107,12.8565390909076
8.5833414097189,15.0555686576095
17.9223538919053,6.47696028358573
11.728796566472,10.4662619292133
12.5757526452014,9.92345919817879
11.6485372066177,12.1975107430716
11.7260516906458,9.34399856481777
4.12107867977035,12.3840561668505
12.3644273959716,8.88216883551928
7.43238027715148,8.49280542793151
7.64006344417959,8.94391722930665
12.9683312132652,6.77100283724967
13.0470690530758,7.84248313936636
9.23724409221612,11.944322508937
4.91943367367103,9.48893594957789
11.1146487037234,6.61720068734203
8.56714472695349,11.1635273533997
2.83293560908407,8.59970687526403
6.30317938804556,12.4732492497791
9.93168129733914,8.23912141211965
6.77051780539248,13.9477261158716
9.36195088264326,13.5587694499024
7.82162665604956,15.1154392442202
11.8776155454982,9.10609969792013
8.89602205154742,9.30313252258485
14.0363298818441,8.91027097764526
6.35682355220264,7.9307039852933
12.0214484214985,12.7535603467427
5.56210711858161,11.7163269928559
5.92233570015818,17.0788391102969
12.0578669846206,8.10701073127049
5.57453869687977,8.20376021295374
9.77796757667996,6.76506788174802
11.4653359454453,7.05420622799769
9.26996129692641,14.5908139323077
11.5603737295755,5.56673213130491
13.6022551390096,4.23832637832004
8.65207109794278,13.2096697694465
13.8279458029038,10.414532161428
12.0796464534414,7.03778828030323
10.3810355312257,6.68033095614481
5.6038342306061,10.5401971092552
9.68826587793664,6.17477613026293
9.84508026247229,12.2093699849499
6.5754321023145,16.4005822560491
17.1350727332984,2.92451684017221
12.6689268316387,10.7827679118598
7.68480057867568,9.73096165481643
4.40803496248322,12.6118703594982
9.43850470981505,6.76072809733196
7.19250631309763,12.179539155359
7.9981522395045,9.49282210389691
8.81770574916707,12.3403602325453
11.3269493001799,7.37820389951779
12.1882936094549,12.8441604688358
4.19667077052765,8.72517419054785
4.47907710571327,12.1167301084305
5.2569731572806,11.9577071922817
8.90645239965468,13.8875232558403
12.5856769034723,11.1504806043871
13.5134991597337,9.89370623968436
7.81393899129752,13.3757480388907
5.56879257213699,11.1985781241197
15.3841377894151,5.95851896511195
9.28912340677103,9.82127015445743
6.58632539343956,7.92173739772009
9.55235519357017,11.4402651500075
11.6890408134631,12.2300288767151
8.72688038019391,9.18815409883142
7.92566911797499,15.0477240263619
8.91486544410733,9.21120645305777
7.25386871224803,9.97218360646333
8.19208448474151,9.26130367843406
6.62016211091357,10.6974776716997
12.0647831224362,8.92929395614679
8.08418905391833,11.0700897489492
8.64380730156104,8.91819471169542
8.59880324457734,9.38887195746843
8.49141361687969,13.0594359137984
14.9013113902421,3.5070676068437
10.8531920992805,9.69989699138366
9.25235617165641,13.2511346435293
12.8857388407431,9.23464848487374
8.82322693811088,7.59720199526949
10.7860626612203,11.2075579996454
9.45043110634642,14.8275327244
4.96143847953156,14.7357426331845
5.53965051648381,9.20564492077939
13.1331152988758,11.8348478461806
11.4670378156702,12.0903429731764
7.34701962791467,13.7902790382711
11.8748283242894,6.70407312316553
14.6048200257925,5.97059299989447
13.2631651900423,11.3649912254042
12.8284438374541,4.34427944872613
8.71556087395736,9.64696316651974
9.30892609584191,12.7199124842896
9.72406282419132,7.12538581018146
9.65670576452374,13.4511461231288
11.2080781442859,9.24897437925085
7.30044068858545,11.6798224496918
13.187148058504,8.3643610247903
13.4764494151888,5.33493761417231
9.4332577385975,12.2025680764516
10.1076775633145,9.84208509439121
11.6371231460079,7.07484982853007
13.0140510675499,8.84775263376775
12.3480745408908,9.64230396201561
10.2941550083501,12.8795873516386
8.59186578886459,11.6076865309967
12.5110069920013,11.8830090145913
8.78460709060851,7.97537270879127
12.1556216887219,9.20609086783101
7.16028350156177,14.9899214093834
8.78796085096152,12.8576227309881
10.0092896349599,9.38018470741784
13.315097112322,10.7997158996262
8.9728062336728,10.6393866155208
12.0432503944367,7.31859311235307
6.72329539648543,10.5256302365274
15.3760082950663,7.78270293769942
7.65077936108425,10.8956038023129
11.2036917658987,8.66046538294535
10.5054365075318,7.23950112132607
6.30203805369701,17.0772460554827
8.28555647900605,7.73402247595676
7.14558599770213,12.6592451907793
9.33685572075818,14.3041776754315
11.1700134664039,6.02422383429158
3.55379672229781,16.2411144730196
11.8081561737065,11.2045446493394
9.59329374156161,5.98355303156227
13.1615600060875,9.01980311388593
12.2106852037967,9.00242207345583
8.42434241869469,8.3649928955657
11.6555388790238,5.98769627283999
10.3469516732471,7.01677230528077
10.7645002400054,11.5323718497447
15.7080772932504,7.03054559857346
13.1105574645115,11.5077554374143
4.79837595605584,8.71879385710162
7.96148281613572,11.6551761434878
12.5527821832611,4.86469758179426
13.0166515439078,12.1391509547979
12.2098038395496,7.67413482295776
11.1118191359283,6.14317821508154
7.89281877838199,14.5581001355766
12.359904602978,8.75936360963443
10.0391120021266,6.98478974617266
11.6103582719368,7.87974732304259
13.7108202367544,11.4502025161383
11.9162772892043,5.6141694229036
11.5400672775386,7.38105308906267
4.46748747116823,12.6135752635618
4.18533430128546,8.44765278655339
9.47616100983883,9.55040586316068
7.60726324552166,12.5490875037235
9.60114136939165,13.6881733670992
9.87651901140079,8.59894883882185
16.6209712039096,10.0000453009238
7.69925508865886,15.7533754808445
3.87210003882159,13.1839663144828
5.33816249405933,8.30450581259766
7.12622466866554,15.4513493982536
9.6464378890412,10.331202271386
11.434246988559,7.61618215168378
0.111808411630317,12.1756731833783
10.0345657027759,9.9031046097855
9.36347362347867,13.0121443825557
9.16261437035491,7.36108149879457
7.35690739818352,11.8827121263358
6.54773030892964,13.0799546235968
17.0537648497205,6.72402404219689
11.0023485087152,7.85583476222995
11.0126981628731,8.85558352108425
8.15382696303883,12.3008536702434
8.30630232825289,9.39345794763072
8.22245578539864,10.6678489849076
5.85726890908403,12.879690483079
9.87796007136065,9.70523077113427
5.402774437811,8.26758182629461
6.24905813779391,13.9137108240985
11.5589439612535,12.2625021830831
12.3632853173912,11.5006926700568
5.89516765357763,9.84607454922171
9.78406977258254,13.930472019649
10.6481313567195,6.17767012318916
11.4382382796231,8.37945727802542
7.11095336816847,10.561072187635
8.66002444341466,15.516324274985
7.03999374404955,8.98018480859724
7.0959113378781,10.9989217939703
6.53626442808923,10.9909335669962
10.2114438623043,10.5601725807965
11.0574958600778,9.73999023145987
11.7850686446176,8.49619890027451
6.02581901764647,11.4641659931519
7.70867019475724,11.0990026123505
9.13993081251478,9.05041106682115
14.1797759037429,8.83302412960318
9.22390594682723,13.5749176356414
12.2135491415188,8.4402222870777
12.8307234576218,12.1997071740432
12.4427233078028,8.43691318025865
5.43673364556717,18.0636325776317
9.98249533163805,6.50187764719917
14.5952573346908,8.26058714313855
13.1998831425021,11.4869061175091
10.4474140080756,13.4628454413315
11.2597694327269,12.3657182367295
12.3242076454119,8.36478140185205
10.9205369535798,6.72260546347482
13.5567998277497,7.15107261877437
5.47293870636857,10.7740794639146
13.4426187610343,5.02444244950642
6.69643397861507,14.074278182631
6.82400735103881,12.9537286977532
11.6932617443001,12.8032787318535
9.0535823908826,10.8342965612631
9.19711420518072,9.37204548711291
12.8762110271732,8.2726149858754
14.0357698282943,7.61357351230034
15.5300375134249,9.37445304524031
7.74534272532513,7.30520605716825
13.4457040955045,6.45100463016578
9.4866098428896,9.39391458361482
7.88776089572379,8.01725526758266
15.5283134537902,11.6218395903869
10.122269536584,7.45115814578826
6.05140454342613,12.3150764713497
11.9096504349021,8.71976396476683
12.8801142156682,3.46355331825822
13.2254772086354,7.90871083068218
7.79632841527633,8.72286846684757
15.3792887889499,5.45089533343628
8.70064910288953,12.6227205470145
10.1068940022195,13.1990896295536
14.3122679003411,3.36594451495118
8.04791313541064,7.57177882262538
9.17868754568932,9.60077156265446
7.16306565881086,16.3266934547927
9.73216710166413,5.7674011933621
7.69677779224042,11.0075113825247
14.797412411228,7.87466965191398
9.56138516691401,11.141438924772
11.1141103544138,6.19965342900173
12.9195753021014,5.151559878982
15.1022346533375,5.38414005082595
17.2233729763795,9.1056583677672
8.97847946087951,15.0491555784507
15.0113856368529,8.21019005816498
13.6641301843103,9.87836909823687
12.7060137116518,10.8027009516067
10.1036822191529,6.90457214331423
11.8730881436834,5.23442355387342
4.22739259262241,13.525292252314
15.2531909440164,10.2767906078144
13.5554570901472,11.6000490654223
8.56333259867872,7.79321249144983
11.5952919110736,7.67481278943611
3.42165814586426,15.7697307850942
13.7011291139112,6.05730221283328
2.94358775599127,8.92611762545275
7.18115550234499,8.63250293716591
5.84571244729431,11.5110142463977
6.07050729721502,11.4414458245466
3.16369575984766,8.57529379374351
11.9894885043831,6.15079235893729
12.2267511254717,12.7726736442504
10.9809585458546,5.96586660704348
3.95692664725169,8.70105876560761
8.46354917738277,14.0068374242981
10.6012416770812,10.1201115876524
7.87303309926265,10.2237515428409
14.6831109505612,5.41170600577807
4.67478629035519,12.7197312847355
8.6879198734268,9.68813718306053
7.33998383071156,10.0931053634103
8.09642229717016,9.70680400395705
11.4235261145813,7.45691378289062
9.90425977207071,14.4308362166852
13.7542330261578,3.28540860892405
14.4536993480624,5.19110313439043
12.1810891833006,8.23824018003604
7.85518346072087,11.6853687617747
5.58093214420972,8.22661876532481
13.2936027442217,8.41604995555502
8.66541165171294,7.51141353771381
7.5309615589185,13.4370941942477
9.06026533847031,13.0656702429278
10.0090918530171,7.25744328006511
4.27264626638097,9.34732677498811
14.4552326068183,5.31770396734803
12.3824945202017,6.32736044155739
15.8160597754669,9.00546447438455
7.72615547304973,15.2663989103005
5.80464153233315,12.5759712430391
8.02090038789409,9.19971409010196
7.07820995255704,9.21848735683065
9.04795980638336,7.03784248517093
8.15500146323993,11.968228654278
17.4783181739029,10.3224410967202
11.7982587304279,11.3012791883788
5.32341251349175,8.78871093005868
5.39932114841713,9.44996285056902
10.3325534205643,10.2278502954345
9.52375384629058,7.6919935619406
5.33144854052885,10.9643061458432
14.6384761604226,8.84941971580882
10.1209363574931,12.1669391493508
6.99053158567719,12.6314019894561
7.79832615339367,8.73813709070692
6.89390334379509,10.6650266822165
10.2560657653224,10.5490363715292
4.55640853779848,15.9151678301942
12.8937555188369,11.8843868622671
9.62490961085989,11.8430851199159
10.4525777423929,9.23271575264686
6.82070782668225,8.89994473856842
5.59141388907637,17.9449231691297
14.253921575342,5.08302886606445
5.71363529302561,11.6177494528498
6.96087217072991,11.1163703848645
9.28896446346523,12.8933926602968
6.85515528828448,10.4233967848258
5.16973675336127,17.3746477458712
9.39196406378345,10.0644506030912
14.4892088598581,4.63636202891437
4.71563753368363,15.9727937963148
9.37017138333927,6.96679904039433
10.9107354164152,11.7976888153345
7.64671322726679,8.06786259787948
6.44596081706071,15.3964890551874
13.4849725815401,7.38364101150989
9.03343498779333,8.10955964346139
13.1235780432186,7.09086618530276
10.8991015796932,13.0635208525623
13.892791466834,7.90486521472595
10.4623195319533,5.99450232184824
7.62093680213173,12.2645189635167
7.49498587980512,14.1840633802726
8.13045409888557,12.5604178667744
15.6198545101869,11.3060468332042
11.135722462587,6.40945814030089
12.5725921126352,11.9331040023216
9.13256966139554,11.3705227413001
15.3045022251225,8.51177113075632
13.499697073989,9.78031577921717
11.5379655509416,5.58980876445892
8.84689142083663,11.1987452366111
8.84952163189057,13.0374256462379
12.9973184140647,9.26475251237908
5.57766131512962,9.74753879903466
6.91327298633265,10.4449855164453
10.3167974013178,10.2263433412149
9.27083041799893,6.2399875238335
5.89948998471672,8.44125026244002
16.3815171740051,7.03603303823995
9.8831613974431,9.55054723081206
6.43199061957078,9.9865710377045
8.06634147238099,8.09416466775088
6.1010020646934,9.61549302329194
4.53338368517632,8.46760172431236
8.79638667323271,11.0138849049715
4.01386726219384,15.3206353581902
11.257217026506,12.6486002177143
7.9980001942465,12.8199455448809
8.17825084688454,14.1724279390997
14.3807762461707,6.66075779984275
9.46832122427979,13.6401702790331
11.4913034125425,13.1760643029462
5.59765240122481,12.9846253827697
7.18349290278479,7.82132709704879
12.3499060277693,5.02255181655098
8.99007854962105,12.7853697473368
8.09318473490129,7.91999104043797
6.38312477378738,14.5438906220216
10.8925103873332,11.6860809960782
12.0796835656155,6.43042598321144
10.867583628369,10.4096533580302
10.012534431497,8.43301965173258
6.3753474067376,10.0203690872848
11.621049862904,9.87714312896185
7.67003566857036,9.31807145422175
7.00780892968713,14.2932986934197
13.3407281044187,6.29336772503972
9.6202811553928,7.79127017449168
10.9328309203386,6.07137857915197
13.9046786825998,11.4110988345659
6.837043421227,16.3573441793953
6.19754252662168,9.96942957869041
5.45093070162396,14.2880197799337
9.93235951616815,12.4899718949571
9.44617455827867,12.0379573669585
11.9061785676871,6.89528658707642
12.2806894143669,7.5529402507644
6.23144754245914,14.8349153926651
10.3377736478289,8.03900263420732
10.0804162788643,11.3797395176467
10.7362093747761,9.97814518797819
11.2818763717523,12.7757103377311
11.8166946595454,7.91365820841926
8.33522728429037,13.7745223992521
8.78544327589135,12.510985232809
12.1798352166503,5.40812491971229
13.3151507535248,10.8711925794696
8.99004794738689,8.79826518624995
6.98906864148322,12.1803006119627
5.94676624291171,9.92603138821455
9.16467493260213,14.467559040715
9.45068039592035,10.1668938685416
16.6912865130692,10.4344919325533
5.58609338924944,14.8679171264368
6.00482644202826,10.4950728748779
13.6936750313328,4.98306689551644
12.7144376492552,4.40961701941907
7.13057865583857,10.7265758265463
4.12719520576883,17.655718997109
10.9212122443403,10.4486600522033
12.0784929959014,12.536891414068
5.02110509532481,11.2161868228843
5.49271793009551,15.8556790142013
9.31895825813359,12.1259119413876
8.83617486777983,8.54598311252747
14.3016642172098,7.97728407900336
12.594870087919,10.6778244905313
6.23131146642413,13.1060830500656
11.6105458038255,7.1854440175231
9.10855751104583,7.94086088113859
8.92356806346021,12.7466094278152
13.3950572479494,4.15875786011748
4.5477823408735,14.3228636826293
7.18933239828913,10.6725235822003
9.67509588864127,6.14663660871293
8.81162105450149,12.2742960218475
13.6884399866966,10.5026838939664
6.08250635449654,12.5950372691084
1.95766240352599,10.2581438877766
7.58927326158418,12.9230716252955
8.63918161412614,15.6043802551868
6.5810846985724,8.80013254696007
8.54440734567245,10.714852401256
9.8850654345107,8.95346675483791
8.11085575378143,14.0587239265501
10.3835384689668,8.00252676622741
11.8434469154861,9.8043344690099
11.4615224122957,9.07904577891538
11.2285772627619,9.17532406793258
13.1158387117459,5.82187269280584
10.2260533536407,6.78636235039292
13.552669702203,10.4538842793365
10.563719575915,13.1574768152905
7.75774079319208,12.3427865491463
13.9857003908297,5.5912802462589
8.14516131121981,10.8785790795168
12.6838405279711,11.2957136769295
10.8736659137675,10.3744017578362
7.02820601680504,8.03414352333989
11.4682650547937,7.95207419933784
6.13080523753613,9.86291114498671
6.38172926802404,11.8745271404326
9.29613776482918,9.10883478698329
17.4870189056928,2.85520828751974
14.6644756136862,7.63842244308441
10.8594076083024,10.4893388499223
6.08805470460635,9.67600108168391
9.95050185275363,8.88450585698553
13.1274556199285,4.64727135073475
14.7791517575467,4.92472953433218
7.78715080321351,7.92424519500812
6.43525103813123,13.1917955360681
12.5774060987329,6.53469492932967
5.47096181486615,13.7061175624528
9.04313284672044,15.0799428097523
12.8806550985085,6.85801901258516
8.62258414673838,13.1608257693056
13.2509917993237,10.0479119546105
9.54656951324566,6.89638820688855
11.3729854112373,7.58329994668532
6.28522085595592,13.4072088740251
9.60455058821554,13.831262274818
6.21909326910614,11.2311300954447
11.5130706694533,6.3068789327113
8.75426513225834,11.2486056526196
10.1332203143887,7.66022571581047
8.06884143085233,15.2894545386808
12.2012586306275,8.57157692362517
5.94953053649097,8.7038556436251
5.79246893683945,11.4598533859542
12.4500921147782,3.76367957460523
6.96644079332193,9.87462704470329
8.28463079849685,13.1583692413282
13.2051136387507,6.5317336721063
5.39537473524909,13.9958052285456
13.0410243918654,9.87822746868098
9.31041932806635,6.5458419797503
12.507384300445,5.21487027910614
7.82721342676147,15.608920468088
6.91904640971301,13.7031914753262
10.7549982481927,6.44854470473036
10.3466818634399,11.3817071627794
13.4782439243556,10.6275107067865
7.21161308428658,10.7919013523959
8.04093556877123,7.57483752344658
12.0978313096211,11.644086599121
11.0816671122377,8.10872534243461
12.5666854889834,9.49607252622382
7.46723231427777,9.90160603617412
14.7581605870868,7.11598033265767
12.4341206999458,12.5449966823044
7.60693842168941,7.50856099202437
4.27522128810272,9.33559070057229
12.0017312392743,9.75444383908078
9.18956862268019,9.25228513975399
11.7152154488667,9.11976907482368
8.29481149994085,8.4832337775416
8.0751503052612,9.34487419827615
9.34963515138038,10.5970015512714
12.0524672187428,9.27746006235665
4.75663066289739,15.3791146406973
9.82707683175697,14.1830567627429
8.39816877173143,11.5496038263017
10.4737405314438,11.7005792856976
9.37023676495424,13.4170009846775
6.36004519357697,11.2402448505046
10.0622934551652,7.08079684857845
10.1768832729239,13.0859377960685
7.76865950053931,12.2759088762536
13.0646697170385,5.00947125610998
10.0735688920888,8.62837883482637
5.98838172129222,16.0453677336106
17.5808130107753,7.72409849499312
7.12193550330683,14.9253480401858
11.1280087017007,6.34494695187543
6.81302722271589,11.4512976546275
9.77509474003384,9.84769044902736
6.85123402713222,13.1053114416437
4.75376725349228,15.5936485400653
9.77814801344886,12.7101808702186
8.30509351603447,11.8016045991556
9.31751718747429,8.56962114681969
9.50841824260617,14.253833972346
10.3849359554345,12.0197522852348
6.96760220716177,11.4838624854008
9.97780171099014,9.77143643679546
14.7194302731993,5.94200629914592
11.9211256710269,12.4237266935936
7.23060641525054,14.8682281191175
12.81091602509,7.15219535546763
11.9044343316403,7.54648499742986
6.8137909670659,9.48805742986795
8.93059643233655,10.0703114071746
6.29390650827928,9.73790778602817
12.6863239681947,5.36208653811465
7.82518643186141,14.6168590179015
7.0483324590005,12.3686077978738
10.797903915366,9.09337969756823
3.25173820141532,13.8805449284465
10.3713901856076,13.2959863191133
11.3390795735813,11.4144518197437
2.20218168445001,12.3699408041756
7.18872072155211,13.6690264211154
10.671795964131,10.7314452881765
12.744628664969,8.14182697345
7.777054716326,12.6460621636195
11.626615458978,6.65298060467105
8.86851317415438,10.6834880758296
11.4009312903903,8.19264446448539
7.21126384543811,9.77199792691139
6.75454662966854,11.9756606475345
13.5304262019845,11.5268310424672
18.3771270185065,5.03227558042883
6.03453560104698,12.186226408775
7.52493996636031,8.77552457023865
6.43973444589826,9.89014173969723
4.69692944719465,9.35979125505133
7.13233023823486,10.527876606857
8.35315270978268,7.58969199982594
9.89869594728589,11.0312803830023
8.78138256395604,12.1521396330996
6.6926356193651,10.3819133616186
11.7768270541261,4.23695270664593
11.5548544233526,8.33624703617239
5.42108265078768,12.4092240833608
8.36072595905697,14.2409706197304
13.1960158584256,10.2434217426188
9.9965954178635,13.4318226350249
9.05042710141681,13.8306544603149
15.0783300032388,11.5555190319169
6.27789501100549,8.407187109369
9.87804249502298,9.11632627311
14.876298007063,10.5237324695068
6.62344543606366,10.5444265009544
5.28026807596439,11.8327947640563
9.74351330390298,9.13805262491447
10.5984156949722,8.30512537710263
6.10950193665791,12.7595736926837
6.33911601676254,9.13115611813284
8.2582055592735,9.45748423750615
11.6262397849856,10.0555953470856
7.61663676645034,7.53355727728801
8.66550383165002,11.4147327860337
15.2658552221178,0.626597175450414
8.49037423846364,15.1741581665409
7.26599558940898,12.2253922154348
10.610023492412,13.2196569215214
12.3704793981018,9.69126046660306
6.6880943033404,17.1764039500991
6.23080459407506,8.79718740536871
12.4605675083138,4.64693288233585
13.5031457097262,7.33691563032487
14.656035597212,9.00951509481169
7.66629699392788,11.5746815366437
8.58751101793078,9.63527836993475
11.1209901092832,11.4481886982566
12.3105185111957,7.9889848432027
13.032637253984,9.46041317405063
10.6152021554258,10.2167394057685
7.90215598124959,9.10726430260145
6.73509883829104,9.97247199444657
7.75839427364603,14.5272511489905
10.0938399260689,7.09690812550296
9.98376598997597,8.28690800252678
14.1185047362697,5.4209173507293
11.2088452759142,13.3823203029426
8.71113376008653,10.2374341190128
13.8982835533424,9.45671740262021
5.58464608900056,10.0703171845781
5.37979492842601,12.6837775667143
15.3178862016012,2.12661035292676
12.490726498785,6.85137114910798
8.50768776512723,12.5826174357102
13.2192981570875,10.0222346571479
9.1100313711362,6.328466045481
12.5090827563962,4.82901860519242
8.96755798882586,10.7655753374172
5.61872702503179,9.63276943081129
13.5304389735696,8.99243350837988
6.43431263491506,8.38326974532499
11.1737849138222,11.6661376856357
12.1757373764512,8.60619367281318
11.3889535225938,8.71080592981247
10.3680747748405,7.38091194108319
8.81896682926397,7.77724067516629
9.16218599721254,13.3766158045587
14.8663188755577,9.26884159289177
9.81511363952603,8.05360190303941
13.5350903663812,11.6365272454883
10.9853022367681,6.53588411493556
8.38732024991923,8.98356390802234
12.1105094335658,4.37139141422334
7.82062499380635,15.3718001604557
7.50467148204319,11.7713734275445
8.09805138224447,10.1239622948027
10.9157617886597,12.0364670796776
12.8197522510471,8.32903680439163
11.8142991945614,11.6509089833409
7.36158215663623,14.2493084578479
15.727851487797,9.1132259352581
8.14053825482075,9.00384935673274
13.446016770269,7.50664420836598
7.36963143330767,8.13034522171372
10.9381491537074,8.18339159741237
6.92546225677806,8.85502471125211
7.26937119914874,7.65389090828791
8.39478685973542,12.4665384352896
12.5486507127688,9.21375038609078
13.0917094048737,9.57352747818823
11.0540142051852,9.70028154979043
8.14848736102937,12.4709924421106
4.09573369202797,14.9993230998729
14.1505692904363,8.625448692894
12.8522244213499,9.68715167608446
12.2011917197033,6.41819702775364
9.32393481528657,15.0562399978352
7.89233391383912,15.4495026256709
11.8145961587669,10.5021728475694
12.5371732973946,12.4836798269569
6.92406661875349,9.1750874279122
7.3672003143842,12.7840860849391
8.72221846414878,8.77102458694222
5.12464131461605,16.8122348176022
14.4381274646662,5.86881956797488
10.0247564446704,11.2716345453989
7.8474626109306,14.8137962817942
9.0010797988155,11.4671387996458
17.5844748587636,9.3501285054332
9.37748019531169,11.151077407132
13.9789305111347,7.23656457543931
12.3382457218755,12.5677862984093
11.3810920377117,12.8952025205425
9.8296309523255,13.157525532071
13.7903699670118,8.00428759053981
5.47318119541957,15.8398359980513
14.257498436674,11.2828176349748
10.693942224317,7.40915542970404
11.3046504651725,10.4720860161611
12.4006090180874,10.1213447732425
9.48496822271261,8.36538574153466
6.08035971078172,8.37767874578437
9.28546593687218,8.35600659578405
12.3042385639775,5.45471187147894
7.28178770904615,13.6822965589804
14.4483862911605,8.94445601989853
14.0323379260339,9.70020841931583
12.5778634332575,7.67908908837723
9.58496821928844,12.8967580532483
13.0940688938647,11.6444864840909
9.59843840022218,10.7868874716309
12.3679734423321,9.4777718856755
7.63305633528135,7.51803207982249
5.49523611129386,8.29233158127212
8.2124434051374,7.31367785006903
8.47923447267843,8.62498016668289
10.5900561273783,11.3885777312213
8.89500182704741,10.3405779076068
13.7004947532642,3.97120792561203
12.6118687248954,11.7012911566178
7.13269056341784,8.58471030886452
11.2593552419242,13.0938091206822
7.05678185725849,11.747023405278
4.27326668756859,13.9983048799736
11.2516507020447,10.5622936651896
9.22575387500249,11.9072872482496
10.0359212395117,7.77941177751032
12.0219850231958,8.02820457806067
8.41499214814711,10.0305314201345
9.64661634029114,10.4746034080058
9.75482035708166,7.19966852016469
8.44713630228086,11.1584075595468
11.5503246781672,6.73294890326491
10.940723913634,6.64446634031617
9.37823828629792,11.4657767822115
7.61485261110226,15.936103293562
11.4831824534493,8.82478790389044
8.72743834606077,9.92236181192845
2.41631923028448,15.2000136416465
12.2119283529023,8.91655743386836
13.4119102543304,8.12949061097969
12.9394948089679,5.5028331083658
10.7104010292796,11.0069614239621
9.8097717030322,10.4977495597491
16.7454358996651,8.99595303067107
13.1921242040995,11.2941767212115
13.0710493493786,6.22103235670833
12.9326121108216,5.31740573702656
15.2004817513946,7.04367168883514
8.31806568309534,10.092996641467
7.26567823334642,8.36204525745193
8.05770540278523,8.66074274785372
12.4369180257177,9.04301892757444
8.98579725436048,13.6121670087735
3.41638444206386,15.9697944864258
9.0817592338016,9.70707824874431
9.27698156686116,11.7519254053723
6.15635067569353,8.76523656288457
8.65023020772611,12.6762420351051
9.81640977093119,11.2686142892126
6.26745776674203,9.42431251110889
15.7982278682995,9.28581274714774
14.0325366857194,6.22345782978346
6.08115704328354,9.58919666942682
13.9709093880179,11.5499140045909
9.36551978219654,7.6741599350637
14.135056193006,9.39222985412187
18.6352365939435,6.48166025732284
9.09037593119681,12.5951238089271
7.24379761253818,8.56724803182871
10.9175248370163,9.27405280462918
6.09091574580332,15.5770818084084
12.268555169113,9.25630940717867
9.98826430612828,13.7845058164855
5.47955976162277,17.898803150214
12.513112201899,10.1695926568439
12.0391419925511,5.70311060385643
13.3505032536687,5.85077658224327
11.8872247601991,7.65696107336779
9.89629036146122,11.4835386926204
7.70688929414949,12.9576293146879
8.97054068323118,9.73704131491211
11.3182455494278,5.24537013167989
9.75252366558796,12.3171671840783
10.2885093430557,7.56551970315069
7.69557405378278,12.8264266739554
7.30957744534164,11.729520955377
11.6178535702512,13.2238013497249
13.7833563706634,10.720106199609
7.02328001667153,9.3040233601965
5.92160697652827,17.9524517516128
13.2690147732397,7.6523219142817
10.6983392368321,10.1140903520714
9.8101090475368,12.2164552525205
8.57355905585651,8.55239796439134
8.82273128744133,6.89903773456383
11.0875843548275,7.95655964503276
5.79039139453667,10.3344163826514
13.9279062250523,7.03636758980109
12.3319260300629,9.75354737911471
8.18119460681889,11.1770585940854
15.1034355144974,3.6509524676321
15.7524700807658,7.47067535857425
12.6910642167475,10.6029713890846
10.4659588408636,10.4146235948814
14.2043702915535,11.4638914051486
10.3351368317636,10.2321927617737
15.3584747712114,4.66299019622648
5.82545273887862,11.8652372354228
5.31616804151392,14.3525288711873
8.28801700391716,8.60480724662772
7.97689746713932,15.5958051039682
13.523424365753,11.8768043673173
14.813988076856,7.09161357298639
12.4272465600542,7.17514182906265
10.7213338505888,6.23671091773068
12.7233783869152,9.12528901742695
12.6592332612031,5.69547617397828
12.9577410241897,9.7251705700065
12.8435196182451,6.30647125357
7.98007092029529,7.54222303397546
10.1900331845807,8.74168894373138
8.42809691239126,9.51662622962484
7.4811621663477,12.3671306180803
13.9059422563445,6.64292230900933
12.3097700192563,6.57957179596415
17.3773609568377,8.979303078364
12.8966101051804,10.0456100129687
12.1308895338169,4.57120215692384
7.66629868756045,13.6010346959485
10.9860158339511,10.6298687083397
12.5373059348365,4.05628794329463
12.3325295587806,4.26806169765139
8.96948126138121,11.3123671013461
9.41857574287928,12.8310336565172
8.67532997419669,14.4196826316887
9.6510508391642,11.6466362882473
8.92814090010282,12.8307300769086
5.11704711284893,12.2082442122726
8.39063665904413,11.1606637275393
9.49517015174826,13.1391167233817
8.82643886424733,7.29656073276556
9.1966346804756,11.8939405324719
11.5610054007154,12.843585781682
8.79283390358275,9.29968965363733
8.67502633767052,9.95297627267142
11.8921715263898,11.1868426411565
9.78507137265766,10.9133903830322
11.4640485564794,10.0259377685232
13.5546335848834,8.07868307152482
9.35833156944532,8.41165262918789
12.3122155634689,11.5872415587422
13.5263019103449,10.5608005250214
16.2469412321157,5.81976406298191
13.1078446676273,7.93600966985876
15.032533085024,7.40175510141834
6.78818487212569,11.2765984580998
8.58059880699166,7.23356653621199
12.5367636538382,7.80253731782891
10.8914120721015,7.25153533983025
9.91004521886554,12.1653667712675
10.5472205661115,8.26873934646719
12.3545600198006,8.55801410921406
9.73447875853712,13.3323629582688
11.5430586579971,10.6412967552229
10.0604188757497,12.9690181356715
11.7622129829172,4.71904474500673
16.9409899502486,10.2862873437743
18.099356898685,9.820433101827
11.3653187168588,6.66078988745427
10.4489653790501,11.3016460093961
6.76956369352965,9.16182180008314
8.64858897250396,7.74748242382189
7.04204002874892,10.2552503028069
5.70458131370096,8.27485586272352
11.5102528643341,7.54441937681137
6.48056079818137,15.9757058918594
7.39024709162785,10.0324026433667
5.51107807753892,13.8164467240678
9.614411723476,10.3071525787527
13.6693173444421,8.78798060246244
11.0789246620094,8.94848801490233
12.7958565801768,8.58450331684486
9.74431659037475,6.17591991483632
9.60571193184261,9.05778398364195
13.304145896094,12.2016775054383
6.33523578016225,13.1123086951744
7.94121276832318,11.3441184355615
8.29398079770505,9.83781847572825
4.60898832623121,18.140923059486
13.8658120397216,11.947189258289
16.9616080877657,11.3280326391545
4.77918456527627,12.8458488962439
12.8147591763156,8.11166570357051
15.8172392532639,7.8243809205436
10.0012585582907,12.2064607140837
7.98780702418921,8.5879154294512
11.0142390032001,13.2236730015236
7.54931000171644,10.8108056948863
9.80905618136502,5.91721549884579
13.0799865171717,11.0640847211622
12.5433327567916,9.8566606310058
10.8397128561201,13.0254325087774
11.5352162571304,8.72783930499188
6.42124799418705,12.1528293394632
17.1338911044611,4.98423172536969
7.62330052165263,13.0790023200646
3.34986773917396,10.7409947452762
10.6822550898743,9.73108831518237
12.5088136939799,5.25690088895407
14.6422623242778,4.25646202907199
13.2574255914351,9.25887404321914
11.9651483314202,4.66597766429778
6.00470553987825,8.30435261395732
12.5039829959285,8.77607039927216
8.63075491223507,10.1304068919589
12.0133743629078,11.4357256389824
11.159125585244,12.5974311602546
11.1594530960217,13.014869807016
5.01488789807699,15.6326253069747
7.40143715173313,9.29041304196735
9.94282939114999,9.91618034796856
7.81009850510559,12.189142812359
8.81138773558666,14.0442955752252
10.8144153526547,7.9287088459694
7.67216827532959,10.469335145221
8.63696430884335,9.91004564608109
12.6591238742848,5.57700266919615
10.3014030264834,11.2673634731592
7.52520053710593,10.3541522673458
4.05887470178599,11.7186358264446
6.72661910824305,13.9365346811301
6.37732241158146,8.03258535503006
8.85048249006407,15.1019830110484
10.4534555103807,9.91200502180685
12.349865356628,10.727880390806
11.0688626882116,12.8310182225505
3.84387060087141,15.1916117386663
11.4832552369363,10.4644994684479
12.2871971418378,5.87598992893549
8.58727888794682,12.8001971816513
11.7451948915732,4.32557222450271
11.423390306316,10.0809000549385
17.8106237686465,3.49864670227699
4.61815320395037,14.8266038564138
6.99705211484687,14.4622135703922
12.4439355339134,9.72007318636875
5.56013853596527,11.7931827269721
7.87628922634747,13.8592598177939
8.87979982486635,7.70013188790443
9.66422751100451,11.8959356793959
15.512165466288,1.37585622458191
11.157850472344,5.95423634909678
9.27290961769035,8.99145217914927
9.51811750493389,12.7273179078899
10.3602634300172,13.5488377313327
11.7117570479931,5.55449637952182
9.18733911218862,8.25969915030758
9.00493221799938,14.3077599466607
9.64779477400245,10.4009765919444
11.0790233581418,8.7523200450486
11.2848099045406,7.49044989340959
14.5552470468883,9.87059524061901
9.87464701324645,13.7536430051563
10.7946201735225,5.70564967718418
12.9184254968575,11.375978334607
4.78221305203778,16.9637590447366
7.45104132986727,11.9573201946026
13.7057274747791,7.96887451679454
9.79819303106409,8.8210797444402
7.65749666917257,9.43249400886916
8.97826401099002,10.579468331677
11.299659136205,7.35897290444213
9.76898557593056,8.71137599532088
9.18863720192339,9.82360811085324
6.54461192737083,13.1191345369104
15.0766718887395,10.9783765981214
9.6812225784286,14.5391053392568
12.6178041421228,7.56537460809372
7.2020466963886,13.844041150751
13.2542294400501,4.4693077666681
6.83093918955147,12.6087645289595
7.98659572776783,12.2047821454951
10.7223071235054,9.70189278812659
7.93944136657056,12.5372591700351
7.02435352530811,10.4296505690748
11.9055360672921,6.32966083984504
8.30370360296379,11.2766481630619
9.36784460200506,11.5649611506154
12.0298931791127,11.6198817747612
9.182594537233,12.5165508321021
10.4719020442456,6.33043726362185
10.2231841874042,11.51285245827
8.63491607606577,9.85737958416758
13.759167137665,9.37358956005599
8.85801905458312,6.70755281034068
8.09619110053821,14.5209978873018
9.92614231485086,11.6419747719925
14.0112702982497,10.1243333416303
11.2359198766594,10.027557859719
14.5434320687744,8.94396622690092
3.96170191474127,10.8174190333669
12.6131907166466,8.23453094529161
9.48611146363577,9.81292181886734
8.97301667321216,9.96477913353008
15.6921125946429,9.81388682606871
8.95331290685911,11.0355221016603
4.14154736683448,14.3183593812557
8.41534862730928,10.1146626086521
15.4398550650152,3.2762933002286
8.47278296956922,9.33296514541918
12.8984051290645,5.77277398060197
5.30554673681509,9.50415553368804
10.9187896870413,12.21198424454
10.9707653503684,10.8884087964627
5.89001619852757,9.99213878110116
12.6949955339806,8.84887074888533
11.7947112054816,10.6740156092594
8.58228507547242,13.3932742758431
8.35764305967718,12.4220078019753
10.5075630344086,6.92098145459732
3.67531584661168,9.86928092227851
7.96325146230715,14.247460574986
9.82522713349298,8.95264159062327
6.34754744238857,17.8792505562656
10.0779000169286,5.53133255579562
13.3002219370962,9.22246197412408
13.6059566944175,7.04788867865443
7.30812755913207,8.57932704413352
7.47287646531315,10.7686683492529
13.9713300048488,10.6427630063314
12.380000681139,5.82814967520657
7.83007730681297,7.37683694907392
8.7127575148556,14.4675429557156
10.9979038196786,8.25320446086524
12.5390030271692,11.915429654589
10.6030701407962,9.27482308819768
11.7658178467224,12.6596813564532
10.228916381019,11.7902626406515
11.561275414096,7.03840262258012
8.69115335368168,13.0211088234555
16.1764975550496,11.1569148767412
14.9454719125388,10.2448870553925
20.4698133712336,11.0333071835412
8.78704111737104,13.674752512418
11.1678037822664,6.74622240898655
6.73116639677471,13.4872907682895
8.9845107247601,14.1674245378908
8.64745586502268,13.7381904513588
4.56009781492278,11.0897271398736
8.13313524305808,9.75817908117924
8.11315229143798,9.40062968465264
7.86523485913056,10.0634095853219
12.1394063955838,7.79522842194557
6.35205717455885,11.1707048866564
9.42343722346114,7.94492353258738
10.4664729572248,7.41667404524063
7.49014790160074,13.2707599365847
8.56498404890012,9.1805106802145
12.3162529708338,8.97454836308433
10.6349365110524,10.5303272710165
16.7892787504828,8.62013833970575
12.8680832876693,11.014174126476
9.94141223339636,6.95778931023094
11.4142086166674,11.5531157450539
12.6605163452376,12.2090683272362
13.1539848454544,11.5256800192343
11.2464273983073,9.26678408727527
9.8090633009723,12.7324033479661
16.6233863583505,6.35489463120723
11.8188069763779,11.3679934346886
8.79017565402897,13.7216848404211
9.2821898951002,8.55859710378517
5.53096792496089,14.3457948116319
12.180114517626,11.4983106796246
10.7632674294223,7.99156167150425
6.37870364660047,9.61212372403634
10.7156587814375,8.96627529424999
15.6512026664397,2.23607002674268
5.57303196994865,15.0458364080318
7.10656042445349,9.31920820591946
16.4942397499545,8.769414180592
9.70837748920085,8.12644740717417
11.0294448180362,11.518982965554
6.74904605932021,13.1393185306142
8.43231830002283,12.2284397263541
7.57628451144137,10.4717743626572
14.2150533169239,8.76361945020358
13.3623133705868,5.32926216723706
7.23033763685229,9.47943197012539
10.8608067463087,11.3261631061101
8.53622310061296,9.69368139309734
12.525630535359,8.82365896223607
9.39505586659759,14.7651167154537
9.24552570792203,6.82236845280147
15.2037387935377,3.46440398243174
16.3645131271351,8.45934309695355
6.72878387199184,13.5162231092608
12.8131012395169,5.01944568967158
13.4293949906819,3.93193015754786
8.30837022673086,8.11131782459166
16.6667498784215,2.01356189660892
8.83895979819653,11.8583138825883
6.60217650016784,13.0026996016033
12.6649882456879,5.7252892055974
3.5017918453229,19.1851148127404
8.55556133434919,8.70368006126387
1.70612417992943,8.80720850557312
9.46169566999716,11.4335202051152
11.237912965804,12.3155285431114
12.2136157454495,9.67125928665437
12.5662304341428,3.84464905227562
10.2670283534309,11.5000394952446
13.5889947880441,6.66956155886971
12.3292685872411,6.84423046763625
9.47063417226364,10.2411873746583
14.0568559429299,5.83714510526766
15.1296948198116,6.08923226019516
12.9984742566932,10.7350882403582
6.22140740943202,13.595165405595
7.07083062192277,15.0555474263267
14.5568644913835,8.08347152627266
10.0400059823252,13.3552924860437
9.19693749842854,14.3164801962939
12.2379446678503,10.5452938550321
13.2536470244043,6.2347184989563
7.55173091468102,12.6497842342499
7.93787160108105,8.19144292412349
6.38709074070637,11.5851421418332
13.4414523829534,4.54253262839109
16.8747800676721,9.19333599561923
8.54412680505857,11.6612838583893
11.3256950242106,12.463460116301
8.89976589621512,11.9735326491013
10.0454702122041,13.39944302845
8.23463481450297,8.59214673439491
6.06758159967529,14.2306774567292
6.8449623200706,12.48986778016
5.76655145797972,12.073033150461
11.8278464534754,4.82590048278017
1.60876058789717,18.1119491636724
19.0166818035234,10.3145720378855
8.47904906036049,6.89405922814543
4.88802382452975,16.7780956284919
9.27595711497237,13.7945549844994
13.5672149321356,8.64657507804453
3.39177228794073,9.92650521081431
9.59093857638192,6.80384904786365
9.50928285530476,11.9666608334927
2.37643081180043,14.7469072977278
9.20256583397734,14.9660497846808
8.74121592054047,8.2033873365786
11.9728484651759,5.06171871342775
13.0899940502,7.50307933407933
15.9358178435546,6.62361320931678
17.3934185430517,7.05669112311863
8.2404249052477,7.36847030455813
12.4044512981834,12.5844951236636
11.6136723378049,12.6761882765402
2.7208032576112,15.2055098098852
9.713555227624,13.654660033829
13.9397954296417,9.21422957688865
8.83334279460927,8.20519657580498
11.0022157328695,11.8612131037073
11.3137371142061,11.0020614023287
11.9657769879924,12.4257095981879
11.1188772140383,6.86448157975468
17.4587315579869,5.55645803213771
10.6089998510619,7.40112713863818
12.4572654948888,11.7627650115272
10.3980566979661,8.87252983429281
12.3274621943818,8.24665929174562
10.2829380283018,9.6773182265626
10.7293337169735,12.5076826129019
6.15900630953094,16.4154433824537
12.1778484417371,7.7533865858251
14.210262781099,4.58968734344704
6.1339634939203,13.5247211341938
5.78130624633141,11.2744524036846
6.47607856592147,11.1070737317196
12.2849037181216,8.58455688392304
9.36505703074478,9.14390834805821
8.68594041187665,14.2302757478455
8.0830165433739,12.4010463740063
9.43969232564141,14.3434133884058
16.206438280257,3.30313129402024
9.18553414561094,8.23435704246179
11.5732131250705,7.47855228972747
11.0229331042263,8.86924834753801
12.7041138275176,9.54867696042685
7.56790657600758,7.9014643087607
6.3940714054766,9.2334845961022
6.98870563256051,11.8758250068117
11.4059914263465,12.0609431086935
12.0732593154061,10.9631585142925
9.93797954959452,6.24087490473924
7.45322881205512,7.43103180121298
7.26093089232851,11.5744948093628
9.10722262572972,9.68006061478398
7.17845329948135,11.8612231759343
5.23668191487376,8.71527026149183
10.6565992310594,11.7018873727891
11.0094045007822,10.6230918274812
9.80648156378438,8.88698454972171
10.3074585208458,9.07196940037638
11.5144585889773,10.8174445167318
11.7005343784091,10.7991949925914
8.46530806697278,7.91338408787388
7.63003108720104,8.41204065797192
14.6687982160596,10.670369061834
14.600259463904,10.9342973200615
6.64492683723384,12.206008268942
9.23523444666482,11.8438386065119
11.6271106512807,10.7446828512417
13.3383274965804,5.98236225130502
8.25155586280121,13.9038363968758
14.6578150096044,8.37908622910873
7.41782685452593,14.0958457597577
12.9826972920226,8.19981337723227
6.66318002776869,14.100494416895
5.36749897270152,16.5096760635948
12.5649779253807,6.33628970219755
18.1396510427354,3.99556657740836
10.0119524541856,6.17685505123091
14.2062173746248,10.0384126230091
8.80365767582975,7.69319829876132
6.91258182114995,11.2195280926
9.99394448740111,8.53633727602506
8.82738826193874,13.8079091080486
13.1032755495542,8.06801492515898
9.19083739429073,9.01735653456496
13.9220516801026,11.0251849984981
14.1305455772736,8.92410902710085
11.3134822753265,11.5526681289483
11.0149665516713,10.4889122681219
7.94063536165515,13.0116263330539
12.0984717948062,11.8482862888276
12.0077281522015,12.8087481683365
11.0354373459529,9.92380094930974
10.886281692578,11.5004460621805
9.72290994946102,11.4927293728056
8.58301658824416,10.7234621679432
9.44613640194964,10.5548677745602
9.23755809331473,9.2762957449641
11.5413772975376,10.1441635414212
7.72973799118162,8.44838473001947
11.817224025588,6.63059021527835
12.271237912407,12.3732289989243
12.5488048318941,5.58037395180403
3.20373034526756,9.25367353774817
10.6010651319468,9.65799151659829
11.2230988892328,9.85577463261382
10.5359020484534,10.2885740412553
17.6976513957327,8.97094937882881
12.7326135858975,6.72608871104766
12.3815654402616,8.96040842330242
14.8994292207486,6.58959106452031
10.7372565138516,6.26217136662709
10.4186385801685,5.83116277335044
6.49059807237604,15.4984924616899
9.66776613580819,11.7759638732165
10.4928625606504,9.80133641264512
7.26636380035408,10.1911115133869
11.6005892058713,4.83646548358489
11.3291583742827,9.65224161669554
12.3432370891322,9.44986087453166
7.82926749229554,10.0421105185933
13.0512811078685,5.91288450127314
9.58750438701442,12.8184120189679
6.97013186350041,10.3808911101298
7.82182651766518,14.0924559717802
12.1540143047808,9.64057642106025
11.82951976623,8.52499157837079
11.4116895793798,11.8936967310337
8.12654824907536,14.7188529455263
10.4285925028264,11.7076574621181
15.0301068884499,5.00234572732499
1.79457517268706,9.66861566130392
10.2178411821988,12.8259669356847
9.32749571103974,8.53658806145427
14.0656867301633,5.84821571538209
14.7785710397981,7.75574030780531
9.49927894139974,8.30856526197595
9.15044306701258,11.7856418057014
11.408588112296,6.44847344858691
13.1055316284631,8.2046145771137
4.45765031666721,10.80090265253
10.5044710015521,11.5041489095954
9.87548940526342,10.2623294495138
9.11435915493206,10.3613045669308
10.6129962979939,8.27371948825953
9.95966593521798,9.55143783958486
11.788932027311,9.84739618878908
9.67479003721613,13.9796587598101
10.5278514937141,9.46613346720105
10.4572497686977,9.14431395768109
13.931350471862,9.01576382502715
7.57620905796394,7.63377465923965
7.89216702051319,9.2664701828898
10.1717448632297,6.15299644776178
9.87435806246178,13.1954660864753
11.9202869394083,9.51618086616572
9.72849858265454,11.7772066810885
10.0903802402137,5.50093330392313
11.2492387679651,5.49295771313486
3.75456281497551,9.73582938517592
13.2963955470883,4.61214604271092
11.5441121813893,7.08922594762104
8.41625336554518,15.8622359444654
6.80707918874701,10.3879167898622
10.4512399532738,6.09951934484577
10.4356036323169,6.23184145710897
10.9379784341019,10.107647349676
10.3808339529361,6.12367961176925
6.93872498749876,8.93501713314475
8.10602347094571,14.0338607337222
7.56171704350754,11.8414302942655
11.9667741483015,8.46455615708119
6.85660328105282,15.2691675424679
14.7367949252268,8.59046421689577
12.9332403235482,12.1765284564102
6.45117273406009,10.9329701780051
6.37037180036122,14.8409879781829
10.0927578999031,9.15937606177979
16.2468462446614,9.92754047254112
14.6365205581659,7.45358232137575
14.1926367806595,7.46720904655238
3.83448451573513,9.44206445463202
15.8741009899815,10.8909340380925
9.12475562124014,12.1743538674192
9.08915299940189,8.95144364151174
12.5421260779412,4.71279568097688
6.6703591299944,9.56026123479376
9.69718333936215,11.2079569909866
10.4438745710197,13.097266763555
9.43467024381121,9.83039512803117
7.68366135949663,7.71818868166502
12.4804145886504,8.91445107152383
5.82065385653299,15.5308231870723
17.3197147735499,7.96776202975791
5.51044082043138,12.1723848916989
12.2329239478156,5.24318361146992
10.4558527370763,11.8647690394879
9.68751000822761,10.3136635738652
7.88734385857476,13.3115380669263
14.0947488850343,9.93030764281254
7.88174965228055,14.448934278166
9.4700428605644,14.0170348181194
4.94975046760202,12.0032423602224
2.93201853826135,15.5752055697282
10.1188771575069,10.1192874082636
9.38196338992192,12.9319261649297
8.53812720886252,15.4924997392627
8.91263358662566,13.9746527871928
7.59673447958155,13.2301881352755
4.82232427516204,12.9733561237396
3.87670201442414,12.9687627268285
11.052108990367,12.7018961364964
5.52536216819907,9.31004474068166
9.04104211818308,7.30869747145168
8.58380208960205,9.65164265402358
8.81691086521732,10.7919954351045
6.81643011419745,16.0796376960247
13.5225065289525,9.8129960845582
13.1499560765383,6.12055063532003
4.49783547040418,10.1318324805313
9.71288740824885,11.2499056544219
3.19351022417013,18.4975366051503
9.3009892044061,7.84663539070409
13.9199782589915,4.87203190853407
10.9794785164965,10.0230260370079
10.8247218277007,12.4273204159329
8.96802904510279,10.0710396723897
13.0148892058665,4.36516296865861
5.57471906328006,8.37250569954157
15.1742766051404,11.6357043728728
13.0664585206716,7.5856645677246
10.8100245853724,9.28558512131736
4.56129932417972,11.6684549755291
6.81239746264469,9.02303493887204
10.7757041104846,10.3457843972488
3.79329135226407,8.72386972676783
7.23991089130184,14.1977733758025
10.5604854015734,12.7823298603441
13.9091063771999,4.13421841867916
3.24755131759209,8.49868953803543
10.9708081883731,9.17392308445937
3.18195033028064,16.3662572902461
12.5822236188403,11.3212687850563
7.12341036119921,11.408755298533
15.4297329333505,2.84736256110933
11.1190532535007,9.54039131570878
9.64775769271767,8.43794342532141
10.5014331681466,8.87546245689553
10.8015162186473,11.054021485505
10.1424942743038,8.28049064167033
9.94318568467135,10.1198010942974
9.36857251158132,11.0089991440487
13.5884618067669,4.05606155259102
8.35549717722449,13.0374403960344
11.8147217169276,7.83473583206938
11.2169874953995,7.27135853895955
12.9060677997269,8.74838782887228
10.061192037293,10.0045498779352
10.0800519510024,6.54407343162495
15.0422329261413,10.9826939152674
10.8456656058462,13.3098805149708
10.2529983053245,12.5871984482557
11.753703195217,4.37048852831953
13.8146723290246,10.7280680074764
7.81442015371089,15.3816262726571
10.2967355054818,11.3360322577171
10.354726336234,11.8891923836292
8.81028577611417,8.06462588157173
10.7837962327436,5.45813091785091
11.5934123518088,5.11308672998377
10.4628781302452,10.7601560039689
10.0139756022171,7.35868565960992
7.40976761533751,9.64282541536
8.7575127993906,9.50278636799795
14.4776415000073,11.7133739467874
10.2219803410466,7.22588884147969
12.8549191647055,7.38111533522813
7.8293683658332,7.72551450897954
15.6392197906701,4.78644226200079
10.4583370131103,13.7221829298895
10.1357973785936,13.9109580630565
9.33077755116356,13.073046646244
9.06607789566205,7.15293667405615
12.9257691828615,6.1807980145859
10.5317089956493,6.08672668915446
7.26569336744287,8.49092569013128
14.3257592124997,11.8464579192433
12.1033612141872,4.66386049844755
15.0600292269439,9.39832052239901
6.3149064609939,17.8845262114658
8.42110035640277,6.89619814087071
9.23677902470097,9.41281721252596
12.7982641855317,3.82147160588679
8.78811471271738,15.4556040715274
4.21369244788117,10.5111045218651
10.3108611138665,9.50587347522602
10.5879881560174,10.7233427506587
11.6370426921175,11.1244432413804
8.03083629180586,11.2374917477534
13.635547412853,9.34828799150662
11.5184430782487,13.2846752409435
10.4632508460774,9.00407173561273
5.13092384313024,9.84617664272655
9.88068719272346,10.7044598547643
11.7203515682641,4.55646915708875
6.76433738370761,12.2958806909664
6.87575840293292,7.89022142058121
12.5215949767519,10.8957809715199
10.7968761549613,5.74185257563161
9.91381659485748,12.3490270580053
9.77482853793287,9.3123587695741
10.9230489686624,10.5834997276878
5.96704847270718,13.342314346842
10.3145504089197,13.2552754935497
4.76517642330467,15.8681066037478
7.85445960236617,13.5407763016445
5.85004257858123,11.1769310265997
16.3568079641981,9.52976759924034
6.53281455858678,10.2378182845454
13.0298918790264,11.5361721358071
7.17281119888896,13.5504960728557
12.6083279744671,9.12379195722901
10.549449624117,11.0433813336246
10.0235146142074,11.5967291276574
7.37913229829899,10.9512178671853
11.8577539913952,11.876001247773
13.8824845374146,9.59778234412688
12.6729307490346,5.84646062134165
8.45356530541352,12.617737959099
7.61959712669556,10.7725457651623
19.3475828994858,5.07160228167664
6.48532744119856,11.3732001507339
10.2376660864651,14.1724088052897
8.03596422523429,10.8558191055733
8.50192829020829,12.5367466775352
4.38947245032661,10.960870082293
12.1903674942874,7.94234137402015
9.53743750321186,13.707622877593
11.6107450890086,10.338964748969
7.03016834742259,10.2908177688558
7.562924048895,9.53827726626048
13.4871323917138,3.77187198733429
5.91985399915661,13.2530203942828
5.91035169121861,9.46024874353544
4.99322502747732,15.2771621848675
13.1849136031517,7.03958262963911
14.1182360034151,10.1982593801746
8.04525806383327,10.3822335260768
9.16394216083419,9.32831729059022
9.02057979613939,11.4017520683842
8.12774216672511,9.66877597207416
15.6982363193985,6.11071141485283
7.02212214685068,11.0329286565116
15.0368793743121,10.0769343817497
7.35848160591283,11.9466857687513
12.1177408888697,11.7720784515089
7.71473893666023,9.03905332213803
11.6286827879401,11.9697403874138
6.52168413560944,14.3687637188189
14.5543380074372,11.0280004817616
12.0859462966204,8.28202519791868
10.5406900225018,11.637088787509
5.92385601051109,12.9405927373217
2.72337743810907,13.2771915694789
4.74410221837437,10.3615069304234
9.77806488217301,11.2260642385162
11.4700971021836,12.5399949289255
10.1112533039271,7.5373225909378
6.95962307216602,7.97581125844665
11.2051871368522,6.59525739962554
10.5508428331034,9.89878936555123
8.42929634294271,8.70317795132695
7.02602935073864,11.8308963012957
10.548067131839,8.42592519272911
8.72584577198587,9.30949227326125
9.66722366990488,5.99210008588073
12.7794156359873,8.72496827269619
5.20552823545139,8.68754515756099
10.3163013419325,13.8313430736036
4.93977934358703,13.2463652589671
4.33330280544054,19.5938931574145
11.2735291924872,10.3312156351694
13.9784544958796,8.46648806224298
5.67397901692143,10.2520614000791
8.5860389196365,13.6030354554177
14.057025803375,8.99389138980266
12.1756709736339,12.2747729347147
11.46252164008,5.64521356241873
12.3276483179588,5.97931101532972
9.55709414490543,7.50251007376234
3.47262423863384,9.67933842053827
16.1416179247262,6.41007587663826
8.06673160702214,11.3198820172452
12.337027482587,5.72133867079919
9.59985245730376,14.667779220398
8.56011796170851,15.0657830447789
6.96563677575326,13.4139751963636
13.1056464799375,8.40073558412574
16.5983814540472,9.65285134286342
9.00866592775577,13.2068037877604
11.6978322555931,9.7368367853122
14.6129438088992,9.80165465122229
8.71536070503421,7.74037215816324
9.67307912807865,9.29929998939897
16.3418090599684,4.41335821210637
17.2943112621842,5.7978405286346
9.47888006492242,9.08633650920818
5.09609907633292,10.9027208427431
13.1471832322026,9.64465060436944
16.6564900956921,11.6968938666574
5.04936589218758,8.51494221766286
7.65867375493548,9.69743562490791
13.3176299789556,9.83970850852254
14.1207931427367,5.97447080247474
9.08568675808223,10.318230454985
5.3810313169489,9.00800268628531
14.3551188118758,7.38017465912965
5.99598034990208,11.9987953615414
7.45615743233045,8.71901357156318
6.76785496690132,10.4059873032507
10.5116707108284,5.78153071823185
6.63818253930874,8.48949714987399
6.53708649327293,12.8752069286448
6.24450158463317,10.0112004027963
2.35395706937224,11.2931894331821
7.03807184617598,8.78652033348273
13.8364967264152,8.21944221129465
6.20690964306153,9.51857039802505
10.0563412317188,10.6644676307226
9.30475376063763,11.7122445219533
8.75848017757063,13.5378624043417
7.93044807738747,10.8149044644782
9.59207972790735,8.24597412982114
12.5568702641182,7.87783123540888
11.4004661528059,12.9766580962516
7.9785340349743,13.3657981442428
6.64264422783807,11.0807679419242
9.88414282905385,5.69140109392602
12.1371207314123,11.7932619189637
8.36155042030652,7.19843704845356
11.0583831113948,7.52869815633963
4.95295629554344,15.9514279351937
11.9321150205195,6.71706119426589
8.70416256949889,10.2897876087709
12.9170691667972,10.2454754314899
9.1107211046776,6.72946543757153
10.4772551418346,8.20255485124219
10.3446534390131,9.55636948527838
9.48354099377064,13.5473571866046
8.1319270487279,14.7076765656497
9.83213803991034,12.7247051033763
5.2804820192519,17.9336856961436
12.2233714285199,6.59884654368979
14.5194317029899,0.387435172052601
12.9826649817542,10.3606881077359
10.7118681768928,6.08513922931184
7.56933165818237,12.1129130900053
Rho_s: -0.477199112299778
Rho_p: -0.500966769854926
IC Time: 0
