Rho:-0.5
N:2000
5.10307089343441,17.1417545997149
9.81101120954897,9.47204655822858
7.88365941518679,9.63081354658273
9.05746545509341,11.93533991305
9.19916119212088,14.544645209337
10.459478406553,11.4407293652191
12.441660795854,5.16847225268712
11.4929068839921,12.1515256084288
10.5077437538323,10.1841029455041
7.76316476039765,16.626866354801
9.92794192674467,9.83280645874771
4.12244483415185,10.9876657004687
9.96771149326625,14.1281240830825
7.96905723562712,7.79204280738432
7.98996560501605,12.2282928295303
16.0789481999068,3.01863013935862
10.7276073682695,12.7888378782134
13.9574401237305,5.5231521683356
11.0559218297784,13.6891542582058
3.37290822216348,16.3605163970418
10.8733816803676,6.17642328534618
13.9099250150914,9.36414537468047
12.29369365758,5.3111171932239
9.85881814379713,9.49743025176856
17.4046957610393,6.40983163133482
12.9188059431382,9.38706371639324
13.9040280655742,9.72276556903335
6.35646033501646,15.0239224211053
14.9588975635737,8.12395311195134
9.05538207158928,8.39914990129986
13.383086884437,9.63234236101453
2.55751790812352,9.65618939993362
10.9931900110052,6.20383869532878
13.7248048774442,3.59061874939391
9.41147933990862,9.12856156300623
10.6301440787432,9.97853754986657
13.8055793401061,8.19394852998214
4.73940868001135,8.83895890796822
11.9341627964315,9.23611185899738
6.61130694543154,8.64465571457081
7.57813244655973,10.270074165448
9.66666728709914,14.4606306423733
6.6846066723224,14.68754222883
12.3387235361971,3.90962861756854
9.52300814589177,13.6579304003665
7.96689816205009,12.3348664694146
14.9144818295773,3.16732353440972
13.5557784795941,10.34527197905
10.9342493595598,13.1561366390782
10.5577542948467,8.22262282766353
11.9447547086384,11.1830133427439
9.74330294976712,14.8742431063065
4.27669303424201,13.8070069513847
9.7010894862212,11.1333695099273
8.66189884052279,10.8283057297991
8.30772660570304,8.72689664063688
6.49727204223356,15.0252631185427
9.95802724612858,8.78818131174642
9.1157282423908,7.79277750202051
7.7256516688959,14.3501829863684
9.41264773442876,13.9652427695873
6.62657310005722,16.844022918415
12.5518398523084,8.95387933300183
10.1914847004409,6.4251892757805
16.1425157991995,4.10692526802458
6.08324175800761,16.4799593576769
7.99885032707336,15.5960846357717
10.1701413975725,9.75050916521683
10.4882665314916,8.4893903955616
11.0663448289784,8.26195919397709
10.5725374869111,9.28537202301616
11.3134207420142,11.0164337504879
10.3385860900784,7.57579317265798
8.764421375468,15.8385075711814
11.2544583571881,9.32180883473562
11.0069803932035,5.94576258978593
13.871435509852,4.72450305595721
13.4936641914539,7.40709127857318
8.33605519770058,13.3627147386123
14.4505682457417,6.42741537290315
11.2584622304645,5.33972310796084
5.9675000431118,10.0180851799848
11.4084258619167,10.2095834742358
9.44328006936975,12.7330286795168
12.4100525013866,8.8492772192526
7.42876128406194,15.6541508555937
12.4005349504089,10.8295297788854
9.79316751149317,12.0069753456467
10.7049826202715,8.5114949961419
3.91398407068165,8.82504339861975
6.05754988070194,8.7822386798473
5.79447223586989,9.79218038777268
14.6951190337439,9.16167730121957
9.9892198537079,12.2862536617784
16.1016110060253,9.62754919181057
10.8655188451599,9.79052617754388
14.9000075216348,4.65892230159204
5.36820065846731,9.64397166722206
5.77169955903977,13.1055067353659
8.53226269957505,9.5381655749449
9.36069214453533,15.0742449674569
13.3739498987317,10.8837267745565
7.58354060240102,13.9585585993293
8.61874030982849,10.8210037107845
11.7764379107321,3.91305591810865
12.974079686811,5.02232157508049
9.09169554234757,13.9698809201172
7.85684451282603,7.56198937559203
6.02381184661904,18.0872906901033
12.3274409282998,5.84131373486374
14.4222728590276,9.22637590058804
7.30847498520712,12.6598531449146
10.6533867693465,6.32867475325901
12.9787302403149,5.17092329458835
10.9942931871851,9.40914563034962
15.3715572466003,8.15441964033776
12.7776902247087,4.09789135918046
7.88990316533279,9.50997138573744
8.48423569296393,13.7079033396751
11.1962689708166,5.94172671840675
11.2922902646142,10.5897674712304
12.995046742614,9.89445634561376
10.9604251800973,10.4994331211208
14.0883689249647,8.47601312256982
13.2343034798484,4.42863360093446
11.6011352887877,12.6968323965378
15.0170851403084,10.9962569706562
5.00963576416688,13.7775591111065
7.01590252000203,14.1331426100459
14.3386752966145,3.02362815275688
9.37797432938114,9.62366034583176
12.0899932353218,6.36844528761522
14.7921378697129,7.07372562886352
7.36541447488714,10.5490230311435
10.3871883585046,9.21283184637116
13.4598498961387,7.62276479113728
10.300488950072,9.30014331860885
9.7684361913704,8.53426272571733
18.058225242254,8.94796584750191
7.22515000008377,9.6765466850486
6.30156452653006,10.1600605629287
8.07879103876875,10.9045378804296
13.2859671495386,11.3720625884397
9.9832498827133,12.7447377795656
7.39909854198311,9.12468873818011
7.66611255343688,9.80785633230212
11.5199204991772,7.04112978558985
7.94452702141047,15.3898473822095
10.9989585307575,10.5658021924189
11.4214095042614,7.88505024003665
11.8617695853781,11.4028794923255
8.12383020546603,12.2573380791666
6.45265175392311,9.27114284425533
9.01198196545303,7.71314814082551
8.87275966419825,8.86164801344182
7.45371638055831,16.6873729236637
10.5634860858023,11.3745447242522
16.1517128646653,9.72103583798144
9.59065690260097,12.2568098527458
7.47215135180294,10.7932995931425
11.212121848759,11.3078873219406
9.14605139850209,13.9446756653033
14.8111609253375,7.80586510758904
9.63002965935519,14.2172013194162
7.52115247528569,11.6535829180694
8.21415174877559,14.7810569861594
11.1009346961289,10.1446246615319
7.78071905007143,9.73033955576443
5.15947578378968,17.5075662455473
9.65996076100536,9.60139246706758
11.8282798022335,12.6918560386261
8.70755189109763,10.5338630419542
9.49669302314453,7.59729009857523
11.4132397360979,12.1425719268474
8.65317044787298,11.1011178984745
11.4347598389571,12.5414563267618
10.4679685202013,11.9900635146963
9.75221699254127,11.915252055456
9.59094925617203,14.7081330514313
8.5772377289516,12.007210250801
5.53243663461129,17.9255108068579
8.62864535078761,15.2704707104703
8.23451840693328,14.2245701095161
10.7369136322617,10.8273655744547
7.91194590782561,11.0173237190304
13.0569119017109,10.8419188150976
14.1946072219802,9.59778209676662
5.79504488273762,10.4013170927969
12.9414107876631,5.64031595611084
6.08541511665048,12.0932502634819
5.14043555868919,10.0208455988127
7.10466572551895,13.2786823234838
9.18573879692842,10.7274844319543
9.00399142305263,12.3258830880039
12.0240984118437,11.4776328079612
9.81845379114544,14.839014698502
14.8595582389088,9.40447082477688
11.5198805234524,10.7669365526613
8.363711762151,11.8768322987101
10.1778081891776,9.45567075786659
3.98536395958556,9.55700878765976
8.46136513446981,8.43911650629668
7.34202609648064,17.2114511636999
10.5827708128651,10.8601582490066
11.7721781209517,5.16635782333531
6.79211037510603,10.6784067552404
13.946654191205,11.6305066805379
12.0979816064968,11.3261418640059
12.0171794146761,9.94428841642665
12.412345700027,9.00991307659828
10.1512240491389,6.16687141868247
9.81481876891157,12.8450135169701
8.8182281981561,13.1525960166827
10.017261922251,13.3624400402801
9.2323215793791,13.9758577403726
9.53869119570895,11.4996829381859
10.0996293112696,12.186414569197
13.7661470450841,9.58299036346578
3.14340034760816,9.7379269025822
5.24652385976321,17.9951441521156
7.69196028750118,8.60542760788792
9.40097329782474,9.69759679080949
15.1183154519141,11.7108258235461
7.73243102005845,13.6830537813331
15.2119274616645,1.14834599546922
7.19349848658421,13.8376107272284
9.774035230318,11.750782011945
12.0050720156855,7.15575189313252
8.28205488022389,14.0186053373907
8.81597070040092,9.863855774437
5.7056193014097,8.16499616189442
14.5801343316466,10.9765995614637
12.2049737537525,6.33994330498335
9.08714858534787,12.0806561591925
7.28588764659066,10.5106899390426
10.1666203909698,10.9587929762582
8.74765392755628,13.8887799092505
8.24365863081229,14.877529966298
9.39101374985947,6.71120316953871
10.9250011440222,6.88759810613169
10.9653601572461,11.5442596092947
11.5559563835904,4.70048299183006
10.364726846515,12.8936371281359
8.30564305700047,11.2053552259994
7.47457748177491,12.2202580281008
4.67656661915282,12.9680128327476
10.0107444789472,9.0754503462213
9.97191030986829,10.3633086605178
12.9977957895557,8.32132480831465
11.7522659481619,9.33927394662771
12.7420927518218,10.8747718689635
13.9863299339118,10.2964628390999
9.43007080510446,8.42146729626817
8.23806163499709,9.61585569168595
11.7582010951706,9.54810663800833
9.40639030648343,13.4909283886184
15.0570603324979,11.6375987292564
13.1351236215167,7.51749548967532
3.87158356827228,14.5992387720604
8.20510646728274,11.0977579197249
8.6959961359905,9.58735332823611
8.59923167666249,8.93259320833487
15.6501381984115,7.37797649795895
10.8941698401376,11.2187542212107
12.17081013489,12.3314337132493
6.24274094558865,13.7182392341921
4.08255839181627,9.54533734114701
9.76178774408247,10.4427392156631
7.83922330107399,7.4563157414149
8.75010405403549,7.6761022738232
9.78248650687767,13.6889952046956
7.53185336245168,8.59986779596497
17.1011118981821,9.12156326213816
17.2619616132516,9.10862032321452
8.54363848829984,6.83505772790779
3.43958626895513,16.6397571576767
12.1170914416425,4.02972198550336
12.9358316992193,10.2352873852299
9.74746717678545,9.21461337447159
11.934589266646,12.7449481499961
8.69208936087366,13.0366626705304
8.45255631041556,16.2122362340933
11.0871914808745,8.99127821134228
14.8854988485507,10.6478624763151
9.46957198409081,6.03945156636108
8.10589876879619,7.46192432688976
10.8351096633473,8.39492048654653
11.6422610480931,10.087136133768
0.689928202540221,12.172957746893
8.29533960645548,10.7884880271872
14.9010122951704,6.47595806836264
10.2517890987555,10.1859766332605
8.88093363194461,9.33516626090154
11.9127246492674,9.982378097543
10.9659021116222,7.20149182071153
8.69599011642117,11.6996643158931
8.03467580108767,10.3648856843203
9.26923111011713,9.20779636805325
8.2213098241345,9.88364650085315
12.9139721758946,3.26794313613537
12.3498901578681,5.59809411383124
8.54989814385374,14.8101858914428
8.01847423316556,7.28773816012809
12.6258075528841,12.0451576364529
6.14222700401997,14.4163405050482
6.94369042386083,13.7033096407143
10.900182674435,9.71985064605605
8.94958862726297,13.8310593933081
11.8309728451649,8.60603931897736
11.6725073692335,9.29840619862019
10.3479278349095,6.90434946405782
9.74958996275849,7.71777947089235
13.8451798811695,11.4476986851004
4.38293468695516,11.765797101492
9.74348280287009,13.8373655767825
2.96641362953086,16.7097307174132
6.00641026099059,18.0924255626021
13.8119177189532,11.2099492583877
9.18435659021426,10.1597570784152
11.8879647676219,7.84089468381152
15.7834510164555,7.75249949892691
11.0428680977687,10.2085974753666
11.1066863706212,9.9135266682809
10.3271835344007,10.283855749945
11.5375331988581,7.38381836390391
9.46683550228289,10.7094099401862
13.7509000960616,11.4873235851548
6.46356831415951,7.85907975450081
14.5984608093066,3.97251674375873
6.58903431138327,11.6719026259362
9.26912073152272,11.4281931707315
11.1476427341945,8.85842007935378
12.5936024598475,10.037596231503
9.65114036331418,13.7672854322792
9.15085497491099,7.98739601053006
14.4839602606762,5.18244038970042
3.84282174054059,17.5160528471742
8.12942238837749,15.3804786450345
5.7033582012226,15.1691581425707
10.7736585727424,13.4317335512218
11.3067130059026,11.6329121934715
10.3787152400133,7.70253803698102
12.1737521841384,7.69731447483579
9.91614735273162,13.5569711708064
10.9979288344353,6.63846813716707
15.2178830999313,2.3302593048351
12.9879549453287,10.7715907396119
10.3447885183083,8.31011997384569
14.1255335068586,9.75876417610222
11.0671420854517,11.9357881190469
12.654893134936,7.59987646740648
7.60401753001365,9.9137408274353
6.97252692301502,10.1646384016712
16.4400428937859,10.5549137992026
8.49617927959699,9.71349795728969
13.4702290222911,3.51215433181553
13.3489859713582,11.412564487654
10.3260026278578,7.46072085965529
13.7536892484253,8.13341463399019
12.5201704997563,11.9859051211761
3.52344649865078,8.81380321926371
9.01155179775781,12.3741322571606
10.6437679329975,7.19272303248597
13.6314494831111,3.67538187842483
3.56246543910483,13.8709561806543
14.4621855667815,7.65035863112239
7.592957941097,14.4549019996868
6.3075896848626,9.71888624656303
12.5834737981552,12.037633578544
6.58918662458145,9.386772032813
12.42681687123,6.23174107888646
12.2833689347552,7.48456276669559
9.52194431930029,6.88014346704803
6.91398035987652,14.2338212312228
11.8488483076179,11.373972600213
13.672201461597,11.4810972332682
10.4542273894052,9.75713215396861
9.32589518219584,9.77983213502836
6.98966244579538,12.3391645875332
7.71215110228265,16.5004450738628
8.35076440318432,10.0173673238577
10.7395413628677,11.4417166572343
8.35175841677525,8.57341041333529
9.46898178399514,14.5190748471903
7.37465204289691,7.99780495940188
14.5780920793755,8.2663416430612
7.09578734293166,16.7006477497264
0.90415552252005,18.3827915715768
10.5769241659255,13.8642824421668
12.4046675013436,4.84697244947979
11.1665094598655,6.53875471587367
6.04862089919306,10.1474021127179
5.24545932636946,11.8989777824917
11.031355346575,10.9386946246366
13.5733967229763,9.99161046728507
12.2839735095766,5.56651327059596
9.63679382427463,13.5340568172679
6.32482291063262,11.2900553705585
9.50876156614314,11.0178183888286
6.05831103423874,16.8553624096048
12.6955603678314,5.49119165788068
11.912714814245,8.63969101569426
11.0596716911968,6.46982504447951
6.93415382314014,14.1294379869709
8.78236244314133,11.2807183771215
9.59076252126871,10.0151285839062
7.58468811884242,11.9808008820401
9.4804664923992,8.50052888913478
11.9053599344342,4.68046002082045
7.70083281398834,10.1013223194802
4.94608483759908,8.38263057935479
7.44126903893116,10.6528216423603
6.28686325301067,10.0716622847999
8.75623439038795,13.4297665409161
13.9258499258324,10.9257454339805
16.2967585907811,11.7857907673406
7.89258205476798,10.5780373757622
8.44473889140524,10.6105984589037
9.30249759372759,8.76406300541727
11.5054649735636,5.51342657582688
10.5244000204958,5.71018868252997
14.0242728949729,9.02492487195263
7.2523765688738,11.130193657851
7.52327417438323,8.42402823227434
8.28458143174002,7.25799077060232
9.26096564979961,9.67719126321556
11.0213758691374,6.55933768802534
17.0532459115982,7.90705697188698
8.23864458182818,14.0629210186078
9.64613042577118,10.3515656216202
12.1792216112151,11.5417736865471
8.42304744255975,12.4744622825357
13.6162930641858,11.7143244728238
13.2629371737408,11.5942949466743
9.24078064082549,10.9111031047533
15.1078011697003,11.0068564686747
9.81951969337171,6.11876333783249
8.51516916272323,14.2134601326284
11.9163455480704,5.06748129627382
10.61248967062,6.24541930096324
7.86441506369958,7.44409961696236
11.7493140462816,4.31877838405523
6.19894954208405,9.78577150196323
11.5989906310579,10.4701685590618
6.81367429436723,8.57524479592298
10.5397446527031,5.40589385810789
8.54405643615407,8.75458409202675
9.33116395750679,8.20125881899025
12.1047694929044,11.7408275003759
5.25583867643931,14.6654330670899
7.32021483202682,14.7551768108858
5.54579680423769,8.35281173092745
11.8856791554915,7.75814829540465
13.4519636046424,3.78350463238798
17.2241174978769,9.56350815259727
9.35964517644226,9.58257671881592
13.0628322264229,8.96493681554271
9.91273436640166,5.63277299885777
12.4112650856512,11.5484562168575
6.87615530139075,10.8186350054923
9.72322464070102,8.23308603824865
11.3294705802601,12.4730117216483
5.54068939842066,16.2085545670814
5.98963966913049,9.65328260303682
4.77350806016192,9.66452234955163
12.0321912305912,5.59056736713465
14.6124780420977,7.36799199867014
13.0294423326285,6.92829339222584
12.8739800421437,9.85506560795161
10.633018338555,9.00016818065481
9.62805422566557,13.8235252915625
14.3393432272022,11.9251514078046
6.84438858764862,12.2574285404465
4.49757410389635,10.5719102265471
15.9245271804112,9.95989069554535
8.92113726381653,13.7403303569417
7.43012222926277,13.2243442002541
12.3356300736629,9.93380594886053
9.6888952705994,11.4833640470241
13.6937362348825,7.0077031741515
5.66537622351771,10.2982876983534
9.4207562947799,8.6609104647251
9.24910229652217,10.437232194584
12.0269264130401,9.83315790093412
7.96541371420235,14.8073589239591
9.30029788112527,14.7769473066699
9.15971063282878,12.5144975050915
9.96377496182056,10.1143922775293
6.88581179150735,10.5126053863508
10.0931190260696,11.5250522737869
12.021484013582,8.9161391854551
7.41453883039671,11.015275003036
6.15728601511117,8.44472502470584
11.14873069835,6.07280206679778
7.46547502796626,7.75139391237665
10.2959956071639,11.4382597277271
8.35766694208053,11.3551146938818
7.78101538411894,12.1606331566364
6.39832353530957,13.6503917831488
11.4894364867393,13.5166137187713
12.496336959309,4.40578961009441
10.5543056982569,6.14339657893231
8.76583746064107,7.43204214967663
10.1055957848352,12.375138654524
6.93456947414663,13.7077701455217
5.72956361165128,9.92115877114106
9.96509584236358,11.2753103336135
9.1677009568111,11.3777895347114
18.1413549490819,4.89215750120933
13.0301457794609,9.39553381186485
9.45072681787556,6.47350211959477
13.2790158798381,11.7600158598078
13.0688427993405,3.97770594934562
10.613032600527,11.8031055950315
10.3206518400676,13.3871765895749
16.1085515600947,10.1546249680432
10.6146395142656,12.1790040740743
10.0816916506461,6.98299134082809
14.7129236772109,8.44545753490177
11.7890364261491,3.97811966586351
7.5417635963613,13.832404882121
9.19071241851393,8.92345805810759
10.4406212451023,10.3689663414727
7.78920318625062,7.56539137210769
6.16527078018413,9.77437099448545
9.46036156863821,13.2157998142905
5.34033712660703,9.92741933913709
10.8367370620702,12.0083088252267
11.8330895333276,10.0236286197269
10.0578980403059,9.88232164211991
8.65338643114682,7.1876444086593
12.829774606326,7.12756991672248
11.5418264984203,7.59828156376826
6.69100589426257,10.9977171306847
7.259580691225,13.6544333742729
3.57597662647804,9.63704103615143
4.11781809036983,15.1359514176388
10.8665823874907,10.1662368793169
8.26877958112827,12.3452548394453
13.6975834037551,10.0901723331997
15.7183531601584,9.44143847548415
12.0267307771345,11.7047933765852
8.27566127613053,11.1880347716208
11.2563089831665,12.347774119441
7.73125498996044,10.4768254599671
6.54816893049124,14.8403832059162
7.23103698684868,7.94214999492098
9.71640589788572,6.93489699200101
9.45435678573165,8.68011277522358
13.2995988326515,10.2085187138357
13.1324285082932,5.7794608311268
3.41103782128434,9.84427109862191
12.872189543352,6.21376166767868
10.5434772836548,11.818834719322
10.7867704014467,7.22381075168824
4.84356820229637,12.1062479078777
12.0043848374844,4.9133545127134
7.82295458983718,7.42712194582824
9.58136133201593,7.88468946759317
7.14767342120921,7.81428818238749
8.97358103388238,12.9732070966373
5.50911456595876,13.8408189295709
9.66546732393728,8.3796425116399
5.89868409941885,10.4545656351753
10.5033684266988,7.96411876824595
13.3763368405442,10.9282159787713
9.24571976454515,9.66367010807016
8.1407291558633,11.297632069076
10.0615483235577,9.25392722714921
10.3739349981441,11.8706315764274
13.7361254981032,10.9104929065743
10.3226915922757,10.0175643209241
7.29070679703135,11.961122006192
6.60130538630311,12.3227047938434
4.52157263306262,12.7241262756602
15.1842234260468,10.4102393720858
11.0120270344946,11.3147464334988
7.97867124365139,10.0415190244129
8.08464423964391,11.4112991141883
9.71524500163424,6.54894271219998
13.8400779174638,9.64940621723914
11.2091070350278,5.00323556939788
9.44226842871548,11.8201511249901
10.1585879575747,10.2892557775595
12.7029504438406,5.58297225773253
7.72693948525565,8.87631525944222
6.62316458924001,10.0912939333714
10.0556274501948,8.73684817217191
10.5592798912348,13.2749452989018
9.81211330633895,14.1548560596222
12.565155941545,3.78028570705327
12.7639617616946,9.74430719452094
10.2368443811297,13.5948465275732
9.19610404640061,11.5070973468755
11.194175719433,13.1416720051915
9.36897007835892,12.033013346336
13.9494641704742,8.55879775987988
11.6886274616644,5.8606713586129
8.0618423673171,14.8428139214015
6.13085735609472,10.6165704069814
9.46021903219042,8.65411001644829
10.7033172971821,8.29060679658506
11.1049906330658,9.87683629786931
7.45988180149103,13.7694711739435
10.8251248771289,9.09430917464739
15.5818947010536,6.0428234859363
12.1166702145236,4.49311639380417
9.0807724420082,9.47607398208248
6.41376944171425,9.91329398405942
8.63745192476166,11.167633696019
8.86168969966325,12.5188680378033
8.8996324465992,11.3008035036292
9.2190108106377,8.07404639816605
10.2655872353327,5.38697411400687
4.3021987140954,14.6080037721244
11.7750769103849,4.03132155808414
10.3556452572909,13.2773369435561
4.8520623114669,16.3485296786707
5.87509991092079,12.1384684898477
11.5984002954375,7.15144948401956
7.49996133285836,9.96521177962055
11.8798526913041,10.6210594997688
8.08254800773787,13.1318664578022
11.6747410996332,11.1331271445059
9.72026440596018,8.77576752568977
13.8143196621237,12.0661156002064
14.3640272149202,7.51703988927491
7.64548831366522,9.44499079222248
6.51783698699307,9.7799632854962
13.5299769103539,7.33044328602902
10.218667227818,8.52852991141619
12.4243301665189,9.66239244743808
12.1902522958896,12.9645960983356
12.2564391473747,10.6798913442988
11.5406353210609,5.01312204190164
9.34010515592563,10.0139597008339
9.66519999972892,13.3466296066275
12.4047519225603,12.046172115538
5.07664763282273,10.9507386200102
13.3557269017039,9.36486537021448
11.0614045401632,10.7573918011999
7.54136742788766,7.57485014345951
3.76929887344517,11.8327657929526
12.7949782338579,4.75075041731798
9.53748704224432,11.1483638320965
7.75326193837127,10.8927297963501
7.17802682477705,10.7871473146906
8.82698735095411,10.3105445992114
10.0740430446053,9.74902886567381
3.24896359031294,10.8556753424423
9.0660605537313,10.8068791822995
10.6856773108145,6.02045369052587
9.2514742453475,9.0733381872659
10.5003932994239,13.5215361532304
8.97718283718677,13.8630915118449
12.254823169819,12.7860004521792
7.39471528620156,11.707766050483
7.8854173400843,9.86784587721817
15.2533886242179,5.30632113442077
11.1376006926239,7.8897312600539
10.1522152949854,6.87324100277996
8.85319581923937,9.81072865168968
15.4238851702366,11.7074591162973
11.2682485300078,13.2719484183795
13.0885257422866,11.6252106469984
9.00468940983268,10.8802165058323
12.2447021752923,9.83860803705302
13.6859082740922,3.81144670709287
11.1744288215244,9.7374386221946
13.18681077473,8.49155182834933
5.2705974399975,10.9911278874189
11.358989724035,8.14464378285467
8.31424501534625,7.27786969614799
11.3592119122317,12.4626379579148
17.111731840329,10.4384665095485
12.7912980517706,8.11296448908544
12.327571620633,6.79021970563636
4.24014691782712,10.2997960651861
8.19632815450935,12.4123172166526
13.0140987028641,10.4788870917004
15.4245300565041,9.58315809499024
6.93803325169252,15.3774780989304
6.35711746517816,14.4858777311757
10.3679262441814,12.8455731176895
13.166832457049,11.742615636389
4.41012285516334,18.4063097288231
8.50989358514484,12.6451203702168
15.3640815771095,2.88322851902095
8.25445131348495,14.8756806530189
12.9647431326343,10.394889440892
14.5568771663345,11.0372727562903
12.0263474843094,12.7683664314084
5.34782575365806,9.15037622902223
10.2154698338489,6.12732661067001
2.95473154125796,13.0323314673002
9.33057040394975,12.5084896670892
11.5254732026142,6.68985456847394
9.47913641104315,7.71221156884206
8.5464542098458,10.7498055042136
12.6208671217717,3.47034115891369
10.9956417870168,12.2778520109544
14.5637037577372,10.0564576730209
17.1099478523848,5.46918183424469
10.4866952037105,13.767976848542
8.35757315123621,13.8536088069713
10.3655577121215,7.184419975596
12.2862641648668,5.76954194475566
7.44719863685582,15.1532029852467
8.82705458035743,14.7687856067538
9.06253585868588,13.1614190515439
7.39944931048482,10.4029478535172
15.1721984909541,1.74015831284992
8.40976753950193,13.1733563923502
7.53962693537523,10.3428555937471
7.21181330557531,8.98213149038141
11.4098472581532,7.02642424400682
13.1947945705092,7.87571121010064
11.086465720303,8.05199440683004
10.6969256915888,11.7316101372973
13.2303683425064,7.05493036691138
7.40888637368006,15.2289484319958
11.2552988525414,10.2115406262213
12.8033291763911,8.82327155375372
9.14800814958489,10.2484130033172
6.25311143685365,8.64614674636418
10.5692802680538,11.9502118721765
8.61073999163959,11.7613221213815
4.73436723492225,13.0913118647465
9.71729836434377,13.0306385047177
12.2995511704306,6.47494474178441
11.2579705406738,9.40077676733263
7.88664207972519,11.6549598558631
10.9041399123374,5.61678147651117
10.3815869410582,12.5813180589411
8.64711634335871,16.1009190953583
7.97394840918497,7.85502334807377
11.1194225344297,7.45082721771474
8.50368074356437,11.1505025920207
8.25933263859878,9.1404330765783
12.8389388116686,3.95773378294173
14.8034883344109,7.70144340158964
5.07439172465841,14.8280738224331
7.09286193689793,12.6235927760389
9.15852239674509,11.0680679432477
12.2856627611175,8.70669850502634
12.1826031251596,8.21946069129257
7.22965154466903,8.04023981349104
5.34906507726759,14.1816217095546
6.3415200475143,8.92289021272036
10.8190341755652,5.97037052267813
11.4007890109143,8.44799441558801
11.1302078648421,9.0544202552124
10.0954362008175,14.698729498874
11.1835217747943,6.33404570951389
6.18029219032334,12.5925508038799
6.23163392229062,10.0420405881955
7.26662364454957,10.161330434496
9.65511702087972,9.98341502582828
9.25380297874911,7.87841559976991
8.05575289883556,7.98102820924436
6.66818421620078,10.1042068313562
13.4240022029294,5.20066800725187
9.54596638290833,13.0746320123941
10.3146799509974,11.1683669809743
5.55000738429878,12.194906390785
6.747155787714,8.92387707369527
9.64652453201009,9.22877175261014
8.26684716068581,12.4770886433373
7.41047174504525,9.36415573493924
11.7166468248752,9.91283126391035
9.39999539254024,6.7874464001155
10.0409873072812,10.4094762629735
9.56030652753211,10.245591284672
8.33618538134666,7.6569252362374
5.71493299184493,8.44470596919507
9.45819525125027,12.1717085453476
9.10558769692103,14.1401693627102
8.31654664522714,14.9738903902215
13.3040655373372,4.56491651214756
7.63842774791051,12.5006693429441
8.19486222808635,15.4597399207311
16.477281638903,8.75156315282443
11.0682607408042,7.79043189664397
8.12944821605241,12.8809740333971
8.5637662262677,11.4936882686251
11.1623154110628,6.13560165070246
8.19495869480353,9.55163663303559
6.36713594587621,8.00858496799944
7.06763979147683,11.4877898588641
11.5154431173944,7.31977831024574
12.7498951552189,5.22074518819397
11.677405092479,7.03257179316436
5.77888074904123,17.4492235551073
12.6217269029096,9.68885263146593
5.20780755194927,8.79312285382742
10.1953286735225,8.35130029629924
9.48118582174865,13.776548019002
10.1529620962667,10.130276427826
2.09142798328611,10.4314685029738
14.5935864662778,5.82973792579433
6.01783594121725,13.502714803719
9.61513332725309,8.13589761249702
9.59133206680322,12.7033723782439
10.9277247475946,8.12253944911316
6.36075570880127,10.186385726023
12.6933152801866,11.0306788481047
5.58555511792232,14.6419486626858
14.291250411494,4.9987520975372
16.2724319903851,10.1799836840678
7.14445983348379,10.5476172425106
7.78101036032071,7.81719690272645
11.654887428326,10.8566642475322
15.5967165361186,8.54898371954277
13.5371036049483,7.26494271949535
9.81323150290978,6.08578062389423
2.00131524765222,11.3647228100948
9.89906507507357,11.8688700312038
10.7418982271696,8.37914234096104
11.4643001671969,10.5719850914778
11.9409462774598,7.57512675602482
5.9584819446938,13.0135842787429
13.0208265077626,8.15216951482319
6.67983258977516,15.8080531579729
13.4009365670109,5.84673184942139
12.8265879692091,3.46511316566083
8.56314740046527,13.1881250665694
8.89090177610764,10.1307716401694
12.0637626611378,8.05259265645012
8.97665343029093,15.7305445958137
8.40838563784766,7.53251508834253
16.1931144916035,8.85713205925076
8.65656457778597,13.6213600739963
6.18281547285438,9.83901190887092
12.3069109979609,9.12128043961647
9.3481552484529,9.39082873978586
16.055666302244,11.1489981194532
8.81689492849105,12.3791128015147
11.9621387206981,9.71170204461451
7.38593745590577,10.4212089370607
6.97787585244822,13.3531047169436
10.4272041380635,11.3271988260157
8.17898281241361,8.76930354901643
3.68964699935404,8.77651656080989
15.558488257692,9.99208871408369
5.24754982888658,8.72359600622256
12.9565411636793,5.65432705480889
12.4893530034552,3.38624079982925
8.27200593144564,12.0738910416515
8.308638641225,10.977032323219
11.182218236864,6.25529456273859
12.9146804967473,8.29414386941784
9.25319544714777,9.84588364915849
6.74058603977321,13.2294119747426
7.32609365760294,16.7891517693453
10.1225535159919,10.8760337520553
10.2140852471014,9.58734293584684
11.1789863890559,11.4868159559346
12.8831125338947,7.32308156346827
11.1989849622589,11.7654190313438
13.7692059734729,10.8343596437795
12.6501393388216,6.454207219389
12.7237945653578,10.8159806985623
6.81554866836808,11.1022342311715
8.23550998941752,14.2300801687303
5.19669381158911,8.77500299756677
14.4886018253041,7.2436960049605
14.9763212846084,7.33574603199613
11.3524334474449,10.9134634006296
10.7975107923427,11.5360367618664
10.3395901672741,6.43997850449566
8.04328193897052,14.0322695075254
15.1193062868749,6.99160186956632
6.67846394671985,11.4283594393831
7.43935829930341,10.8285252686701
13.2972048766133,11.5312321833104
9.80228379668752,10.4374568409816
9.92493394317976,6.12664577600265
9.67438074802,12.0712759282142
6.07535134756552,13.5690281906514
11.9559230554047,6.84947410965626
7.59911030549877,10.980918216326
11.517471127487,10.3127527880271
6.13415249198033,12.2252631477028
12.8660711744708,7.00606070555067
10.9890566178848,7.06834823707299
3.92726992842223,10.6344437829807
10.5986126197912,7.34387442883316
12.3158898878923,8.4362659666161
7.87541046992701,8.03431278537182
2.4059690393399,13.5077185417767
8.02760361983343,14.9766267588563
5.60370540037815,9.34411527389257
7.71342538828482,12.3923269550816
12.5421714837939,10.9479605246367
9.20941643484123,11.4420053623011
12.4090012676522,8.65993944921813
4.16132412393639,14.5586896750032
11.8377444081685,10.7942844151769
12.1742031468736,5.28356162226276
9.26661814491875,10.4864576291664
9.62217244464463,10.3150046689827
11.142871424158,10.7557158463161
4.3864224740841,10.8036456118741
6.19356339834005,13.2699733029534
10.1323259423513,11.7355262231283
14.282267109537,8.85076474427362
9.62016517837273,15.0132084709153
6.43860729989483,13.313736220793
11.9472153304174,11.2081485594858
15.9463961428007,1.88047857981561
9.28730028997946,11.486220235846
6.46112798116164,11.1827238094454
5.55340290953551,13.1785451707312
7.95694197334741,8.55242930057758
11.5301635362187,12.3123734699743
11.2786268700374,12.7885365424857
7.55933704567914,8.70333663209171
8.55958324885193,15.3003035559835
14.9825739499426,10.2552535981508
10.2250227549369,10.1098738141189
5.64386646080051,11.217320347054
9.81901197267452,10.4350749775032
7.44393125404738,12.6875583794401
8.17631155758791,7.50916777166991
15.9764973050276,6.337932251662
12.2420223775399,8.53786526496558
14.334249183524,7.94571127305228
10.7486739894908,9.82885921435049
12.754813101834,10.7450824451565
3.96670793629963,13.7278780021845
16.8044086319133,4.75843758174233
11.8681200619527,11.7562800929607
12.6802192811848,8.20539859149374
7.81500294536564,13.4575706888028
2.71736383429725,9.03159816626668
5.60902951195072,11.8744331064978
9.2639229383259,6.23644371043651
7.40761442920186,11.8468559313548
9.97677745558614,9.01686089415391
8.49762145398996,8.77862705442259
14.1943719703597,9.03033046648114
8.5877457869262,12.5701500196538
4.14930968521505,12.6283006731579
9.7713455773488,10.534028847561
9.18703897235374,15.2179161628075
10.3538300908416,6.10773408436244
12.9886759051874,5.35755285656628
9.06552155789088,6.63210508115106
6.68196247970696,16.1272673238487
5.37230939911621,8.28690790455972
10.3037328780293,7.06608566961343
10.3802270192312,14.3347719695587
11.472937412953,8.14651524428828
11.233101676677,9.38805071367103
10.222329918127,11.6760871340236
7.420349385008,15.0642968244634
8.00130788274949,15.2952682891094
12.2242074895097,9.02760951320827
10.7807402497769,10.6580533959694
3.72025552050872,10.9055547686743
7.0936201293127,10.6433141760504
10.9667836422045,11.7790000489885
12.3716472153812,9.64329119376624
8.04603717921521,14.7421396205337
3.58442626263826,15.3115208383433
12.7287095654051,5.60271775362234
9.34827428746423,9.17229074786014
8.12542901792908,8.71503772505618
9.46367772418588,8.35176471084292
9.61879317426829,12.1239541771488
12.7210115455126,12.270076852925
6.7797301791738,13.1079180990695
7.97807524097817,8.80153271971268
8.11688447219903,8.00219544169973
8.94790119680232,12.5067253228782
6.70326548267161,12.9800592980333
10.0409834593058,13.8993115362145
10.0645030658869,10.8130645994408
6.37899798377008,9.62669832307253
12.834350566059,4.81429138326123
4.01109760210831,14.2005011523784
7.82347204128197,12.5483368361621
10.298271920172,13.2982278210578
14.7564383455629,10.7917980474498
9.30251139878138,15.2929352572449
11.0165688038455,10.2773085920511
15.0686681617786,5.27049528955386
13.5926129662932,11.6137442409899
2.56180272198673,15.9400914779229
9.75869317101475,7.83132033612241
13.9372641212384,10.4077698796608
9.79706930031935,5.87124017763457
12.6779707068184,9.2620045324721
10.2390668388663,13.6367386821597
8.66478701686234,15.2343269633998
7.35346273264113,9.48008437640576
13.8735105972036,11.0371062368162
12.1449870659294,7.72059339300797
13.4300310555148,4.57919989897689
11.2992323546759,6.40033304093191
13.871357823952,7.56747285455127
11.7745083809706,10.5779753517038
8.19036994856771,11.3804812686292
9.20737317012259,8.34247412355955
11.4689706014264,7.47826786465468
3.51340309059469,9.91229097389944
17.1097112836122,7.02893545607552
13.3047635479085,6.37232171519498
5.0953481287717,12.2667197045284
7.00496430251981,9.31380287960406
14.5699750289104,8.03742161438699
13.6288936946919,8.76858509800325
10.2261235858537,7.71448076847879
13.1538050304464,6.13608849577772
7.80732391766992,9.07099119757296
14.4318024537267,10.8506253018087
14.3429804495061,7.30121696602602
12.850246578228,6.26891967865156
7.50472434883744,15.0510615168141
6.19174478108602,15.9410509392672
9.19127631513557,12.8028102092266
8.44780827952344,10.2814106725555
9.69175785395099,7.40033375108258
10.8148258942779,9.13612318325279
7.69430921740198,7.35393593179744
12.2702261496594,12.4041542137571
11.2487162067205,7.21133965242503
15.6162823466428,9.24737075352393
12.8002410170764,8.50753585549015
12.6026070127613,5.51026904566154
8.03424978871279,10.2447409767637
11.2723253078843,12.3914299000046
6.51251503537819,7.99423134845397
8.00258545388748,14.8523483765362
14.9649723828207,4.75901183832281
10.6931163374296,7.16776538836698
18.1571033363815,6.4163103612697
9.62271074149071,9.61622784412105
10.107992870267,6.22612214744453
6.5944397230115,12.3899136163609
11.7473275416082,9.26113117176951
14.7690305129839,5.28877112787338
13.9493998531167,10.7708727507544
11.3271342048117,11.7354308573575
13.8549762756919,3.78166846929759
13.4092860923703,6.20492291567139
15.5175384432748,11.3777733375279
-2.79317482297918,12.2032710723529
16.5202230703841,9.33766885654724
6.8155077771622,10.7404069387036
10.3570409673119,8.83986901821079
15.7516193138222,5.77129717088764
15.2004579402722,3.04606311383243
10.7340616884204,10.6132826015347
7.18278928406558,11.2434640634198
5.48821603334143,10.2705847410323
6.63748344842356,15.6046530396828
8.65443911120034,12.1796349968143
11.2506543734796,10.0268877354835
8.42426311004604,11.6298709185831
8.41064780900256,14.4320874573879
13.4719658899299,4.87726884837745
9.4101985721682,14.8461496906814
13.4708187829714,4.24616254708893
12.7763104327378,10.8892169247981
8.99482595171439,8.03244441245222
11.3798524967563,10.5338767013016
6.32849065147987,13.7849985044236
8.25812171564764,9.94899129160498
5.47314357765493,14.4733111948328
5.41238293281784,18.155010628705
7.14751750155771,13.4796368230703
14.9544939440377,8.17262332025385
9.48371059522972,13.1319355580872
10.8879765715437,10.4725972143386
13.6170805228173,10.5676413457555
6.36273741815577,14.1239205692724
11.1874202023183,5.79713300392147
5.89309615342432,11.2643011959225
8.60330163066992,15.7404180454913
9.41731703651764,11.8509109525542
8.38231448907028,8.0786852059983
12.9208559853624,11.9881107204746
5.89928347956304,11.4889815906712
6.26461015643707,8.85173269712428
8.14013202927075,10.3155301702487
12.5116897188224,5.06708960438057
9.85627556186711,13.8260257482137
7.27146882241351,10.0629389521972
9.23529633894693,12.8146136076952
12.6808656014485,7.48693707039562
10.2108335735339,7.20421094623605
7.87481785094041,9.04331679502788
7.08193167624933,16.487039330425
6.57752139592229,8.42525298233524
6.88013029091639,10.0589641156708
4.55342306965179,9.57745084961688
8.00033235099827,9.05419263004838
9.24617946193689,9.88801850308179
7.5914496507185,12.0635155346707
17.3533598161324,3.16258915567319
12.0205906634654,12.8321383831414
10.0112276535319,14.3441035465873
7.48452817646085,14.0104084871272
6.75998428370629,14.1761556817088
3.50293588975214,10.0493228556856
12.5021142425713,6.79391299310834
8.09538532896729,15.9935551074791
10.3846694813747,11.5429182956563
10.3348148082357,7.36081181922775
8.68063591198168,13.7931704574804
12.8364784651842,8.39640728162006
9.56479681009579,10.3568919794673
13.9946233188709,6.13738677800523
13.6199293564199,8.03578065160501
11.9610863298235,5.5443312550046
9.24303801953414,13.1994313642825
10.6361140675478,11.5493048823814
10.2208643545896,7.27228751839341
10.3602874917772,10.7123684719988
9.92412399630714,9.27611127056087
9.63304811358827,10.3835566657279
10.5678208757097,10.126646896834
6.70530703112494,11.8243669405619
11.1236641845367,9.77120327687702
13.8547969483685,6.55933295840148
10.4298202398466,9.22271169261669
6.61001626964866,13.3835178611452
7.56376693763958,11.8347306583312
6.60052094649668,12.1849575219549
10.415374364228,10.956269437377
11.8301020835711,3.79353837542934
10.7590549506409,7.33149371460009
7.76171039457275,12.6791785405807
9.03112640862085,7.23252784837385
11.6459069918314,6.56495610350511
13.1632902004217,9.76275361562628
14.4033533527175,7.0612521027591
16.4701069810437,9.13606632660373
10.8614630422109,6.14907184991267
11.4756272409208,6.22255242506254
6.23123504281615,10.4455412312976
6.99456321843979,10.5382671993805
9.04292804226815,13.9654055156454
8.01603798519731,10.2323902762776
9.47286587268886,10.7426902485435
9.18834666565794,14.3227570376456
10.4367311636502,13.5059072660241
7.50148946992475,10.8797039933248
9.26570015888724,6.68221975046856
4.17638888550225,10.8868562315696
9.30418303623975,14.9445758769191
9.9654540467906,12.719568027479
10.3959477531594,13.0119438269775
6.13998915787942,12.3454580267001
6.68758227692266,10.3767034429481
9.89410012324085,10.8580638586932
6.6700883293736,11.122413834837
13.085325841273,12.1818033807867
11.9545790769231,6.23755768732694
10.9134966443204,11.0889057524323
10.3326771292004,12.1941188939864
7.44215821329082,8.71242730796238
10.2058311622034,13.6734084953947
12.49813992879,9.02609709045682
3.43840616421261,19.9113544603173
7.39481820624157,8.90787498088022
8.78608830193126,10.1585265757002
11.1842234884918,7.7274874165344
11.256446022387,10.3399786930119
8.07222874186081,15.1776511966251
6.60464738753334,10.1711813920144
8.82149408771962,10.4154628735599
11.4029725453038,9.22729855822015
11.5563560894703,5.15788669966847
11.0504835343984,5.81481947849285
8.92595590741907,12.1831365457419
10.0194758913184,12.7378442297007
12.2197858652212,7.58808118300813
8.39945794978289,13.9176861093847
14.6119111195472,9.98136866483184
13.7111996076953,4.75419086295691
15.28069714149,10.242776800235
9.24340235449639,7.1360027119337
9.1776145485099,9.91293899843665
9.58062029892796,12.9386212621021
11.7134715582291,12.8228419501062
11.0805473649214,8.98216118544048
10.9896563720227,12.1175036157728
12.50711094591,8.8927063549841
13.4656135895723,8.09733379728476
14.0479733249419,9.13462674847767
7.90617581172387,9.89553097877201
10.8114607674771,10.280049617906
7.92179078330815,11.1199436067641
9.22298841013937,15.2770036793334
11.356159289234,8.78377534190671
12.2548765420658,5.09011194201317
3.39472342479786,11.6526498600602
2.79478381320929,8.69874288233742
8.72038835111008,10.1226310634018
11.3157350624948,5.11967211744969
10.7884325500467,6.13220554814411
10.1719261873174,5.93089424114962
9.41099628468783,6.15024616392411
9.43525703056384,10.0035075246993
15.2804393257634,1.09634254317658
8.15806508647927,12.2876583571456
13.0064090392138,6.76716747726604
7.69464154830082,8.79789138964937
8.05021509442251,9.89078907482216
11.5374553915342,6.96859691758631
9.96179860464351,10.0243841861569
8.20542977396705,14.3969196507882
10.096959471154,12.7635540498231
2.02614900067427,15.3163061002242
9.01327463746276,7.54220641880964
12.9039938908476,11.0258216505473
10.3872230445372,9.84314062105979
10.2337016014042,6.91553153209339
9.07538843991638,10.4709373812554
9.85285424119394,11.3018688432053
10.9493979581036,11.4087466661725
13.2361409522765,11.9018181044113
9.8389263495299,8.09496663323313
11.8638552615398,9.34054745008772
8.08218429263868,12.5400674380678
7.56717109807432,9.22896597358339
14.3180204987702,11.3553373421251
10.75515515722,9.4094844407865
7.4104986545838,17.1904217422939
14.336317458486,10.8172541677274
12.0844090573058,10.989858545813
7.32178968886453,14.478504468967
8.20773594983853,7.84373868182218
12.5552215903178,12.4840010843356
14.0584867102778,5.73871157931783
7.05507813325155,9.1874970027652
10.749557997082,10.2915463065313
3.83640751060895,12.4099188840941
10.7751502281323,8.30591822718669
6.52204249697061,15.8962377160865
5.2973889408736,16.7853856011013
8.1210199334195,15.9129081084506
8.9456664131501,7.94048214436405
12.1654536962973,12.9709591615117
9.73271225211565,5.84673418669556
6.04844936103193,12.1606564962387
9.74777074400067,10.4265117463621
9.85083589578659,9.22918116491406
4.96685754797713,16.0281479714925
8.9918777961432,7.61203745549977
10.25397438704,7.04070041562145
10.4304276085451,9.69729082370587
7.91716720390442,16.1284505192175
16.139150413236,5.68176202261473
10.272579388935,5.77348715623754
8.37682069667417,9.59982789750137
3.2987704087225,10.1521874276931
12.7581829165303,8.96855935528118
7.89475957544869,7.62298385937672
7.461144337209,11.9417158817456
8.1899051763558,8.04394977845223
6.6431354344355,17.5448708541005
9.16422413102475,10.8612504778874
12.0120021629163,6.08843026407903
16.250226620959,9.82149144102034
2.46135999387926,12.5838480605109
7.72657745197908,11.8591213328426
14.2736878426616,10.2268776015514
9.75435749243729,9.42129944297599
10.5658000605296,6.0369262993424
1.9788882418437,12.4040038219252
8.80385738981334,14.4110078836918
12.6686028894321,10.8052355715422
6.13205365247812,11.4986045902665
13.9864657531091,9.87506520366362
12.635643263138,10.1349318272352
5.33817358464638,12.7006457332393
12.2900732465908,5.15827657882511
13.2198779568929,5.6879269253459
10.2002251040239,8.64850382789633
10.6153441175304,8.15987142000356
10.1832090480365,9.96447611722517
8.8192804980551,12.6551134639409
10.4388342572395,14.0011848699305
5.75523577042568,10.2532947853988
6.43630703357338,17.8349273374169
12.426692326844,9.09209859038813
11.0793597719314,10.7461078808901
12.1167812226369,6.17318578416357
12.0296039502774,7.90674528643925
14.7887798301066,8.72643472830813
11.1958009802124,6.7327076221476
14.0599809160626,8.9242366982397
7.41852193867531,10.7176946860972
9.8951994945574,7.07838514618519
12.4359020525303,10.2924934938932
7.84430430574303,10.8674311215537
10.7768494789858,10.3587736163237
7.59871407358329,8.1106116286583
6.26508357211334,16.77742696234
5.821248859702,11.7004102251185
8.08036071010187,8.14118096025156
9.16613416864279,10.2533069459348
8.72123878626064,15.9968901721964
10.4018175828617,11.409377537244
8.42248547794063,11.1644843374362
9.5992025826277,6.76214541548629
6.03360211600927,13.077226034569
3.16067867418958,8.61198831819356
12.0820298375943,8.49934640507237
9.19003713705845,13.7972875438434
8.33730766132448,8.74385612360609
10.2639648233563,8.75837203014785
7.55731077217422,11.7767567735674
8.71282551864191,13.3764224084659
12.424761468544,9.86688031015465
13.3085832791392,5.02045822001284
10.2413638662165,13.0844012888038
9.56102752775614,14.9593807217865
11.4120625639513,4.16663474754989
10.5978247274089,10.5455618286899
1.14983703151928,8.93412412315164
11.3321646149783,7.28774162166345
12.1373426182937,11.8654536082432
9.98041783878468,5.78360048168635
5.90915259387675,15.8467847485808
8.82271543845909,10.3766085158629
9.57778464520973,13.8235475681404
10.9534467732465,10.5405708633159
7.850757985787,12.3244804982207
10.5002403847438,10.4495190648529
13.3783778003062,10.0174948922041
8.39134702541238,12.1113281766577
13.2022876574609,11.5542390013728
15.89011608819,10.943606577204
8.33013330486512,9.65070226602378
9.97189776000315,10.9633871857866
14.8233698086141,5.54442903596651
10.717143276058,11.0814476724408
5.25193553445759,9.69443679437573
5.80513487089932,8.31003498484008
13.3222524441074,6.14728291643397
12.1404597217624,11.874702967657
2.37062441929915,15.3330562456968
7.03113018279066,11.3515218855845
7.79810364912695,10.5883149699049
9.98491761719553,10.6192252278122
7.09279713560707,13.077517073458
11.4892347769629,10.9085828049861
3.6787895568415,14.7426922161314
9.99952671831495,11.3287446317595
15.1451001605261,3.06660607684364
13.1779683239066,8.03487125862547
3.74232441825972,15.5023151428559
3.38562655413486,16.1564785904903
14.2816278482193,4.3613218078892
9.48947583868511,9.28317778310095
4.67006938306545,16.2479117344113
16.9924993260684,5.6514999923524
10.4516753875541,5.77398285012414
8.92537082232769,9.45528794186903
14.1830903383327,5.83851780196507
10.3545303662542,13.2400544573331
9.05757695716214,11.2174023449065
12.9758451115813,6.13306656244082
7.20528963075542,9.31862885895614
7.46510662963918,8.76529248250057
10.5664230486957,9.3693692781968
13.5324447332284,3.45879797447707
11.1855694451475,10.4757222161516
10.8079247818237,7.33887172625557
3.06516104919637,9.39113332529552
11.6029479533755,13.4544339172999
11.1352688125756,8.06474480391826
9.81853289467118,7.14209357057924
10.2104145813651,12.2639367675659
7.71092440094471,10.836009210861
8.24392744803199,9.83550987533622
7.61062014863011,9.99778675473408
11.9877905645458,4.49368078228421
16.1542111956537,8.55348053560398
11.2102256816137,10.9233499442518
10.9040185407818,5.59524502470748
9.25294910597061,12.6132119617682
15.9035771601051,6.55527570580601
8.6328364323952,7.71903592003462
11.2729336375183,10.4449821379758
13.4855550807649,6.39774515393712
13.2841612315138,8.43505482315504
6.42382958128296,17.2462403090259
7.03241270508734,10.5191401533436
12.7877064669582,11.8026602154972
7.86231436803056,8.50197327001944
8.77153299511615,11.465303140387
10.4513551357593,7.99840164893611
6.81061188860086,12.1176552489027
8.13207312189206,9.33847617352093
12.3243919152256,8.23774011392052
15.3636960167089,2.67940412262137
8.26424894094566,11.4263230420542
4.23071239448962,12.1640989777661
10.3828927199529,10.6800451137913
9.94520835580851,7.16041384732255
6.91042868601106,13.6258883965976
10.7945889326682,10.8386602258312
9.08569656709245,9.44161140237923
8.00475618927324,16.0157628716015
11.3883562791875,6.3920053172001
10.9201517189529,9.43281986926294
8.33044114204804,14.0330066900225
10.4424218633946,10.3720229314674
7.09994667358747,12.4983403779775
9.28785208226271,11.8701736933629
13.7652684374001,2.98283878961016
3.1047577959844,10.0644264951739
4.87883757024519,15.168202820859
11.0267690367696,13.6674587422078
4.86950441274908,14.8795888935195
10.4651508266821,6.92867440926145
8.60287878211939,9.86754264330702
10.5961781113019,9.14212687710791
17.9003010588628,3.64312288773902
7.50331293028447,9.66343540596542
6.51577758437951,12.7347470004128
11.1342664308488,8.84749323327702
9.37890080032583,12.056191264429
6.87575088819693,9.7588586640528
12.3029566701148,7.95832546585166
12.8346719342107,8.08304839366808
8.40084293610711,7.67013871321293
9.95918313742886,9.50596143565687
11.4000744526387,7.36988148590134
8.68727663029069,12.818390087414
7.96936386909396,12.6765080248123
10.2360195279457,7.81846798741419
12.5920998212188,4.57139246540782
9.99201615879246,14.3000102237385
8.53065137628104,14.6898565618971
3.89870981931613,8.54918261444875
9.35055564688611,14.5711318058994
10.6850594135787,9.65712015561548
13.2609066923922,6.04910924037379
4.43981047312748,14.9860318935815
8.33057694124241,9.33829777168742
10.3943253016709,7.48813319267726
6.20341007148149,12.7734878113026
7.27634858549045,11.5269512920428
12.4515095020677,7.14477058748098
8.01795486688362,7.65248901572951
10.2406189255549,10.7717331511562
7.50475529424508,14.362490288057
9.3799696587782,9.42871367283404
10.5286066992393,5.24963972520205
13.3402097822514,9.39269723691967
15.9621340724402,9.77328028971756
13.7849094991906,2.51106223482116
13.7794933716392,2.98309568105714
13.3502599952715,7.57448296242468
9.28983646317907,13.6016613400545
12.8204903913648,11.6222030762286
10.2382801314448,9.57651510729259
7.74287981669135,8.2751010913722
10.2949581021469,6.47027420177978
5.76432628911348,15.0338630937519
10.8863009038151,11.6193131955432
2.55533576182882,8.73761057598565
7.62987040294023,10.2252151124511
14.0886411886887,10.1583030651664
12.6206128702604,6.24783542685276
2.47135843888323,12.4628442190501
13.5430961540694,8.5691400868119
13.2837012739927,6.97604474634908
4.64267821316716,15.580736892711
7.2856544368071,15.8708348716401
12.2222571478255,9.13929885613146
10.846574247593,10.559990942227
12.0520780745712,9.43278238168237
13.705902926672,8.90822062441985
10.5464418257304,11.1460345797669
13.3524000751681,8.50541486713596
9.18025840639439,10.7654694532872
11.589897551314,7.81051073099499
8.15478762671628,10.9214456311411
13.5126741983475,5.21364107744203
5.2403828546799,12.070900573717
12.6665331897753,11.1330839997248
10.5110027138178,14.1949027557543
9.71956160015093,12.8747950978603
9.22018978360636,7.24760233280364
10.4761714514405,9.85300707027925
11.5372259325564,12.9431180407959
12.7839914923633,6.66295338723853
7.83603264849923,16.3379519936045
12.4850196683184,9.19693404879111
4.3486535487103,11.1108618398197
4.30464415449854,16.3253687268924
9.74853092495002,8.66648844832904
11.6900174393594,7.7986378377911
10.0732750770572,10.0908320703972
12.0671578725352,9.03238756343594
9.68898649931378,14.7982850180376
11.0481092034748,6.75964704748714
9.97265452857296,8.94811326165927
9.2898761923326,7.27636401759003
10.8814721886367,7.96124166670604
18.8678871732684,4.97704801211372
19.1075942206807,11.0533925413201
11.891110330321,11.4198718985133
7.5113405318565,8.67615228260359
14.1974383899612,8.75572707728027
8.44748946276162,10.219175491625
7.69226981589946,12.0692526000709
10.967569248698,13.189482002149
5.52640721597471,16.1842980310921
9.45874325111507,15.2369503542689
10.8643111922835,9.88173390328504
9.75392397220573,8.29195737126968
4.88314496269819,15.4198101226869
14.4994459606746,4.40355094808847
5.1792241289449,10.5399535933617
13.1348587494429,4.77657306416932
11.1883120687384,12.6193181754606
11.9857682014668,11.5225571686606
12.2044830010714,7.8815623070831
9.62422332999938,11.471552175388
8.98710551602627,11.0194837186188
9.3709762012017,11.9175494592711
11.1685093300769,6.81529020740581
5.77481249954819,10.6737351317635
8.78261216809607,10.0990860574161
9.74506367644403,13.9820037780489
8.25410374896829,12.5628473907643
11.2019382960774,7.56118960891017
9.22413891138981,6.96391712577794
11.7963898628634,4.59649954690741
10.4924590267826,7.3113981526658
8.89423782520527,13.7983791518631
14.3880455884009,6.87313958576314
10.8184352815839,11.0171562296605
8.05668547430393,9.40049564449631
10.9249976368752,7.85582771156005
8.3145631846722,14.0762989091833
10.0274742976614,13.3862051043105
11.1014570779234,7.18456063865732
5.38328236825959,12.4254243606204
12.1555700201673,9.80543329958337
10.3190095884023,6.86246710488633
10.6291425871575,5.21782187663227
15.0185423837294,9.61113201010342
8.03082863648581,11.7775198216619
14.6319302283963,3.87269196308673
18.1724943838485,10.4368891052357
11.9449458289132,10.6608524737281
8.34217197374743,10.6613994459497
11.0174627027822,8.13443632552622
2.01282378907625,14.9210734354321
10.5823203804745,5.89699178203697
10.6777572538679,12.1893689354121
5.04813662171953,8.63768928021013
13.1041406987553,7.77493835581518
9.86185463607861,6.78262144927112
5.73149536964643,8.1950689072412
11.9319707845226,6.61350235918327
14.3887098332731,6.56753741208404
11.7839792529102,4.28302406863372
15.5277270514798,4.6581161120998
12.1681219619336,8.12846457961621
6.23383181368804,12.0405541010561
12.6779905230223,11.8067842659148
10.4905018414174,8.41266857859172
12.6177397209608,7.80823229027133
12.1669183586581,9.35036173385302
9.64613878332291,9.74860532557506
12.6095374693034,4.71033558782208
16.8386843788883,9.23577124595081
13.7261453075212,5.94427888659206
8.00180326914967,14.2479136696763
9.34858496007567,11.9990430331784
11.0832337375513,13.4492507663051
9.0651255500836,15.2897130222556
7.41800101759895,9.51035880879304
5.90751931490737,12.5650064443914
8.87712590735992,9.48627143209453
11.784448500206,9.22192094844985
10.5300334167538,11.5233247255141
10.8546411694762,12.1826039020452
12.8247431642603,8.70660180178649
9.68807858164707,6.8600668201609
16.8354079837721,2.86654653198526
17.2229718805474,7.65124544767443
4.61240810551715,16.4254593160611
9.27024329642092,8.94591868707546
8.7009351791311,7.02973333099287
8.08539240498016,11.7577748498112
10.3933369399265,9.09311884576625
11.2301847028621,8.76901773141443
11.3634064250569,12.1309600909806
11.9148540250152,11.9724371687813
15.4963375125656,-1.59150712977683
5.92762508990348,11.1866941507671
10.9752247192986,11.8752085403888
11.9767308707228,6.63820121639534
11.4474792718363,8.95785172728441
12.9155370810058,5.66231794272541
7.53481301945335,12.2931380535126
1.79680191358893,9.83441667320781
11.4037260141454,5.56080431871226
8.41029926725642,12.4413614323249
8.13043358457817,9.68040564332143
12.0893213415153,6.96303657651545
15.2508295084014,7.71772442874311
10.1432334790841,12.5001433494487
11.3322856158532,9.81959881136009
10.1964329515723,11.8885680596042
7.47085506171488,13.8309557836719
17.3907500613985,5.37302659725972
9.02568113490487,12.325877337099
9.00446154079296,10.2900653117855
3.50026691100269,12.0295678577836
14.9278800854678,10.3917496577608
11.9711948255925,12.447236933592
11.8904972665301,6.55821430544144
11.3539776585131,13.0217565803113
10.3714786909508,6.76842941046437
10.0795835445425,9.08754716844438
10.879555722823,6.39768304471264
4.20351760985906,12.6405615070744
10.3670127501899,11.5702118524665
14.0249483780566,5.71346056429465
6.6721706080667,16.4526851703005
7.72228636296574,13.5070201059427
12.5543561957663,7.72404038842778
13.6279503631085,7.08767777778527
14.7818901565268,5.78548449542417
9.33377513098478,8.26361825685496
6.7474567380939,7.85033989042932
17.5665400498479,10.0027830168879
9.04345974883116,8.16840291072775
6.5411449499801,11.9593696538006
5.77010106336806,18.0633710945769
5.29136814310553,8.37581041670376
6.78666315962472,10.8120635187143
11.3987367089674,10.2593648006187
14.4775744216437,9.05101918849632
9.14593502447,12.9237321028221
12.1133783109727,11.9277350392083
11.5267590121345,8.39812632691212
9.36775714112662,13.7793906622888
13.5484600049433,10.0920212869734
10.563222077182,13.6913825342354
15.0717791936818,3.34622048687876
12.5967553578821,9.35715427148536
12.7791612023325,9.27091596896237
8.63601431427115,9.32418265993618
12.0210571443009,8.63712191554386
8.42212895960705,7.9258809177735
11.7361355248467,10.8829909011321
9.72239112093558,6.78615737387998
7.47046007860985,14.8450560290855
9.76366972018845,10.5915654002961
12.9658819517848,11.4295527536082
11.262356117758,12.6790202855184
11.0380180892968,9.31439174137801
8.75244443319659,12.6975692173289
10.7225807518999,10.1011386496262
8.02785580037985,13.7500970497601
11.7101441779013,12.3065477208225
10.1965435283898,13.9226226662397
7.22870039075684,9.03711865944624
8.06873918361054,9.24216781655206
11.0983799056223,11.5785790333866
14.2872447744018,11.2077192282939
9.09757841757043,14.0546475443814
6.98313373712981,12.0899572286167
9.93558304709927,12.3705604964867
10.4435512786023,10.3734312201261
10.0241882955073,12.2733315697561
12.026390481935,7.98819374181256
6.15149114068274,11.4844671232177
5.31818243830343,13.3884494876948
7.76978194062623,11.9120144661934
10.7934063635014,11.8086919314778
6.70930899536942,14.6101286811692
7.29693779594531,12.22484398711
6.73999070903156,13.3232908010462
14.4798541447796,5.03711467811714
10.0949690711951,11.0415042819319
13.2680005339664,9.17366337464426
8.41139264031054,7.15689604717406
12.7923073117666,7.28210517581928
10.5047878611567,12.1173048096058
13.6226074000381,11.6907050055641
15.7677962066914,9.14504147362889
10.6520761041241,5.64465664684323
8.08896546722348,14.4451206115321
13.2870031768106,10.3907843574457
17.1992247449249,2.70005401803675
5.51277774667489,10.8679441271496
7.99304690383697,13.6013265899237
12.9877531716177,12.2037082548659
5.91951899326915,11.5650416096878
5.64064030998216,11.8286381028288
10.7304011780938,13.3554710895349
8.84720183110591,7.66432604316531
13.2518652827747,9.81000613978072
7.3681780745311,11.894771980623
6.43007052838439,12.483070895935
16.189833224564,6.95281472359554
7.98280743701208,8.83922288498862
13.3222435380212,10.2368628412849
8.53162274317573,7.83784362135143
4.68178890825381,17.2414975260443
5.89113242443736,11.3383080386686
13.4114096111218,5.73924124178619
9.20201085595295,13.4086896357506
9.80120272674966,11.868439010779
14.5024093764013,9.04543223487183
13.4365625680562,7.75589315002154
6.6569455561237,10.9694355663413
7.91150259318571,12.8943918871826
5.26494181991014,8.91064910526302
6.8804104482933,17.3918921366275
12.0868164942686,12.5208789152035
11.9959079782765,8.55691595844031
9.83483026272035,11.2218510658002
6.74110558598788,10.4397710562659
12.1710112496393,8.74602693618523
12.6637182342953,11.1475034481216
13.7839541527638,10.5420639996892
12.4379537728667,12.5720736187633
8.15661197485362,7.51106659543702
9.21814356988816,15.1272278514504
10.8581754430841,7.26467254549593
12.2450468737078,6.5232811027803
14.6125088605771,8.97513745711828
7.19325040766428,10.5635649176648
7.80625843201722,13.0618102357217
7.85757950040571,13.223891853108
11.3447494803383,6.57967842085938
14.4962663560726,11.8233294177437
6.27518542718821,16.5758330401056
11.466087063459,13.3775933187383
11.2622284165402,10.7188282819212
13.5327548592628,9.97453734411084
6.38617586211881,8.49504390704066
12.8025354054531,6.18248952189459
8.64718503922725,8.65948704620009
12.9423083510628,8.84329290299164
11.6553585107273,12.0758787674982
13.1632379784063,4.19161011331727
7.93128039264015,9.19360805777186
7.95834189991678,14.2588510771294
6.8072985747456,8.76893172189463
9.06809308837863,7.61526553873256
12.4869358059495,8.53157081515394
12.4922670679406,11.858058759572
10.6502407486369,6.86363330566049
12.1878190091037,12.483088185974
3.61038934070457,13.3816431729146
8.09108812622901,8.28629814445044
11.3422607458028,11.4510781733237
12.216150319692,8.68680989627492
11.4975173967623,8.83568696490103
12.002344448255,8.94467575514417
8.62385154968541,8.78054599743392
11.6812078012442,12.2318956732795
6.9233399716344,10.6522613102431
12.4874218940889,9.89045965601149
8.79183709699423,14.6966768510533
14.2582659747675,7.37667474214885
9.99389521704416,8.01491104339975
13.4948344386732,2.65060679866809
12.4726117046151,12.5475763988212
13.3004293369921,7.81860075036701
8.22424018938036,10.2957852311223
10.6968013967482,10.415221357679
13.3237507159915,4.18926547512555
7.8895164397512,13.7872312894817
14.8045202225566,4.73662235779895
10.1440170752235,8.56275750460309
9.62609291458222,12.158433841094
7.51685933860642,10.162412044729
10.942300826699,10.6059568172332
12.1513632843115,6.77530333139262
13.8349882704692,7.81763650908465
13.9097496149325,9.16558710546548
9.61833603807282,10.6888256869827
13.3800635571802,7.5033726034389
15.5305871122077,2.63744120308324
8.67654769508577,9.81841911820044
6.03192056556779,17.2472319425921
15.2409820534858,4.49009360386339
4.76948372629955,12.7791588844996
9.44029595542645,7.78429319465882
12.7467651369464,11.3723573693617
9.82076632433939,6.56421787833398
14.1632547998493,10.3481966647437
10.5212906926693,8.99711207862503
11.3450822551645,7.51692815908791
9.96390670775713,6.76285031467811
8.1685361210434,10.5126221549774
8.59902677298114,10.8088538535456
5.98781613542882,8.54148911778894
8.41680061947126,9.12689557633422
6.49965031585545,10.2030851016362
11.3949763220157,11.635273894566
8.06117557637566,15.6222713961383
11.9490597442038,7.48249095198428
9.73702242413486,10.8766261140401
8.91939690603247,9.69372907761001
13.9980955167094,7.54279104220009
5.5511725955314,13.9671226188249
10.3427899855099,14.1037497424808
11.2846016973666,7.38851584775422
8.27836361746166,9.3954764698698
8.58563018538455,12.5201079745951
9.18564797728837,10.7321323235911
5.8750178709364,8.12870615627699
5.95895621891096,10.1735702558679
5.09169470296816,9.27610115977797
9.04628424071253,8.65638578680719
8.27453826638209,14.3385581382712
12.3041182201285,11.6758783390309
15.0803563480934,6.03232375926608
3.82925094887543,15.1539066959364
13.5787554846523,11.9790015856716
11.12923846755,12.9237458944846
10.9324337863344,12.455367829121
13.1611351216973,11.096711412251
9.67961346892182,7.60492359115827
4.64213787561599,15.9933969479931
13.2977865478341,6.44123598912125
11.0840683898168,10.6058382889476
12.4259730602237,5.69559821411284
8.09886957218086,13.6000832157949
8.99942426906933,14.2280138078069
11.855710551368,11.2179117823587
10.0748720350639,5.56920340213871
11.3564086939,13.1035514449628
6.79726876309767,11.9588955985656
7.54569715468232,10.4645228127326
8.00058855374275,15.5440214566353
15.3113881645075,3.81400124049066
13.3540635528672,4.38345716252394
13.1037694080484,10.0891837666816
10.6978678884865,13.8174679440382
9.6757493470386,12.7407197574842
8.74272425620184,9.03016183651289
9.65251499473861,8.43954026265871
11.0910550196205,10.2195247717465
6.60870156141297,8.46477279020351
11.9891312843796,12.4484928506415
9.26731589272195,12.1952313843489
12.1384438985336,4.3393909566414
7.40672567750522,12.4025572584465
14.2728890007865,11.4964244478042
12.0495808006582,7.26121802495368
8.71517295911542,10.0417546305402
8.7138606541857,10.2986657498635
10.4869687957849,9.78726763990526
10.9358112001592,13.5469844105525
9.29243392282767,9.52409620965257
11.243424663736,9.97491305225945
13.0999568283587,9.65385943118912
10.6908207203794,11.5712676854705
14.4738005601274,5.74292651237823
15.3958355089928,1.93316745052477
12.8651243709745,12.2443183412921
9.68717038730263,13.8412574586185
12.3948862757028,9.80623810470182
13.9062940309911,6.95674474093287
16.6274447873419,6.63980569407755
10.8658755994132,12.5056549832418
7.9182554585721,13.0788449280616
13.6962265747453,9.55705189118506
7.68698026643024,14.2620042169239
7.70645413942036,10.8646445929025
15.6127101080363,6.93484659985915
13.9549893971743,7.19155356300653
11.4004710209196,7.56023661534718
13.6487644669305,6.58677963636606
13.4295484382566,11.5713691996654
13.3637482595202,12.2447285223267
6.10071121022286,8.36729021806704
16.2794861882406,6.26550397751489
4.98548874558421,11.2426598359815
3.05569626485457,18.5492947789967
1.97636336245719,10.4073545789386
16.3160779697628,2.01646598751253
5.37660450034988,14.8754197192963
10.8933861129096,5.33386300198636
13.7092254399466,10.6283424229662
12.9187555295688,6.80312794401302
16.5521921961625,11.4087656309484
13.5250262701648,10.7540319270533
7.42257136678199,11.4456835800626
8.45363329809477,6.8544114210443
4.69159612848248,8.79696142553807
8.98597507012076,9.47334203685655
8.89321852791126,8.16035194799191
13.9440923368861,2.23205397207546
5.58525508619458,9.48651637279064
7.96492573723045,12.374993266269
15.2137276401823,8.6127301262371
14.4999958681884,0.679878022658208
4.83959405166968,13.4614586615147
14.3399704362853,11.6454991286368
11.2322279373973,6.4770176427768
11.101846091252,12.7166420576161
9.43327734620078,13.0182013031873
10.9989719719012,10.7341997986302
13.1833986087725,8.16684778394942
3.18283586753301,14.0446500652385
10.8743634428567,6.18477387856611
12.6552321495564,11.3914806232916
6.36652618540979,10.7390091239818
7.59619570900441,12.7999279011446
8.49870253791883,12.2964023001661
15.0198777030968,10.9928488846952
14.605850982238,11.1990571873232
12.5268005728075,10.3320896013231
11.7405367303345,5.45756168888889
4.62834881642579,10.4914003776262
13.7365057399836,7.92503143655425
9.17030980363185,13.2020921495258
6.34858339672931,13.3131916886929
10.9056595495892,9.22906874651075
12.2596721179179,8.85037741210844
13.5944959912484,9.13294099102311
8.39663179900165,10.2674932715031
6.85933291311052,14.2853958936954
14.2112442244175,11.4685051190794
11.5333151899405,5.48022884655251
14.2277645606614,8.96477701171149
14.8169114334943,7.06091977497652
4.76229443348573,16.9743397034443
6.74304509392166,16.7533168402805
7.3521319107714,11.0522972130693
11.3923849695027,11.9958279004137
7.16114790048471,16.25516724257
9.13977012342937,12.7571185007601
3.61095256609742,13.0802568290281
10.2237412116476,11.3367308287668
9.36415164243813,9.86677251351763
4.44672875831072,9.53986550750547
6.65720422646933,8.12514547200109
12.260481864076,9.3926846955417
10.1658120624694,9.01607964632584
9.43581798113697,9.2468751194893
10.0033614272889,10.5605664906376
9.60229863330458,14.6147163674446
10.9418655990403,9.87449639513347
7.08018032425017,9.66385954990199
5.91517738667221,11.957963046687
12.9160389302719,3.05483566441054
4.1089871115565,20.2591676275748
10.503262922338,6.60724173916933
6.45897908018638,17.7868637868942
14.1649630949613,5.29534701167834
13.8261102543908,9.77980241662006
9.50492326171405,11.6472139259805
9.87649689969691,11.5348048156903
7.81618513516581,13.0550965607208
14.7302711086446,7.56684854936605
12.093216767151,8.32407957352829
12.5194269240851,4.68743378718252
4.28503781741002,8.56093542652699
12.5142521828034,5.13184864366066
11.6452026592973,10.2378047635415
9.11552450057066,9.35151251207877
13.5794170288406,10.7157241089531
13.1630696227617,7.40492117231954
7.08255984863216,9.01990755932795
7.96105379252223,7.24635083251528
13.766331745625,10.8273190902687
12.3646678201688,12.5645223411091
8.26299399013438,10.9322920320064
9.5248927899546,7.07750360052716
10.1372020652748,8.22260862761251
10.5008596259631,6.05288299464143
11.2418654308072,13.6017924496762
7.8817322193152,10.946495189629
13.7671800677893,7.97189955292136
8.05400630648711,13.5470414697181
6.47614912973721,11.3003252350673
12.742406807369,5.71593179163823
16.5485139514724,10.4136168998477
11.4674796653285,11.169913323951
11.2860992832672,7.27480699531072
9.01210566700783,6.86128829007354
10.6656126807104,10.343872422305
15.2752218364481,5.80136025356371
10.8052025195194,9.90256811239045
8.69012401459875,9.79725066439329
7.14494100619658,15.4030464409131
9.92110622133093,8.3338588931691
11.9577139922511,8.79891587246768
10.3004055059063,5.35387078947506
Rho_s: -0.477199112299778
Rho_p: -0.501210040965063
IC Time: 0.0200000000000014
