Rho:0.8
N:2000
13.7641625589488,12.1300733188263
15.1122562738524,10.7221321110146
12.6409690687926,14.5618192647866
8.25536516318997,9.81510720871213
9.49243429302322,8.65040631024052
13.1943365958019,12.6960958664907
12.1551264618264,12.1907639743762
10.1147269993165,13.0387495165611
6.85100817431737,5.78914417789569
10.6369405081344,8.36339098189936
14.4273973723852,17.1306314269263
5.09144145140794,8.48638014509227
13.8868582724837,12.822175502476
9.58657257002638,9.68640629364472
11.4896424839854,12.0878508499832
11.0352836850022,13.4313440038586
11.3140193960227,13.6462024700779
10.4169555017481,11.597840958674
5.89533097041213,2.50175562427512
11.7696945254137,8.8530337334848
5.16912606206284,7.40679824555228
6.60203928976078,9.65425523434944
8.88204192746172,7.4155691930428
13.4934606875998,11.2995160777312
11.2285265718765,9.4688420738722
5.35201261602693,5.16920928111602
9.11184557885477,10.8669209205177
14.2921000577354,16.5059226666021
12.8254544291812,12.3482079756323
3.81045520554144,4.03604818183952
9.35698543082157,9.52255111450957
11.0423599915973,11.7190327846586
7.25822524154351,8.1270718979565
6.4433376610833,4.21401084920099
7.00203599345071,8.71475937799884
8.27353794951289,6.8251086280298
13.3195500510901,11.3798185973068
11.453633182815,10.853046715152
7.02302454301164,7.45734545850416
7.01294914347565,6.41062212683744
10.7092315552381,9.69062403398383
18.0340121810386,14.7598569240041
7.72635086323105,6.94923193473338
13.5870750566357,10.2888186788671
6.52484021768715,8.54563324699363
12.2087133280025,11.3591607329643
9.46769718426192,8.60905393739123
13.9162849732384,13.9409188644266
4.69461743618786,3.70087597730326
8.22468081438032,8.6331217061092
10.5181679808525,13.0897773037813
8.09397672825757,5.99385875524767
9.3035204386613,9.30823116807653
4.97273154048271,8.91550229671333
11.7710218994884,9.0097849780179
17.566802366882,13.9231804148769
11.2131320362839,11.5162948057102
9.80917784651996,7.30297231176477
8.38568016428942,7.10802577474241
9.86633968291377,9.06563381775923
12.1453367593307,10.3921246180738
8.9202031144424,7.81015051091244
13.8889835987148,16.2431374885298
10.4118987101451,9.64361431200896
8.42310041260571,6.00102984209407
11.4094828178016,9.41219543095614
10.3670255862366,8.17503940368856
6.28453595346991,5.97657652140096
13.8780572802977,11.6608338979568
9.82489302430122,11.4445012172223
8.0138447651852,7.72848520977715
9.77142098564256,10.5423620729288
6.86243403608175,9.27234686679592
21.0358557453543,17.8776357946084
12.1924202112629,9.7404836157946
5.90923224396291,4.68120673259059
7.63900088783967,5.10780263949101
11.2367464065454,13.5302048969946
12.5909795289394,12.7370175927013
15.351181419441,11.4521310511448
6.97591554209104,6.20834286563179
12.2611180795224,15.2484798765697
11.017409212709,12.0977767943066
11.1845516048815,13.0077308324543
12.4684013559071,15.3889782258625
13.3932788201931,15.5351745119421
9.86649646202017,7.95841722996602
9.25625540720587,7.03274911621802
8.94738431181807,6.01306859406194
10.0412628774457,11.8899562630236
10.0081849716048,9.77413417428363
12.3300726068173,12.1742040105142
6.99196680491315,4.60303632363639
6.28917452610291,7.1676406486651
11.7971185271428,13.5425980631517
11.5981526348118,9.21304273842233
10.7864791231295,9.08479252883724
8.88005403927257,6.21862973827939
5.17100562717167,2.30628242622276
3.89611939312917,3.87551263978391
11.6909712285201,9.55753408059705
11.3207790723185,13.1159887905575
15.0704114426082,17.7811704696944
7.18604910794815,6.43001269146733
5.01633164132653,6.39846019217676
10.9774174376293,12.2239569647842
10.335606042369,12.6377848283271
16.5698814556873,15.9803391638071
13.6013253070478,10.7978541676079
9.46536079579929,11.8574700284826
8.11485216643702,5.3520655995147
4.66642852843651,5.22863034359446
12.6803744515218,14.7727684945895
13.0291940907242,11.0259414696214
8.02673654845686,6.93826644480652
12.3659463732387,12.9394483872178
5.96863995619934,5.73969590963301
12.979970555638,10.7033830560514
10.0651150724531,12.8120096150132
7.84003362300176,7.52218599669183
11.375329773784,12.4135879617269
8.12531698866671,5.41040084241827
14.3986057931093,13.2658147774123
9.03727749925942,8.63367800745256
6.01619276887842,2.46985246209088
14.1916476154283,13.8796961891524
11.0567379764766,12.7348525489195
9.16517965858062,6.61471944393852
12.5920338917016,9.91547264010701
7.06063896388689,7.03120782677398
9.20234655945088,10.54296717125
18.8503687181809,12.3674657808255
3.61081913805111,8.05495117838922
11.1577136517364,8.99764487618245
6.61156251806045,7.55142428926791
10.7039648930315,9.55683465429777
7.74022873086811,8.18993855699044
6.4238574776844,7.96412205861369
8.55045086527217,8.7522628476283
8.61143550217053,10.254419706241
10.1149909300973,11.9785195809119
3.46049700050501,7.18047727328764
12.9987895792063,10.7562564664096
10.3282541308485,13.2028649758458
10.0469671286429,12.7541469354383
11.7307498737328,9.27769894029222
7.15780444162911,8.37303340522821
12.0318081389473,9.7433652085767
13.0508468424941,15.9712481426467
5.95949680462341,7.39596584426453
9.20001211373177,9.47380771098372
12.5843294704949,15.0245481220772
14.2552568670883,15.1278757772525
16.6901562411932,13.2695764316235
6.12652312397531,6.24523572331326
9.93541616797334,9.01837382637934
5.85533359636608,6.47793109545172
7.72726636682336,9.31261913468784
8.58043537001711,10.1609237383305
17.2188362602181,13.2112095490271
8.93012711386938,9.42395809269838
10.1015795017853,9.20766944899965
11.4416226775635,9.50536263193761
10.3283770316944,9.06615428663572
14.7969296805027,13.3094594730608
13.9869177269084,14.0699106755863
5.94465427152551,2.35575946801857
11.8339598703797,9.13830559722096
8.6178051159252,5.99693555039012
9.63618065311747,11.8034180882115
7.33872140996033,5.54400135188551
9.51191608003908,6.85920714867316
11.3165708072209,9.0271824729659
6.35077982235992,7.43231709614108
13.4165520539198,12.9189153232619
6.08928875095276,6.41704692223906
10.6552105102279,7.75625348238981
9.28930072536459,9.35313133726544
9.35546033881371,11.2977896505721
8.86477994664139,9.31917302751597
12.9087940014288,11.3271467727607
8.45127056384474,9.3117905835649
8.76842265159176,9.76476408826412
13.9842230909755,14.2463782283718
11.371153020505,11.1794271386613
8.00618720131962,9.12679534304008
7.53294848082917,9.53920106104311
10.0932750468127,9.87572084799389
14.602150719016,15.0322217814668
11.6970049344727,12.0983862475763
11.0306421685993,13.2396258488775
12.6708592201907,12.7359683744175
6.78593012078532,4.83301040203344
10.731376040422,11.3376437671076
7.35726642694489,4.36044379187509
4.47046091711012,6.68170492472235
9.83174454259902,8.16360438361833
6.3713468359171,8.98695939751227
10.0330272944284,9.02085683440372
8.80943003465471,10.800810316006
9.53097460515777,7.7736057865502
11.3476218632315,11.6735746108767
7.53412754368624,7.6554071641989
6.81403682545204,5.88618577342734
12.5132131880615,9.69438410038898
10.161612942588,7.87430157720572
6.18433351977231,9.45452008181548
6.90145956942341,6.91096362998576
7.2384705685482,5.78305427896957
8.61441135190282,9.83947670685477
10.5641163188726,7.71675630577898
11.8465652969522,12.4269110272024
10.2632996290401,12.7346435709464
11.9110285431028,10.1858375257416
3.39498723481803,0.58877634436092
8.97368420801064,8.17032739115145
11.5191694331418,8.59301597039925
13.1816927764788,10.2614136388632
15.6583560598653,10.9459951765226
9.90058370729454,10.960160331013
8.74533654230971,8.85891950840791
7.76891440086273,4.91195824410372
7.45810605539625,6.79555148207227
6.28581767940182,6.66875867662105
7.99597703868091,4.64376394325562
6.71031674260285,5.36430191171859
7.01187855772077,6.63793198523465
13.4956349441957,11.3995785291902
10.4126337345496,8.72235939452566
6.08268950538322,6.23710510591463
14.4314234202285,12.9494085164177
5.43870250845217,6.35410619765457
5.57602337287889,3.81399294060241
10.2226832898072,11.878218833362
12.8621314793757,11.3281849903454
5.08223960856947,8.27958307561359
9.64779264968716,10.8677407339321
15.5952158361548,10.6455884230346
14.9942855239702,15.7021575501208
7.62833587444236,9.61090279243151
9.28115134102411,7.0887107534852
13.1071293702579,12.3695745560188
11.8010843350339,13.784199004512
9.85488189482,7.85056678243745
10.0486274524593,8.4092197252049
12.8788985616835,11.9826143780882
11.8409636722793,11.2903635603309
5.50502546076911,4.24702366944613
9.11517583158378,7.87476632271474
11.7969255750004,13.4273645405586
11.3972612872833,12.1436054935737
11.9877473591005,12.5371633861463
13.1151192447917,12.922405928344
14.4930588219063,14.061521048396
13.7475405488643,12.7773690133332
5.61456216891388,2.1404086578739
10.7027763135482,13.4752732436535
10.2036789538948,11.4756156734013
2.92780752467254,6.82970232047986
9.38085740233879,7.22375929614632
8.88668631423019,8.97756849579394
9.87949411160349,9.85484630606291
11.3681117564122,13.5280309660749
12.3810549561343,12.895825662304
7.63065154697334,9.44158157258241
4.9988291654613,8.81614106506087
15.2332452433101,12.4827459516946
9.04792367120009,6.42019144194206
9.3627717807603,8.66346775267106
6.31655503828105,8.32867828817633
8.36387362026352,6.3078044280388
11.4066773430791,9.75248822457363
4.86493056489847,8.3351463975056
7.78732313141182,6.54994709635707
10.3608256623836,12.553848380363
7.15991996380379,7.65820989053488
9.97780768837093,12.132240425916
7.18050076196832,7.79715675597423
12.638872532545,11.4069736694471
9.53108059054061,11.1364664879247
9.80703575173256,7.13620728621415
10.0521404086399,10.8860911102344
12.587434109852,9.82713146376552
10.1534810865496,7.59240490577374
14.738072615292,16.2762183758168
11.9076417531743,10.5464999081618
13.0688123487819,13.5537191160029
11.3335786874255,12.818082165447
9.56899453897169,9.63525524426283
11.077911837877,13.5154831897719
10.4072821976444,9.69975303303488
5.34140618497917,9.10298054418937
8.1756955501156,10.574175226916
7.59701338786357,9.50011764694441
9.61443920604476,11.5328241743217
15.2223978510571,13.4286255589243
11.2049181978826,11.9151090758249
7.00351229882235,8.11790667220724
6.4900467191981,8.11214858230763
9.58774383463686,7.44046798754852
14.5718407051031,17.2969357820984
7.75800071693949,8.76577863327481
8.9531272211872,8.6221810569593
8.9784963057686,6.33206296054743
13.8257318007592,12.1116894325648
11.2494625116903,11.3157550042929
11.9267395184563,14.4474629934299
14.0682037513485,14.9653222625354
18.2287132712711,13.1892946176494
9.31909219816551,9.23695364487027
9.8989024314151,7.06195268233803
16.3074151084156,15.2895566954129
14.7560797535465,12.1683018802862
7.43065778226452,10.1390790853582
12.9568664761957,11.2835334641283
9.1869193676947,7.11828252493716
9.517353735941,11.9607393707293
7.67501987954471,4.43281384915994
14.6109240893849,13.3764700178485
12.1364501667986,9.33114339191123
11.0192301836116,9.58876034870661
8.00434001174122,4.73979254480598
8.48595082042552,10.4565717805189
6.26868575677777,9.13406677554181
12.833185130561,12.579945057461
10.2085884467474,12.6321922720158
13.3818791202502,11.3322395268408
10.7251788681477,13.3308263383273
7.46342465514709,7.68002556646553
13.4928686318376,13.6868972874713
6.79303352433604,7.58921668521667
11.5885033081784,9.73665474074316
10.0698032214291,11.9080888472639
8.45269930907602,8.42688564197043
12.2137046136652,15.2579421543153
6.56612360369238,4.90292356626769
7.15702561325502,6.11951152743696
11.5842088637169,12.7945098753844
9.96567851301074,11.1317770772776
12.8118814382263,15.1052080405012
10.3075587020773,10.185152765728
9.24592318248404,11.1191667096805
9.24842740120627,11.194798361623
6.55448810977685,2.97551154157316
10.9756721894289,11.4566253196314
10.242365957654,7.64007590313293
13.2264217972589,11.7420856734706
9.93048756271928,10.5825873672816
17.5275971868381,12.6904956883242
14.5002261736341,12.3842774759846
9.24182658629207,9.99637916360951
5.05538792381736,7.94357812258157
8.14783252818512,10.4430684170856
10.0920682374997,10.5524139669498
13.2737650683073,11.765930472114
8.60300662786629,10.2438616529278
9.92716734310006,7.15482000630328
13.2185466374487,10.9693942041735
11.4725114711785,13.8501212314623
13.1572385663347,11.9233203010703
11.2492021586373,11.2908209177719
7.45743491561864,6.92261687621061
9.18053277726743,11.0035168949119
7.1298057688989,6.50309520809378
14.4173235450695,16.0193722301413
8.33565598242165,6.02848896178508
6.44620916526418,9.34978748113048
9.85370803759353,9.80544549319976
12.9616107390542,13.1824513351264
13.5902725355409,10.5433976627775
13.5148138810067,15.9515010263842
13.6337728242488,14.9133635558337
7.75246126139017,8.27569731122792
12.7268655025835,15.4596212849649
6.96444103000571,7.2961475052435
11.8799427517623,10.5763527517877
8.6263266517936,6.53551037143907
11.9706088040955,9.3834750445652
9.34616704296618,11.9334741796904
10.1041672442004,7.80327692917201
15.177940725613,11.1038263153814
12.9483173910973,10.695790695082
7.36705009245446,4.29720273443229
12.4210691561651,12.7625094154192
9.60621930751206,8.61594637793392
10.7363012203121,11.6590232083307
15.7995398215671,13.3873022935931
10.6249971363489,11.1932210785479
8.15026265164043,6.3244760308268
6.96321108522239,8.01406386664065
8.55115272793865,9.45341568251099
9.61694870597453,7.16619248123467
12.035847458102,11.1587478406903
6.37438772089069,7.6850248102355
17.6676726316546,13.3782117665757
6.83216365161968,8.10052699641147
7.27962188767546,8.44854885580818
12.0870076670153,11.3028328789582
10.5152093122644,8.7233810547176
10.4508605498415,13.3245679221105
12.4166701862169,12.2527875098418
10.5380295353554,12.3356348367535
8.16407215722949,9.8462788465247
14.8072656271139,11.6401287706176
9.39515138909466,10.3859991537811
10.6684512641931,12.5832053059451
9.8503369281277,12.172125451463
7.97158307357434,9.22888219151633
11.6661578478086,13.8877121470801
15.1053767218576,11.1127861608835
10.9723223555002,12.5235100878704
12.6123126955282,13.025638602122
8.80257755415211,8.61817151209887
11.7363650067274,8.83555262669818
12.0254788021981,12.4970410828869
9.0547893449391,7.36158621695825
12.0892366549244,13.8405269445751
7.50520478967568,10.3327546107045
15.0183560540302,16.6940101715103
9.69336820907173,9.09380189285545
10.2515659919273,11.2253882152478
7.21499359902504,8.83589666659437
7.60052709145974,9.22082180043071
9.43649321612778,11.9138466784947
9.10489713735167,10.8069613692498
11.4465877852286,14.0210004521615
14.9241928666327,11.0471009246372
8.41887794641524,5.51065519859186
13.4887626470821,13.9894783259529
11.3927223249084,13.5625677780643
14.5872142832856,16.3453020343888
12.5706352004977,11.3962529270524
8.56085522157986,9.17205695531872
14.9844525994575,11.7791196513588
7.93335988173033,8.57430330662944
9.30142005708,8.54536169499767
6.66468367692737,6.83304774788793
6.13051059993695,7.45036777885394
9.85913408647274,10.9408698444289
14.223683302759,13.7123796307399
9.83405480838089,6.96109433662023
6.16631715933338,3.46393221383827
11.7573986441638,8.91668215980156
10.5901335072881,11.8438677296914
11.2231730242859,11.4560868009596
8.5672580052632,8.64246616022138
12.2399107498888,12.0908615704139
14.7929562827699,12.8889746284148
11.6119305155146,10.3073136383062
8.89462179834938,7.04421889845652
9.59633316691546,11.5757064113927
8.21361126427191,9.59273981889425
11.2115852488617,10.5352119860605
9.27126929837455,11.1579557145063
11.8212560739028,13.5897584153979
12.7057151463005,14.3658603577444
16.0739259078389,13.5847628532394
10.0327404663229,8.96509908737209
7.56517871381132,9.58400246077035
6.53260367703381,8.32505121313931
8.18653908883774,5.29079936098593
5.74144547453959,2.31602632772176
7.28335605234907,6.6252753463446
6.79942883783587,7.51245227678354
9.15262303697111,9.17407706830457
9.6669441449887,10.8491990848547
9.56580315670319,11.252403601372
9.49994960609408,8.5448925351566
12.8894358518211,10.9626172760771
11.2911619135295,9.2414141988421
9.05173024940038,10.0547897860782
14.0534827278494,12.3309181365074
10.3338137175091,7.77378895704005
11.3438396306919,11.4964762025888
9.9455889225698,10.6446795213138
9.26074431540876,10.5479673188752
10.7989857644687,13.3852975338131
8.50356951492294,10.4675157121013
7.37806622544118,7.23915649369421
6.66111756663626,2.82738495007702
10.2845872517543,7.3870146796341
2.97313105623234,6.31751388818179
9.70967246964247,8.7275944465763
10.7546338595017,11.1423224098173
9.51992404418584,6.41272013261121
13.2641709526771,13.2847021650302
8.6606335463447,7.9244766603585
10.8570484065443,12.3512436975996
7.50349634220076,5.82328183282206
8.73454690287916,7.55290294749169
15.025203676834,17.63613350744
6.39763310254629,5.37371208142134
13.6399845089874,10.2856483038542
9.5248493493888,8.29279562992803
9.72677172674457,9.31490296180101
5.00469549018097,4.07532886408294
10.4113807705442,10.223248913275
8.04174377047399,9.4938397015007
9.05727296539402,7.67021020806651
8.45783213475308,5.87381818415152
6.96583738700347,8.8424740443791
9.15551602839248,6.8009390804115
7.92591960512003,4.98456045970423
8.49351108833088,7.34945105987664
14.2397213715612,14.6993256609949
8.1094611852844,9.97114797089647
9.6559756345276,12.2957732761347
19.945360407303,16.6990499584931
3.99905351750655,3.32634275508167
1.72998510244642,1.28281990122612
15.1032504312989,13.0016138857579
12.5412114561898,14.8843071878541
5.09650045380883,5.97450412947179
3.7102500171917,8.34223058788964
11.5957064515415,13.9127984220985
12.6108252007201,10.680278441794
5.79561934314235,7.32135852261706
16.9893740550437,16.5154810515696
9.73956450347604,12.3295241913743
12.7339914628701,14.2577440066893
8.09834849401467,9.77010767174702
10.590301356629,8.13885338853383
14.937089927665,15.7970057503074
13.417327235885,10.4956740976921
9.45524682565838,8.41264026120031
9.53855298661629,8.4599247191393
11.3097961407861,8.95272107782462
13.8653799206148,10.4872098929724
14.4178877376652,10.5928483189335
11.864689913414,13.9930363939052
8.55523654207466,9.33404906387932
12.4396591675811,10.4977605004388
9.56428276578564,8.02870369579056
5.40172779413251,6.46769171017806
9.72704942433847,8.9860329261192
5.72486697626894,8.75104601357622
6.66072378245096,6.7522082588429
9.96771603593116,7.0441040109715
5.67779210634794,9.46823854356353
8.78581467769394,7.43205215903692
7.54396427987922,7.20801922280176
6.49585245442713,4.26287309999821
10.5350875412774,8.33970313835994
10.9075954538704,12.822375303761
8.67328453855536,5.99482884222039
13.6352197616549,12.2696978447636
8.64853791925263,9.17510151920613
6.70429424044534,3.45362186748254
14.1265738519019,11.545621305485
14.2611763515818,11.5155359084556
12.5364900746285,9.97777523212128
7.42440151526525,9.21970706567235
8.72566442552502,8.0185728047727
11.643322955449,9.97590431649985
12.7571865223985,12.6187438976515
14.2995081699734,12.7931227760784
4.04308468867423,6.93884901047381
7.08710124330503,5.66520949070241
13.6893923883011,14.1979979133516
15.0316245586402,11.9692641847184
9.20969701722616,11.7509898571955
9.19066621444278,7.40508990148505
11.9945643549284,13.8895078377009
15.6848964844967,12.6375226094523
13.8351572022873,13.9097892664201
10.6587061166759,9.89729093677279
10.3994073599378,10.9353385652651
8.47762484897753,7.16093934672206
12.1901527155705,11.0014788971083
10.0079162752036,9.69654004366443
10.5662853499204,11.6425218285883
13.9821657670468,16.8619647451614
9.6915445070195,9.56613654527138
6.37461918721213,4.9937925515024
9.68929118528241,9.58142808655545
6.8584404738159,9.67092552056337
13.4341681151845,16.3512631003867
9.62401391452151,9.42413559511587
13.1601032148754,11.1832202230826
9.61908309163968,10.0523560755007
9.21693685790888,6.11368374670606
8.87284209835632,11.1745332805832
7.35470407760483,5.93682907489756
10.1241147903579,11.2978602276093
14.2908578623838,13.6381640231933
9.37553809513048,8.66329683267638
9.09936260158888,10.1303617101659
9.30897002177093,8.74981573812876
8.86486552114997,8.74121224109695
8.95696584691055,10.2929309667735
9.41278640894659,7.00344777918363
13.5862472558696,12.6963924067178
14.8459750392385,12.0040438868302
11.9214354144371,9.59019713593304
9.45452042550537,8.8698167300935
11.4890522304679,13.3425759107674
13.556704186013,10.3838091407051
6.70491039420341,7.69683597490743
8.1269551522281,7.12628401968181
8.05088330246836,5.02818909463208
9.40885029825365,10.2047839720243
2.29046905020665,4.23729974783605
9.23552249989878,8.9173303087946
6.00363243859883,5.49194465441485
8.59141852885274,8.66870637828631
11.1704912566448,12.0186841043932
12.2896869092217,12.4399454365926
10.8133934577381,11.4036085618628
10.4653057858498,10.7289187977776
7.86485129791552,8.24184419178343
14.3415086680885,13.7510636042202
12.3784132620779,12.7283357884301
6.67167053111116,8.83737019122042
10.1846735307561,9.75857886067739
10.0969946334518,7.17751702115509
11.1488835952771,8.78695692308889
10.943599631667,10.8030317622986
8.13911121142535,8.8439546979882
9.78366774145485,10.3241124914619
8.93447216408057,7.65898558032843
9.23746875960712,8.02312995915308
7.96522145575148,6.05743884456582
15.3849064870681,10.9284076329037
7.52570029341067,7.07218281269651
10.760145512131,10.3852865416168
15.970605257949,12.5435318555801
14.9085578077935,12.6308943345327
13.1403099658998,13.4232510559201
12.9797928845643,13.8257257452339
12.5193776563561,10.8356213347617
9.02371486835343,9.88687687267457
9.40373853131632,7.95250000217229
12.0917460409643,14.3398883833038
7.82020282924769,8.35817444302742
3.72379560026953,6.05413519617679
10.7023794006998,12.2702965426286
6.36836913315311,5.07966192859986
3.52695672557144,4.84096117113413
12.1539568483682,15.2319669111297
14.4380952114329,12.4473157650459
9.24163403278784,8.0199819209857
9.32202239718002,11.13461262954
8.91421051446587,8.80270617306886
7.29272767953726,8.61392790838962
11.8121502797646,10.7039775749348
8.29981511750193,5.93501134064956
12.2968667405439,11.0075653908336
9.67023595488353,8.94415013155925
4.59952885364272,5.5529663769013
8.2885149317839,6.58978937306742
10.7478145294665,12.1340405913774
14.5716258762404,12.8365658188723
6.16642153979035,9.60993494038886
10.2521226171749,8.58234489448204
13.2339149597505,11.2239760626948
6.10895068153457,7.26967682827395
8.58269226088103,5.53328281345878
5.01700189883063,8.61395504389736
8.32758778122379,8.708503813773
10.3911976173731,8.79774831440296
10.1460102319113,8.74824854728959
8.8623523181293,7.73021464916823
17.8152656114269,11.282531468232
5.00262571109431,6.96544296453359
13.8160566782432,10.5601744421472
10.6046295811154,10.0847232318968
12.557401760074,14.0329189837
11.0930066065612,9.02771840726104
7.62061870490761,7.31914053655691
8.59830489643928,8.54147644223714
11.8864337040857,13.5268503883649
11.0486415371015,11.6884191146864
14.5547103855777,11.5636999360234
16.6220612432448,15.2984425138217
7.31558471723027,8.8408624040142
13.1150782803392,14.5839761075621
9.35820991845645,6.73385076420869
7.81908564326571,5.54965499963177
13.1105515603702,11.383917005127
18.5966871233425,16.1121921381483
14.5035622769062,13.1045956205953
7.93665151239734,4.65505099111518
10.853134407127,11.7849261592715
17.2041634075008,15.0254075093917
14.7097525922692,11.2475208849258
6.65944262286217,4.58808701377205
13.0139768077793,15.1102193693879
7.75507089439911,9.5256283831633
13.1442343579184,13.7861898867594
7.47946653948009,5.31213761718138
9.66475681271938,9.78445182558591
9.66436020360812,7.88654401631485
9.68681048178142,11.8904352425062
5.86739395867467,6.13197708093741
8.05427279333386,6.99356787949143
14.0090917431669,11.982702135558
11.1330651275078,10.6573943485953
10.6848470466241,8.29797525060851
9.13092912583165,11.0979228666925
16.427234482241,17.3241747923742
17.9757386473467,13.7660040817973
14.2466594091528,14.3985417801685
11.3510432900188,11.0587615378517
7.04143783874067,6.57946065833347
11.8810987027678,13.507690243116
18.7328201116626,11.8070993058587
10.4682710431581,9.04212511237963
13.9347851696627,15.4865762642749
9.92424119694253,9.9272006285485
12.1426944061441,10.9872821080574
14.229438904051,13.3975958658592
14.484714575714,12.6422516699745
12.9637113684499,15.5831437292466
8.35332110873481,9.6605704278853
9.48819603199823,11.3460467315631
10.6458871422163,12.1589366852582
10.0815607615856,12.625838597452
10.6979278168003,12.1514964941652
11.4193269694599,8.78893556299464
6.3887086733243,5.91483827208271
14.6609550712601,12.1406427369415
7.98468481279211,4.63940993346297
10.8945716051506,9.75789710603824
11.6966286729988,14.3831995191646
11.4736663603025,13.5479745519995
4.13156788945423,6.0195166709339
8.66778204428271,10.2781739875807
9.33967782219766,7.29281300529935
9.28408456345195,9.49167364844496
4.41203130369815,5.44221671927612
16.0713749852766,14.6300801064571
11.5537622791488,12.9215460171937
9.12321892495124,6.63593883201917
9.43296317458067,12.1192233096211
17.0850213887429,14.4537056172453
13.3471912287178,10.7142197673809
8.04825463956,7.49247388152014
10.553059945615,11.8980932002594
4.96850800644357,7.03095161052776
12.0897366410387,14.0641779454573
5.71300087924419,7.66819992548387
12.3294611254552,10.4549898281031
9.99269170450795,11.4487150345471
9.09041184928777,9.87583586761205
10.3002420098815,8.18698540201043
12.7656688766597,13.2676102835734
11.2934757632132,11.2539198220272
10.8917711139648,11.9185193746739
9.36321170288556,9.10716385780739
10.6217563534458,8.13692593575438
9.4417909256712,8.69722969053749
11.4293298264044,9.81334100345259
10.6628266520844,12.0401280797344
11.680743550156,13.9498858007097
13.1530943675513,10.4506094413699
9.14861957161393,10.0198508215713
14.2757213652104,13.8668754155179
19.3641432179635,13.238585858884
13.3366509872825,10.4941615200866
11.420042754851,13.2829746333017
2.27593400004734,3.15580372634471
8.73324855835786,5.50180644526779
9.05512894590303,7.73864529476966
9.63739816706487,11.2828826392736
11.1265946393523,12.198260822556
12.2180604246196,11.1989338420914
7.97772420707277,9.05720397925399
10.8080873941347,9.63513263480614
10.0688483338203,12.1606293883442
9.24703446141133,11.167422034769
4.55605560960597,7.65025404847484
10.4338885028077,11.2620559883191
12.5780030108558,15.5135609758895
9.32630930232975,9.82583599350756
12.7564171656355,14.0625336172402
8.83411984035417,9.13806056165935
10.2758921407886,8.15042649101762
11.0190456774073,10.5876874885201
8.91935925462505,11.2021473143006
10.2460004835162,11.3698563488635
10.2957770039925,7.38774275763669
9.25137971839399,7.97405448329112
10.565014684854,12.0097424069326
6.49678445420107,7.74862982571785
16.6132119946742,11.8256024937858
13.7235686290444,16.2432724508599
6.28427003873422,3.29456401350206
13.6424764588538,14.0808631775821
10.2804575963106,9.30542125781763
9.32801186889584,10.901074730086
5.32667624927056,4.4847121920595
8.36001009034239,9.06208732291359
9.10618762877644,10.3510760902972
11.6528495526244,12.165227544995
7.30833512366538,7.28248776515596
5.6513342284337,7.02994535838029
11.0276234214743,9.72619072873962
13.9690369920047,13.1476507042934
7.69080175209894,7.07175634508657
8.14127828068285,9.51792834360554
12.48518752058,10.9439111774564
8.57694836312885,7.11197490107079
5.29460001454266,6.62447449881947
9.32981092669912,7.4117204719323
14.0105105223351,10.6627648642699
11.9165204424117,11.4433105410443
14.6663855887847,11.2495107939837
14.016551853914,12.7036262379442
14.1091746905777,13.412024706608
8.64959552106593,6.17600539249443
11.2153592225449,12.8534389882534
13.2608701696663,15.6394924234353
16.7848287650866,15.5547108194599
9.81999278740775,11.4794108498259
12.7759814818666,12.8794802151808
8.9611355924069,8.35207534157028
7.43651170407128,7.28146096780485
15.6064188317459,17.6299290415741
7.1141606334217,8.83294112300541
8.04823709387217,6.45637520614285
7.41068230398198,8.0100865992993
10.0620479885072,10.2628369948814
10.0638511139613,9.10256773998698
12.3007957750611,9.96750360688025
5.77044042709141,6.91436291645315
10.2005107607157,7.6924366854333
11.3158795124427,9.39013886425982
12.0189880454783,13.9823526212577
8.74191043211349,6.99492351537894
6.82674405843761,4.19181473576355
15.0363920104264,11.1453140632333
5.0794142977532,8.02238609768551
10.8871787955569,10.242367046411
4.5395721447413,7.27897705577966
11.6726144235395,13.2847785499913
10.4363678463085,9.7473701782256
7.07756269681251,7.67444586011683
9.66914822636044,12.461236120525
8.92972874517951,10.1101182190614
7.86293385440243,9.5882068491246
10.2715435978263,10.8100714313203
10.9698184957111,9.57989508943201
10.4583997442013,10.7080921702519
8.7747328673518,10.7485894206833
12.6119179861427,9.49530382474292
7.56102493437201,8.52720139036928
7.42103168272487,9.31240795413306
10.2085218620192,9.07852969164697
9.85100594589323,8.86010754820478
4.39398480895295,9.17593876748854
10.2917847318236,12.5597381510292
10.1220727781735,10.6893409854481
11.0366137327091,11.0266336022884
13.5192462038489,10.6055943508938
13.1924347304552,12.5091275601555
11.4087211976724,12.3374146211613
13.0383907508225,10.5175151278116
7.70337973949792,8.02576110946687
8.39470274378533,8.18977410393301
4.14952010937206,7.70341959102419
7.90279859853247,5.36580523834108
8.86995841252888,7.08210470729738
14.4200693197036,17.3024945670521
8.08244808655291,10.4925623586413
11.7308951654793,12.8561696279682
16.1456905750617,12.9482739555775
12.0583223577335,14.6838202855143
12.3297772150209,11.3261290104954
5.79912485775786,4.25936302021112
8.98206549208791,10.0260118031558
9.40855555265334,9.94025101372803
4.6790600584952,9.20824633069882
13.1894360417538,13.5611071507081
14.3808799372689,16.4115769194151
8.7329766442084,11.3353998523167
10.4669801918596,10.7360962815923
13.6500572757803,12.1590451185993
11.7815223114153,8.79861488574224
7.1025778568242,10.0286659851796
8.67524026298828,9.55485097413435
8.21221126960054,10.198722386676
13.1509883789123,10.956564771339
6.32417952038616,6.68032387345582
11.9928303920713,11.6743457410008
12.1944255465865,14.116101935148
13.9483915066367,15.1146475507532
10.1936884837681,9.583787742426
12.23661120099,11.8065446282603
4.43469711693149,7.62674077818382
11.0875091578246,8.85650494455471
12.6424738626391,14.3720897280747
8.49952662336181,9.46517644488059
7.30067842171137,6.98118646040829
14.6764468475304,13.0195836646581
10.6058965982113,10.7015632937797
9.96132110234316,7.65604675823102
6.45441931241714,5.55095409005732
11.1710904588329,9.97679332445349
13.3189599477513,15.6572175031905
7.99947897028318,8.72505611710967
7.59197525744864,5.43370750528566
13.8971319729677,12.9748185089101
8.10622046535719,8.91341468588997
3.18845663074447,7.93934705541257
13.7043593037276,14.9147647256369
4.92279158110134,8.48676963930363
8.26692911535625,9.58115642857075
7.54194789833536,8.72086002502833
10.0453711368422,10.3037809845575
11.6965309222848,14.0013431141236
3.65073378358267,8.98649356333103
14.163559391352,14.4360880473589
10.5696052756399,9.40161465076109
5.24363418967159,5.67013406966165
11.532586834239,11.0881435161358
11.1222473261614,11.4367148607604
12.400035362584,9.74369364149552
6.77650716748523,4.0413619220495
6.12267510344204,6.52234354838495
8.82899293076238,9.98774824854015
11.1896379194842,9.74079610450752
6.21978191571315,5.30909769414444
-1.30868101736031,6.03687981455264
9.28956077704539,8.80940348770151
4.46323089313674,5.26401860020064
12.1533203371528,12.6082947994687
13.0818914702666,12.4499057394228
13.6173469988975,11.0461725973813
10.005503815432,9.34712600494988
13.5138969677591,10.9427881846988
9.41802012222035,8.46023338897372
7.10857564740654,8.48852656856094
4.37629952183905,3.67723145439975
3.58525731396949,4.15453919979394
6.95295094171412,6.8498535984693
10.6109200395004,12.3124503550457
14.067555299387,15.8023104425282
10.3008897186323,8.12040381359545
7.40718592329056,7.78463471956996
6.9493669021365,6.07184159278062
11.6745879585054,9.98731937453142
13.5104607481079,11.2427560957707
8.97845506181168,10.5957356741175
6.01767439884113,6.51760443452621
13.0521194848647,14.4185738379751
9.44492795574754,10.6982269363543
8.3705286113475,10.5902711893677
9.3000626722165,10.6898584426523
10.2005587149923,8.87231947170806
10.3833769252201,11.888276722168
8.90915792702672,10.3371939918034
8.6703630048225,6.05014222048975
8.37290568016796,9.45382637085405
12.0330207250453,10.5499047477512
9.48834306538516,10.4287393569147
7.69260425940522,7.98710002594027
6.58318382737978,5.42262378153917
8.08797884985931,7.97952264745452
11.4365426211266,13.1816535351737
9.75044918462322,11.3436692389479
7.08747347457763,6.82499875853206
10.0894223435119,8.9506358833257
8.26866105234976,5.60522893287484
7.45469537943246,5.85104928023186
11.4884766193527,13.4949253329625
8.52144856569972,7.43422043951417
12.2491487477769,11.6908311888966
6.08505474144184,5.59169975219718
9.27245735996794,8.79306728280971
11.3046979661677,9.85868385950905
9.8278176194501,8.61261781025125
9.6193126779689,10.334457264005
10.1624060493266,10.0171720284667
9.19721700723647,9.85253733846186
8.6240334169084,7.64454407632378
13.4151236688371,12.2364139900839
4.24716386759293,2.03945574079965
5.53871368561751,8.93092983152598
10.4790644913866,11.7811256134963
11.0915961125763,10.7352492033695
13.8405121626054,14.3740315152292
6.25038955837255,7.73504352432882
7.91106158248105,10.5364786184622
18.0847945702415,11.5062355556653
9.06412791968089,10.7450624526492
9.898671881866,11.1126742316289
10.0902045837691,9.3144550478797
13.6973028800352,16.3964029677717
6.48709502378188,6.60008433891684
9.66029763902667,7.07673961812514
9.99268316264491,9.54530953476202
6.16635530102436,4.53740749713437
11.5560963983569,14.533805332513
13.9921463648968,16.280221801044
13.9857873710182,12.8806305560783
13.9398404992697,10.3151459121287
11.4844137851242,9.47002930894633
7.34124524800913,5.14373649275035
4.36085001259045,3.56813398649484
5.37565773614078,2.70036573098306
10.0367623759444,7.19482258802034
7.9546246071542,7.38298878997379
11.1142981826813,12.4892021458793
11.8770377603363,11.7922776288892
3.00857808247208,6.1884450701304
10.3430662032985,9.45883927776191
12.5576889475174,12.395186512195
11.0973107818,11.8119786725859
7.99572068913158,10.4743465466658
7.51382110699911,6.01704476200658
11.6566247024148,12.4142710899081
9.4257366361907,7.88486621158427
10.6585615103638,10.6087489573846
5.59173006134604,7.71383062816502
11.5768649838612,11.0547761455623
11.3841505900423,13.8076990445868
11.2570407399751,11.2307197645327
6.44566926751846,9.44779599808967
8.16883313579436,10.0758311864067
9.54150802680127,7.429985345081
12.9404176106031,12.3092800968186
14.3273958048165,11.1848068608828
10.9461931759698,11.1917545130502
7.60282949138728,6.38019136548449
10.7493516203941,9.64331307550083
10.8498845997327,12.4584648615553
13.3334543004347,12.3947296265371
6.08089753611698,6.32492541936536
10.8978218718502,11.4293238395244
9.67955984981703,10.8816504387631
12.430815047264,10.2179977538294
7.26631810774483,9.92065121498472
12.5829916551601,9.54465574955148
11.2725586331889,9.97646602277283
9.3351043201413,9.79984935665101
8.01292802204974,5.31855191460968
10.1528128044248,8.95479045766823
9.31935968463523,11.8189096291579
9.55785908929466,12.3847224528403
11.4331831319015,11.5898222556067
13.6537632798751,13.1766735567816
11.789218855047,12.3782253025808
5.94618309861395,8.37231662193148
9.55038158953564,6.75969185054288
5.55303573516165,7.33159208525871
6.63552536720742,7.90534509391073
11.0808605781485,12.8321183801667
9.29400019948409,9.66734532741084
8.11333658849281,8.89309592121427
9.04210980240722,8.4889321736477
14.5777542224779,11.3003122111475
6.79923795248502,7.42832687485925
12.4071264774145,12.0696477511231
11.3211853083805,9.78616096080372
8.2568877300626,7.12951471359873
14.5089919938921,11.940025607337
9.8472907583977,12.0329510116181
11.1474992144672,9.1076237387511
12.9950814657465,12.7400721342582
9.6108417528004,9.97053679325757
15.6341501520584,11.8870627598937
13.1912969831364,12.378699418152
7.79686826671742,8.68238768427612
12.5237321446256,12.2892512769355
12.8812954441606,12.3149205599591
11.5483498139232,9.53678780792444
9.84026742636419,10.1728527300928
12.7760395474657,11.0585603294772
5.55342719912084,7.08995907993881
11.2513257475911,9.60752693455773
12.8453094665553,12.5277161134791
12.6128885344612,15.2191451147538
13.1611709778639,14.7618813320805
9.38753115566923,6.21919631435933
13.2884545340951,12.7351338370775
11.8025387028058,12.9981086469459
11.0404269764643,11.7769488199375
4.37362432746914,7.40253937609885
14.0300889449258,15.9597585427541
11.9309429363997,13.8289965797005
7.83000914029573,4.45560455765663
9.53433997304065,8.97374860951674
9.06671601294814,9.36805259982964
10.9928646970065,10.7867438397285
14.7517667039999,11.8971084990022
7.81288385649668,9.49914654218368
7.23008846673707,5.16935689433549
11.2784599540498,10.536339234041
9.92246746994228,12.7299002906692
13.228309957598,15.8940087568354
12.8159355533303,11.9588149190619
2.60008948272788,5.28305363734315
9.7693029545272,7.24933026565435
4.07291531717641,1.88583030312811
8.62991556855368,8.82820811080995
12.7003922709948,11.9520530904961
11.4160389002923,12.75987696529
11.3151011174606,13.8911905535656
6.97254199457655,8.12726945536932
9.94593743734196,12.329094384465
6.5749625124109,8.05853457969893
4.11840125788211,7.95653280552122
17.3405714594546,11.2559480570846
11.8795699330571,14.6266523197881
7.03121398645329,4.46834018885521
15.2065930631706,10.8379888854474
7.19085405983275,5.35881172328082
10.0217084219311,12.5824561225447
8.98690299532992,6.21354731870852
3.35163261017958,3.90174036514961
11.6589715786696,9.78237823771432
4.00563644786471,7.82651646876572
10.9768686176471,8.26115237518423
7.598075605881,7.2275498267929
15.7145637701449,14.0779734018741
6.86572331959162,9.9385608731567
16.4562464188307,11.2542678571418
10.4978258066638,10.2968630824277
15.6701496761975,15.5250059730007
11.2871957565324,9.04705284167419
12.4390343958589,12.3669105441204
11.5839768247517,12.337716798541
11.9099632887265,9.92144071178395
7.51268720963947,7.30871945331484
7.80256019707365,6.41933960709042
10.9526982174354,8.75886172228008
9.51455579787354,8.72941282258568
5.94519254682998,5.13725549401573
10.2564521870456,12.6583946227563
9.95447645697232,7.47531472071295
11.2822089205847,8.98546480062299
11.0870196360166,13.014005075435
12.1788613320672,11.7959270721801
11.2999163048117,9.16296700988652
8.59546783543941,6.59102560441573
13.5242320129694,12.4700456324075
3.37433667630471,3.45311256297153
11.5144249796795,9.09490752672663
11.6612576463708,13.0160583003869
7.45770458286538,4.36623998500001
8.47187256198374,10.1522077653347
10.0302785805658,9.98282797980647
11.3368498767733,10.5789458175465
6.8818125737741,5.84921174733421
13.4891375573825,12.1915777516023
9.32631379535167,11.4579725533955
12.3779315299159,15.2754329517315
10.0899550495506,9.72959546577775
13.0882832653764,11.328860904602
11.7870827153698,11.201285217714
7.91911517238045,6.50614954588126
7.39655507212609,6.19880712991571
15.1697441906461,16.0917238384278
9.86480368791018,8.26667512583436
16.6775238853596,14.339218210591
7.58974141515889,8.01978995405989
10.3579449212175,8.43130084248279
5.71639725020448,5.8374281755887
6.37499265520059,7.55312125633957
11.1936887485264,12.019320194051
7.57944580654823,10.2564785188489
11.0815931018937,9.21823859706836
10.2596264568663,9.7217329372918
4.97379561151166,2.37007914267879
8.9775744843702,7.32720541334858
10.2872558598875,7.57604967302987
14.6490566741023,16.3241830905544
11.5093115040347,11.214198893063
15.1817317543733,10.6811880422453
11.9917274856668,11.3822934438467
11.0546088074533,9.31086217386128
9.00150132067175,8.20517003468939
10.6540462129489,9.45294031978317
6.56716410448848,4.0128058496472
13.1347357796223,15.3119147376244
11.1228311280901,9.86736643779791
3.25747157725303,6.49716543632975
13.1240801503249,10.1078157665554
11.8049324465334,10.6427645385531
14.2809646836296,14.3307334673597
13.1316711948708,16.0450170210371
9.38451122894094,8.5331216973312
10.6226044996687,11.3863981424971
13.3651443752461,14.2111224939343
8.69635611305665,8.80633100306469
11.3721940383299,8.83771440845985
14.4319170810288,12.5503589919629
14.3585623137507,11.3669891090883
7.91446770140671,8.34312954175696
7.38154382457783,8.73542765409099
15.0056486623689,16.625706814298
7.63223483771464,5.44801593263519
8.56564549851692,10.3173945639876
10.2543761275154,8.67538939380339
12.2351486534059,10.2927456908843
10.2743082815847,10.2909239330139
13.2277162074567,10.3681876350157
10.8775863157354,11.2002262663801
9.93245367658196,8.27855091401699
9.00427562080292,8.29336908473557
16.7809193647823,14.4686121156222
8.24321771928577,7.50304390971675
16.1413549112484,17.164621874887
12.5567680353725,13.4291874841257
5.56105507562641,4.51880598570915
11.7122033305096,9.36934901264598
13.7820036092608,10.4848283512247
11.337644845649,9.31535143555543
9.23170765790215,6.8731692691784
10.4427102064745,12.9346979262053
10.9137304987818,8.65455430040694
7.22704997500681,6.46212473405312
5.9711623538666,9.41576736570429
5.47996177177571,9.30910567126752
11.6189511488183,8.91640627201858
12.6640163740111,14.3694692308741
13.4215361387217,13.440137769992
8.15065009474613,10.4423772094909
11.8158335190012,9.9524674966207
6.93553739749755,9.52979145004181
10.0455260969489,11.4777485924825
12.0425116503287,13.5427558901829
9.64770439914154,7.66347522411998
12.3599396400664,10.6143302401702
8.62978202296214,10.2061160808927
11.4661280158548,10.3963164218182
8.81085989082899,11.1637488288659
8.11882977820876,9.06791949892692
10.1927105147297,7.48522257362009
17.9806339361448,15.3521610368797
11.6091706126948,10.1346372310703
7.48369548946608,8.20690835645686
11.8679002028404,9.33748925110984
7.24119548036668,9.78839602485289
12.2609957480169,10.3924701089319
12.9192954144083,11.5410858200191
11.2969033531546,12.9199112239898
14.0955465627615,16.4853147765219
9.49643478120584,10.4522888397728
9.54496504497964,10.3355351161141
10.305030613092,12.6651846477393
7.39170650088862,6.32764767064286
9.39531797847861,9.87613487386305
8.46460517384674,7.67709332112434
10.11967955315,11.8175897367615
6.21114687279793,7.51489307830481
15.5343979123844,14.8976315257508
12.8875887368482,9.87475382623289
10.4152194524237,12.6960765079963
5.53668599838366,2.22523200512476
9.52901780978904,8.00352710468529
7.13614856340855,8.798540883841
9.89106416038635,8.48761896239027
11.791158520984,13.1564679474689
14.7150638387982,13.7267731643995
7.35691586526536,5.24997038929223
13.0138791015112,13.9643638018706
9.68724544631461,12.0279093326939
12.7069169818684,10.3734758291894
11.5789716295217,10.0176017169588
11.1036071755389,8.79691802257877
8.0127303643942,6.11105167100311
12.1217993379046,9.24023803526826
2.63204080404423,7.41633250671849
8.30808822323741,9.22429842028856
4.65379361994641,6.05657461647155
5.8536825814065,6.5962769678347
9.05164055659578,8.02996210865902
10.7005716832179,8.8992769497363
6.72771010654297,9.26403223240562
5.09043379967221,1.94238800170464
14.2989676477848,13.7879596024872
7.80083452551251,6.1586052340303
4.74649601523407,6.90938168480093
4.76355877184702,8.53800808539368
11.0423235265372,12.4712571513258
9.1543245330194,10.0827973359368
8.90634527073995,9.60902016917542
14.6698084178029,16.5801969453697
12.4032753505463,14.6730261029057
14.6795727250061,14.0038785312386
6.65978073306857,9.81558499364038
11.4644085539404,14.077882051654
8.7203944378503,7.94697398604003
10.2063987268755,12.8626322466468
10.3460440779112,10.8973377858642
11.601870683319,9.86931473662363
11.1527272831567,13.9175692851698
9.61111818701113,7.06717787946702
13.3045803731594,15.2846354490712
13.1137077300522,13.2969881615824
9.45075041283907,7.60792677879478
8.1597255322687,10.3442877596473
12.2388354427607,11.0118862970634
15.4162913648949,11.0556831219449
15.3436932798621,15.8547305667483
10.1108683526429,11.1966237617854
8.69324065780851,6.15586057994731
11.645442832478,14.3155565237481
12.7697690454948,9.84313234877218
8.85949199446471,7.11094091436015
8.18247780651484,7.33441413154836
9.34158217429073,6.82457993945449
9.89545783541143,11.9766857453136
11.5909473312521,10.7689080964786
7.2980154296124,9.76797766550147
11.3885546607824,13.9957276620454
4.9898374036254,2.4360114354105
9.10969667201929,11.816797503612
13.5645917399667,12.4164309432935
3.01372394953195,1.12034196769117
9.92999231095462,7.36567563987609
9.63242381205784,9.48408575271865
8.46097444189931,10.3642337180072
9.66388438546325,12.2517586363932
9.72715055027773,11.6032485258426
10.496582955079,13.2110282956937
16.4777691244515,15.2442453445654
15.2234107204196,12.1361662667416
5.5155115282562,7.94692559962513
11.019332100923,9.04372047875124
14.6700914166601,14.9034417900484
12.9196839618214,14.5953945494492
9.07336836448494,8.00239097748675
6.42938278854663,4.01482305376018
12.4070641538143,11.9444377485048
16.2708368213232,10.9368540650728
8.3866327994106,6.91658413894384
9.05802196621977,8.37774431169771
7.95819561520098,9.01419672885201
10.9441912044537,13.171255996854
11.7259367661403,11.6901662268465
10.6188798778784,13.4026405577321
6.7488375915315,7.2951506739193
13.1906158524209,15.5761194754141
9.98187598744321,9.10646542877626
15.4885454194431,17.8818419903054
6.93608208959609,7.07885168006197
9.55232744481844,8.04250506731594
14.4302397518786,12.8197899890365
9.38820351922265,6.4144803232938
8.43497684943789,8.63873999466067
13.3854475534735,10.4262677967345
12.1151662413839,10.1115028795061
10.6645782499395,8.69157723651643
9.90705915546186,9.16502552278298
4.55129938331537,1.65878100502679
14.3462900291897,16.2925310753635
7.79095204131378,6.95701596793662
9.22648088781154,9.19077237833871
11.9713924331465,10.3986918317855
13.4535314540248,14.9749904227609
11.5396027789924,10.0800315158166
5.6784229628176,7.94760008845553
11.7213105978837,8.90233399678438
6.11045478890375,8.81917940183339
7.39781317419348,7.54566925477505
11.523264648093,13.6472742638141
13.1448394227409,12.046070462359
10.0185712399441,11.8281856134254
7.48226605189629,6.77630152866042
10.0301150984544,10.5548575503265
9.17079503700588,6.34987082970439
11.7911746527666,13.5083871255104
10.3950530134696,13.3569531353071
4.29597621867408,7.1243140102792
11.5286973104254,13.9540607241065
10.5425651654369,10.6527753732905
12.2088340403218,14.7886519846091
15.7839377174598,14.656385715109
11.3973046716369,13.8921901509119
8.29767604100428,8.08331798352646
9.35362675339593,6.50097953335379
10.1759860032497,10.8392035632576
7.64404224937936,6.95212301714523
3.99806785029124,7.17831310154719
8.71407507194944,9.07283652265552
8.20216030094259,4.90175511777571
15.7614277765465,13.1474313583405
12.4307477331801,12.9881727967464
6.23700794797587,9.36792000226846
8.96829855695087,8.11840194864649
7.07785247195802,8.81928416312242
13.7606936358739,16.2690895294289
3.21570166066443,1.82891534237558
8.86316983403152,11.3291910445779
14.1830944389289,11.7826218857593
6.21226406719176,7.0803472776458
6.68337051663003,5.81924696516745
5.74039135376123,8.77075117138286
11.9461404128264,14.5169479446407
12.8985115380095,15.7077559389186
10.4913498424193,12.1000681607593
10.5457163775113,9.75177876207083
10.5849792732165,13.2872615156792
13.9167757001185,15.4411260029884
13.6700829656577,14.5314886123177
10.4771219553366,10.2417670249778
12.9566663027078,9.61287893075749
6.30322326828386,7.23138252686161
13.3385779107921,11.3693848598285
9.00477128835446,11.1082670770229
3.32455854252819,2.45463730385749
8.58879217030505,8.29444518063544
10.3422025409374,12.6846014262762
9.92291625846349,7.63010372426763
4.29038507926036,4.71520401444866
12.7290584595257,14.1530861335721
8.39765245027523,5.50083726103419
9.92165621056997,11.7190522239239
6.0436413798182,2.31301439546464
8.35819603095275,5.80417898270269
8.06920915478385,9.10157722479717
12.3285526620417,9.88015531744196
14.5826868693353,14.0018703420097
10.51654002978,10.9293787897587
12.065771034782,10.4263057661695
16.9961166681699,14.6893440956816
13.6079848297167,12.3023622637946
8.92304870714474,9.9935902290376
0.308319221746457,6.00873517247469
11.5881945103636,9.87189907950627
11.1950019254021,13.8729718142922
7.54784196286352,7.06918838395988
4.19414515086121,1.36215109448838
4.77848152005265,4.7686467889053
4.53592143754359,4.51529015917205
12.8288123644309,10.8837377799421
9.12154956267747,9.29822775821314
9.35581425809425,10.6561168280413
9.0871277728259,7.79145569572663
3.64447354297051,3.77219120411999
13.3232393821262,14.09533898179
11.8819255052622,13.1208681568775
11.0923758000325,13.188464260402
11.709589730263,13.1546450222689
7.24982993225159,5.08328831284218
11.0020577245297,10.4321707374924
8.23357076693704,7.39005099148826
7.99650910908805,7.66993097518435
11.1456133895136,11.3873520155501
7.83638260815327,5.7961612481734
12.9106930653294,10.9538298143347
13.3906418572773,13.4585126214757
9.00920280399401,8.02545802840462
10.7093963854956,11.8393833363925
11.950280480358,11.3291509435321
10.2965718004503,9.59843115922607
16.9352284909036,11.1288109882164
6.1174907905693,6.93060318379635
8.32636340929229,8.49018030053193
7.4576389581484,7.77795642349149
10.5333973538897,8.05082542360466
20.7592556840243,12.4010855917026
12.7552686244145,14.6508183577922
18.8197425076711,14.6940346782696
17.494897264889,14.8858988276272
12.0270184618542,10.9933331850976
9.3622058958345,8.47758343872307
9.60843072901694,7.4214568294855
13.7955560049422,16.1905800811384
8.89600191269004,8.9532918344656
11.9542304217338,11.6503957911803
9.66944626018648,9.50177869458705
11.2687131066539,10.5017687332483
6.94368497170869,9.43603001089262
9.60940238236035,10.3812301213669
13.8436782663557,13.3968670951374
12.9123383110242,13.4137061337849
8.64950402314668,7.30896689331561
13.7758257140064,13.3551029512871
12.3878197543577,13.8253393249737
9.88946614726627,9.96822396582355
9.47911193734868,8.81144620357363
13.9043857628315,10.2637023277548
6.84390576703526,4.33260064116476
8.8419791120057,9.77857915465037
12.7295980155044,10.457951627424
6.5017520759097,8.74750868305034
10.6131835863461,10.0076377888579
10.828321099308,8.9976640729245
8.74281344831848,9.55191001851652
4.17156823190328,6.3297388325588
11.5016720725529,10.0201656098089
12.3025243512067,11.8912894524196
9.32389504220772,7.71087094069987
10.4741570353462,7.83079472561737
7.87742438208956,7.25469848267914
4.89430254940858,8.17814746705131
8.65323322718534,9.35728322718217
7.99191445148894,8.90200650373365
14.075461113583,10.2094600298324
14.5508372035261,13.9879788963587
11.6100936505062,8.95501495807213
8.4845860627592,10.0912956871093
8.9842538423381,10.3689885019532
11.0510365371298,12.6093176937286
8.00791585536287,5.71700265911823
9.03402117985651,10.1027173322897
10.2738428528392,12.4572108774678
10.2916379861842,11.3480802178722
8.70773330243051,9.59663043524935
10.434264040003,11.4748944337201
9.91321892409105,7.11604450061923
5.70998321646455,4.9994878937041
12.8216956373784,10.1208901012072
10.3977443122561,12.4663100990589
8.68163882345646,5.62922584793888
12.510679308867,9.32246473660891
5.87665435273509,8.39119529020643
11.4424329176593,9.96263394572993
7.48879659456818,7.77530675492304
9.52768618865875,11.6339162879654
7.29294848774671,4.16960539309202
8.68921124091232,7.07146728800625
15.1991957381709,14.0070805728987
11.1033488839767,11.9129560227775
10.314542562266,8.65685688471665
12.3332425580667,11.778339256435
5.61105130642213,4.2740283284786
8.08335473482956,9.18714463016786
9.32457364961938,10.5731734123637
10.4380552012955,10.1134426797751
9.28452610866512,10.3899222816275
10.9979389297187,8.40959240026229
10.1171542341769,11.6685904690165
12.1589059460499,14.6513145928335
17.6715515241653,12.5675164778857
8.07037567066642,7.91952558522013
7.6405086544882,8.37413526573749
9.12703930118791,6.96608807749545
7.59336498472415,4.37948437750453
2.87050887243191,7.69629129610078
10.3131550660001,11.9593960390557
7.49486739364875,9.54953991130541
10.1630286906961,10.192313301273
10.8408010930289,8.54312948401992
8.97602098337083,11.6175522370163
11.5187295147427,9.78225801128819
9.0610889181323,7.03037743953646
11.29137709135,9.37392833950547
10.1945861104557,9.93502128043966
12.931084548124,9.67284133289369
11.9219853161705,12.2447904472913
9.46515553751846,10.3835792396596
12.4074080530457,14.4018682467517
6.32893003383965,3.68602034986544
6.54640007097792,6.14029602385111
8.67978781590475,10.5057013046045
10.1207896051272,7.57768925097085
10.4886500739039,8.46013269009354
4.11680930930149,5.09903591562643
9.99416817369801,7.69856934312445
14.710702583928,14.2430523091777
8.99920220895291,9.26098281027493
9.19685630765685,7.22493104958023
16.9092951627148,18.2942948593504
9.3354880981827,11.8261973175732
11.5768306721518,13.7392504381428
10.5377151116897,9.09812347682901
7.3997309699186,6.80518806649775
7.72199946898869,6.00431000785842
8.46259810182532,7.3538584856013
15.4836678639434,10.8811722363941
9.36782074755508,7.96996787751915
9.62686569508163,12.3536795225903
11.6017472477138,14.356298400603
12.5910170683515,10.2924631921511
12.4956599430209,11.9244127076847
10.6490535797798,12.5293130631766
7.87291486756615,5.9062261859701
11.3407605960696,14.2356924893628
8.60441308830472,10.5873387382027
8.44015470564947,10.7315606314756
8.47182837459445,10.1444046649411
12.7670461186266,14.35425500608
6.41034120651127,7.1180851454803
2.78225793490062,4.31238466139773
12.3298745886174,14.369386722561
10.5844224855372,13.0120430618034
10.5097680511689,9.44541697542603
12.6696336273172,14.0282206380578
12.0040938272426,14.6982759103597
14.1703866038751,12.780484825356
8.85772571037167,8.68831380503939
8.33210823216102,10.0410060984356
12.350948238642,11.5554894497135
11.6441022008486,12.6173549698191
8.67479602063553,9.85051421666343
9.04388920509232,11.1782731629521
12.4920900701265,15.3933885766615
10.1516636764889,11.922097334048
10.568872845345,8.18263415363255
7.90572778036119,8.85338854786138
8.45750581189159,10.225883219667
9.90082642411175,9.88405529257775
4.06180080916064,7.5564573864247
14.8394538678509,12.9155156323678
7.41134672497389,8.31723156414066
11.1939405054954,10.5007421893779
1.24516440484605,8.79037027791396
11.4823449438862,12.4293751514786
10.6630466686044,8.85667089705015
10.9269082231917,10.8897294306093
11.9300611178795,10.1057559716686
6.4854641846577,4.99354688305843
7.02377177384848,7.62848074267772
13.1959375164229,12.2899326375163
14.8604187917163,14.5406141149902
9.95782272853949,10.3735116133649
9.54712912036553,11.0141830818692
8.98464394137251,11.5723282267098
18.1372300332417,12.6274331661261
15.0066869542444,14.6874284180549
13.9297968384575,12.8894500544401
7.63368030283753,6.75820712554608
8.13348365951187,6.12107905071886
7.43632883619033,10.267624304826
11.76075279599,11.5093466860791
2.74480717818681,7.69578998697108
9.09934339383797,6.89775881439856
4.17382962074863,8.83612412531044
15.0527565545482,16.7186764603763
11.7971767578251,11.8126346428522
10.6654224714363,8.06150801493045
8.7150181390703,8.30717581391673
12.3579660259047,10.2451716815521
6.45328059348238,5.46574808815484
7.85900494719367,9.11791587069173
10.4058553075996,11.73846635426
8.29397350756041,10.344014895486
11.5389031016663,13.1287800075824
14.9428730250797,13.6467284684275
12.2748996605072,9.70545903371561
11.7136664996138,11.4900023437551
3.28791329235498,8.32591405313883
7.02361860184701,4.52083261214564
6.27042678325164,7.07829117531243
10.3002548883744,11.2505945424797
11.5441856654276,10.5355793508407
11.2675636552799,10.6373685299085
9.37234854315962,10.6372637944358
10.0959069686293,9.65284181186254
6.14759088697803,5.2487765655918
17.2131241004264,16.3904852570791
10.0086732059934,7.58489463099126
11.3312526517055,12.5382075621193
5.83792879405095,4.18515932005471
11.9904692812411,14.7037669567182
9.71425875192025,11.8477457770915
3.29029857965041,8.94080183778657
12.7008743873866,11.3845454767228
11.4897987142393,9.94342707330457
4.43381789324669,6.66628051682304
7.1062375000182,6.3675189742411
10.4959923567285,10.3181235849922
4.74044791701426,4.88626545955621
13.8502672391141,15.0866934690052
8.41349174665627,7.79627572551799
16.2381841353544,15.6430956470235
9.78325582896413,7.62634957629705
7.63994487313952,5.40755623690236
12.756259257022,10.3145803682105
11.4061723436048,9.8377114073272
4.69361316497692,7.792550196333
8.79660686732948,7.02057756024989
14.8782228731093,11.6313190243496
8.01699845875481,6.58664366888494
7.78140088085571,7.59414262985673
5.5324439989457,5.87128281204659
10.3486381497342,12.5521462815578
13.1034825940279,14.2017315211151
9.65449663340737,9.20991829079391
9.03779938284775,8.58066869500029
9.65635931921471,11.239125004326
11.6944021948462,10.5108302277912
5.5042474798317,2.48465121130594
3.25349619812982,0.998778481145866
12.5188584163841,12.4098964109591
7.58778014339141,8.97291876491722
13.7104389456513,16.2303665421495
8.92235775481811,10.4788874875005
8.35871007090575,10.7736273566679
9.99085125328928,7.2112469223967
9.07370721964893,10.6479479195064
8.01227529403531,4.68375957126298
11.5270030181554,10.3265159607312
9.52879406721734,10.3452009263446
14.4986845064458,16.2063321865659
17.5804225153425,14.7351856291798
7.84324448423026,7.50589073114506
17.2864634676107,12.1553139747494
9.98057695652639,8.52132867699753
14.1363871055465,14.8150150442617
10.7516729359608,10.658251848247
14.8729162090614,16.2028474406683
10.2426604175291,8.99918912183083
12.1023616266403,9.35160890062095
8.90580638232827,6.03900559942904
12.4565440615663,13.3627522164757
12.8537348591927,9.68240329701645
10.3131809036243,8.51966497608459
12.8757626736643,10.207041630348
11.4152981765947,13.2501642199162
5.35463044302848,2.60947090057362
15.0488035618313,12.4834192223109
11.0353543753216,13.6554916746001
11.5186201995729,12.0300272003728
9.72355704260444,8.1678399379965
11.9746594942637,9.91124269978723
12.5890272321226,13.3252967256961
12.7231095360038,10.4333405432103
8.39201965277517,8.48829589943144
3.6061422897004,8.15361039365125
7.54113573769223,9.83027667515188
7.68137929825466,9.19878810507344
11.5769298614029,9.19822320931601
10.7016385746444,11.1928815861063
11.8686431406019,10.0046197336331
9.58978721604308,7.95803278685549
9.67613255017304,10.431074535765
10.3081550955709,8.54597651598197
12.8211135294494,11.3717209389902
13.7923552382517,11.8965889468066
7.70223484397568,5.50560065992342
7.83853346753169,6.91435838967792
10.6671560606522,11.0441786672279
7.59785278322448,9.08782846137612
10.8093870946078,11.2083739020809
9.69009079623556,11.7204086360381
5.32495843162376,8.93421379411784
5.73846525231656,9.37318629536895
11.3613127330975,11.8814830098828
6.87816219808905,3.88761397699088
4.04359672596937,6.78565112238954
10.3098582364387,10.4410197857582
6.17752554125553,7.68593358901969
11.2772834443834,9.90226143899282
6.22359772558447,3.99371337920807
15.8962048855523,14.8604589811387
7.78770218097124,6.62991522224756
10.332652969133,8.18314311187403
8.83570647717781,9.47011101119779
8.7801155656334,6.20906079786074
12.0147058499915,11.0012972329059
11.3397738483843,11.1102419155307
10.5514797962576,7.6811937621763
7.8795204214846,9.2877205865959
13.6157764133132,9.87589420408017
9.15003950921,8.65142747189598
8.09006211547591,6.29723025654806
11.7386902172635,8.79899965379612
10.8934041847077,10.2397552966607
10.0115575759527,10.7794780371491
9.51584559846587,11.2666252808131
11.6715068920728,11.4587695745356
8.92327230203974,7.82137078128825
9.49218986509523,10.3392590558984
8.60887704753874,7.30240402278526
12.2601676293676,12.752044111049
14.2722766149926,11.8997120089939
17.7528572632418,16.5313532624129
9.57245772699781,11.9636246666421
4.17702036354363,7.54359933933691
14.7226199418096,13.2437837164886
8.52791160157741,6.92980077017416
9.47222670783698,12.0174147644859
9.7588522382466,7.66683352394803
13.8601214482989,10.962018466545
13.0631206001189,10.64216053098
7.85442085888652,10.4504978319305
10.1133479613958,10.8130247898393
9.84572369751526,12.5872749988191
14.9907327719328,13.2235560054762
12.6303784193475,10.7857658025412
14.7790773193067,13.9235706963274
10.2378259247392,9.68353293191692
11.642227791536,9.09186381712126
13.0167894364311,10.4098996608754
9.16632295844256,10.0600083980811
10.0871740663346,10.1387692173303
9.62013672468784,11.2928923287762
13.4751854063895,15.1714148021448
9.56643938520974,7.79151629438456
12.0380473277632,11.3676584952743
14.0593278361734,13.7709465848256
11.7285474041366,11.8625463564291
8.35622882257589,5.3717084530204
9.89367899637912,9.93879572673262
7.31396227677848,6.74020822629337
10.6669528179677,8.44341960636779
6.87094203968357,6.69334261617516
9.32178087825741,11.3533221749926
11.6424175199467,10.4478070448538
13.9767226479882,16.1047262101571
7.63666724922304,7.88937049911352
10.0732024125088,11.5647273564652
8.4501490224422,7.07012422283285
3.17597223918134,2.75205371272802
14.9448747287872,13.5609930218025
14.0208127912872,11.1405259811054
10.2530608457609,8.02310418369192
10.7111624747851,10.8734284632942
14.5808404362725,10.3849603702741
11.5376629813791,14.3780008338399
7.13854335820326,8.56800577217103
6.06796209576322,7.02837154155186
12.8351593783505,14.9276244288512
11.124677175358,9.06030255163154
8.09010360308951,10.3223254342286
9.75942044709355,11.968786020788
12.3771532839588,10.0614080259081
5.6359209805372,8.11409643892063
13.2645523601343,15.7526502489289
9.45743864640408,8.21146559185792
9.00813548875424,10.9474285198989
7.55606204494116,5.2575264028682
10.8754367285519,9.17001987673495
13.2097102344947,15.500556514786
4.564175766341,8.39929583577247
7.39968939533432,9.71012524628408
10.3583967816398,11.6768716574801
10.8585439825933,10.8252653704952
14.3226210057639,14.9725428615217
9.95684964406327,10.8945291375151
12.3689710051232,9.45360734742858
7.27483248116,8.08523734547433
6.61574247623512,9.82763676814114
8.6211403649023,8.23728234256901
5.19836478546647,7.91815563883614
6.99810450178951,3.82158948895559
9.35729495268646,10.8540605085569
10.9486605218064,8.68371344099314
13.1787913018574,11.8936342299168
11.3230267223185,8.55040392926365
11.2980961386551,9.13223924546492
12.2860709497374,13.4651017557778
12.30299175437,10.0691765233167
3.93328052423251,1.54509511614209
13.6028709345833,11.6567249181887
14.1107180258782,12.532361253552
8.34088463352568,10.7791942258792
12.2953714196754,14.8448655604282
11.3475751433854,9.63604118675728
13.8796295258766,15.5119944959271
8.60069575698085,5.56521602291491
10.7235695024678,13.0423491539812
6.77535566962541,8.78701491430938
12.49315708364,12.4691588884843
7.8563224017859,8.64175880564252
9.258688156162,10.4803137683486
11.2642547039511,13.6676979467173
5.52318692975328,2.78106291201908
7.15426482529609,8.57543551497325
13.2327995571784,13.6747888785035
11.5362855573588,12.5351644464556
8.77014705111059,10.504427698771
11.2056602759626,9.88764116206166
6.53235347259039,5.63336362913186
11.6491782837263,14.6362264256025
5.87626311123706,5.15600393607206
8.03285725762201,8.31320731300808
10.513341988029,9.39763793457823
7.15385907125341,9.44246904002384
10.8920475656618,8.53502922713832
8.27711611116581,10.5623733889759
10.287404848149,7.88080229589177
5.94625247354682,9.50120535840006
8.99395921466173,9.38484533645638
15.2105905334011,11.706023536023
5.88454458186188,2.27089791376045
14.0632914997403,13.9333684877141
9.41916485879011,11.8709981395839
12.1367042697693,14.3528810581104
11.0008135399756,8.44209309287183
10.2516379113401,10.1297069580758
12.1576842541151,11.2877324415543
9.39354621348877,9.26100302507535
16.8048247996224,16.1295350092601
11.9368098198571,9.19535094018125
5.99459169225787,4.5983160141308
9.75029944035396,10.9209619385266
14.6350141658221,13.4972636183798
14.041053567673,14.2995935851337
13.7419493137994,14.7454366696679
10.24349749179,8.22093343498777
14.1926077764009,11.7969043637092
7.48084136527433,5.54300521564689
9.83101794362629,7.2884165941296
11.5090040380449,10.6461403833988
11.3067769127757,11.9704883832929
9.77150204598584,12.5003370110733
12.481484796878,9.96940669842347
9.55631101224169,10.5994567510552
12.6066376227803,11.5688702323057
9.0251445948881,10.3062868883672
9.73743587181732,8.15309771872584
7.28746960314411,9.53733211741087
11.4430275543349,12.7361708557158
10.9521138459953,8.6896972498122
12.5128533856666,14.6609738846949
8.25540057794149,10.097539074432
7.09937030214096,6.04837810334617
7.22411621695899,7.20270537525185
10.6730698764728,10.4368315444679
9.60299862103633,11.2563353976231
9.41071755322174,11.1994402845278
12.2874006057554,11.9231294831892
8.73441418679051,10.1956302129628
4.9819418894816,7.05611431770664
3.64083309139752,5.74275989628266
8.79089878854057,5.58981774312605
9.506913940243,6.78934609741305
14.1672741776913,11.9554873302085
8.89250290932444,11.4056047054955
9.85441130668451,8.57515170973533
8.38823918078146,7.63697849574059
14.1008658199489,15.5831257046847
14.3132561775753,16.5821201644516
10.3220223976879,7.95373799309194
12.7360170241909,10.5315771255519
13.7193225960257,13.4677692311082
4.5064979272733,6.2516652046889
4.41049772928188,7.74386911911142
9.39804366884617,8.12327939069447
6.94213249634652,9.32724470259825
8.85641139892261,9.80985124729539
11.7772534197588,14.4318873737308
9.99578807989453,8.87113812316903
6.97304068262538,8.11840222135586
6.18183772663565,9.59966306144094
8.12677898424423,6.11397904077286
10.2311562266435,8.15809193255134
8.53920399834997,8.39875587403057
10.9118104383943,9.10848565746539
12.0756285742126,10.1300007277746
14.813213744816,13.3730494347811
12.0359636522111,11.8498991678147
8.10312608177759,4.64875485276982
2.58322195597299,6.09359835754399
12.5310159635002,9.94830205386003
5.77216643311046,7.71455250564235
13.9566335391149,10.1169115695948
7.90279929943765,7.64396166530908
10.6276072101514,8.91951006910724
6.98111951478481,9.71807284918298
8.73412715145163,6.59684322872074
9.90937088730243,12.4378884200774
11.4240270556867,13.7659275367512
13.6622270155174,14.3262836029626
8.28459234337802,10.159926832839
5.82676626579538,8.10602969666103
16.3680822740907,12.9140520561072
11.2777724762918,12.2190140208701
8.31600560554331,9.45721764137745
14.5667156669337,11.7223982004091
12.5010598047472,13.075144894105
12.1344686505313,14.3135937476297
10.6241163555503,9.94035398870587
9.58036684584449,6.43151050268028
15.2484477076407,10.7496910480185
8.41335559187635,9.11178935223245
6.33806994152784,4.84134086821831
7.2330346007033,7.35757482752838
12.6282882015101,13.3877546689558
8.61391371330649,7.11800489309055
8.61869367189358,6.69839417950748
11.3709493510495,11.9256578577301
16.5730368774332,12.5673683171658
14.1811027812005,13.7652649951521
10.5443418639404,13.4288993331995
8.41927141009947,6.3915380643053
10.896440017741,12.7166303610248
13.3059374910576,14.3315416065677
5.28675209476731,3.6892901388056
10.0805378396637,12.2669774916997
17.2178608077935,17.9543432544117
9.31380873188008,9.23649273077603
7.26360144872232,6.71673549527373
12.2488961080867,11.9728556540356
16.8637206233057,12.9303124656592
12.3166204738492,9.80217542632839
6.15062566653085,5.03865885979862
7.62373926207869,6.15533869505111
11.126218616769,13.8896629211766
7.25621679381997,8.31664819008888
12.5411271863956,9.82880284095049
9.45268676762077,7.61112370538268
9.89504912196783,10.8547873880739
6.94597487242432,8.85040642204928
7.59959133682058,8.23811769562257
15.4647160969302,13.8252420511774
6.77849506999688,7.09816007138551
10.1632407111552,9.29142138886683
10.5480695362722,7.92598736479115
12.0357354803199,12.1361346163853
9.95255678653316,9.27807426066204
9.15880202540277,6.13609436960928
4.75540273059608,3.83324276861815
5.00877943392521,7.19539850211834
Rho_s: 0.804965013241253
Rho_p: 0.780294708052772
IC Time: 0
