Rho:0.8
N:500
13.7641625589488,11.6965309222848
15.1122562738524,17.9757386473467
12.6409690687926,12.5412114561898
8.25536516318997,4.92279158110134
9.49243429302322,11.532586834239
13.1943365958019,10.0894223435119
12.1551264618264,11.2934757632132
10.1147269993165,12.5364900746285
6.85100817431737,9.66475681271938
10.6369405081344,12.5193776563561
14.4273973723852,10.4790644913866
5.09144145140794,8.55523654207466
13.8868582724837,16.6132119946742
9.58657257002638,10.3911976173731
11.4896424839854,11.0875091578246
11.0352836850022,10.1220727781735
11.3140193960227,11.4193269694599
10.4169555017481,13.1150782803392
5.89533097041213,5.77044042709141
11.7696945254137,11.0366137327091
5.16912606206284,7.54194789833536
6.60203928976078,4.39398480895295
8.88204192746172,9.23552249989878
13.4934606875998,14.2908578623838
11.2285265718765,8.57694836312885
5.35201261602693,8.59830489643928
9.11184557885477,7.52570029341067
14.2921000577354,14.9085578077935
12.8254544291812,10.4338885028077
3.81045520554144,8.92972874517951
9.35698543082157,12.3007957750611
11.0423599915973,9.32801186889584
7.25822524154351,7.45469537943246
6.4433376610833,4.59952885364272
7.00203599345071,7.29272767953726
8.27353794951289,11.3097961407861
13.3195500510901,11.3046979661677
11.453633182815,12.1533203371528
7.02302454301164,8.64959552106593
7.01294914347565,4.13156788945423
10.7092315552381,10.9698184957111
18.0340121810386,18.5966871233425
7.72635086323105,9.99268316264491
13.5870750566357,13.2608701696663
6.52484021768715,4.14952010937206
12.2087133280025,10.4583997442013
9.46769718426192,12.3297772150209
13.9162849732384,13.7235686290444
4.69461743618786,8.49952662336181
8.22468081438032,9.09041184928777
10.5181679808525,10.760145512131
8.09397672825757,9.81999278740775
9.3035204386613,8.83411984035417
4.97273154048271,3.18845663074447
11.7710218994884,12.1426944061441
17.566802366882,15.6848964844967
11.2131320362839,12.2968667405439
9.80917784651996,7.97772420707277
8.38568016428942,7.30067842171137
9.86633968291377,12.1901527155705
12.1453367593307,14.3415086680885
8.9202031144424,6.10895068153457
13.8889835987148,10.9075954538704
10.4118987101451,11.6528495526244
8.42310041260571,10.1624060493266
11.4094828178016,9.45524682565838
10.3670255862366,13.4151236688371
6.28453595346991,9.53855298661629
13.8780572802977,10.5350875412774
9.82489302430122,9.14861957161393
8.0138447651852,5.40172779413251
9.77142098564256,8.10622046535719
6.86243403608175,7.75507089439911
21.0358557453543,17.0850213887429
12.1924202112629,13.1601032148754
5.90923224396291,6.12267510344204
7.63900088783967,7.04143783874067
11.2367464065454,12.7571865223985
12.5909795289394,10.1460102319113
15.351181419441,11.6726144235395
6.97591554209104,6.16635530102436
12.2611180795224,11.0915961125763
11.017409212709,10.2957770039925
11.1845516048815,8.93447216408057
12.4684013559071,10.8945716051506
13.3932788201931,12.2896869092217
9.86649646202017,7.82020282924769
9.25625540720587,8.98206549208791
8.94738431181807,7.07756269681251
10.0412628774457,8.3705286113475
10.0081849716048,12.4396591675811
12.3300726068173,13.1530943675513
6.99196680491315,4.36085001259045
6.28917452610291,9.37553809513048
11.7971185271428,14.4178877376652
11.5981526348118,11.4736663603025
10.7864791231295,8.36001009034239
8.88005403927257,10.7478145294665
5.17100562717167,6.70429424044534
3.89611939312917,5.29460001454266
11.6909712285201,10.2005107607157
11.3207790723185,10.0969946334518
15.0704114426082,18.7328201116626
7.18604910794815,5.09650045380883
5.01633164132653,9.35820991845645
10.9774174376293,8.35332110873481
10.335606042369,8.08797884985931
16.5698814556873,13.5192462038489
13.6013253070478,12.5780030108558
9.46536079579929,11.8121502797646
8.11485216643702,5.32667624927056
4.66642852843651,5.72486697626894
12.6803744515218,13.6973028800352
13.0291940907242,14.937089927665
8.02673654845686,9.75044918462322
12.3659463732387,13.3189599477513
5.96863995619934,3.72379560026953
12.979970555638,13.7043593037276
10.0651150724531,11.8810987027678
7.84003362300176,7.92591960512003
11.375329773784,12.1539568483682
8.12531698866671,9.61908309163968
14.3986057931093,13.1924347304552
9.03727749925942,8.04825463956
6.01619276887842,7.98468481279211
14.1916476154283,13.9857873710182
11.0567379764766,8.9611355924069
9.16517965858062,11.9214354144371
12.5920338917016,14.7097525922692
7.06063896388689,6.36836913315311
9.20234655945088,10.4682710431581
18.8503687181809,17.8152656114269
3.61081913805111,6.32417952038616
11.1577136517364,9.32202239718002
6.61156251806045,7.40718592329056
10.7039648930315,13.0139768077793
7.74022873086811,9.66914822636044
6.4238574776844,5.86739395867467
8.55045086527217,6.65944262286217
8.61143550217053,9.19721700723647
10.1149909300973,11.3158795124427
3.46049700050501,5.00262571109431
12.9987895792063,13.1403099658998
10.3282541308485,8.08244808655291
10.0469671286429,9.15551602839248
11.7307498737328,13.9921463648968
7.15780444162911,9.44492795574754
12.0318081389473,10.943599631667
13.0508468424941,15.970605257949
5.95949680462341,6.21978191571315
9.20001211373177,8.78581467769394
12.5843294704949,14.0105105223351
14.2552568670883,14.6609550712601
16.6901562411932,13.8160566782432
6.12652312397531,7.31558471723027
9.93541616797334,10.3833769252201
5.85533359636608,5.24363418967159
7.72726636682336,10.0620479885072
8.58043537001711,11.1222473261614
17.2188362602181,14.2466594091528
8.93012711386938,6.95295094171412
10.1015795017853,10.2917847318236
11.4416226775635,12.3784132620779
10.3283770316944,9.3000626722165
14.7969296805027,16.6220612432448
13.9869177269084,13.0383907508225
5.94465427152551,8.1094611852844
11.8339598703797,13.5138969677591
8.6178051159252,6.01767439884113
9.63618065311747,11.8864337040857
7.33872140996033,5.6513342284337
9.51191608003908,9.68929118528241
11.3165708072209,9.898671881866
6.35077982235992,4.96850800644357
13.4165520539198,10.8133934577381
6.08928875095276,6.9493669021365
10.6552105102279,13.4341681151845
9.28930072536459,8.7747328673518
9.35546033881371,11.1488835952771
8.86477994664139,8.26692911535625
12.9087940014288,14.163559391352
8.45127056384474,6.00363243859883
8.76842265159176,7.30833512366538
13.9842230909755,17.2041634075008
11.371153020505,10.4653057858498
8.00618720131962,10.3002420098815
7.53294848082917,5.79912485775786
10.0932750468127,8.29981511750193
14.602150719016,14.2611763515818
11.6970049344727,10.565014684854
11.0306421685993,9.45452042550537
12.6708592201907,13.9690369920047
6.78593012078532,4.41203130369815
10.731376040422,8.52144856569972
7.35726642694489,8.86995841252888
4.47046091711012,8.39470274378533
9.83174454259902,8.2885149317839
6.3713468359171,2.29046905020665
10.0330272944284,7.59197525744864
8.80943003465471,10.2521226171749
9.53097460515777,9.78366774145485
11.3476218632315,9.40885029825365
7.53412754368624,9.41278640894659
6.81403682545204,9.25137971839399
12.5132131880615,13.8653799206148
10.161612942588,11.7308951654793
6.18433351977231,9.56428276578564
6.90145956942341,5.01700189883063
7.2384705685482,8.37290568016796
8.61441135190282,7.91106158248105
10.5641163188726,13.556704186013
11.8465652969522,13.3366509872825
10.2632996290401,13.5104607481079
11.9110285431028,9.48819603199823
3.39498723481803,5.67779210634794
8.97368420801064,7.96522145575148
11.5191694331418,13.3471912287178
13.1816927764788,13.9483915066367
15.6583560598653,16.0713749852766
9.90058370729454,10.8080873941347
8.74533654230971,8.14127828068285
7.76891440086273,6.45441931241714
7.45810605539625,8.8623523181293
6.28581767940182,6.28427003873422
7.99597703868091,8.32758778122379
6.71031674260285,6.49678445420107
7.01187855772077,7.86485129791552
13.4956349441957,14.067555299387
10.4126337345496,11.1710904588329
6.08268950538322,3.65073378358267
14.4314234202285,16.7848287650866
5.43870250845217,4.46323089313674
5.57602337287889,9.23746875960712
10.2226832898072,8.87284209835632
12.8621314793757,9.63739816706487
5.08223960856947,2.27593400004734
9.64779264968716,7.70337973949792
15.5952158361548,13.6500572757803
14.9942855239702,13.5862472558696
7.62833587444236,6.58318382737978
9.28115134102411,10.0453711368422
13.1071293702579,13.417327235885
11.8010843350339,12.2180604246196
9.85488189482,9.48834306538516
10.0486274524593,10.5696052756399
12.8788985616835,13.2339149597505
11.8409636722793,12.557401760074
5.50502546076911,7.42440151526525
9.11517583158378,7.47946653948009
11.7969255750004,10.2715435978263
11.3972612872833,9.6193126779689
11.9877473591005,12.0917460409643
13.1151192447917,9.96132110234316
14.4930588219063,14.016551853914
13.7475405488643,13.8405121626054
5.61456216891388,6.16642153979035
10.7027763135482,9.4417909256712
10.2036789538948,11.4844137851242
2.92780752467254,6.48709502378188
9.38085740233879,12.2491487477769
8.88668631423019,9.28956077704539
9.87949411160349,10.3994073599378
11.3681117564122,12.0189880454783
12.3810549561343,12.1944255465865
7.63065154697334,4.43469711693149
4.9988291654613,-1.30868101736031
15.2332452433101,12.0583223577335
9.04792367120009,10.005503815432
9.3627717807603,8.74191043211349
6.31655503828105,6.77650716748523
8.36387362026352,10.5662853499204
11.4066773430791,12.7759814818666
4.86493056489847,8.58269226088103
7.78732313141182,5.0794142977532
10.3608256623836,9.99269170450795
7.15991996380379,8.09834849401467
9.97780768837093,10.1936884837681
7.18050076196832,5.53871368561751
12.638872532545,13.6893923883011
9.53108059054061,9.24703446141133
9.80703575173256,9.27245735996794
10.0521404086399,7.69080175209894
12.587434109852,15.0316245586402
10.1534810865496,11.5957064515415
14.738072615292,11.0276234214743
11.9076417531743,13.6352197616549
13.0688123487819,13.9347851696627
11.3335786874255,13.9398404992697
9.56899453897169,6.96583738700347
11.077911837877,13.6173469988975
10.4072821976444,11.2153592225449
5.34140618497917,6.3887086733243
8.1756955501156,6.67167053111116
7.59701338786357,10.1241147903579
9.61443920604476,11.3510432900188
15.2223978510571,15.1032504312989
11.2049181978826,13.0818914702666
7.00351229882235,3.7102500171917
6.4900467191981,8.04823709387217
9.58774383463686,8.6240334169084
14.5718407051031,14.484714575714
7.75800071693949,10.853134407127
8.9531272211872,8.7329766442084
8.9784963057686,11.4884766193527
13.8257318007592,14.5547103855777
11.2494625116903,9.06412791968089
11.9267395184563,14.2757213652104
14.0682037513485,16.1456905750617
18.2287132712711,16.427234482241
9.31909219816551,7.1141606334217
9.8989024314151,7.41068230398198
16.3074151084156,19.945360407303
14.7560797535465,16.9893740550437
7.43065778226452,4.24716386759293
12.9568664761957,10.2460004835162
9.1869193676947,6.49585245442713
9.517353735941,8.13911121142535
7.67501987954471,9.6915445070195
14.6109240893849,12.23661120099
12.1364501667986,13.8971319729677
11.0192301836116,11.864689913414
8.00434001174122,7.43651170407128
8.48595082042552,8.73324855835786
6.26868575677777,1.72998510244642
12.833185130561,14.3808799372689
10.2085884467474,11.6745879585054
13.3818791202502,15.0363920104264
10.7251788681477,12.7656688766597
7.46342465514709,9.09936260158888
13.4928686318376,12.9797928845643
6.79303352433604,7.54396427987922
11.5885033081784,9.73956450347604
10.0698032214291,9.68681048178142
8.45269930907602,9.41802012222035
12.2137046136652,14.5716258762404
6.56612360369238,4.04308468867423
7.15702561325502,10.2804575963106
11.5842088637169,10.4363678463085
9.96567851301074,11.9928303920713
12.8118814382263,14.6663855887847
10.3075587020773,8.67328453855536
9.24592318248404,8.67524026298828
9.24842740120627,9.21693685790888
6.55448810977685,3.58525731396949
10.9756721894289,9.19066621444278
10.242365957654,10.6458871422163
13.2264217972589,11.9165204424117
9.93048756271928,9.32630930232975
17.5275971868381,19.3641432179635
14.5002261736341,13.0521194848647
9.24182658629207,8.97845506181168
5.05538792381736,4.37629952183905
8.14783252818512,10.2085218620192
10.0920682374997,8.05427279333386
13.2737650683073,11.7815223114153
8.60300662786629,7.08710124330503
9.92716734310006,9.67023595488353
13.2185466374487,14.8459750392385
11.4725114711785,10.0638511139613
13.1572385663347,12.6108252007201
11.2492021586373,13.6424764588538
7.45743491561864,6.70491039420341
9.18053277726743,9.30897002177093
7.1298057688989,6.66072378245096
14.4173235450695,14.5035622769062
8.33565598242165,9.62401391452151
6.44620916526418,7.69260425940522
9.85370803759353,8.72566442552502
12.9616107390542,10.0079162752036
13.5902725355409,14.2397213715612
13.5148138810067,12.9637113684499
13.6337728242488,15.3849064870681
7.75246126139017,7.42103168272487
12.7268655025835,13.8351572022873
6.96444103000571,7.93665151239734
11.8799427517623,9.92424119694253
8.6263266517936,10.0688483338203
11.9706088040955,10.6979278168003
9.34616704296618,11.1704912566448
10.1041672442004,7.56102493437201
15.177940725613,11.4890522304679
12.9483173910973,12.0897366410387
7.36705009245446,8.82899293076238
12.4210691561651,14.0090917431669
9.60621930751206,11.5560963983569
10.7363012203121,11.1896379194842
15.7995398215671,13.1894360417538
10.6249971363489,10.6587061166759
8.15026265164043,4.55605560960597
6.96321108522239,8.66778204428271
8.55115272793865,9.6559756345276
9.61694870597453,12.6424738626391
12.035847458102,10.3008897186323
6.37438772089069,8.1269551522281
17.6676726316546,12.7339914628701
6.83216365161968,8.26866105234976
7.27962188767546,9.32981092669912
12.0870076670153,11.9945643549284
10.5152093122644,8.86486552114997
10.4508605498415,9.33967782219766
12.4166701862169,14.6764468475304
10.5380295353554,11.0486415371015
8.16407215722949,8.47762484897753
14.8072656271139,18.0847945702415
9.39515138909466,8.05088330246836
10.6684512641931,8.91935925462505
9.8503369281277,9.85100594589323
7.97158307357434,7.81908564326571
11.6661578478086,13.9821657670468
15.1053767218576,14.229438904051
10.9723223555002,12.400035362584
12.6123126955282,11.5537622791488
8.80257755415211,11.1330651275078
11.7363650067274,12.48518752058
12.0254788021981,9.24163403278784
9.0547893449391,7.1025778568242
12.0892366549244,9.72704942433847
7.50520478967568,6.82674405843761
15.0183560540302,14.1091746905777
9.69336820907173,7.99947897028318
10.2515659919273,9.43296317458067
7.21499359902504,4.6790600584952
7.60052709145974,7.10857564740654
9.43649321612778,10.6109200395004
9.10489713735167,11.4087211976724
11.4465877852286,12.3294611254552
14.9241928666327,10.8917711139648
8.41887794641524,7.35470407760483
13.4887626470821,10.6217563534458
11.3927223249084,9.96771603593116
14.5872142832856,12.6119179861427
12.5706352004977,11.0190456774073
8.56085522157986,9.28408456345195
14.9844525994575,11.680743550156
7.93335988173033,6.25038955837255
9.30142005708,10.6848470466241
6.66468367692737,8.95696584691055
6.13051059993695,3.52695672557144
9.85913408647274,10.4669801918596
14.223683302759,13.1442343579184
9.83405480838089,11.4293298264044
6.16631715933338,9.20969701722616
11.7573986441638,13.1509883789123
10.5901335072881,11.643322955449
11.2231730242859,9.40373853131632
8.5672580052632,9.36321170288556
12.2399107498888,14.1265738519019
14.7929562827699,10.7023794006998
11.6119305155146,12.0330207250453
8.89462179834938,8.6703630048225
9.59633316691546,8.21221126960054
8.21361126427191,6.08505474144184
11.2115852488617,10.2758921407886
9.27126929837455,9.12321892495124
11.8212560739028,12.7564171656355
12.7057151463005,14.4200693197036
16.0739259078389,11.420042754851
10.0327404663229,13.1105515603702
7.56517871381132,7.62061870490761
6.53260367703381,9.66029763902667
8.18653908883774,10.0902045837691
5.74144547453959,9.02371486835343
7.28335605234907,7.90279859853247
6.79942883783587,5.79561934314235
9.15262303697111,10.553059945615
9.6669441449887,8.90915792702672
9.56580315670319,10.0815607615856
9.49994960609408,9.10618762877644
12.8894358518211,15.6064188317459
11.2911619135295,11.6966286729988
9.05173024940038,9.05512894590303
14.0534827278494,10.6058965982113
10.3338137175091,11.1265946393523
11.3438396306919,9.66436020360812
9.9455889225698,10.1846735307561
9.26074431540876,10.2005587149923
10.7989857644687,9.8278176194501
8.50356951492294,5.37565773614078
7.37806622544118,6.37461918721213
6.66111756663626,3.99905351750655
10.2845872517543,9.40855555265334
2.97313105623234,7.86293385440243
9.70967246964247,10.590301356629
10.7546338595017,8.64853791925263
9.51992404418584,10.6046295811154
13.2641709526771,14.4380952114329
8.6606335463447,10.6628266520844
10.8570484065443,11.0930066065612
7.50349634220076,4.5395721447413
8.73454690287916,5.71300087924419
15.025203676834,14.2995081699734
6.39763310254629,6.8584404738159
13.6399845089874,11.4365426211266
9.5248493493888,8.49351108833088
9.72677172674457,10.8871787955569
5.00469549018097,8.91421051446587
10.4113807705442,9.13092912583165
8.04174377047399,7.34124524800913
9.05727296539402,8.59141852885274
8.45783213475308,7.08747347457763
Rho_s: 0.813801591206365
Rho_p: 0.795294670944355
IC Time: 0
