Rho:0.8
N:1000
5.23389925663151,6.87044068857889
8.42067657583299,6.10111035205257
14.1514646699356,14.4308786912845
16.4822937736888,16.1789697023987
7.92519318804238,6.49047298995144
10.9168620682904,8.24417809955093
11.5399315725901,10.181892143355
15.9023855294761,13.2191642696299
8.88910654126687,7.62429370316974
6.04669427946937,9.24272681867957
6.4815693862348,5.46880525771579
11.1526662234706,14.0721466394795
11.3272449393651,9.8771943267404
11.7513599906574,14.8522457661581
12.6560999487491,15.6853160665159
14.6266145609813,12.2922010597227
7.38524274371281,5.18174806587493
14.9471753727577,14.2594822657171
9.87116175237045,8.33256259078382
6.96196470818959,9.75084403434835
10.1672573249611,9.02298379158185
10.8045555967624,9.8670621641769
13.4813460096793,11.0235216189387
10.9125333807673,8.69001880231929
7.27907085013766,5.21368053559794
12.0662697441279,10.8508734807311
15.9248940309949,11.0871259714073
6.16575939488831,5.38056048226092
3.6821938466897,2.3865010104682
10.661340883372,9.12355198504136
12.9828182646904,12.1280696398087
8.07833451717231,10.9509055594962
11.3969757609858,12.3138223004745
8.52853645776914,9.63714334643451
6.53698842238649,8.30658021655826
7.72255154953119,8.17006952290593
7.01060424890966,8.8712192172813
6.10497640475222,6.7759771530573
4.42918727016144,9.06215784158271
11.1106499239716,10.6433194863681
8.00897676062576,9.57718857889659
15.6504443824849,13.793007176143
9.72601803800767,8.18682488798028
7.70701799834853,7.70858030357212
4.9417971223768,5.90639083497211
10.055181852597,9.18063982515216
9.84224935357517,8.38631477645871
8.98923866686118,11.3797273123501
8.91857717360121,10.4573160484346
8.19523927391969,7.22589642258881
9.66452879543026,9.29710342828713
14.5300120631625,12.0879984001787
8.61295514943833,9.9604573003195
3.75579534003807,6.50149194914976
9.83334544453531,12.0780290484395
8.88063331426424,9.72751751724498
13.7414417649571,15.1198727340662
11.9935642981355,10.8051100211618
7.44071148010134,5.62273518491429
12.0713562341125,14.0349327151145
14.1946735961523,14.4935919436695
8.35511325591807,11.0406767268539
9.23115553380215,10.6389633458112
10.7601491153754,12.5086073208411
11.3745768971465,10.5127240321988
9.8825366877963,8.69453090735406
9.301234447388,8.29438178245084
8.12123074261433,7.16876404564655
9.78524406503247,11.7653564566945
10.4906075557956,8.14664848431135
10.6891420756887,10.2142804669905
8.85961891861174,7.44357840160661
13.2693087542825,11.6376747298415
9.03040682701235,9.66977777586519
11.2168424752664,11.4124407338094
5.90261279600052,7.54890163848295
11.2667764116848,10.6762375053189
7.86844109945136,10.4451833530451
10.0911689763339,8.54450393522176
9.72101421850851,11.2373489152618
5.8883817104374,7.42352115051713
9.52853955178151,11.7736910328817
10.0171710582402,12.6856684480392
9.28685987556515,11.8458981064751
10.0260944326333,11.1531299980632
11.7879904408054,10.0136934309773
5.27637943726229,5.39760801200457
10.7557347265708,12.3180584211671
10.4193648336964,11.9585008362666
7.96269914676585,6.54242025508101
18.0693916607213,13.7406680092278
9.93071493689049,11.4017896686439
4.69415303310098,5.10403548573147
9.21105325734637,11.3558787143385
11.1507537128585,8.92511957109249
12.5695349277837,12.618111154188
6.14454845875344,6.23675649278185
16.2068098901363,12.1794760569571
9.4762956247301,11.6189821217268
9.81688488645016,9.50843802887561
12.5557371196925,12.394692352131
10.2594043874507,11.9707424397402
10.0975536753482,12.6954192937466
15.5633290897161,11.0454099948494
10.2928819163621,12.9586118561536
9.21594885228764,8.92710759840583
7.65124010108787,5.07079543799507
12.498824382404,15.3313983273222
7.83362072981382,8.4719525409706
9.49419650184799,11.5241516989569
6.8694899173624,6.02782566335725
9.02551616028956,11.2278253774364
11.2398803075506,12.549062748082
5.80043566336341,9.48341080391454
9.19331698387176,11.7320703403482
8.57151119700693,7.26413406144238
4.11459472838042,6.59969732009965
7.84380659029068,6.26449725769028
12.9493979479067,10.7141449866281
10.1893270369784,12.0876699979943
8.74453404959671,5.99008901468143
10.3107904615942,8.98802771255593
16.1344492194064,13.8974531460505
10.4772677907641,12.647913439174
4.02785190885193,6.7708580818229
12.9238303408696,14.5961795262759
10.6609641376472,9.35706084519534
7.45203544123005,9.31265822520654
12.0052822124522,10.3354828635958
10.7524002407879,12.9101349437788
11.8078649314329,11.1314591567684
15.208990775068,12.6683966700375
15.8327093405879,11.6841121582725
8.21897225968876,7.73543500632388
12.8781095257221,14.2884046689051
8.23228744562043,8.2630693152181
11.4525474243351,12.6386511870198
7.16041986091675,9.88674867837617
4.74038187970451,9.26022088902696
5.50695423315612,7.73429583031363
4.00988392741135,7.31456232582508
9.47381221287258,9.30933828628112
8.46873046775521,6.9866811467342
12.7644676600823,10.0222497332117
9.17983089987756,11.5137411911478
3.47887256718899,4.21181716601856
8.84675633193026,6.57386168440055
8.94869677715958,11.4132506829335
10.3250347331952,12.8223008983453
12.4049157163863,14.3654060026776
11.3393951177658,10.7825503998383
7.88500266578228,10.4322742078102
11.1126504793121,10.1185346199271
6.86093304801217,7.28575144927574
12.5090354686252,13.8614760004104
11.4003391623679,11.6025632087849
11.4250519652742,12.5341423941006
6.58320452034425,4.65900460949314
12.4651530551092,10.0149120058271
9.41250129101102,8.52265588009268
14.1145626779105,12.3853775424886
6.83094067076239,8.76081261603065
4.92363674198266,6.97321656308361
7.40370363486054,8.887078226321
6.52530085946676,9.57208381081661
10.1566132197083,11.1037616472927
8.58516170521146,9.05014801995721
14.3858562225752,13.1809335647323
8.64623398697096,9.09087683357067
9.14887984388352,8.87182177659056
9.54361377715511,11.5024967638928
13.1227198889725,13.0143421302977
5.73214955975286,8.71930458308068
10.370871090138,8.10375130538263
17.5616758266787,15.9232103846284
14.5143833335161,10.4583201375308
11.095912438656,12.8604814074029
11.3575911119106,12.3596996914975
10.5603862356928,9.95275910174182
12.1522526574895,11.595329898912
8.00700189593596,9.96842293018686
10.2088957581989,12.7011195347705
12.765568376725,13.476896830633
8.80174506434985,7.54919205749288
9.75261560344264,11.2568043311514
11.6682236178749,12.2597346645105
11.9725527112291,13.1523183339896
7.38498592926833,9.87074281119564
9.38540638960835,7.3260534165979
13.0273384371794,16.2530297408011
10.6541452245462,9.89661013257875
13.1768272702345,13.1036308500811
11.7682014498604,13.7584855958053
5.18536488792415,7.12027041033207
10.2270732589277,10.274980720595
11.0212675485833,14.2646127105938
6.06327781009176,9.44777700110556
9.92341311492197,8.67641798527575
6.82265070254621,6.28015057918326
9.25089243918191,7.00227774553186
8.57140184297268,6.21531984696701
10.2393152809169,10.9679759471819
10.7696551875433,10.5842302102841
12.7798895245572,11.7350755072466
12.8447956715162,12.8282064615844
6.09175570414239,9.20853589794492
14.8984147383473,11.6484130102634
9.83892792747436,11.7264383500116
20.1467170174407,17.3025513972411
10.7137131113347,11.2040632377655
7.62036399120385,7.73202191128902
14.4723160460521,17.6760508373324
8.20012397256033,10.1149924772077
9.82564075765825,7.93144107218498
11.4717714959379,9.00431747606841
6.30926582430244,6.33474386396273
13.0208749096537,12.7581851999072
12.6372083872113,9.61909531773351
6.41567395398134,4.39985773972821
7.6532767315138,6.18457078639082
6.61710661478863,4.86332062827023
8.5635833676517,8.00651171121219
8.771912819085,7.96511464457747
9.71518333102893,11.6426504873372
12.6822001739123,14.7529564558951
8.1375502263921,6.68078894057686
9.03136662762119,10.3984197301058
8.54353982934613,8.13915638309421
9.54280373042566,7.69195555999127
13.5070042912655,17.1859863128983
12.5500231214036,11.4638630053601
9.42302142853276,10.6302667153927
6.25772053120727,4.39649517666302
7.76290703479008,6.03433530391175
14.3730848945777,10.7260509991281
11.3547441143038,11.2128414267694
8.17434801349027,8.96428055237938
8.94551267583227,6.92918602371718
6.17412354050394,7.28438515236146
7.1218209359883,6.40418444243588
10.4590507766332,9.21988790007916
8.8176679642569,9.39591636049045
11.9412298488064,10.5789191416614
12.2496402322197,12.3234754774665
14.9917642324248,18.2891006665001
13.8452513776463,10.5344079681313
10.6578786172036,11.3308165856264
12.0119444220587,9.75692421362421
10.6487854103409,11.9317755217256
10.993129437362,13.141044688182
7.96085813311296,7.95202650369063
10.1839469497464,12.5210589888336
14.6321427687437,13.4163912349681
11.4711791232595,9.37858764543385
10.566458211316,7.91027941908539
8.53437873592933,5.96970981553097
10.6509405791994,13.275855438066
11.4803266228093,11.6495769505704
16.5009587173736,12.2474141516288
9.44501921997038,7.585737811572
14.5079594146034,10.652117086036
7.58794708090037,6.74746394874156
13.1812638430526,11.2336267957499
7.79223885087044,9.69252948563433
11.0621954775896,12.3211804756894
9.48004393449063,8.90405315716688
9.7245341403526,10.2530592888172
10.7613727416966,8.66866717864897
11.8393906300163,9.78598613671344
12.1260579585258,14.2237129009143
11.6741066133292,11.6661999031013
9.77351545831607,9.63712363866892
7.52519809950642,8.14990095633878
1.09014410955163,6.59354611817134
8.42110060345849,8.10966969956942
8.91738041504442,9.65841583737559
7.31350986114108,7.54375263756405
13.4278482216908,13.6751502061452
9.43435143587586,10.6003435759651
11.2982668197401,11.3245791729162
13.9724613303793,15.356332363454
10.642559791836,7.90903748495371
10.7315512833628,13.2532433112949
15.3544510061127,11.795166100764
12.8754783499233,14.9291204886151
16.145111392174,16.1034600601018
10.4807568655245,12.0511992811788
10.3990821330127,8.92141291566754
14.4045927592451,12.6621062540232
8.63157710813798,9.22812939896129
3.98167569133985,7.22933959044883
13.2695735455895,12.1108310415314
6.97707168548714,8.97638859161009
8.4196588914109,9.60324368480495
6.3008782491389,5.82912256959164
7.24577335944308,6.70582070000423
10.978477316683,13.4399814596522
14.0740663812553,11.9010224044133
17.5579508942917,13.4116739979088
9.6364076447737,7.80124608132989
11.8457150491358,10.5780678138579
10.8757599192627,13.2277345066001
8.5352815990198,8.00637219059532
7.34125650034514,9.93846922344508
6.11902986896867,5.94179002778179
13.5034362369473,13.4400303803148
10.8756598456905,11.1007683511292
3.77897292096276,3.49549007856803
13.1274748055561,14.717693061805
8.86002142820646,9.60142281296798
11.4615631760534,8.73906219276542
14.1615411977606,14.4109937187884
7.07331923761342,4.51186442063544
10.4279247385739,8.61147136046612
6.32407299957744,4.10665991833311
7.34607434226643,9.76506463873283
14.9046432985029,11.6849684159939
9.84309944159418,8.8016602016484
13.2729453513376,12.6099799803065
10.0704738457843,11.4579666694583
12.2630334302171,12.0382956407956
9.23770546002619,6.94577774332831
12.3032869122436,13.1693824017506
3.97062024996839,3.64117948735449
10.0096231881149,9.78348033069872
11.4894730402545,9.60986637543433
8.65427862995036,9.54326750295346
13.9576780661153,10.7555487527468
10.6614317233964,9.16283695170736
9.12106635327471,6.51261706346262
11.4928038785786,9.98012200917197
3.56034521115775,2.92878743346226
7.81474783869228,5.37022359603546
10.0425101005225,11.639292220592
9.87191698743894,8.87400719652688
11.6991027534166,11.156091444573
9.36798195824828,9.63184067823371
10.2131769585896,11.4312343398479
7.43533305050874,4.73745064067013
10.8537668183797,10.8239024282213
8.94449079641023,11.3308897468513
12.8719458172408,12.5061222310658
10.7151013976654,10.4430162243479
12.7975385290754,15.9753242713388
11.9923577546706,9.35507652953089
8.89647774126368,10.1369910686239
10.2013374146638,11.381489677877
10.0160606534342,12.4214968658924
9.25953886092514,7.34749161468744
6.36042095751853,3.4398510606928
10.8578036634318,9.80140192643189
6.22609044405008,6.84518096077456
14.7424675808519,12.2753281895665
12.2824210811977,14.8761790994474
5.12988485984505,3.34524537545622
19.1036701767362,19.3263094327965
6.60605888359351,6.50945615995077
11.8288929472774,11.4016814652044
14.3423722275626,14.0719021403822
9.31701238321777,8.71332130565518
7.99121006946817,7.10031270573671
7.13510745293813,6.38726310984329
8.49160231326893,8.89964541492913
13.8692969020431,12.5433766256211
7.76417706662965,6.91371224305945
4.38676229947804,6.25363199679746
6.95666210006555,6.5310146086571
7.15109270740428,6.88131612305128
11.4477132506893,9.63255424028059
9.46309168825674,7.29922227087858
13.0282881682054,12.0953711149816
8.41900350499227,5.59571621123731
9.73714040425579,8.15576456158774
8.00167157436784,8.46838401653387
9.17829611954584,10.9217838967829
17.8856194062806,10.9528606144245
8.10592422630856,7.65701802165376
9.01342350163766,6.75795237618572
7.04362876799555,10.1218846562497
14.859544444903,17.2145060845333
9.52131577120143,8.94109200995044
11.163696529009,8.56118721067522
13.4012058771873,15.9929705450738
15.4019559595671,15.0306087274616
8.7412192627161,6.10429342909329
10.3369014928089,12.9686154307888
14.3028343952105,12.6386251886152
5.15791053475595,4.0418501583419
12.85712203182,11.8229729305072
11.5109935944936,10.3303366151843
11.2624849951736,11.7204574550104
6.52181493818637,7.45596750463945
12.9956351918849,11.0059241593972
4.61400653680772,8.12994660045785
4.66691485053462,4.32643574026135
8.51176777846102,6.57718236897149
12.1062285268141,14.6341671564779
17.3005611463852,14.809357947861
8.81057188938795,7.20278706973104
12.8312249092716,13.4248127872546
9.3039320632853,8.1002065032939
11.7436715910991,14.019079350437
10.6947504391963,9.65628615439871
6.52916238464571,8.04652528062028
9.57605085683525,10.3622341411225
7.94156287747157,10.2013530701549
10.2882911597052,11.7423604563055
6.21725682323505,7.58190128040544
9.02223996621804,6.31691965654971
12.9138444995673,14.4846071906391
15.1186803619702,15.6474773551167
8.59024609605365,8.08014010015574
6.62394830944111,6.00960352367412
6.93392790587817,8.55927445237485
6.77879373705361,5.24400807039306
10.3027955402604,11.9068189657585
4.97561648583729,8.52191593850415
7.46442870417772,9.51092485484216
6.14387135610981,7.92171710445097
8.96971982300051,7.18527587790658
10.77367764528,12.6347683986253
13.2654259438553,11.7260459787924
16.1021237711445,11.6984076307141
13.6799654126211,17.3602807530039
6.46688006085602,8.23196188016624
12.5860535784333,13.9682697672428
4.11014799303468,7.34332069145982
9.23838928690852,8.2811748499401
11.9226015171072,11.6099026075396
9.91976645243678,11.5531414166474
8.40265777883669,6.64282997435827
8.53628017010443,5.88461694543182
6.7360666022131,4.10388426716886
8.14289062024674,5.98889804768324
11.5489707034467,10.0102848119909
10.5133854614213,8.84763581781104
8.99080642162436,8.7845275832457
12.3381647989542,15.8187727943112
12.9368599232885,10.2402371552587
11.7404167301503,13.080358273467
10.725109597833,11.5903207255351
11.4866412206102,12.5205248993654
8.57545345551486,10.5217863484005
9.62444755577009,7.16231573978785
7.06262389754527,8.23360288484663
11.0285684698174,9.81625084216097
7.4746567430265,5.70825800300957
17.2780162346232,12.3144752787175
10.0103092783989,8.12371506702226
9.4378263324769,11.1388799185486
10.1017908655055,11.5128483868405
12.9799477117754,11.8786892108404
10.9485194744552,12.4177203631158
8.63577399374921,10.3542418079318
5.79508761172032,5.10394541496304
9.41810684707407,10.495350932343
11.7513764022013,12.4969476659106
11.4269088116662,12.4392429560456
8.11973176589228,5.82432563232341
4.02111666871232,4.78635785249876
6.31623101052599,7.77112504761278
7.59115163570415,6.78598476618439
12.5867610073183,14.8418948412
7.87791055705008,9.98328578066735
9.12849832392677,8.37320211433264
8.80964505011241,7.79944970090354
9.67242457789697,9.92811678592009
7.18413010296005,4.52945970575904
10.4314970624907,11.6876161817949
10.5412270861803,11.3128353344223
13.9978999548721,13.5496297956618
10.3496473108683,11.1057084170469
8.50530639940288,6.82417079509427
9.02159452314574,8.93988255041992
8.30214706162668,5.78423410001004
8.54985233946595,7.74924321320237
11.6630847700366,10.696212191449
7.42898707260218,7.67669578812135
9.11684762696939,10.9147793569433
12.202719710697,9.96982454825156
5.5866881189851,5.13619623102782
7.14994320694945,7.94541322192589
8.19261848303261,9.0364137708771
10.4969418798666,12.6068497236007
11.918514503198,10.9466470492355
10.343492770345,13.0494775718154
10.6602153474647,11.8202343079625
9.15329265986366,8.20615300946375
8.00356272519613,5.42962602803421
8.15010192443787,6.33406240560911
13.5983480975439,16.8041897054857
9.09300629411074,8.09800912620909
13.3686867182594,10.9952035497054
8.6971107304728,11.1424910391479
12.2856004361831,13.3005014883492
15.4483205808539,13.8469768330039
7.86532406844042,5.4114352810994
11.1222999153847,8.6236176000636
13.6089367743841,14.4731924679899
11.2499838828234,11.197044789533
13.5153929029943,14.3540967027235
11.0489326039249,9.61386412224198
9.93036655341303,8.46467744732336
11.259665352259,13.8543209731934
15.5306563133569,14.4727752025128
9.359695039719,8.80668335954049
10.6520507335076,9.70801046605883
12.5077435563359,14.3908337139551
7.23138334666665,9.37402010775608
4.6550103217187,2.44712281131142
11.4328998726849,10.2394683309237
11.1095398420764,13.9441468494531
11.1178610886585,9.63863401788581
7.03438189050766,5.0640154259073
4.72273553902739,7.54098016364602
12.3785452993015,11.6957178692922
13.9191785508022,10.8235929920759
10.2542084731721,10.5281478561853
10.475354182385,9.43985229070784
15.1687719850227,12.7198587567302
13.8766422738986,15.2734147576309
12.0912792564037,12.3047328423242
11.2389491055626,11.4753952978321
7.92889952707447,10.4409965742276
11.1949442633664,9.851974938635
12.4369397048565,13.1122015119642
10.3978556742518,8.92231485512927
14.936547600286,16.7033205237359
10.2749492435802,10.8154446659946
10.0066987105121,12.7604328816987
8.056049503073,8.3607555052517
12.7220449956742,9.97448965213605
11.0446306090834,12.5196497845836
9.54367870445922,9.61079223986222
10.8210762736755,10.803368656814
10.076983783734,12.7854832489757
10.5920332089666,11.1974523295575
9.78206496725784,12.4489169640559
14.0257986762071,12.6576392100393
12.6245494172497,14.9475015927651
9.41463989425773,9.59833262831124
15.6363518135754,19.0736804800592
13.3124450270779,15.7115090421661
8.78602807316907,8.9386149506278
12.1797650624543,12.0463971574224
5.22525957976674,8.57714001292169
6.28278070143623,7.70547197881676
7.63711251627201,5.72641208353588
6.67213766192469,8.05176941734251
9.36515582876301,10.2310880228347
8.3621560774574,6.95031598223726
5.73944848722572,3.57371987199422
11.1965920977164,10.829586119539
10.0064925295039,9.07221149339449
14.4428402892432,15.2779241912404
7.53519529662239,9.06148174775061
9.41800294969788,7.12376289055093
7.60196933244606,5.90879939798047
13.3272368550755,10.8217284102667
10.6626494491919,10.4459225788715
7.41007861513392,8.46213165519791
5.14719975323453,4.64684151144328
12.8040005097836,15.202821551435
9.87407777579855,11.9139015460799
8.33835976576372,9.06622333217635
13.8215591231936,12.663316206117
5.05831554002033,6.11581875899377
11.2643126848622,10.5706939484658
15.5723916605395,14.0945908233388
6.7469347566623,6.81879645692371
12.3908427323752,13.5234307987681
9.6347135531231,10.1826334658112
8.88079164941505,10.2967272033844
11.9822645005183,10.159857403082
12.1546013478148,12.5676733692113
8.02102068527707,10.1697900395963
14.3636265749806,13.930995259155
9.95273637340925,8.27923221011989
11.0272002636091,11.8869976913273
7.39494370761135,7.13520443201621
8.6343206568243,9.28477633743856
13.0021970818696,11.4491132500343
8.91624449127393,9.97299488680975
16.0184081845436,17.9881848834557
6.21255531759782,8.66234247074381
9.54887664567752,11.9050233245164
9.03878905812561,9.35302389050908
11.040006902978,9.3700239922062
15.2122213619704,11.4203844929601
11.3661229501242,13.8052898651372
6.02217518696946,4.07819477611779
10.8317981361553,10.2168014874681
8.9462504107037,6.47149886711753
9.88950274417197,12.4109010757931
11.5066333823612,10.9145296587441
10.0945784391569,8.92118452586897
9.83243347649876,8.00011446737856
9.19490709307062,7.73517809555918
10.0466551604768,10.6126908165616
8.17759326087781,9.08619831302616
10.3316181799189,11.1140018982499
9.63857436689687,9.19665620548918
12.9523671968898,12.4053549962701
14.6677986852202,12.1618626948817
8.82238192557018,11.4344980102911
7.0849722275373,4.59930719825229
12.26237310542,9.52298412277234
6.89669176724764,3.89879687487899
11.3167377327483,11.7288497603429
11.5848587654706,10.1493330373021
10.3841562058047,9.54468197342526
7.44441075452704,9.94004105626487
8.52352518124639,10.209242329767
11.7406105870831,10.9707759970877
12.7875196604989,12.2200443186148
10.8816516150614,10.0563963510006
16.7799886406631,11.8668950588934
12.0628498417272,13.1716740161069
7.21829190466169,9.205559448247
6.77833690719306,5.56947236257539
7.99904895120954,8.56310007367884
7.44157178941932,6.83609855046786
7.93158191751381,5.76616112203702
9.18427510429401,8.29350429864053
8.62568967588236,6.92203828926675
12.6843868696346,11.0067573316195
9.54126808387696,7.82502668010759
5.90200414848094,7.89414499997477
13.2885325179331,15.742453860167
7.17618485585081,8.2088155192803
10.5994586317125,8.58386558781636
8.03585107439019,5.32615611241717
10.0572226727198,11.1250069215553
9.81009932219913,8.9950829441892
9.81872798939231,10.0925160604924
5.59367650194864,2.64700606006963
8.86724607359139,9.83261177088212
11.5398568435496,8.90911502175632
10.7868726651911,9.00540054594151
7.83898287481624,9.39390414678456
8.60710972289061,9.49166626915385
9.53255176998361,9.49937933651201
12.4634628213962,10.7689233122953
8.85380404418049,7.67963019907836
7.30840697634287,4.7795638016772
6.18103949770775,8.88588640472962
12.9577878586844,11.4460560324748
9.51937094689868,8.62671480077713
11.508922708943,13.2908353905689
8.22366178313317,8.34991347114341
9.2297261964042,9.56084109249202
15.6246382157574,15.97429345076
7.38311423717095,9.25005150623499
15.3526000478462,11.5868104079141
12.4004450727527,13.5815923840415
5.41679262588464,3.89035963775041
15.8176151559044,16.7245372787961
11.8145761513162,11.7998174238103
10.9281948537751,10.5928615376347
7.88834087941149,6.49397952493607
9.19226077157457,10.7317998747792
10.3508536222091,8.73694383542935
11.2353626646507,14.0242594677287
6.65982660045078,7.08329239130834
11.2272094121473,8.93796782225323
12.8024000649053,11.2956869076522
7.88904183032096,8.2010105990827
11.6955208148732,13.4094450890441
16.5531760523289,16.2104011723463
12.9801639988217,15.0243217353543
9.66818662995611,9.73169679039556
10.7797743201539,11.7967159544535
8.94424208423648,10.8002733730208
2.14333365964332,8.29045594448433
12.4041832698396,9.99762686698951
11.0398120001927,8.30230417031142
6.81391178216398,7.23793589454718
5.28164291484053,6.54821421878147
17.7703824744391,18.2862850057794
11.8098044825965,12.2814242887417
6.14792931029831,4.24824243065092
11.3416815879315,10.5389220291294
9.22954508282942,10.1696413899616
12.7335374477353,10.120340410549
9.54237518679372,7.64802237675303
17.2331328930149,10.8625132907957
7.61588346878558,7.34288163587956
8.89767098185277,6.58792127280251
13.6972166379831,11.7462518552606
15.1417819048818,11.8632762449723
12.9235513729375,11.2497639800717
11.1315783084358,10.5312177289513
11.2428757263888,12.3206604825394
14.0284422572568,16.2612363152358
11.275544933281,10.3716994148534
4.55782898806481,4.58857601697528
8.03563547429836,6.12403532512246
8.45663325920145,9.5296019004529
4.70231408521364,8.41011250940034
10.4566812171324,10.1593372702527
15.5523169616061,12.6128557641697
7.09711906918875,8.97210041494853
6.69454473042565,7.46978045904222
13.6970631185529,17.1753969696653
10.8122500370014,10.0350503924428
11.5076670479459,9.14046776415755
8.72001503003374,11.4503017217755
8.16578060927718,9.62671751669739
13.4362285564754,10.2815597558753
9.83224315051096,8.48819629181577
9.7335658755889,11.6982891534035
11.3179262875595,14.5833147075376
5.83772414885185,7.29195490461993
12.8400529886074,15.2327402991005
10.8195750376925,12.1692849664122
6.54372841695499,9.68899695277905
10.9264232767111,11.0860310142875
12.045929996369,12.1317248148689
19.4213659626856,14.7452150882549
10.8921890151501,10.3964381364
5.82484384302893,7.70131320343475
6.04772235981828,9.17193032205506
7.9612853345485,7.70009484392338
8.44226780731842,7.84610369586678
9.10526217188877,7.0490710353712
13.7496921279899,15.2460509921638
11.0988535345512,9.54845880283325
10.4240492404659,10.8064374221684
10.2631285367774,10.3708892315663
12.5736646536907,12.6285791005963
14.7322976895419,12.7847656272832
10.6096158567332,12.949492516591
12.1057817027785,12.5591177071377
11.9295303602696,13.523875824187
7.35869345357405,8.00362351841477
7.36345099011472,9.7396911264554
9.64681370127002,11.7881989486688
13.2943827566097,16.0114026188828
7.69881199048403,9.67731238469229
5.19867995846284,8.40908215304505
6.86979048120886,9.4441982468573
9.90978840460163,7.9702903542462
9.87393829892594,9.72140474639801
16.583198856797,13.1466674807183
16.2591745432522,14.839369760705
10.2251203310649,9.70822050211411
9.07610693479929,10.4802115959342
8.71499237883959,9.68630005232013
8.70341376720899,10.967067240902
11.8301267251187,12.8994466292164
12.6305461320981,11.8018332793247
7.3795073078917,9.52132758452977
8.6483615513112,7.83755323299003
7.29861028903487,6.93517384314165
11.6186711880812,14.3389326080052
8.70884093924203,9.86920101455702
4.85141867062143,7.53282764267149
4.02133141581567,7.84182933249761
10.1556317466046,9.98659513774046
17.8595974273183,15.237875469352
9.12731881339261,10.4824563574209
3.68688179344222,7.6726222126354
16.3608372347468,13.4934839895243
14.1049645529329,10.5785151339599
6.0105954495485,5.30335006105368
10.9330765457493,12.8533450580032
10.3793591847962,12.4189368834047
16.5175242544806,17.6836838807925
8.30283001043939,7.86673752375252
14.2379234769281,12.6816755463359
16.9967995824337,15.9710110526269
13.3933518233235,13.8230159901932
13.2814568364559,11.67394182954
10.5167123071248,8.70749328209222
7.24725503822925,9.85009032860619
9.3957916264362,11.6450264405087
6.29292837681324,6.2886478395176
12.8628387566065,15.4979027606699
7.47024156295455,5.96189408429219
9.7301997282408,9.00863396657631
14.2424622055424,13.0574542015761
8.89286668075534,11.0083860702912
10.564518253876,12.9709435077273
10.6216781883071,8.26700137327541
6.05493926382055,6.90401498218432
8.40475502363566,8.12644670383879
12.656782055786,12.4231549215998
13.7560566333323,12.9932469135095
6.30508944069622,8.66334801096808
7.95849344717203,7.00770487560737
12.7701350950343,10.263449870736
11.437431163378,12.4249317184219
7.63894932274,7.77041461206411
13.099589845468,15.3857066756526
12.0599904928382,9.7245458049576
7.35588744492589,7.07072825296618
8.63142054334767,9.38789579129969
8.05620140907804,9.32772808363006
7.16406824431677,4.89878813983147
7.04817471900675,6.77669457728433
12.5375266883921,11.036614675656
9.56311775994594,9.01370536490861
5.71621711701446,7.38859390417086
9.27040909666433,7.35080006922435
11.7993273739546,13.4830617461394
15.6269318041528,17.7031211801069
7.28859113790045,8.76467399642507
4.50370739419932,8.71539938456275
7.58401899034415,8.45716041575188
11.0535386752325,9.29156834773212
5.7765487033138,4.72471711493043
12.4625580091094,13.9285593967748
11.1669823574096,10.0863550642944
16.929180213922,14.826660723516
10.0327581488363,12.8646621543397
12.9533554257669,10.3787238324195
10.4197831301641,11.2760296464856
9.09460701026178,9.09629255607223
10.7500227615265,12.6206320726376
6.64101230582937,5.1965174416963
9.63008654880604,9.9882583727314
15.7069998016208,17.1915729677653
10.1964054226297,9.5645289634825
10.07180759106,7.98968335258296
9.98425090632103,7.64220074862135
8.23583720418233,9.5792490118056
10.9709367554091,11.8596495869964
9.79866472870785,8.8459943750277
16.4658764174641,11.5860971378024
9.61660787324111,10.9535043261498
14.8278326050896,12.6983824224706
10.4560492380586,10.3961618433935
6.71176008024493,5.11705650287098
3.97669833092874,6.27685643181697
11.0200810997619,13.0813223465759
4.4531572572178,2.4848214553455
9.76038995645546,9.58097042167046
8.18469241433307,8.36288018821316
10.909930179473,11.3933875416752
13.255947573584,15.9108065864989
14.3142056536481,13.3146854464624
16.2034664497444,12.4349803421258
8.96673081579663,10.2304595558013
6.89434883669708,7.40626599667241
2.7363872667162,6.79444980941319
13.0295685492234,13.1752972359072
8.09490686251304,9.3644018685881
10.6912208478436,8.03325902371074
13.2375142332797,13.1720030526077
12.9502329559015,10.058974707179
7.13694730302349,10.1481504182555
5.23746183475873,8.17519175605182
9.99345051564787,7.96101013995207
11.583060090557,12.4943745265907
8.56076504006382,11.1950571737115
10.0394422807848,9.92003328670086
16.7092265914503,16.0545601925503
14.6994653606342,11.139324902866
5.23000647968293,7.27336671906151
14.0022558854943,13.3070672032204
9.70470287529595,7.47814032718392
12.4542063813395,12.1605006732127
5.3279869425176,9.41264028126568
15.6646297998663,10.9943899168895
11.2160657089521,10.1777596590491
9.16538614104175,8.28621038438484
13.2828627627837,11.915732522903
8.2322634723236,9.99463635500606
9.67512702191354,7.15933404340127
12.3682675242589,9.37070016810419
11.6616780739993,11.89444660229
11.6499277880298,14.2408729405568
9.71277239456005,12.1802248720622
11.9870924576315,10.3278622629007
10.4995157987292,13.3211663552076
12.4264316289855,12.3654884067395
7.30645006845551,9.97897911880043
10.4472732376139,10.2582428829876
8.37428478816957,9.56958200114613
3.55292827549015,6.98499035175902
10.2143258833847,8.78892218227136
12.5960309495532,9.5597174262843
11.5753137861317,10.7772701352922
5.93030325685546,4.52616293853012
14.7457990766743,11.9774679980087
9.92937309869014,11.7184004161035
9.58891283122333,7.66843623269402
9.11847632651437,10.1892691209319
9.56631576124536,11.6938225628833
6.14802193360457,5.73394476233513
7.67288029258576,9.55228837727524
7.68456543362471,7.34901595208088
9.19463750262466,6.88979126297032
16.6187410619863,16.6811257207844
10.0867275578641,12.2368136381321
9.27760543892984,7.38142037098726
6.20997680099788,8.38638047172302
11.1849887753818,14.1914305364721
8.5300595137836,8.26687342895725
5.41023826966639,5.05460800547082
7.40568980483049,9.55089677757128
8.44816852148355,6.70302089443056
12.696782088124,10.0372219366171
8.46352453363248,11.2335893615923
12.1794595077403,14.4523598075461
14.2874409668276,14.7026436775432
4.17917185361675,7.62146442440793
8.52911164523868,8.63363104908367
13.5444341711163,11.583328077539
6.70968597164241,7.86077643396009
9.21032924831783,7.55795492867347
9.13042163195233,7.54737896400893
14.516163537704,12.6458421214605
9.78664895823088,9.67012742842867
12.2059948964238,10.6351770577676
8.72125595091883,9.54710247030974
9.05960677434549,10.345671195679
8.32252560552907,8.66969318420941
13.036282980942,13.2374911024176
3.62293653710135,9.06104399487511
8.78271259668534,9.5544453553961
11.6914812451871,11.6240299471935
8.47897720311091,7.72604468844152
7.64785287700043,5.66432823812678
8.75276669530426,11.3330094783176
11.0017559795858,9.09290837053774
9.31947685402597,7.64609647794529
9.86688384194783,9.33025576049192
6.48130963949402,8.84561025002436
16.7033282075549,11.0153414273085
7.61047341442393,5.15908394692468
4.55096132645651,9.10950251417788
6.5676720610099,6.92019233228121
10.869584413178,12.7304483633789
9.63568599045563,7.53912882264658
8.97618900953777,9.2485154807534
6.80517267168179,6.42462205670535
6.44202091891314,3.69333603068792
8.77228339985502,9.60347872655243
10.5383139605308,9.04102765069028
9.99098614994319,10.1369316420908
10.45459906023,13.0782078469003
7.74195166874726,10.5212660666567
11.0906227472654,9.86910414794581
11.1564500110639,8.76666881860804
7.52902054794204,8.27429768672735
17.2854118368132,16.1170330208137
9.30412402620381,11.8240357351726
12.3530613497423,11.6409550163971
11.2625759889997,8.66570105689753
8.85245558374118,10.5797448182358
10.7101040397454,13.1522068764985
10.6068046684334,8.05694900790104
15.2716157146675,11.3110612668946
6.77334380204808,5.25113745909847
11.1660367154556,12.9643361195665
11.4677127199137,10.1335562519286
9.56620304436708,8.84082634647075
4.17496295332241,4.07926556992305
14.6773418488492,13.7221787548125
10.475186999602,8.5989656591404
7.0162879154504,6.13840819448685
6.91145450636269,9.19452332865466
8.53986765003921,6.22672459230861
13.2011940928188,10.0770154044842
14.3974031367787,11.4537179913546
5.54625679817222,7.61306215243498
8.51123330427327,9.43747873530192
14.1871916557803,14.8657521768157
6.91675466938804,8.04627310328132
10.9269603564326,10.9862901934724
14.3304451348203,17.596961673135
7.08293898524487,7.77644483152924
10.0595394026171,8.68015895872401
13.2055657869708,11.4652097674532
12.8595272529497,12.4313498240038
12.3604034699781,11.3227043389627
5.24093928007314,3.5272193743092
10.5324187790395,11.5012258338334
9.46783658984057,10.5060761937261
10.2431800579959,11.4571049564834
9.08882036706075,9.87713985307343
11.7677772145256,11.3266487554983
10.5796121143616,10.5557020797642
15.7449735664915,10.8466763536123
11.6785732926602,9.35342966021939
7.53283782164799,9.93244539221835
9.01231415112238,10.4758519724289
9.53940212492352,7.70462760645109
7.70291344075884,9.55327533975258
11.5830170241479,10.1023009449167
8.29105839091588,9.64126786455666
13.1721354797808,11.4655201229297
7.67119419299743,9.39158828221115
2.91976074863184,9.03140335088563
13.518323794217,15.8519593031742
13.2931281282642,10.6946120455816
7.43809304922219,8.23622088865522
11.7691096588103,11.0676717113075
7.42334719715821,8.45217925618555
Rho_s: 0.80407032007032
Rho_p: 0.780952789008388
IC Time: 0
