Rho:0.5
N:1000
5.10307089343441,7.53481301945335
9.81101120954897,7.68698026643024
7.88365941518679,11.0832337375513
9.05746545509341,5.95895621891096
9.19916119212088,10.942300826699
10.459478406553,9.62271074149071
12.441660795854,13.9062940309911
11.4929068839921,6.8155077771622
10.5077437538323,6.6721706080667
7.76316476039765,12.5543561957663
9.92794192674467,9.99952671831495
4.12244483415185,4.43981047312748
9.96771149326625,11.5372259325564
7.96905723562712,6.9233399716344
7.98996560501605,11.0481092034748
16.0789481999068,11.5563560894703
10.7276073682695,13.085325841273
13.9574401237305,12.9758451115813
11.0559218297784,8.6328364323952
3.37290822216348,3.51340309059469
10.8733816803676,10.8658755994132
13.9099250150914,13.8547969483685
12.29369365758,10.9134966443204
9.85881814379713,7.42257136678199
17.4046957610393,17.9003010588628
12.9188059431382,15.0198777030968
13.9040280655742,12.0120021629163
6.35646033501646,7.84430430574303
14.9588975635737,13.4656135895723
9.05538207158928,9.5248927899546
13.383086884437,12.7467651369464
2.55751790812352,8.39134702541238
10.9931900110052,12.2222571478255
13.7248048774442,14.9544939440377
9.41147933990862,12.9423083510628
10.6301440787432,9.05757695716214
13.8055793401061,8.37682069667417
4.73940868001135,8.20542977396705
11.9341627964315,12.9187555295688
6.61130694543154,8.08218429263868
7.57813244655973,11.1342664308488
9.66666728709914,8.72038835111008
6.6846066723224,10.7751502281323
12.3387235361971,11.4674796653285
9.52300814589177,6.32849065147987
7.96689816205009,4.96685754797713
14.9144818295773,12.5116897188224
13.5557784795941,14.5024093764013
10.9342493595598,6.6569455561237
10.5577542948467,14.4994459606746
11.9447547086384,9.94520835580851
9.74330294976712,8.26424894094566
4.27669303424201,11.9959079782765
9.7010894862212,7.39481820624157
8.66189884052279,10.5002403847438
8.30772660570304,5.31818243830343
6.49727204223356,7.91150259318571
9.95802724612858,12.6665331897753
9.1157282423908,8.09108812622901
7.7256516688959,11.9857682014668
9.41264773442876,8.42426311004604
6.62657310005722,11.0840683898168
12.5518398523084,7.62987040294023
10.1914847004409,12.7791612023325
16.1425157991995,15.2752218364481
6.08324175800761,9.24303801953414
7.99885032707336,10.096959471154
10.1701413975725,10.4298202398466
10.4882665314916,10.4304276085451
11.0663448289784,9.04628424071253
10.5725374869111,12.50711094591
11.3134207420142,10.2058311622034
10.3385860900784,10.2360195279457
8.764421375468,10.5978247274089
11.2544583571881,14.4775744216437
11.0069803932035,15.4963375125656
13.871435509852,13.766331745625
13.4936641914539,18.1724943838485
8.33605519770058,8.41064780900256
14.4505682457417,12.5552215903178
11.2584622304645,10.0732750770572
5.9675000431118,10.6656126807104
11.4084258619167,12.4850196683184
9.44328006936975,6.75998428370629
12.4100525013866,9.74777074400067
7.42876128406194,9.56479681009579
12.4005349504089,8.25410374896829
9.79316751149317,12.9160389302719
10.7049826202715,13.8349882704692
3.91398407068165,11.6452026592973
6.05754988070194,6.47614912973721
5.79447223586989,6.36652618540979
14.6951190337439,18.8678871732684
9.9892198537079,14.4318024537267
16.1016110060253,15.9035771601051
10.8655188451599,9.17030980363185
14.9000075216348,10.2237412116476
5.36820065846731,12.1513632843115
5.77169955903977,7.03241270508734
8.53226269957505,10.8184352815839
9.36069214453533,12.3029566701148
13.3739498987317,8.08539240498016
7.58354060240102,8.1685361210434
8.61874030982849,6.51251503537819
11.7764379107321,13.6279503631085
12.974079686811,17.2229718805474
9.09169554234757,6.7474567380939
7.85684451282603,9.57778464520973
6.02381184661904,9.16613416864279
12.3274409282998,14.336317458486
14.4222728590276,10.6850594135787
7.30847498520712,7.51685933860642
10.6533867693465,10.1719261873174
12.9787302403149,11.0504835343984
10.9942931871851,14.2816278482193
15.3715572466003,16.9924993260684
12.7776902247087,15.7677962066914
7.88990316533279,3.83640751060895
8.48423569296393,9.92412399630714
11.1962689708166,15.0717791936818
11.2922902646142,11.6029479533755
12.995046742614,15.5277270514798
10.9604251800973,10.7945889326682
14.0883689249647,9.63304811358827
13.2343034798484,15.3958355089928
11.6011352887877,8.82271543845909
15.0170851403084,13.1041406987553
5.00963576416688,10.3872230445372
7.01590252000203,10.9358112001592
14.3386752966145,10.5664230486957
9.37797432938114,6.04844936103193
12.0899932353218,9.74853092495002
14.7921378697129,11.2846016973666
7.36541447488714,8.26299399013438
10.3871883585046,7.70645413942036
13.4598498961387,17.1992247449249
10.300488950072,8.01795486688362
9.7684361913704,13.9440923368861
18.058225242254,13.3637482595202
7.22515000008377,12.0205906634654
6.30156452653006,7.08193167624933
8.07879103876875,9.14593502447
13.2859671495386,15.3113881645075
9.9832498827133,7.14494100619658
7.39909854198311,6.8072985747456
7.66611255343688,9.68717038730263
11.5199204991772,12.7923073117666
7.94452702141047,13.2841612315138
10.9989585307575,13.7839541527638
11.4214095042614,12.7763104327378
11.8617695853781,10.503262922338
8.12383020546603,9.61833603807282
6.45265175392311,5.821248859702
9.01198196545303,8.02785580037985
8.87275966419825,13.1611351216973
7.45371638055831,5.77010106336806
10.5634860858023,9.44029595542645
16.1517128646653,10.0194758913184
9.59065690260097,10.3570409673119
7.47215135180294,8.33730766132448
11.212121848759,12.6095374693034
9.14605139850209,8.27836361746166
14.8111609253375,9.3709762012017
9.63002965935519,13.2022876574609
7.52115247528569,5.09169470296816
8.21415174877559,8.15478762671628
11.1009346961289,9.2898761923326
7.78071905007143,4.98548874558421
5.15947578378968,5.2403828546799
9.65996076100536,13.3004293369921
11.8282798022335,13.3222435380212
8.70755189109763,12.6686028894321
9.49669302314453,5.73149536964643
11.4132397360979,12.8364784651842
8.65317044787298,12.0893213415153
11.4347598389571,9.24340235449639
10.4679685202013,14.0584867102778
9.75221699254127,9.95918313742886
9.59094925617203,6.13998915787942
8.5772377289516,10.4651508266821
5.53243663461129,8.69012401459875
8.62864535078761,10.3004055059063
8.23451840693328,10.6908207203794
10.7369136322617,13.3800635571802
7.91194590782561,10.5658000605296
13.0569119017109,7.9182554585721
14.1946072219802,17.3907500613985
5.79504488273762,5.89928347956304
12.9414107876631,9.4101985721682
6.08541511665048,3.1047577959844
5.14043555868919,12.1669183586581
7.10466572551895,10.3846694813747
9.18573879692842,7.32178968886453
9.00399142305263,11.3422607458028
12.0240984118437,9.69175785395099
9.81845379114544,8.68063591198168
14.8595582389088,9.19003713705845
11.5198805234524,11.2622284165402
8.363711762151,10.4924590267826
10.1778081891776,11.0267690367696
3.98536395958556,11.7405367303345
8.46136513446981,11.9449458289132
7.34202609648064,9.96390670775713
10.5827708128651,8.01603798519731
11.7721781209517,7.59619570900441
6.79211037510603,9.83483026272035
13.946654191205,17.5665400498479
12.0979816064968,14.2736878426616
12.0171794146761,9.06809308837863
12.412345700027,11.8638552615398
10.1512240491389,10.3828927199529
9.81481876891157,7.19325040766428
8.8182281981561,5.04813662171953
10.017261922251,7.83603264849923
9.2323215793791,5.76432628911348
9.53869119570895,9.1776145485099
10.0996293112696,14.1830903383327
13.7661470450841,16.5202230703841
3.14340034760816,7.71092440094471
5.24652385976321,5.64064030998216
7.69196028750118,10.8863009038151
9.40097329782474,13.2361409522765
15.1183154519141,12.4726117046151
7.73243102005845,9.21814356988816
15.2119274616645,16.1542111956537
7.19349848658421,8.03082863648581
9.774035230318,12.6026070127613
12.0050720156855,8.78608830193126
8.28205488022389,8.9918777961432
8.81597070040092,13.1779683239066
5.7056193014097,7.55731077217422
14.5801343316466,9.98041783878468
12.2049737537525,11.9877905645458
9.08714858534787,8.60287878211939
7.28588764659066,12.0844090573058
10.1666203909698,13.1630696227617
8.74765392755628,11.1874202023183
8.24365863081229,9.80120272674966
9.39101374985947,11.2301847028621
10.9250011440222,11.1883120687384
10.9653601572461,10.6777572538679
11.5559563835904,9.28785208226271
10.364726846515,8.84720183110591
8.30564305700047,4.62834881642579
7.47457748177491,5.0953481287717
4.67656661915282,4.83959405166968
10.0107444789472,13.5250262701648
9.97191030986829,7.96492573723045
12.9977957895557,12.4379537728667
11.7522659481619,12.1654536962973
12.7420927518218,15.28069714149
13.9863299339118,8.62385154968541
9.43007080510446,13.5126741983475
8.23806163499709,6.60052094649668
11.7582010951706,11.1958009802124
9.40639030648343,8.99482595171439
15.0570603324979,15.2137276401823
13.1351236215167,10.3326771292004
3.87158356827228,7.47085506171488
8.20510646728274,8.77153299511615
8.6959961359905,7.27146882241351
8.59923167666249,7.20528963075542
15.6501381984115,13.5794170288406
10.8941698401376,14.0599809160626
12.17081013489,10.7884325500467
6.24274094558865,12.424761468544
4.08255839181627,10.3943253016709
9.76178774408247,8.06873918361054
7.83922330107399,9.67961346892182
8.75010405403549,5.41238293281784
9.78248650687767,8.05400630648711
7.53185336245168,6.13205365247812
17.1011118981821,14.605850982238
17.2619616132516,12.1373426182937
8.54363848829984,13.4855550807649
3.43958626895513,8.67654769508577
12.1170914416425,14.9278800854678
12.9358316992193,11.1236641845367
9.74746717678545,7.76978194062623
11.934589266646,8.19036994856771
8.69208936087366,10.7340616884204
8.45255631041556,10.2108335735339
11.0871914808745,10.2337016014042
14.8854988485507,9.65251499473861
9.46957198409081,13.3047635479085
8.10589876879619,4.64267821316716
10.8351096633473,9.68898649931378
11.6422610480931,9.98491761719553
0.689928202540221,7.8817322193152
8.29533960645548,8.49870253791883
14.9010122951704,14.0479733249419
10.2517890987555,7.87481785094041
8.88093363194461,9.18025840639439
11.9127246492674,11.3271342048117
10.9659021116222,10.2413638662165
8.69599011642117,11.4756272409208
8.03467580108767,7.08255984863216
9.26923111011713,6.74110558598788
8.2213098241345,5.98781613542882
12.9139721758946,10.1440170752235
12.3498901578681,13.7652684374001
8.54989814385374,4.64213787561599
8.01847423316556,9.28983646317907
12.6258075528841,8.05021509442251
6.14222700401997,2.46135999387926
6.94369042386083,12.2900732465908
10.900182674435,9.43525703056384
8.94958862726297,12.8025354054531
11.8309728451649,10.1658120624694
11.6725073692335,12.6206128702604
10.3479278349095,9.99389521704416
9.74958996275849,8.45363329809477
13.8451798811695,14.0249483780566
4.38293468695516,8.08036071010187
9.74348280287009,9.18834666565794
2.96641362953086,9.47286587268886
6.00641026099059,7.56376693763958
13.8119177189532,11.0805473649214
9.18435659021426,5.33817358464638
11.8879647676219,13.6487644669305
15.7834510164555,9.43581798113697
11.0428680977687,13.2198779568929
11.1066863706212,7.00496430251981
10.3271835344007,12.4922670679406
11.5375331988581,10.1964329515723
9.46683550228289,9.00446154079296
13.7509000960616,12.49813992879
6.46356831415951,6.79726876309767
14.5984608093066,16.2794861882406
6.58903431138327,7.92179078330815
9.26912073152272,8.72123878626064
11.1476427341945,6.8804104482933
12.5936024598475,14.6119111195472
9.65114036331418,9.8389263495299
9.15085497491099,13.2977865478341
14.4839602606762,11.3949763220157
3.84282174054059,9.26570015888724
8.12942238837749,13.2837012739927
5.7033582012226,11.4004710209196
10.7736585727424,12.4259730602237
11.3067130059026,8.89321852791126
10.3787152400133,13.7671800677893
12.1737521841384,12.4874218940889
9.91614735273162,11.7101441779013
10.9979288344353,7.76171039457275
15.2178830999313,9.82076632433939
12.9879549453287,12.635643263138
10.3447885183083,10.3190095884023
14.1255335068586,11.3564086939
11.0671420854517,13.5430961540694
12.654893134936,8.07222874186081
7.60401753001365,6.6700883293736
6.97252692301502,3.74232441825972
16.4400428937859,10.4388342572395
8.49617927959699,7.95834189991678
13.4702290222911,13.871357823952
13.3489859713582,16.250226620959
10.3260026278578,7.69226981589946
13.7536892484253,11.5267590121345
12.5201704997563,15.2409820534858
3.52344649865078,8.8192804980551
9.01155179775781,10.7304011780938
10.6437679329975,11.0910550196205
13.6314494831111,8.39945794978289
3.56246543910483,5.5511725955314
14.4621855667815,9.11552450057066
7.592957941097,12.8002410170764
6.3075896848626,4.44672875831072
12.5834737981552,11.9577139922511
6.58918662458145,6.45897908018638
12.42681687123,12.260481864076
12.2833689347552,16.4701069810437
9.52194431930029,10.6968013967482
6.91398035987652,6.63748344842356
11.8488483076179,12.5194269240851
13.672201461597,11.3883562791875
10.4542273894052,11.3539776585131
9.32589518219584,13.3540635528672
6.98966244579538,3.05569626485457
7.71215110228265,4.55342306965179
8.35076440318432,6.73999070903156
10.7395413628677,7.461144337209
8.35175841677525,12.1681219619336
9.46898178399514,8.65443911120034
7.37465204289691,3.16067867418958
14.5780920793755,16.8386843788883
7.09578734293166,4.67006938306545
0.90415552252005,10.7768494789858
10.5769241659255,8.42212895960705
12.4046675013436,15.9621340724402
11.1665094598655,15.0803563480934
6.04862089919306,6.99456321843979
5.24545932636946,9.0651255500836
11.031355346575,8.05668547430393
13.5733967229763,14.8233698086141
12.2839735095766,10.8079247818237
9.63679382427463,7.69430921740198
6.32482291063262,6.49965031585545
9.50876156614314,10.4869687957849
6.05831103423874,10.6291425871575
12.6955603678314,11.3321646149783
11.912714814245,12.0671578725352
11.0596716911968,7.93128039264015
6.93415382314014,12.6552321495564
8.78236244314133,12.3948862757028
9.59076252126871,5.58525508619458
7.58468811884242,9.25294910597061
9.4804664923992,6.57752139592229
11.9053599344342,10.2406189255549
7.70083281398834,6.03192056556779
4.94608483759908,7.80625843201722
7.44126903893116,9.81853289467118
6.28686325301067,4.1089871115565
8.75623439038795,10.9989719719012
13.9258499258324,11.356159289234
16.2967585907811,8.20773594983853
7.89258205476798,9.36775714112662
8.44473889140524,10.1432334790841
9.30249759372759,10.2208643545896
11.5054649735636,9.07538843991638
10.5244000204958,13.9946233188709
14.0242728949729,12.1710112496393
7.2523765688738,12.002344448255
7.52327417438323,3.2987704087225
8.28458143174002,4.88314496269819
9.26096564979961,8.13207312189206
11.0213758691374,6.70530703112494
17.0532459115982,11.8904972665301
8.23864458182818,7.81618513516581
9.64613042577118,12.1384438985336
12.1792216112151,11.3634064250569
8.42304744255975,10.3714786909508
13.6162930641858,11.6812078012442
13.2629371737408,8.92537082232769
9.24078064082549,8.13043358457817
15.1078011697003,19.1075942206807
9.81951969337171,9.8951994945574
8.51516916272323,11.0380180892968
11.9163455480704,10.5464418257304
10.61248967062,10.2261235858537
7.86441506369958,4.30464415449854
11.7493140462816,9.76366972018845
6.19894954208405,9.85083589578659
11.5989906310579,9.13977012342937
6.81367429436723,3.06516104919637
10.5397446527031,7.05507813325155
8.54405643615407,10.4761714514405
9.33116395750679,10.0795835445425
12.1047694929044,11.9610863298235
5.25583867643931,8.68727663029069
7.32021483202682,10.4513551357593
5.54579680423769,8.92595590741907
11.8856791554915,8.7138606541857
13.4519636046424,10.0274742976614
17.2241174978769,8.24392744803199
9.35964517644226,11.4029725453038
13.0628322264229,10.1372020652748
9.91273436640166,14.3887098332731
12.4112650856512,10.4018175828617
6.87615530139075,10.717143276058
9.72322464070102,7.8895164397512
11.3294705802601,9.75435749243729
5.54068939842066,9.73271225211565
5.98963966913049,8.75244443319659
4.77350806016192,10.6978678884865
12.0321912305912,8.06117557637566
14.6124780420977,13.2870031768106
13.0294423326285,12.4869358059495
12.8739800421437,11.4120625639513
10.633018338555,14.1649630949613
9.62805422566557,8.82149408771962
14.3393432272022,10.7590549506409
6.84438858764862,3.18283586753301
4.49757410389635,7.29693779594531
15.9245271804112,15.6162823466428
8.92113726381653,9.36415164243813
7.43012222926277,12.0210571443009
12.3356300736629,12.9039938908476
9.6888952705994,10.3933369399265
13.6937362348825,8.9456664131501
5.66537622351771,12.026390481935
9.4207562947799,9.01327463746276
9.24910229652217,6.36273741815577
12.0269264130401,11.8301020835711
7.96541371420235,7.85757950040571
9.30029788112527,10.9534467732465
9.15971063282878,11.9891312843796
9.96377496182056,10.9201517189529
6.88581179150735,6.6431354344355
10.0931190260696,9.26731589272195
12.021484013582,7.50148946992475
7.41453883039671,5.2973889408736
6.15728601511117,10.0949690711951
11.14873069835,13.5327548592628
7.46547502796626,7.59871407358329
10.2959956071639,13.5787554846523
8.35766694208053,8.53162274317573
7.78101538411894,6.98313373712981
6.39832353530957,2.47135843888323
11.4894364867393,12.9208559853624
12.496336959309,7.50472434883744
10.5543056982569,12.7581829165303
8.76583746064107,11.6553585107273
10.1055957848352,12.0296039502774
6.93456947414663,9.33377513098478
5.72956361165128,9.72239112093558
9.96509584236358,8.7009351791311
9.1677009568111,13.7092254399466
18.1413549490819,16.189833224564
13.0301457794609,9.62422332999938
9.45072681787556,7.27634858549045
13.2790158798381,16.3160779697628
13.0688427993405,12.5268005728075
10.613032600527,9.89410012324085
10.3206518400676,11.3798524967563
16.1085515600947,8.59902677298114
10.6146395142656,6.51577758437951
10.0816916506461,13.3085832791392
14.7129236772109,14.7302711086446
11.7890364261491,10.3670127501899
7.5417635963613,7.56717109807432
9.19071241851393,12.8247431642603
10.4406212451023,8.00258545388748
7.78920318625062,8.91939690603247
6.16527078018413,10.749557997082
9.46036156863821,9.99201615879246
5.34033712660703,2.55533576182882
10.8367370620702,10.5678208757097
11.8330895333276,14.4738005601274
10.0578980403059,10.0241882955073
8.65338643114682,7.44215821329082
12.829774606326,9.73702242413486
11.5418264984203,13.7261453075212
6.69100589426257,10.6361140675478
7.259580691225,11.2729336375183
3.57597662647804,10.0112276535319
4.11781809036983,1.14983703151928
10.8665823874907,13.6170805228173
8.26877958112827,11.7963898628634
13.6975834037551,8.71517295911542
15.7183531601584,12.0520780745712
12.0267307771345,8.09538532896729
8.27566127613053,9.34858496007567
11.2563089831665,6.88013029091639
7.73125498996044,6.26461015643707
6.54816893049124,10.5300334167538
7.23103698684868,9.29243392282767
9.71640589788572,7.41852193867531
9.45435678573165,6.60464738753334
13.2995988326515,9.22018978360636
13.1324285082932,10.5008596259631
3.41103782128434,7.54569715468232
12.872189543352,8.00180326914967
10.5434772836548,6.43007052838439
10.7867704014467,9.20737317012259
4.84356820229637,10.8614630422109
12.0043848374844,13.3222524441074
7.82295458983718,6.26508357211334
9.58136133201593,10.2002251040239
7.14767342120921,12.426692326844
8.97358103388238,10.5110027138178
5.50911456595876,8.41029926725642
9.66546732393728,8.41680061947126
5.89868409941885,11.0174627027822
10.5033684266988,7.50331293028447
13.3763368405442,9.23529633894693
9.24571976454515,5.89309615342432
8.1407291558633,10.8546411694762
10.0615483235577,11.4000744526387
10.3739349981441,6.91042868601106
13.7361254981032,12.6637182342953
10.3226915922757,10.8879765715437
7.29070679703135,4.28503781741002
6.60130538630311,11.4892347769629
4.52157263306262,2.37062441929915
15.1842234260468,8.40084293610711
11.0120270344946,12.2596721179179
7.97867124365139,5.91951899326915
8.08464423964391,11.0793597719314
9.71524500163424,7.98280743701208
13.8400779174638,13.6288936946919
11.2091070350278,13.1632379784063
9.44226842871548,9.74506367644403
10.1585879575747,10.6153441175304
12.7029504438406,16.6274447873419
7.72693948525565,12.5920998212188
6.62316458924001,2.01282378907625
10.0556274501948,12.3041182201285
10.5592798912348,9.22298841013937
9.81211330633895,6.19174478108602
12.565155941545,16.139150413236
12.7639617616946,11.7361355248467
10.2368443811297,14.4798541447796
9.19610404640061,9.19127631513557
11.194175719433,7.47046007860985
9.36897007835892,6.5944397230115
13.9494641704742,13.3502599952715
11.6886274616644,14.7690305129839
8.0618423673171,11.589897551314
6.13085735609472,1.9788882418437
9.46021903219042,12.8346719342107
10.7033172971821,13.5484600049433
11.1049906330658,8.64718503922725
7.45988180149103,3.82925094887543
10.8251248771289,10.5047878611567
15.5818947010536,10.8114607674771
12.1166702145236,12.5021142425713
9.0807724420082,11.4474792718363
6.41376944171425,7.4104986545838
8.63745192476166,13.4114096111218
8.86168969966325,9.85285424119394
8.8996324465992,5.38328236825959
9.2190108106377,11.7745083809706
10.2655872353327,7.03113018279066
4.3021987140954,9.01210566700783
11.7750769103849,11.0983799056223
10.3556452572909,7.5914496507185
4.8520623114669,8.42248547794063
5.87509991092079,8.15661197485362
11.5984002954375,7.14751750155771
7.49996133285836,8.53065137628104
11.8798526913041,10.2382801314448
8.08254800773787,10.9040185407818
11.6747410996332,9.02568113490487
9.72026440596018,13.1538050304464
13.8143196621237,13.7111996076953
14.3640272149202,12.3243919152256
7.64548831366522,4.3486535487103
6.51783698699307,6.70930899536942
13.5299769103539,17.3533598161324
10.218667227818,14.0886411886887
12.4243301665189,12.2450468737078
12.1902522958896,9.35055564688611
12.2564391473747,13.1632902004217
11.5406353210609,7.46510662963918
9.34010515592563,5.8750178709364
9.66519999972892,9.9654540467906
12.4047519225603,14.3399704362853
5.07664763282273,6.23123504281615
13.3557269017039,12.8651243709745
11.0614045401632,12.7839914923633
7.54136742788766,11.1352688125756
3.76929887344517,4.20351760985906
12.7949782338579,15.0185423837294
9.53748704224432,7.08018032425017
7.75326193837127,6.23383181368804
7.17802682477705,3.43840616421261
8.82698735095411,13.2680005339664
10.0740430446053,13.9549893971743
3.24896359031294,3.50026691100269
9.0660605537313,4.76229443348573
10.6856773108145,11.9148540250152
9.2514742453475,6.34858339672931
10.5003932994239,11.1855694451475
8.97718283718677,9.92110622133093
12.254823169819,13.3402097822514
7.39471528620156,5.29136814310553
7.8854173400843,12.0820298375943
15.2533886242179,11.9319707845226
11.1376006926239,15.1451001605261
10.1522152949854,11.2102256816137
8.85319581923937,6.42382958128296
15.4238851702366,9.85627556186711
11.2682485300078,9.56102752775614
13.0885257422866,15.89011608819
9.00468940983268,11.4975173967623
12.2447021752923,15.2508295084014
13.6859082740922,14.7887798301066
11.1744288215244,8.98597507012076
13.18681077473,11.7473275416082
5.2705974399975,10.9249976368752
11.358989724035,12.5967553578821
8.31424501534625,7.80732391766992
11.3592119122317,14.1632547998493
17.111731840329,13.9980955167094
12.7912980517706,11.9490597442038
12.327571620633,11.9545790769231
4.24014691782712,9.04292804226815
8.19632815450935,5.37660450034988
13.0140987028641,14.2582659747675
15.4245300565041,12.5142521828034
6.93803325169252,7.18278928406558
6.35711746517816,9.75392397220573
10.3679262441814,12.850246578228
13.166832457049,10.9896563720227
4.41012285516334,10.8581754430841
8.50989358514484,12.7877064669582
15.3640815771095,8.74272425620184
8.25445131348495,6.15149114068274
12.9647431326343,12.1404597217624
14.5568771663345,10.415374364228
12.0263474843094,9.09757841757043
5.34782575365806,4.68178890825381
10.2154698338489,8.1210199334195
2.95473154125796,-2.79317482297918
9.33057040394975,8.44780827952344
11.5254732026142,8.09886957218086
9.47913641104315,10.9493979581036
8.5464542098458,4.76948372629955
12.6208671217717,9.64613878332291
10.9956417870168,13.9864657531091
14.5637037577372,11.3450822551645
17.1099478523848,17.1097112836122
10.4866952037105,6.43630703357338
8.35757315123621,9.86185463607861
10.3655577121215,13.8261102543908
12.2862641648668,7.41800101759895
7.44719863685582,6.68758227692266
8.82705458035743,11.2506543734796
9.06253585868588,12.3646678201688
7.39944931048482,12.1167812226369
15.1721984909541,16.5485139514724
8.40976753950193,6.10071121022286
7.53962693537523,10.9418655990403
7.21181330557531,12.2197858652212
11.4098472581532,11.2322279373973
13.1947945705092,10.3959477531594
11.086465720303,14.8045202225566
10.6969256915888,14.3429804495061
13.2303683425064,10.8052025195194
7.40888637368006,11.2418654308072
11.2552988525414,11.6459069918314
12.8033291763911,13.9493998531167
9.14800814958489,12.2548765420658
6.25311143685365,7.5113405318565
10.5692802680538,11.3157350624948
8.61073999163959,7.72657745197908
4.73436723492225,3.61038934070457
9.71729836434377,13.4948344386732
12.2995511704306,13.3783778003062
11.2579705406738,9.87649689969691
7.88664207972519,5.80513487089932
10.9041399123374,9.96179860464351
10.3815869410582,7.850757985787
8.64711634335871,5.52640721597471
7.97394840918497,6.27518542718821
11.1194225344297,9.97189776000315
8.50368074356437,13.1037694080484
8.25933263859878,10.563222077182
12.8389388116686,8.27453826638209
14.8034883344109,11.2487162067205
5.07439172465841,2.79478381320929
7.09286193689793,6.87575088819693
9.15852239674509,8.3145631846722
12.2856627611175,10.272579388935
12.1826031251596,8.33013330486512
7.22965154466903,7.48452817646085
5.34906507726759,5.25193553445759
6.3415200475143,5.1792241289449
10.8190341755652,12.8204903913648
11.4007890109143,9.6757493470386
11.1302078648421,7.50475529424508
10.0954362008175,11.9767308707228
11.1835217747943,10.9752247192986
6.18029219032334,5.92762508990348
6.23163392229062,10.2949581021469
7.26662364454957,10.9324337863344
9.65511702087972,14.1974383899612
9.25380297874911,13.7794933716392
8.05575289883556,9.24617946193689
6.66818421620078,9.60229863330458
13.4240022029294,13.705902926672
9.54596638290833,13.4295484382566
10.3146799509974,12.9155370810058
5.55000738429878,4.23071239448962
6.747155787714,12.6779905230223
9.64652453201009,9.71956160015093
8.26684716068581,5.90915259387675
7.41047174504525,5.90751931490737
11.7166468248752,11.6900174393594
9.39999539254024,9.48371059522972
10.0409873072812,14.2112442244175
9.56030652753211,9.27024329642092
8.33618538134666,5.26494181991014
5.71493299184493,6.60870156141297
9.45819525125027,6.65720422646933
9.10558769692103,9.18564797728837
8.31654664522714,13.2518652827747
13.3040655373372,12.9877531716177
7.63842774791051,11.3987367089674
8.19486222808635,3.89870981931613
16.477281638903,15.2804393257634
11.0682607408042,8.33057694124241
8.12944821605241,6.52204249697061
8.5637662262677,10.5823203804745
11.1623154110628,9.20201085595295
8.19495869480353,10.8814721886367
6.36713594587621,9.37890080032583
7.06763979147683,11.1842234884918
11.5154431173944,7.86231436803056
12.7498951552189,12.4359020525303
11.677405092479,14.8169114334943
5.77888074904123,3.50293588975214
12.6217269029096,8.08896546722348
5.20780755194927,9.3799696587782
10.1953286735225,14.3180204987702
9.48118582174865,11.891110330321
10.1529620962667,12.093216767151
2.09142798328611,11.7839792529102
14.5935864662778,10.0033614272889
6.01783594121725,3.6787895568415
9.61513332725309,13.0999568283587
9.59133206680322,13.8549762756919
10.9277247475946,7.40672567750522
6.36075570880127,8.33044114204804
12.6933152801866,10.7934063635014
5.58555511792232,3.38562655413486
14.291250411494,8.00033235099827
16.2724319903851,14.9649723828207
7.14445983348379,7.2856544368071
7.78101036032071,12.2044830010714
11.654887428326,8.98710551602627
15.5967165361186,10.4516753875541
13.5371036049483,10.4435512786023
9.81323150290978,10.3545303662542
2.00131524765222,7.99304690383697
9.89906507507357,13.9097496149325
10.7418982271696,10.3348148082357
11.4643001671969,12.6808656014485
11.9409462774598,9.43327734620078
5.9584819446938,10.4367311636502
13.0208265077626,10.1832090480365
6.67983258977516,6.78666315962472
13.4009365670109,18.1571033363815
12.8265879692091,14.2277645606614
8.56314740046527,8.14013202927075
8.89090177610764,11.5374553915342
12.0637626611378,13.2609066923922
8.97665343029093,11.3923849695027
8.40838563784766,11.2019382960774
16.1931144916035,13.4719658899299
8.65656457778597,6.85933291311052
6.18281547285438,8.44748946276162
12.3069109979609,13.4365625680562
9.3481552484529,11.243424663736
16.055666302244,15.7516193138222
8.81689492849105,5.89113242443736
11.9621387206981,9.41731703651764
7.38593745590577,9.58062029892796
6.97787585244822,9.68807858164707
10.4272041380635,11.9711948255925
8.17898281241361,8.79183709699423
3.68964699935404,8.80385738981334
15.558488257692,15.5175384432748
5.24754982888658,1.97636336245719
12.9565411636793,10.0748720350639
12.4893530034552,14.7818901565268
8.27200593144564,10.8743634428567
8.308638641225,8.71282551864191
11.182218236864,9.30418303623975
12.9146804967473,10.8643111922835
9.25319544714777,6.38617586211881
6.74058603977321,4.17638888550225
7.32609365760294,11.2723253078843
10.1225535159919,7.96105379252223
10.2140852471014,13.0064090392138
11.1789863890559,10.3602874917772
12.8831125338947,8.60330163066992
11.1989849622589,11.1685093300769
13.7692059734729,10.5286066992393
12.6501393388216,8.15806508647927
12.7237945653578,15.2004579402722
6.81554866836808,8.99942426906933
8.23550998941752,13.3524000751681
5.19669381158911,3.39472342479786
14.4886018253041,10.7225807518999
14.9763212846084,11.12923846755
11.3524334474449,10.5961781113019
10.7975107923427,9.48947583868511
10.3395901672741,14.4033533527175
8.04328193897052,11.855710551368
15.1193062868749,8.63601431427115
6.67846394671985,10.3427899855099
7.43935829930341,10.5212906926693
13.2972048766133,9.04345974883116
9.80228379668752,12.1878190091037
9.92493394317976,14.4999958681884
9.67438074802,9.50492326171405
6.07535134756552,7.09279713560707
11.9559230554047,13.5944959912484
7.59911030549877,5.77481249954819
11.517471127487,7.3681780745311
6.13415249198033,3.61095256609742
12.8660711744708,9.16422413102475
10.9890566178848,12.9658819517848
3.92726992842223,1.79680191358893
10.5986126197912,8.03424978871279
12.3158898878923,8.25812171564764
7.87541046992701,11.7134715582291
2.4059690393399,4.61240810551715
8.02760361983343,10.2104145813651
5.60370540037815,11.5333151899405
7.71342538828482,12.6177397209608
12.5421714837939,10.967569248698
9.20941643484123,10.107992870267
12.4090012676522,13.6199293564199
4.16132412393639,10.75515515722
11.8377444081685,15.5305871122077
12.1742031468736,14.6125088605771
9.26661814491875,13.7365057399836
9.62217244464463,7.72228636296574
11.142871424158,7.22870039075684
4.3864224740841,6.81061188860086
6.19356339834005,12.0495808006582
10.1323259423513,9.62609291458222
14.282267109537,8.41139264031054
9.62016517837273,10.6931163374296
6.43860729989483,5.51277774667489
11.9472153304174,10.9056595495892
15.9463961428007,10.4424218633946
9.28730028997946,8.89423782520527
6.46112798116164,5.48821603334143
5.55340290953551,5.91517738667221
7.95694197334741,10.6502407486369
11.5301635362187,8.87712590735992
11.2786268700374,10.8148258942779
7.55933704567914,11.4037260141454
8.55958324885193,13.3237507159915
14.9825739499426,8.78261216809607
10.2250227549369,14.3880455884009
5.64386646080051,7.69464154830082
9.81901197267452,14.4962663560726
7.44393125404738,6.61001626964866
8.17631155758791,6.03360211600927
15.9764973050276,16.5521921961625
12.2420223775399,11.3447494803383
14.334249183524,11.2860992832672
10.7486739894908,13.5324447332284
12.754813101834,10.879555722823
3.96670793629963,11.1014570779234
16.8044086319133,13.4708187829714
11.8681200619527,13.7849094991906
12.6802192811848,8.58563018538455
7.81500294536564,7.96936386909396
2.71736383429725,11.784448500206
5.60902951195072,11.3322856158532
9.2639229383259,7.91716720390442
7.40761442920186,10.8933861129096
9.97677745558614,12.2702261496594
8.49762145398996,10.4905018414174
14.1943719703597,14.5699750289104
8.5877457869262,9.5992025826277
4.14930968521505,5.75523577042568
9.7713455773488,7.3521319107714
9.18703897235374,6.74304509392166
10.3538300908416,8.39663179900165
12.9886759051874,12.742406807369
9.06552155789088,11.101846091252
6.68196247970696,12.216150319692
5.37230939911621,9.22413891138981
10.3037328780293,8.00475618927324
10.3802270192312,14.6319302283963
11.472937412953,8.1899051763558
11.233101676677,10.6520761041241
10.222329918127,11.262356117758
7.420349385008,9.41099628468783
8.00130788274949,10.25397438704
12.2242074895097,7.61062014863011
10.7807402497769,7.79810364912695
3.72025552050872,7.74287981669135
7.0936201293127,12.1133783109727
10.9667836422045,13.6226074000381
12.3716472153812,9.45874325111507
8.04603717921521,8.00058855374275
3.58442626263826,7.90617581172387
12.7287095654051,13.1348587494429
9.34827428746423,11.466087063459
8.12542901792908,10.1965435283898
9.46367772418588,13.6962265747453
9.61879317426829,12.1555700201673
12.7210115455126,9.97265452857296
6.7797301791738,7.16114790048471
7.97807524097817,5.47314357765493
8.11688447219903,8.34217197374743
8.94790119680232,4.69159612848248
6.70326548267161,6.5411449499801
10.0409834593058,8.22424018938036
10.0645030658869,8.38231448907028
6.37899798377008,4.86950441274908
12.834350566059,14.2728890007865
4.01109760210831,4.87883757024519
7.82347204128197,7.09994667358747
10.298271920172,9.08569656709245
14.7564383455629,10.2639648233563
9.30251139878138,6.20341007148149
11.0165688038455,9.03112640862085
15.0686681617786,16.8354079837721
13.5926129662932,12.0868164942686
2.56180272198673,2.02614900067427
9.75869317101475,13.4092860923703
13.9372641212384,12.4515095020677
9.79706930031935,7.89475957544869
12.6779707068184,13.1833986087725
10.2390668388663,11.256446022387
8.66478701686234,10.846574247593
7.35346273264113,9.93558304709927
13.8735105972036,11.4689706014264
12.1449870659294,14.2872447744018
13.4300310555148,15.3636960167089
11.2992323546759,15.6127101080363
Rho_s: 0.475348111348111
Rho_p: 0.504910810844833
IC Time: 0
