Rho:0.5
N:2000
12.3472319363731,14.955544602505
5.97405345794877,5.32776279140128
7.87034107816796,4.72622121831648
7.1588698223698,7.40588470856884
4.55299925797536,9.00937422914807
11.9966761398733,11.3982977185459
7.86154965297247,11.6233003456391
7.60129971142439,7.24105595630436
7.06379835608641,7.77879468300744
7.82051104464173,12.4607515909917
9.36022325331003,13.2534071608431
5.47438798235256,3.50012257351983
9.56135421909174,10.3955070997371
6.97228691888663,7.250294118999
6.66404870643902,11.5303120042543
12.4325660418685,7.24699293448769
7.19948529152219,10.8191570266844
10.0829584443383,6.96733714634054
11.7776241858581,10.4132940403989
10.4629008391183,10.6600070492245
5.33324092148684,10.0487924479433
7.5508918843629,8.52580432117848
15.4244087775505,10.1387693141528
9.1100059165752,6.44265981534872
10.4828546326871,12.1113289159249
10.6198680268173,14.2326318827471
10.2763418546474,13.0823661507184
11.9539026154276,15.4926491331078
8.35219068266797,9.4320543103258
15.234078595032,16.6114666950005
14.3059490293373,17.0185329319533
18.9508697694133,14.6681528399798
9.23989596663699,5.63262752345711
10.277207095306,10.2858757038793
3.77931321752715,10.2332897718788
11.2614989873513,7.28902086158875
3.91037531596212,7.47849185132329
12.953576905229,10.9576178338789
6.92649784701391,9.82774978047271
9.65261491581487,11.6269950404118
13.1642852693791,9.67563839603304
9.51593350953625,6.8124074674838
14.5571629186912,12.2037099560158
7.51487536717569,9.3889493966234
9.92186072435393,11.7308328419948
5.24502192214108,10.9434664044717
11.132387279806,9.22488517064895
10.057722149935,9.15536451780656
16.0265792246944,14.0157497306481
10.3067985558136,13.2581947182575
12.8548515655761,15.8183807561839
7.23790722857996,4.04133488953504
7.75495035338981,9.83083872825924
13.013315376552,12.6714228148788
10.4282781402945,7.94698238162899
13.7262405368046,9.20656751379111
-0.391936644021023,7.4909725806193
12.5733049903439,8.28719306839858
9.47568478336388,12.0087022007347
12.7359158216769,11.3771852142841
5.20185937654625,11.1892499295003
13.8123303379985,11.382736735874
9.10377522631929,12.5247267721169
10.7631352922607,9.0455191487528
6.21209568127382,7.93168995906479
11.8499276692347,14.8762619283847
11.083167779459,14.6503876481394
10.8363899195093,10.9290259988542
10.3614649834619,13.3451805549002
10.9119121864086,11.4539094606414
8.93153038838254,11.4596965593854
12.7247974853956,8.52909068175981
11.2022099638985,9.0171430964253
9.49602903959565,12.3075814693194
12.217232894666,13.1090170703162
12.3995382419135,16.1395854713563
10.4458223951734,9.46736752984813
4.67685598785115,8.34862511178509
8.07247287663816,9.39061865396186
8.60663512008915,9.32143328808602
7.27652769752656,9.06387073533604
13.3329493123762,17.2012750021162
9.10885585320337,8.06092004426028
9.57113004198199,10.8279497905081
8.73924669530802,8.60018271366053
6.25776895487228,6.01769400029907
11.5142223557405,14.1689097757246
3.50488335785407,9.1958144591518
7.80797585454448,10.3007505003738
10.9245798076008,10.470142108041
12.9598064758004,12.3980083995723
12.6646564432686,13.6684582251964
12.1624444496448,10.7379801240256
5.39163446380669,2.92285815919964
13.5981964745307,14.2732976208346
5.96259715607802,11.6958819304622
11.2959313101913,12.2006615683372
12.3699371784445,12.3470370174802
15.7885223874303,12.0440714779763
12.7363016141112,7.69300712872525
8.11480018466409,12.6618772048598
11.5794441100286,9.05458471322572
9.33841460303741,12.368693536484
5.91368213226585,1.68007347143134
10.120080122855,8.238866293758
10.5211136248592,7.23715546096855
7.9956205236017,11.7531457002156
12.6742682988534,9.10913709721359
14.6670821253688,15.5240983418841
12.8594926142798,13.1683287067511
7.44510733893899,4.85881452882166
7.12528532480702,6.29966637980854
9.9306210101343,5.5319618060437
12.4741784433006,8.48328309762843
12.772336225894,16.1594301305416
9.35229445047662,7.63154826626647
8.87679433037448,7.73850127225795
10.2646183292782,13.498500503833
8.89684111554336,11.9577891342996
9.8111000031328,8.12180917910109
4.53840031070441,2.52448926928739
8.95728050337759,12.4855274428631
13.0580552973991,9.680048676372
8.75797651555483,11.0551074622362
12.7376205955124,10.0084921972277
10.9798702156341,11.5487012070433
12.0884613721225,10.741449716922
7.06337764881015,11.7802149826966
11.7656044808649,13.5582263161339
5.69213478186902,5.90365045095567
10.9077040860743,8.94406414416811
6.5135538140433,6.50484459336471
7.64405980119132,10.4334368445063
14.5911851475315,9.25005146468633
15.1534268684259,18.6914576920285
4.49913048102673,9.5182668528955
14.0550973201832,8.03502188671928
8.35025160460415,9.02293472096748
13.0965233884327,11.2087131445771
10.7949441867649,10.8578936415685
9.7952526226683,8.23566553496087
8.54697385798159,10.7467592521327
5.08130569041679,4.42181759265257
12.8965355603329,11.657331646569
11.3855494008804,14.1725127567218
8.61859033718708,9.37047581161136
11.8065124126212,10.9145409254474
13.927743108886,11.3660648270586
8.07124454689685,8.90193104828877
7.04474618312176,11.3757859182945
8.69207596081211,11.0352701305508
11.042500489058,11.2887616903911
7.32867266865536,7.81219862038284
13.3091503052346,11.6286815760248
7.31055824122605,11.28550729661
7.7453565167812,4.12219713864523
12.9886119119296,11.8725160313212
11.9711317813413,11.892167770248
6.33097408224935,11.4272595443254
14.3153835179465,16.1309281202463
6.54474514741553,8.65616437519439
8.76339219404515,13.2439603567546
13.7948419058107,8.19703786769671
8.91987903194861,6.37154426481433
8.41145050814615,9.59114901150251
10.6797244034378,8.87491361096492
10.0328409850613,12.7617797780531
6.86731648342885,10.3919829234226
3.22251731647377,11.4787366994606
6.60360300905745,4.38141701600361
8.89206407386003,9.99243048924109
9.97255905364838,9.77081325737973
11.2957677992635,8.87671332767829
9.88340769273912,6.39914125666631
8.08560497826918,9.59883007348144
9.98193320302715,9.8988431779112
8.86598402635482,11.0059163870915
10.5695506142755,7.03818127511565
9.2759561685652,7.9333842801861
14.3572425315695,11.334919263159
12.4781996506517,8.20170551829415
10.5680511258061,11.8737654474406
6.89655538016336,7.20397786708298
7.66270277219576,10.5921897083623
6.0040046328521,7.47070584370021
9.41474208437828,8.54096618220628
8.087641438571,5.59516705683128
11.0101174329894,11.698216862408
8.9298876644446,12.1830349983756
12.0303828185388,13.6190404925875
9.73856720507406,11.0106411261079
9.625341471815,13.4744787402273
11.7669361982024,7.4088296613267
12.7848454074217,14.184083331829
13.9016326539042,15.7122915728699
20.4613371438309,10.1844542502817
8.05329586305437,6.85751133334367
8.40608200817818,8.05409757871315
6.07165685376086,9.13411599597848
8.47221540354548,12.0376288004367
10.8072716239794,9.12973005162908
12.3636887188187,14.3248848138735
7.6530102850529,5.78540005664321
11.1519560704381,12.984231800171
6.90663924964221,10.3826321590299
3.98763966760997,4.83476721333817
9.33853510700629,6.23366318749377
7.84834510541095,5.65356711991735
10.5506857122621,6.33077904437757
12.5769126427046,10.3650550216333
5.57354019122974,4.04565996266798
10.9356755076306,7.00824359251662
3.39479744672354,4.30779128400697
6.21394866044604,3.67679745829126
8.49197663878736,6.98739353148029
11.6944692241068,14.9608571590576
14.6374163998138,9.21870576498669
13.9578293988146,9.30990586834714
10.3419671828892,7.61717352650969
11.384670798571,9.6876057803782
9.7392560404434,13.5881425006025
11.6333629651597,9.63895301449899
12.2406844930798,9.90279420253275
9.93978127555291,6.08104286163645
9.45778503743819,9.20478410113365
12.9061900532228,14.8128155869946
10.4778284362867,10.0691664416223
9.48586405314493,13.5992870446211
8.31010033006267,7.86705495537999
7.73810392659972,10.0682865365466
8.22518353315205,9.4471215865713
9.9002757304945,8.89670031189632
13.7307474094085,8.55251343930042
8.74626474642471,12.0187829190075
9.48429183130126,11.4091335516178
8.69853349993206,11.2831651865221
7.46862012795088,3.8173793019372
8.58480271893316,12.4220448898169
8.17213106437676,8.1953213475538
11.9133386707387,12.0009750676353
10.1381669804858,11.0572037495946
8.50089518273515,9.48909661810598
11.6037529924085,11.770686535429
7.73317771653023,4.02859287935712
9.40500121824915,8.97280000250527
13.7728108664182,11.5377682700169
11.1401069958359,7.75253136392356
10.0849534464749,11.1219273944741
11.6470286706312,11.624547117669
10.5129544074121,13.6814806170139
10.0458424333704,13.512899795952
6.55842744850619,8.32483515890195
11.9192832280307,15.5288600920615
8.60400646844468,10.7651054450396
8.70746390262424,10.1850786853597
7.71576171598358,10.2804901364046
8.36343161562561,6.53121720360455
9.98815440801062,11.205177239921
12.6985057676579,8.07194963492053
14.3060493027776,14.0312681237335
5.21559847266615,3.19905224025296
9.71748319206814,12.3256752714019
6.80807750116264,4.53475722234705
3.02264332373634,0.891232629152599
11.3094062254928,13.2519650951087
8.63104205152874,12.8213522353818
5.41166577538698,6.76551195447342
7.79449807858239,8.21701876217069
7.46645059185229,7.38546393152558
5.66852164947284,8.51627434194612
10.1100543534806,10.8483414822839
11.737035810679,13.3383894198728
6.76428933831119,4.76622776821403
10.0803519117932,8.97680441289325
6.60301250279728,9.65144251747882
6.89442010042104,12.4374200180857
8.28111414318318,11.5298554671582
9.23379739317761,6.76718463076159
7.41655994316604,8.23446543058179
8.25960445869787,5.0812006160689
12.3882046179786,8.46506664452852
12.6820816593186,13.5994251946482
9.25253917798147,11.9562556247967
9.91297721374279,10.6497049145192
7.91746989158952,11.3714777494835
15.2517653509471,8.95810882570325
15.4228291893041,11.8686399926208
10.3571080912624,6.65526763577179
10.0663994407144,9.93725717018492
7.00919492791114,7.43626725624733
8.59082242345221,12.8328818367645
11.8831721722684,10.7207725148515
10.5755654362169,8.83655215717052
9.30810381973506,10.5113106382397
9.87058779084225,5.87058645389743
9.71704114850872,11.624328412617
11.9836317531379,8.38619880626451
11.5281896839735,14.9126382777553
10.0327512947129,13.0143643630337
9.26002933246687,8.57659854586071
5.92318113895867,5.47158628299058
9.98448981240632,6.61584162276891
13.170133677134,12.2573765355734
12.6030264874609,10.2546660953525
9.93285347314122,13.0350327630582
11.3341998145449,14.1079441702352
6.56397556520287,5.200675654921
12.1421702450066,16.0805619869594
13.1283282642526,9.40290216608809
13.4504499849244,10.8955617131616
13.5488801666891,10.6093039036811
7.92684727159046,12.5256955970625
7.50077843477809,9.21534461650668
12.1656769954579,11.3045731732008
12.275106064636,10.641542379899
13.505999473968,9.08306918147662
10.2719271194022,10.9122513775513
14.3232293857053,15.1875906029922
11.9456896784521,13.7320109800477
10.7079628027877,7.98539983969621
10.914811728066,6.77456759345515
13.6847061766343,12.9470788309407
11.4276253709392,13.805421167031
17.4211412673211,11.5142279147673
9.17986141686828,9.73680636590746
6.58094894256826,9.03170777718735
9.82151187577371,11.4246332463744
7.4403121773568,9.0480263394242
11.6685791701317,11.2402096458398
14.7921320255799,9.59762228296835
2.46029408876444,9.91112895268729
6.46857089167096,4.87454038873786
11.6759570742897,7.64114953772093
8.38596994370563,7.45558990670394
12.3292946962699,13.4978098942369
8.55381268106662,5.75405300599455
11.146613839792,8.11669132672526
12.9302969423397,13.8767911769956
15.7620295428887,10.4479807388918
12.753775146993,11.0320829044366
11.0430284577811,8.0749027477648
7.02264224718347,9.86793180539194
10.5394531512331,14.4767401210791
9.56792185104558,10.5584233800331
8.31990488554369,9.19167665346565
8.21217855005684,10.1962533170699
16.5122672647674,14.7897083066423
5.14598562581422,10.2785607537116
14.4730833515401,12.8473846578062
13.6781327953987,8.71767454196339
11.0586973889741,12.0745922237861
5.4137222986608,8.17702071379646
7.58879973200885,10.9192642748227
12.5935689080365,15.2974866989785
10.3220183805262,9.41819224548968
11.1518560875404,10.7439800843569
13.0053923639072,16.5721185807299
8.53836842733379,10.48414518239
5.27659355016506,4.57159390796484
4.22632989667597,8.68603282741993
11.6779107443554,6.98168265348999
9.55175992830622,10.8796516293345
11.2651895806145,14.1962410268742
6.77146255897543,10.285129805863
7.9250248934335,11.767358339122
7.95378902113813,11.8859714505848
7.05331935176468,3.74561530544199
6.99622408372152,6.22227416800245
9.45518135945107,12.1559197032014
14.6495591021888,13.0275277913
7.65034725495828,11.0937841791209
9.41416922382704,8.70837114243013
9.68528337853573,7.86611271152814
9.76907173347074,10.5433588569069
8.12664209743124,6.2479926335732
8.61743502422157,10.130085015497
9.24680438140595,11.7195888660862
9.80227812009975,9.04163602062185
7.51265579075083,10.681478619195
11.8178000385469,9.65100236343992
12.0768180678003,9.28499385257753
5.78730443146049,9.06323475240145
7.84114177508356,12.2138652581817
8.33096679033033,10.1261036314767
6.91074463252711,10.0510979937217
15.8261503108285,10.9089027677636
6.11876572125731,12.0587329573016
8.7691985151942,9.90838398449938
13.3167011085818,12.5721275714356
10.4654111612924,10.6715725721652
9.85354239407981,11.5812586082116
7.88113324400014,6.19239912905618
8.65939270296834,10.5375154130636
9.40092716901113,11.0822963116667
14.5546050376559,13.9063456567652
6.24099579870237,10.8563186806709
12.3571140644141,10.8506098944398
11.4191354253577,7.63595903420091
6.20071675660719,6.73689263003528
6.7568204208093,11.9121539036002
8.2612777209074,7.6395951711938
8.19298977572898,9.02905083382017
6.86855445625355,6.22095667404266
10.3662231854394,10.923983671243
9.92005537009272,6.76483901489564
9.99160679020065,12.6715752261049
10.7518681314016,12.4991725772665
10.112527589601,11.8440458634588
11.8215412469153,8.76076090994749
11.8963774287651,9.36808555499489
12.6182701731501,14.8806416492279
10.5897393624768,13.8899036422125
15.4627988215538,14.6847126041726
10.8276279006167,12.6192022199118
11.0567519107834,14.7698621361204
18.7074809373914,11.0510040783547
8.53373758033739,6.7354857697939
6.98601866777361,5.40074632051368
6.91404183972516,10.0530938055391
12.2705774229515,14.2545993832746
13.064008615089,10.4370331705661
2.5505140976097,8.67104336637158
9.00913684952079,5.56552785291582
7.14030516372758,3.86755213478292
11.6638294783202,10.8880996105476
11.6543877078266,7.92745566670968
8.97238778477303,9.03701724438253
9.03030790457704,10.6312176098051
13.4430245165803,8.89119649634646
11.6945383752707,6.91440660592815
11.3776837605553,14.766310259207
9.99546274304006,10.8087872517686
10.9497726171291,8.060798980834
14.2684222291823,12.4818225307747
11.233562765029,11.3199575830541
12.6097629137165,14.4678692156583
8.1600172444339,7.26651152011839
8.80104815563576,11.0945390798199
6.69011666049694,10.5048199546238
10.2514774180152,8.0444728402575
10.4053950569809,12.12443594857
12.0592769862043,8.89407096506426
11.6237416540007,9.02769808017657
10.9464969932985,12.2576653686417
10.9809773887525,12.8294417134603
5.35243394137133,10.5011946405321
8.70798996257558,7.90370864218929
6.78249182733982,7.28509399219719
9.90112896238846,11.0237326409257
5.85977196651441,7.27802456341498
9.73160190024443,7.01075766103595
9.76890739584412,5.61871481700175
10.0552404118931,8.67851421633073
8.83967782967649,8.33365542953034
15.1209603563321,13.5651858045878
7.19432042973388,9.68488319071865
7.91535887401965,12.2039610758506
7.1161851336113,10.3256454000071
6.70062191584704,8.55520009516936
7.28177933964923,11.3081181753227
8.29559518037496,7.60658579157393
13.5463244056567,8.30320517308588
6.98704881666707,8.53442065145689
9.93742884823034,9.01968401270815
8.6608029750725,11.6098757835318
8.33284621379408,9.41016691022089
13.4969425902079,8.76555788237827
10.375371895436,13.1926420992705
3.30064791593722,3.75242440398285
14.7886932740004,15.1529756662877
8.52979222719613,7.80376491416081
9.01886716575202,7.1583017665068
6.44323458545268,11.9597144127579
12.2216170614748,11.6191749614423
4.6588944814209,9.88043593927187
16.893166540689,13.0484710331425
10.8927293536531,7.40153629090494
10.7936624571972,9.18036613547453
9.56581426634919,12.7231513999203
6.35099130788839,5.50533169215028
5.23533872627854,8.73829090552048
7.37276708936321,5.30466597762115
10.2816130974125,7.22674839699439
8.82207292405741,8.926589031382
14.1609431452463,9.9296164319133
10.3698554692189,12.095917708953
11.0782014743887,12.0485798084543
7.63082411503134,9.77990737919772
11.0779287901062,9.06122892364089
17.4023598749921,13.4575043795348
10.302772792788,6.37083669181984
10.8847400310641,10.604552432832
8.94462321457708,6.04802710509802
14.2131165245993,13.8370919489775
10.8599358034097,11.4611704323435
10.9536246996165,13.5464922982394
14.7848980219234,13.3508339802589
7.65530227469118,7.95929111041599
12.8864355399082,9.22223790174758
10.3664628040003,13.1730285768948
14.549741294969,16.0012897328001
13.0568883304314,10.5539171336816
11.178611396673,14.5192063807913
8.27167127636821,8.24459781161849
13.0124957004142,15.2663372172971
7.26477137273301,5.61809056160865
9.0158915640987,6.67762331193271
10.3412691053286,12.6178261874885
8.60720169034085,6.9689390673413
13.9050389421266,13.2627054324904
9.6862487048958,9.06024110483951
9.16025838989276,10.2957756516214
7.67300554379262,12.6225938766858
10.0688166281005,5.77844105349849
8.22149041196452,6.43417461670357
12.6438683772049,8.90336675637465
13.9406604132884,8.78186084524492
12.5548291973918,15.1430910182344
8.00600555243122,10.7855690415307
9.8712892228104,12.5789261889275
9.83427407633778,11.7717674048017
12.0744684679822,14.3368305143748
14.6867106481093,12.7266505642289
6.24955202453845,5.5435496870292
10.2296691901727,8.66723389304162
12.5292439170441,10.2860430172086
9.69362717543351,7.79475682164562
13.6468311982154,16.2290267103446
7.59621388612582,5.38578108796126
10.968071445001,11.6485608388254
9.88448643580021,10.9498745248063
7.2653719972953,7.30161980555884
10.6099217073164,9.86120506205628
10.250653348306,7.08315154146305
13.2537350058915,8.77971021094558
11.1390957202799,9.98567687153895
10.3757341461765,7.1703602383751
8.4931458529512,5.68533346568521
9.66804680969238,12.7802992276418
8.39293994033928,5.05909199257226
4.95475974772597,6.73972320732982
13.5469536992475,13.2761984031065
12.7725561565561,9.97540994160989
9.66320991565527,9.82751760473523
11.4167256773616,9.21731960740713
11.2763844449198,8.98063114763129
13.1110708451033,11.4667991143906
9.51464243864924,10.0948444674527
14.8402523726755,8.93349237687379
8.07137909295853,10.3006095177855
12.7440438044599,8.58259776085486
11.8693923068572,14.9406090337552
8.25029241805347,11.7694940103145
10.0014440059257,5.90127922028478
9.29859841878697,9.56173857056755
6.04702833424107,10.7132705221638
8.76631871273604,5.53107630273093
8.439270294948,5.35144154875453
9.79209535258322,10.0580511194958
12.1480215934354,10.1307815211681
10.7963141298124,10.0843353080639
8.60223315090441,10.7313583435128
12.2919386420626,9.42562300701018
15.7197015768481,11.2616481795504
13.7239930728432,14.2704272423493
9.00263037005844,10.8776651351299
18.1655440441179,10.4116358545409
11.5816398421482,12.351351296875
14.1783438885259,9.9433523492632
7.85220883006878,3.89376094139204
12.6686744217036,13.7694852761142
6.60380900057758,6.42365183070275
12.7358003231066,14.8867408513261
11.0139483899809,11.9201224327394
7.603927347646,8.43471309191715
5.50295520144395,9.87312217359251
12.027829554367,10.3367680256762
9.87264580134783,13.7438019629826
7.87453660293749,6.15878612635905
14.8070794288464,10.6786825373252
10.0259819146378,11.3176704664143
11.3710471878202,14.6864284502849
15.4913492661462,9.39620169999743
13.1668176881594,15.5094975383447
8.92357405769602,11.0697110375613
10.1736706709708,9.92537030800578
9.11518062382809,11.6222220731622
13.5091921743296,10.0508865989406
12.4590038870676,9.52444372690454
10.2147227330398,6.52659204943492
11.036763189025,14.6996285481076
14.3141864125387,12.6129963764594
7.79152790756803,10.7599661049776
11.2598092265898,10.6281049810344
9.62558030580515,6.1374689611565
19.2874069140832,10.1306012892604
8.10848309634744,10.8483496349971
13.9048302065229,17.7957373511339
4.69009006205058,9.55584126659944
10.6949251971315,6.44048453229242
9.3774390649978,7.14309821886366
11.2514180579125,13.8025488536655
10.1680297545524,6.34156816209039
7.37268062396791,9.23331455798499
8.3131588938549,6.79906923401028
13.0235397485925,10.6872332376907
11.3922324187459,13.7433393023192
7.55971770411982,7.34155371524951
10.2430838475758,10.1854267334865
5.91788298069086,3.17770318977105
6.59018008653818,8.84355219960246
10.995903760828,13.0392038132622
8.68921192645071,11.7970080336353
10.7806632596839,11.3742826059177
12.6923293073362,13.846814762952
7.26929174623817,9.47390184454465
14.5186020898028,9.37143758229101
11.7793322492989,11.862652543248
7.24556393962837,8.88196988542667
11.2322923377454,8.7554563490231
14.2414661563858,9.73464171196751
8.70893012379372,4.87697975393979
5.67856954146892,11.9542466831456
10.8247371787417,11.8511079489604
8.99602799135739,5.03041307980134
11.4879782309033,9.17644376673873
10.5612275222527,6.47378697743371
14.1390787715923,12.6816374916763
10.7777875939191,13.5498405442968
14.5180888157198,18.537958917432
11.2616255958376,12.2605520508869
8.25978737844633,12.0115031819991
16.9149760872474,13.5822897779
8.88982349813439,6.60143986459218
7.71661523504135,6.18631512247984
11.0413292823542,10.227988367063
14.2815382941034,12.6876949790841
10.8774075153682,7.34954266916741
10.8077158025662,11.0069757871647
11.1002918703834,11.283538679379
10.3528436896726,8.6233636745581
6.10389671480553,9.3933215433245
12.7760146838221,12.7651698980521
15.2854681114626,14.9147331359335
8.8698390898352,7.21352189277736
10.1733575129407,9.43942784665074
8.52957929730763,11.489564751719
6.06029862425908,8.22759986919673
7.18744189783898,9.10753622239566
12.4993359100186,11.3766637820853
13.8677992754345,8.00793357098248
10.0618769975549,10.7389322718275
7.62669617965783,12.5165304716658
8.33367959980737,7.1960124086117
6.39352984374402,9.41483059052749
11.5309979324065,8.8827302273681
8.77405322981427,8.69434153604951
17.0690949680889,10.0114447561304
13.1956378588235,10.2175563533966
4.4744280977982,10.1089208760669
11.9835719399092,10.0038420519272
13.6562856804058,12.2026030592533
8.15926454960076,10.5688119983778
9.0706751717851,8.16166972850403
10.3239731386506,7.13054786856179
6.06757131841291,7.91133649758766
9.57810840252479,9.56516730972373
8.1934696202277,4.73364070358297
9.99681919841194,10.1969971124131
7.37782805142336,3.87865290529338
7.19147806700591,9.32846963777791
10.403159703467,10.9531892214918
10.7768434124355,12.0163490439908
5.30241370486401,9.01312385938394
10.0290749936286,8.91397598558555
15.1253912715469,16.5194006290832
11.4048786638836,13.3273340781881
9.10259062184343,12.4967656197676
9.40484056142379,13.4069807651687
10.5054709903223,7.89471102171489
7.31489524177169,8.78512018756648
11.0092557505682,10.3178789528631
12.4511743770131,11.3845753012088
12.7852352815194,7.61565398970224
12.5590586753968,12.6916536111516
9.04884531585106,13.1964957521718
9.75768433934804,6.39514334321209
8.39071680977458,7.14351557429945
10.6725636324807,12.9394052657103
9.87282359810567,6.69730402591493
14.7526167729878,11.8274580431612
3.3482969924221,4.77966436765794
13.2667844953868,13.4800966841838
8.39788521605713,6.6108365047729
15.0045130933853,11.4583048144073
10.9487768357713,8.93533845285524
11.1173439991067,10.836086616174
10.5613694000962,12.4927879369789
12.0820497460758,11.4386793641118
11.1193068947523,8.80541069896218
6.45178449817026,9.06545307176159
4.99449407508003,7.35740185570937
8.51699983057065,8.44522092392194
6.67230276211993,8.22010920597576
8.63279448773958,5.67901444310382
7.42796710316382,7.21426020340944
8.52749530454555,6.43149210601864
15.254991728946,8.45378699631096
14.0607870279132,14.8047471988117
10.9381591988388,10.0363084935293
9.2970026936943,4.96451832013676
9.7635750635265,7.69700789906433
3.46147177033561,0.763791246233435
8.98554896654168,9.72502361455735
5.14201674683086,5.97504843738973
9.38109130814556,9.08251418472525
11.8211801261202,9.52540688315125
8.37386501009734,4.72617685090969
4.78033498615605,9.19479971059446
10.5250351175632,8.51338509770191
12.3102210646025,15.9203919316768
8.62535316507865,6.89789639331355
10.0102817566209,10.4792331445395
11.1659388414016,7.57106586349038
7.89691625604617,10.7319337183293
11.8191040724037,12.8233303458731
9.90722947930234,13.246850408488
11.3342040216901,8.94708175909288
8.34576152385773,4.59061723159744
8.51475717227251,9.91328190867337
12.5562852014225,8.17561553371533
7.41290724337766,6.8951660069664
8.45264459262744,10.9280309220837
7.4030845192179,10.6444812242878
12.6820808041698,8.78978996729137
6.03926585892383,7.76823356259084
15.6877065367412,12.7965403359954
8.05275312752903,4.9682535557871
5.64372878784854,10.0358574633882
9.43879146308412,10.9352766721744
11.3323310381759,13.3001992295591
15.4992030393299,12.3804033081773
12.46222477971,11.3045915409731
5.95934718002958,9.0816468484562
13.0945679843532,10.8883853801179
9.75521490702586,6.47561808671866
3.50912076769033,6.275872563553
11.8679782485333,7.38135563810905
11.4723290601983,8.33897972968649
12.3843589244147,16.1545259146042
11.6778206851946,12.5603359533434
12.8393179036134,9.9006488945439
4.3182265212374,8.52456904254887
1.52818400946756,11.2924317845622
14.6634776797814,11.5174984478023
10.2083606660864,7.2664656306082
16.0527857954316,17.6511037921786
17.6609083528668,15.7020442324344
7.42042547603408,11.3480360369843
8.27424488074555,11.6684150511194
9.8493942855979,5.77768286927918
8.74413854018827,7.23320763565117
6.14178229520969,8.49875580267716
7.87654294250482,7.4722720159924
12.6100815189843,14.0694291822333
11.7094344476814,11.8599182964357
12.0861501364773,10.2840691628122
10.7115849163058,7.23136970834679
12.7509185281791,10.7345517183127
8.29878829164801,12.1282510888341
9.83251510654984,13.0100849290766
13.8456750754833,14.8040692516956
7.52060951296658,10.9778684623772
12.2058650386062,15.9544924357125
7.15297251055549,8.73099832561466
9.61470883560712,11.6608059186833
10.4462176819016,9.97481961298281
21.1770085896097,18.4859502072775
14.6319347902639,12.8767154813964
13.0596165034837,14.6416402913478
11.7565230716364,9.72786621434954
12.2957362046965,12.3609594258917
8.78603543593474,10.7665648951722
17.73864763274,13.8722588725077
13.0293733308907,9.43445158273884
4.06583702729431,4.25405304537559
9.77215840138269,13.0747576754593
10.4749578052141,6.62860263138284
7.39734016508556,8.07688012124546
7.76325815179237,4.13014928795844
10.5252970974085,12.8180970658659
10.5548763744089,12.3003179918835
7.52526164715695,4.56649005242802
6.60417728292354,11.8743451632544
9.49318020547446,7.82367871837097
9.50867209714976,5.16347038111942
12.0085166543235,10.4783347379604
10.0151329744099,12.2775616997511
6.43747661367698,5.93822791748387
6.85597929554456,9.08998535096913
11.3525774897044,13.1398629886705
10.4368870103216,11.4879506182021
6.67867500902636,11.3444945099968
11.4815929800017,13.882483860292
12.9014884475747,9.26412302833028
10.550641053998,6.63328482274452
12.6154634537827,13.6083404315199
9.7553206287118,12.502153824362
6.61617515260733,12.3491576820899
10.7596386259579,11.0408322723584
2.08941022501065,6.67758795718341
9.63065555687843,13.4150967224562
8.43596004887041,8.43995656433466
7.59965659268302,9.45581076920087
10.6271440203282,6.90293377597987
9.9344164581695,8.06478404097988
11.4332715319338,14.4564312052612
7.32044878666239,8.11292618900613
5.87839076170725,6.13251925792958
8.65305129414311,4.95717138324762
11.9553641905875,10.0284472461952
11.1366424915984,12.214976672494
9.2126906581195,11.6373039242502
8.09151334305778,12.6799791429655
12.6115273893633,14.0438670649328
10.9484463408845,10.2424780779586
6.95845403196719,10.357532872981
11.6848247742925,10.763393715893
9.67121587412226,9.81261107098011
10.6379213209941,9.67932324740127
13.7595900843349,11.3712119178307
10.0676655981616,9.60342559049654
12.7210567344317,10.1383398698418
7.75751204061454,10.3558649504479
11.4993559219582,8.68508507815838
10.0977178318433,12.8311005008712
9.8608088948505,9.11868952738998
11.5652158972444,7.48123512562479
11.4992088260582,8.91377407420197
9.76922013398201,13.6346515373327
17.1038259322801,8.96682259554917
13.2067577136668,13.5727445636293
11.2137979585447,12.8632509848638
8.28010999125948,7.28204558778469
11.162454602428,11.8699328232907
9.79538756483244,7.2233787064222
6.09436098291279,3.54719630814432
13.6478311221039,10.552665013419
6.60240183866296,3.96757194382149
14.1037615791968,13.4999353995089
13.8760013031525,11.7520366513321
10.342185991805,7.93710045116451
14.2460811440067,10.1182048053031
10.1283498604192,6.9368761367683
6.91050043327213,10.3314670837165
9.1113787379868,11.5124589208909
11.6404960318641,14.2575411870425
12.9322710454906,9.12602083546235
10.90881490057,12.7805704532046
9.80370649899955,10.1277483942999
14.6748245074147,10.2789778182225
8.50250376957326,10.6301810861452
4.82312658811464,1.41137078341306
16.0958478748492,9.05875795425559
11.6429999672062,15.001729763598
6.4956918929156,10.5904518984883
8.5525957966176,12.3315839865642
6.3895815899705,4.4591076408892
8.7522204117383,5.79484525157961
10.9598249762074,14.407075337044
11.8381393610845,10.6377212477353
12.3067349419719,8.70772705076735
5.96095111620604,6.63520672933067
15.7734112728737,13.2996349202705
13.7509692533177,14.9415577884682
14.1295098640307,11.197494436548
12.634050572025,10.2173918297241
9.59689746734661,12.2766677354453
10.2893761585018,8.94496068223877
11.8850023437254,7.69148624103912
14.0777949693877,12.2184876672726
9.04806170280244,11.6736191119706
10.1000763547345,12.3348232226294
5.43597017257839,5.29199818203877
4.74861986295467,7.90636689996101
5.44537947935229,11.46203150672
10.3056727750792,11.814995923063
14.430483400534,11.4819722668711
6.48643266680909,7.80053393360643
12.4344295059934,14.7833993193707
7.60126512173927,5.64312695656146
13.2634628799232,9.06939268074934
6.53693556144575,5.85843377645965
9.5516031132436,6.75957925669936
9.65742061270673,13.197264650805
8.54709568106627,11.9961305113325
10.1365075857231,9.02162611860308
8.32736124341774,10.307268580329
9.73167637118794,13.0684086433413
10.2626104619141,13.4676140241467
11.4453155825465,15.1119517010948
13.6835482466883,10.5027435714479
9.2904284642293,6.66178487429208
17.8645133515496,13.4787496650656
9.16853841885608,11.8318613263395
9.23817778199514,5.92449332836181
10.7801419920267,13.8086823636414
5.40531957596224,9.88973504174021
9.48251912858417,7.8480402895639
9.47487541605832,10.8963016935847
10.1326165831102,10.2765381302866
8.83916702220898,5.92349887625177
6.41099082963708,5.41191635604081
6.24321281958037,9.35505785472423
11.090231917654,11.3355409328865
3.69818633924234,10.3463673211109
7.81019572011233,8.80784578480682
11.7233526200886,12.9240504255752
11.8580447424836,13.7228579461819
9.26949778988921,9.46754847594899
16.1637645602304,10.470992738993
7.15244357680987,6.73721429955779
10.7938691756023,10.4150280893108
7.24872749202154,5.24462456063636
7.35057059487202,11.3327528022176
6.42119822174,3.79791232357926
9.64490025660862,8.99908458452204
13.8559206767324,8.22640593311793
10.5349390682258,10.5879646302309
5.79291498959692,9.97466432074207
10.5866792629161,13.5795435573393
10.3374274756092,10.4240040921573
7.20706882171739,10.7292622270142
5.01660585701773,6.46733626534958
8.06104860851239,12.4783008443128
12.1294055627558,10.3824916961446
5.74257073832251,10.7203605169494
12.3798306868249,12.8589104822102
15.7407697995451,11.693110630953
8.42271556075708,10.0668802429987
4.61049499004807,4.19323824321009
2.92897687536605,10.147797413956
10.1299957952054,10.0948449335324
9.68587976366422,9.41400809216835
11.312386262075,12.7699186424786
9.59453835208442,12.908636971995
12.47835869442,15.1048699230271
12.2008360268001,12.149646474667
10.8179757536611,8.15464204232833
8.40234718310913,8.89413343554295
9.25861420626807,5.84592504724757
9.58264788646629,13.5488412140233
8.78329580325755,8.3446222446951
9.21333825263137,10.4775615903531
11.1829254233282,8.2864487239449
16.1573294182267,13.7797852888074
9.9121353785807,11.3775862871525
7.02754773027722,7.32866825395242
15.5953920818181,17.9720091228825
14.1294677084187,10.21782227686
11.4777860519768,15.4918683264108
9.90724983005303,9.20792804951766
12.6843395188833,11.5762072311502
8.07131348116803,5.41168611649807
15.2899717851228,8.90580967713375
11.1296780775795,10.1460850457646
9.79618718140841,11.5757947980156
6.93672504150835,9.25105085253676
10.5050748871402,8.89083562138769
9.67772660141118,8.62341862296606
8.17218285846462,9.33113178303786
9.68496268841535,12.8938511018274
5.0762598953292,8.51609738798822
10.8387624099163,9.83920399998446
10.8633723259098,13.1497255328382
15.2092676883721,10.4813049715016
12.3651244693874,11.3221091738797
9.48189887892077,5.5430312611854
7.1468723269095,6.93150342673572
16.9171356790989,15.4109933214706
14.6233275431317,11.3424782377413
8.93871060476494,8.02981198830337
10.3030151075283,6.78625454054068
14.3451486900775,11.0495455112079
7.72443131287098,10.2847824351367
11.783012353694,14.1412241868091
14.8528381269307,14.759469732584
8.76984549446716,8.60215247392023
6.3537878421767,7.74050526563095
12.5900433853367,7.45603194087686
8.96349870988178,10.8468782413012
5.67953226431386,9.83163738569029
11.4195645306318,11.7747905157828
7.29272406125033,6.26319945467738
8.79962884999194,11.3891042759202
10.702272708431,9.52305468825702
13.4155303988879,9.55727230029821
9.42177525046233,8.81288495114679
8.0007006623116,7.41642117418192
9.52468256527108,7.60531928685713
13.969768364588,12.7561961849079
14.0534254097238,14.1531842274245
12.9324861951738,12.8775870128911
15.6179539948065,9.76621676549305
5.93007911064893,6.02680342654948
9.43224053263273,5.23932067171105
6.48956605473391,2.57124292719062
8.21576992272532,4.74905510756522
14.359187886694,10.7056645022824
11.5047845157042,9.98256278840845
7.23178378764987,7.50049203956477
12.1632412006343,9.92318202383487
12.9070169468922,8.80223423206139
5.07264655402296,4.33128178421907
13.4417152035349,15.8595550158193
7.7224366598069,10.4923475627158
11.490211519379,12.0138972869979
11.2523552065408,11.7233686081367
9.41512646764504,5.69462577484008
11.6142674415901,8.70386517987722
10.0441957066869,12.3201199673651
10.6530270853866,11.1749313585589
9.4365781555927,12.8350189129772
9.23978453974163,13.367541011363
6.90357212654004,9.97995828104029
12.3398750362879,8.16726183682113
9.49622756742309,7.39596250968881
10.0966447414852,14.073255135722
14.5218232345302,8.11043959250291
7.00234656380763,5.04775863002269
11.3967198195221,12.2164353240517
6.62883133712858,7.60946271279363
9.86181604611985,13.4369284366524
17.1927017188075,12.4075704891196
11.7926715537324,7.75500762335947
5.74074398839794,6.82415505715283
9.67360448615427,9.20445623392803
2.3614252303616,5.39991593690067
11.0221322822687,12.6209228267011
12.993959268536,8.33073507178026
10.7628609782737,14.2811428273756
13.1352630041369,8.66253084538988
9.7874334916677,8.73720161532342
13.9279914797666,16.2021708633149
5.30715065456617,8.00215149143985
6.25806633878236,8.50001712780976
14.337606770925,8.55220172502898
14.2505992534238,12.7543729034844
6.08072627482925,6.07535562869201
5.52678391273778,6.93583726113722
8.32711081128129,9.53958569910608
8.2333488268996,12.5339980139334
7.48956122209933,9.1780769772481
9.11717126721009,9.14225450977389
2.28293345572012,9.90465085699808
10.5037892343671,13.846232103012
13.0507795472626,8.791818775557
13.8033835959385,14.7957239450002
8.1630367470164,6.93051956109973
8.07121337868725,12.1113216350011
5.9570789612682,11.9377163075272
6.72849182139414,9.63035995216643
8.66364694016765,12.8252990438502
9.35691972938056,13.5082787293981
7.66441294262999,4.91514767676435
6.92273442782112,6.6920788509811
9.91000304260564,6.58192369773306
5.56330350846962,5.27699771046518
5.53457118120317,11.0524475060052
10.9988999863231,8.23880147582079
5.97677844170263,6.35015401821665
6.67519914930567,11.2658525961533
9.3271093790035,10.8112007457656
5.48653100668546,7.90617867044776
5.82877554026894,7.94109913486501
12.7269539902593,11.157118197612
8.06882070268074,6.65906214806948
12.0753840501251,9.93466235847467
8.71543213395351,9.10917536247688
13.3864117707479,13.2179469591345
13.6995869138686,12.3171839865947
14.41482160975,10.4881602120855
6.39741980358181,10.2300532436713
8.24529001435551,9.23899618658152
12.4952931832438,13.6933903050012
8.93608453660416,13.350893700683
5.80495121477154,8.02765545864996
6.12418529410426,11.7379094840403
10.7002213679987,10.4336052205901
7.77132167428757,8.69362827978509
15.2381301858894,18.852347183369
5.34456346639498,1.12498297496993
1.96172478013786,4.34102513328486
12.0727913186353,7.49560453494948
10.0840019086096,11.6489879563461
12.1774669072176,11.1486428247896
9.13287512919368,11.3722831719273
7.97518052376729,7.94903849396826
13.0821497564381,12.8296032016315
12.6614751950483,15.9103161928974
12.8502251929513,12.2567205930524
5.24291015394888,3.22443789896779
11.765350102671,8.85311877931393
11.4041418227725,13.6241768381382
9.19790963229507,12.8177949572322
3.99227358568303,4.58099397220103
5.49349459661922,3.37446413637544
10.7774837546002,10.6557089597069
7.48329828131837,7.69146667782764
7.88566075352332,9.91669248713683
7.98487072479542,8.07580481033936
8.87336189065652,7.96899628605314
6.35805952056734,9.76507748709981
7.83341191626439,10.372326595453
2.06492588344674,5.1667541687978
6.93292912069777,9.02402532631343
6.95477453372591,5.48221414777922
8.87837527413929,8.73900903007411
13.1339046292006,10.2183452561345
11.0038835672115,13.2958859284991
13.2746229741828,8.65655755056383
14.5598319882761,15.9138145378408
11.45237649468,13.0233554831316
7.75609195481935,4.29024085445308
8.75988958993462,11.5725350097876
5.3428737740577,10.3002877315471
10.1050528400497,12.4975149428798
9.75761093681308,8.31139285157037
5.07519116609195,6.13254397519438
10.9840160830707,8.35089278908832
4.45933544914108,6.48003554358603
14.4045971263732,15.4880521720908
8.51931836355696,13.1194655480658
7.46934618218413,10.6062547131149
9.22543619279833,7.0571242740221
9.20791188552589,12.3694291301127
6.2274696473867,5.47423716097155
11.4126075317786,9.09021044891364
6.20563612775229,8.73857163516534
4.74174742796892,8.3604574615301
16.6043808762191,20.0289169042245
12.6199128627545,10.7353414762149
9.56630075507679,6.35351144217285
6.25513773575417,6.65462828337382
10.3436301625587,6.85220435384307
8.41094008412212,11.57536589245
8.39113322663941,10.9756859351913
15.8124273036406,16.9691540182137
11.3674116059871,12.7079989357182
5.32835771715631,9.92123659412184
10.6168602349644,12.7503272864539
14.7606231126564,10.9924427632039
9.496458710268,10.0274145087208
9.85990188824412,10.1764689533163
7.86392993907145,9.97296083603667
8.73262863871494,8.48485712529989
12.2875449889156,8.91659917218156
11.158162861701,8.01945109296787
12.7152209979392,15.0393966085228
10.6584544228254,7.16742371718868
14.3676560189581,10.5857756913713
8.95365236137963,6.48830229686446
9.75696041553875,12.4666790939744
4.83756395547045,9.6043561563729
7.76269184552629,5.41510028277039
6.19520992386815,3.40464941657466
13.6587775978664,10.2314029897302
5.53783606767648,9.1149908178762
11.153082673996,8.00412053302948
7.57657372546526,6.5206624814774
10.0273224335358,10.4231334669869
8.82339891956946,12.6861123199231
13.3949458745686,10.6809253783915
10.5489709504988,9.42874195785355
9.05369304589014,9.71842375072612
7.80790000898504,7.23696212793034
7.76791529424964,4.83368553128767
8.6683858475742,8.17459214598044
9.29710857503832,5.45267479530292
8.60169374375833,10.3216699272989
8.59585079354803,9.92229599714267
9.62301781984367,9.3680583639361
10.3222747840029,7.24347843545961
12.4630775596453,8.43426679773481
12.4002667757552,11.5184710263289
13.6564596370714,8.59357460783131
6.18734838899034,9.45675135397741
6.16302088913653,4.00693014035906
14.3209660218635,16.6551494067545
6.55317789141167,3.87831388546458
9.99993563162253,8.80641581093817
15.0239396856613,14.5941179266375
12.7127857588111,9.71356021635111
10.7082156269922,7.5919104516815
5.14283772593723,10.383437486801
14.3384956575718,17.337721106985
6.60461820577689,11.0647616250671
10.7610055199138,12.6159107441177
10.363471740276,9.14174981212424
14.6730216667797,9.95661103500265
10.0448376645891,13.0671662761379
12.2445550780355,8.74795661618397
14.374631643599,10.8053564657758
10.3132842689272,5.96458702936918
8.32735089220098,10.4318748509175
12.0697549447925,14.2508361469064
12.3594082159827,11.1097328561405
5.52385820109823,3.71888280087739
12.4176814538484,12.4393277253798
11.9125865046461,8.69158209805214
13.1249847079122,15.4136210876344
15.4934381447187,8.68453698128925
13.4322763294888,9.30805370259827
13.5935194604317,17.0436368082445
10.6549460216644,8.08907514073522
8.88990630836788,12.0339183364
10.808110166282,11.4936145702293
11.0578944459415,7.92563802579208
13.3408082104178,14.588193889796
8.57129268607789,6.69997664740673
2.72588846326145,8.07010256223858
11.035142037596,9.29746939816822
10.6023646062896,6.94383765291277
8.44770255818785,4.97539128764681
11.4878456204225,7.77789802027607
11.3758460933635,10.2145856144997
11.4397532349013,12.3356017782734
7.4945880828942,5.37281950712933
13.2999075808843,15.3144199835543
4.76378861456735,5.47365045231728
19.6900298483921,15.8067626628829
7.33234227592766,5.03962236665754
7.40141062196089,9.44483479207745
12.6027151601677,9.43804395558181
12.4826982457409,12.9529286469333
13.4101654002772,9.72314606324663
10.5141782156287,6.83941049913235
10.839486078942,7.23101819739632
7.90055467660122,12.3299179912871
10.3497359453441,13.9426241246668
12.7758897473105,9.50096523495366
11.8391682732077,8.20823906812174
8.91157325334312,7.99923242693253
15.4322997094799,10.4238559229047
7.52290775338662,10.0150497542736
10.1956086944455,13.4597124132259
13.1398050665518,16.0338110082808
14.2008430155802,12.1688190716492
11.2125208722509,12.5160397221479
14.3065376192743,9.2622374032579
9.18122711337168,9.07291076044865
6.79358006611039,4.62351607507402
8.81143327594075,9.07770953004635
7.42694501836647,5.20897284089451
7.91527980972979,12.3149452215704
5.19659581607192,8.67914695151505
11.1497223113077,8.31439605521749
8.60943320476566,8.12239851618719
11.4182274765592,10.5691664353089
6.78338145900272,8.79566526552902
6.18572511910513,11.5182513794102
11.0889186218492,10.034634222016
9.43960147794343,7.76946776916273
8.76704384422934,10.0869228000971
10.7050046280157,12.4702042630519
14.2284597052367,14.1434129594134
9.02162949869436,6.87587788091616
7.11904573750502,5.07317435405341
13.2033914810523,15.0404757200431
14.454207309862,10.1190778072549
6.4955361013232,7.91727447144577
6.73340192010658,7.0078894743233
13.6112552188998,16.2841192885685
9.75498788299594,6.18453834471078
12.9576690727464,10.0486417122139
14.5668929063587,10.2517736102131
10.1473815634205,9.72627115916015
12.5996805417569,12.8356585254055
10.3252689872518,13.3820234668021
9.30679103662081,11.2594621385525
12.1227396282565,14.0339833470435
8.4244582831905,7.45213458849222
9.9495167068138,12.2950836596506
13.674640219429,15.9387173779802
10.9500304493037,9.14821177893824
12.5412572576233,16.1926925824822
12.2463422947389,8.29337753784591
13.454410909,8.5320673201544
11.2300090482612,15.0267798046543
11.4282312385296,9.48749880102258
4.60933409041027,9.38699480120793
9.24803308928173,10.006721057267
9.31912075758785,7.83510010060436
10.4600544127678,14.1220923454915
14.4011328887042,12.9615109597294
12.0876897392009,15.0149307679917
11.0041778366149,7.56476766822138
10.7984218620661,8.24585710087087
9.96042198201831,6.89650935698731
11.5378915887899,7.2890674350383
6.32537980539484,4.32085770509143
10.3686798546543,7.46297900752087
11.4860382411192,10.3216383154242
9.71195285549763,13.4501732876719
3.02396335765454,8.35325147444962
9.22758722487559,10.4224197416575
5.90434616921461,10.2807200632488
7.28193385799945,5.99352542720823
15.509253842246,8.61453711712713
6.99991492286315,11.8997663087442
7.50372160833761,6.07587727883482
15.2077378492122,8.97882566341345
5.7875328831461,4.62630204897495
12.9052413740203,13.3826907887218
11.7234252613698,13.4887567717325
14.2663751473373,13.2182113224754
13.3722238448563,14.660751717176
8.63973450857152,7.43213702600623
8.23828497586688,7.20320607691212
14.7416553938043,9.60512945123015
14.1005904595499,14.0261863918663
9.40504453974414,12.6159649839439
7.77190302903706,6.8161500741723
10.9578289860116,13.9860484617963
6.09678840375568,5.01950095786485
12.550272592117,7.57813032664723
13.9425309800398,11.0678081653993
7.10830110397807,7.37005745982131
8.99910498729574,5.96209537892633
8.71545460788332,11.4775997183327
7.6778420384052,9.43383143353212
10.4965775505129,12.6288148061604
7.2986906160996,7.88391701814067
10.0537818152488,10.2900098323269
8.33977339536996,11.6079330595411
12.9301176754801,16.4510412697287
12.6651369199363,9.02432974319337
12.9807249902075,14.1044805535034
8.4782533574162,4.6838987392691
10.2634989911888,9.58852073843419
2.79293277348077,0.929976792649072
12.5728252712328,8.82640604085553
6.87477387471742,7.58893647439582
15.9407634883684,14.2414054399907
11.6488840798597,12.9291226413115
10.5064695692608,10.8317733153313
5.4876640067332,11.6810715653602
7.23151462329925,6.17460348826005
8.4706417111428,10.5540464426233
9.31885828256618,8.11272645023434
7.74384198928988,12.4931791103966
7.99437267192963,11.3063770435794
9.16985432730346,8.76461454697675
9.97224734102873,8.61860339858391
10.888323953046,13.5318813808407
5.9917810219491,7.92464755165813
12.0269191989271,9.31959552472998
7.66923451746209,10.0664432261035
13.3039914110392,10.6968085771104
7.01910982238456,12.1128174853745
11.0312913045611,11.3322231992221
8.64974916789888,9.63285543922331
10.3237130536873,11.5226865962584
6.88182359555668,6.56171113867232
16.9544912260423,19.0184772755881
5.47988151432381,8.05636771272905
7.94190062882638,7.9126389410716
10.7087654193335,6.69362168995625
13.7621022241612,16.0810743176253
2.07088817893311,7.80640038044713
10.2034157046207,12.4898248660509
5.46785700555002,6.26445326131872
19.2856690879045,13.3148602759999
10.1085609830022,6.50030531795706
13.5807440485028,13.699594427064
8.64517460094896,9.71491627869777
5.99260496322776,1.77936938803957
7.83580871624573,6.449751901796
11.0373570543834,12.3053992439521
14.5129667650617,9.76649378870238
12.1956013332855,10.6424429873435
7.70284106466469,4.54679468706881
8.38876466610871,11.6852880840106
9.08800205652314,8.14805748668436
10.4279555003233,9.38835809827879
13.6038925399747,12.4825710834498
6.20646937759485,10.1105783959029
13.5431358176721,10.6587014847827
16.4406474984375,11.345993381896
3.89397141578597,10.573086807136
16.0280523941289,10.7855820870249
9.18774782743889,13.2133750562881
6.01091320667208,7.42325518823514
11.6847666281114,7.11732311124194
13.5496699945496,11.8929957882421
4.4772706491872,7.29344769495716
3.79307437578484,7.11447373290448
6.81761665246756,7.41078718388793
6.69155048956305,6.81010794249996
8.61453824628613,13.0361896109817
13.2587217937244,9.89910818002771
6.19189010092163,8.45598854910003
10.23481249692,11.9509788116945
9.01366349416112,12.3533853042725
8.37022349548234,9.27965374960828
9.77584268423599,13.2443997408376
12.3929432538312,9.73378753548462
7.41996650999292,6.55545283817954
11.3527451480906,8.4119667847283
11.4262049590421,6.709342541549
13.3135354783061,8.73622416984807
13.2385314244632,13.434382141998
4.48447860875517,9.81808298429072
9.13372501226341,9.83258985076328
13.1802279395908,15.7683830783256
12.3027733504088,7.51799499333066
7.35170480766342,10.3826119498613
10.006136582829,12.7273761714873
11.661379600519,7.1120925355145
9.2459483808947,12.617830271991
12.3672925536093,12.0259769270409
8.11491924259889,10.0927429693235
8.11003387531786,4.56438554543424
11.2463521033432,11.5240725755237
9.58970342376203,9.72348946329293
14.2254647837553,13.4260290411102
10.8895483791767,10.8503371455241
10.8701933829869,8.24832250836923
7.15647409651879,11.6753581327966
17.1211676403427,13.539694632388
7.94686935048097,4.60074179920013
10.9920406697576,14.0974603628179
5.70354603927624,9.4709606935341
9.23359096831083,13.2062898533651
7.516178670048,9.42323373611309
12.0242145114863,15.2770551962823
10.5050571302647,8.95963685173661
12.2438136650455,10.8083000999232
15.6304857183312,8.71031641730607
13.4664711367977,11.3336599754325
11.0998730708561,12.969889328791
14.7732926911478,10.1241734709537
10.8343763792929,8.33412585037843
12.9406882830618,9.92477300895943
13.288887858636,12.5951497819036
11.2689770643651,13.8739125197647
6.59935306894721,6.54945050878474
9.40153833710708,13.0717951870776
10.4643231957639,10.6650624112337
6.77065034519799,3.35922694092476
11.6190263129096,12.8744004324722
11.5267890648475,7.74896843609431
6.02375488584716,6.50429132410529
11.4169147328299,9.93693300694069
12.2706326461146,11.3342111772827
17.12624041964,10.5556170319777
8.42982085037175,10.2530754735916
11.4696741398991,9.23178212906364
9.99841333216699,8.77111147169145
11.0888182383795,9.28746620254484
12.7636375033994,8.09517751034898
6.90838404828355,7.30953768103314
10.7215011626707,12.9910092315164
13.8649397398561,14.2532892261621
14.3219494444904,11.6948236150456
9.54986385470287,8.52575984532457
8.21386157895435,8.52993497227056
9.73239129708991,6.37483934629302
12.2511465761173,8.45386460453891
10.5019178545637,10.2083676815726
6.39693451470263,10.4928320042606
8.27381413770142,11.6513010900207
13.9640181509887,13.2539267228404
10.6197028853106,9.76212716269986
7.35079259180703,12.4169205888961
7.23656159040676,9.07481084744665
10.7154593147577,10.8305135161141
14.9149228185312,12.2734638789655
7.23963316986912,7.33639870337958
6.91362193226093,11.2879970683795
10.2099628390319,9.54743388590882
6.48155399281268,12.2467449167078
12.8378430196092,7.55139400972105
8.11015314015986,5.07087230381616
12.6179146256249,11.8171580899677
8.07220344234726,10.6087138366909
8.5648306058643,4.54898859091266
10.1225765586292,12.71629903306
13.6294810936623,11.364154962332
11.8707390222875,10.452538805271
8.64519344031489,13.187419694927
9.39227868580936,8.18932445388207
11.208194645736,6.90902461717095
10.9795792981776,11.5916637041961
9.37806708547967,7.15005663033714
11.6262157297416,14.1807307969053
4.91977522460855,10.5099337602992
11.009949143752,7.99835277457996
2.96083910615686,2.71080508658243
12.027246734515,8.9588265228416
11.5706621057974,9.54596929586925
15.0907334726156,16.3525296102752
11.8484535115331,11.5900935830449
13.4113608382867,9.90927695671391
10.3878170415554,14.2546941164126
5.99852801955399,8.3743411515988
6.23886495238677,9.02301250377141
12.6778886014024,14.5007479467794
12.6548595577076,8.96998101160549
11.1849982511279,7.75896604351442
7.80006598485335,4.52389672562556
16.2596565935564,9.64907080167113
11.2728901485326,11.9674655082339
6.7715557972589,9.58493804304509
15.4516537284102,8.44443121347827
5.4951251647322,4.81113611499919
9.80307022348783,7.32418604622479
8.69394259992628,8.15762517845685
7.11783396743672,5.70519981832938
7.14424586220946,10.2066098365055
8.74132047144723,13.2597473511284
9.42356142340935,12.4273822911712
10.7696558660482,9.25081790577519
5.98185623482753,2.89176720358993
11.7506757935765,12.7392052504636
7.87167475594963,10.2256306279013
9.56339283960985,6.17914527976892
12.9446293459348,13.5663014304411
14.6530400313013,12.4377522823312
9.4062228842182,11.1748466056407
14.514054364408,11.0352992026245
4.49193843967276,8.06211422549344
13.9621204182057,15.3908551890305
9.28646855451841,8.82740875764672
7.3154409920443,11.7697153293677
7.45823952833019,9.53675988071927
11.2342517066482,10.5009414681419
11.0206766910252,7.44416680078442
6.07125886979878,7.3779482058398
16.1614184207739,14.7167752494627
6.72716053228146,9.70118191298359
9.44439163511903,7.42945541873418
14.2898620294979,11.1024014025749
8.77621284624592,12.5839762041974
9.63207735300352,10.1698772574568
11.3994366038045,8.27834595197837
10.1827804496621,8.40761183474438
9.46715203458504,8.36584726374417
15.7489563566419,13.5913925651874
8.94041195971649,9.86576103389876
16.0265259162764,8.66886401348745
11.4758498434181,12.8214635639368
9.9722636461336,9.30085977994689
13.625566081476,14.1533587265489
9.06275697749019,6.23667426651574
6.45335263001035,9.44731672935418
15.4989726282477,8.83502936374516
7.5999443581804,3.76432250290638
10.8881784287134,10.5348827790245
7.79225779633937,6.69745564720585
11.9203674227168,10.559710573998
7.00239355232702,9.74554427269909
10.0555403145139,9.75302234946189
10.8311129594881,10.5760995886836
6.537510395542,11.1536139026873
8.9883425287042,10.9236575116326
10.8026340153405,13.9569744128037
10.8516159719909,13.0213180419006
14.9669104026909,12.2005405866097
3.85826166814384,4.53998883217248
7.8505120328251,11.3074982570997
14.6059735118922,13.8261862719807
9.26576388769733,8.87095415328784
14.984728334916,9.72270793758934
9.13166052561442,10.0462447042857
7.02227881183831,9.44000211454219
1.92116096836374,1.39980286205303
14.0559787197933,16.970767101503
15.2074155953127,10.0330506991359
4.58008622014439,4.14383325281836
10.9917109447406,12.9386342565048
7.85747429061666,9.98519011165998
10.4407391511053,11.8632022097335
12.7345177844563,11.4975508527715
9.20941770167329,7.56392899204214
12.7679202420738,9.52003390592023
8.8932251286167,8.21505517293469
5.93669904188547,10.2277583108164
11.2667690912789,14.7236973582489
10.3287969062482,7.72365097504764
7.78607621534731,9.34314048870325
10.5043619012026,10.1609680337868
12.3282888971411,12.2449216665969
13.1221710732319,10.7908254943306
12.0637245011362,7.3107863730827
11.0647711746953,13.2294876366317
6.65514009128559,7.89949801605724
4.15231981074383,9.97777458992221
12.5930045321815,12.3091931751264
13.7487771541548,9.93138956612159
8.37777538505363,11.6827943895323
6.20489213580485,8.6369468986876
19.0647835540084,9.4848844918865
11.8183671061248,13.4113794113037
9.49662674053593,13.242397802169
7.13294643532645,3.93575302191361
8.08624527728818,11.6366022681847
11.4713521599709,9.76515959185575
11.5456063952143,9.40886070575739
11.9444204880173,10.725818934116
13.0854974311173,15.538471395257
10.3539600033597,7.2284894419582
10.9192494397958,12.4324439333002
9.61130513576669,7.12198621634547
17.6878968473683,12.1968129312465
6.55027330002635,10.4500638009561
6.69525792201987,9.48177649740288
10.8986588786918,7.41507008058778
12.2174800607435,10.9197781250035
11.8361488025118,9.09637556879747
11.6833381843188,6.96225966264163
11.7427237823097,11.015212011518
9.69264909835611,12.6250405537414
13.0803748280601,8.4908516926761
7.6792931656582,6.85232887708503
14.0811720951356,9.77711193770108
10.8427397952414,9.81595215458015
9.80082975601117,7.87708227000108
15.6446150720494,14.2055857995527
17.6768219388503,8.96614404674503
8.99380963990098,6.23409168121553
13.0205463692709,13.0685263327798
10.4087107204233,9.44101225571653
11.4096888781048,11.7947383376054
11.6917991704121,7.27111590790485
6.27911512542523,9.68055210885531
3.08406214448642,10.5841640876047
4.73875152791831,6.55296454970018
11.8132371681917,15.1591702990004
12.2066366623381,8.19027918102014
6.40615056151095,7.08940179705935
11.6207715715466,10.7555790738197
5.54932622058765,8.73536334187787
7.07074267197521,8.34646730406842
7.2848088926801,8.26730205699023
13.6026921322848,16.0537899887385
11.131779695908,9.36003149566006
10.3793069365778,8.07314964084708
7.35017914232694,9.79333369422303
12.1145460004804,8.26196015359158
12.579304942367,9.38228335640995
11.2257734076221,8.19954765058235
5.42495858476951,11.1666362401924
5.0380717835954,11.70042581036
12.7760685158936,10.2195995407891
8.59283814893831,11.1751329000721
10.8185841095722,12.8094518185987
11.2206257001015,10.035199050145
7.22518012621005,12.5003101911176
13.5852985678604,13.3007421230444
11.1138681518255,13.969416897697
6.04338891096513,8.85172298804704
16.5610524679246,10.8281837489067
10.4697411713153,8.44366697813062
11.5865288819856,14.7821204798049
7.65107968528907,9.36925494051162
6.40280127424868,6.39957097840043
17.5083118815179,10.3906025132243
12.0509801404958,7.54732429928226
4.32859772338161,9.54056410598062
11.9968334760847,10.1798500104635
12.9275822345082,8.95945672657302
13.2194543759708,15.4923141411563
10.1739613868716,6.63330062940418
7.55867903220484,7.06816579435953
6.59559773735069,8.96106402319617
8.51796520523282,8.53618184518166
12.0812484396783,15.9557168447057
8.57386378815461,9.20549942838166
10.0235118167012,7.88363876846317
9.28206239946647,11.6221358929004
7.22694449971958,8.24924148148463
10.7585318384135,7.99557256515315
6.08101090103214,5.77708975722471
8.81687477718421,9.01287220057407
13.5765621809034,13.4650514940046
13.5215722534574,9.33139852745781
5.77408468184997,9.56582211136909
9.64177134501864,9.7316580526355
5.06300511866993,9.89353856772161
16.9634864433031,11.2345920671783
9.62541569711713,12.2030890312909
9.87824522988573,5.93504211250835
11.1234631406985,10.7368434575777
8.22169113650644,5.40606661311228
15.3343056992162,8.39283144453903
8.42756322895882,5.80522613940914
11.1190572681124,10.8611522188011
8.64522079412191,6.739659280349
11.6879166586704,6.99084282678063
6.63857681925779,3.65420351162492
9.63192118432623,7.35637670399012
9.53584688336653,12.3110856294907
19.6164393392163,11.1067466628386
7.76564866116104,6.23903879385722
5.134701254655,10.6206804580394
11.9566745314049,13.9203269716712
11.8202421913026,13.4503142623134
11.626460337233,8.26255212825104
11.7017922508669,10.3359340333994
10.8477595020069,9.27804900403733
5.26188641748774,8.59696828184206
12.3718376324141,8.80982222292647
9.47412444662043,6.82622047872539
9.99240680696465,13.5427104737267
11.1254437312096,14.1805421128014
11.0358251429777,7.98910894561384
8.66190235359994,9.40222392236153
9.63604724771982,13.6071101467734
9.0915973500601,10.7539722967574
9.57231217906827,12.3244896304989
10.6150301814405,10.5818810170146
5.36981031132844,7.09383184828031
10.1954039035314,8.73872826592973
6.23957954262342,5.63462229136267
9.65358024683558,12.9615237995263
7.12814831599911,5.35826407209044
10.1892184269851,12.1130394730202
13.5179420140921,7.72806224970035
11.1659827988797,14.0424169738113
8.93669755991449,12.2431762693413
5.59190230570816,4.7816613730784
10.2458056312044,7.90466385951937
8.29668473273249,10.4991423558959
12.008178042099,10.8701102589555
14.1998088361623,12.5478834425992
12.1326198370267,15.4161661017645
5.57955001143463,9.6333578668556
5.52844410479034,1.93052825294567
5.76300559608167,10.7215764209826
12.0784017013618,11.9599679862982
11.0809302904014,9.9927815263695
10.7425042170965,10.2067313331072
7.42409256595624,10.8400960334961
4.01053352170037,2.19852204954678
13.5130904002455,10.6839796439955
8.24237006582447,10.3035008771914
9.41900900628743,5.7927011122603
6.14819640964516,6.04878588296964
6.77748937478013,7.51330596330423
12.2427980724842,8.58355231388361
5.31451782035508,10.6359277460117
16.7205625597989,8.79443648550989
10.9375756946123,7.04000764811968
5.77092192361846,8.3040487930837
11.4367146204907,10.3467683651717
5.41254268907502,4.09674190049493
9.1173547848478,6.61348782187297
9.34507668711134,8.5212060819061
16.346353554692,12.8868855039367
7.55272014317813,6.98499371369277
5.92448610114613,2.34412786725272
10.1925139845737,13.6345492060416
11.0097210207773,13.4671735241257
9.94284599961917,9.53370161411112
4.667568863625,6.62565589014581
6.10130689533414,12.0755156860593
6.651010434566,6.47564353668266
10.6326124670133,11.6080762750672
6.45268838557332,12.2493059674814
11.3658483244109,9.17980649533466
11.3525553258912,11.15288127097
9.41444006675023,11.2546513253328
12.2696522460561,10.2341243201758
9.38743662270499,8.44863556376961
4.64100573357774,11.73787932314
4.54733321288872,5.99110621343575
8.28280091679424,12.1217962924732
12.9104039460093,9.51339728556784
9.63521744357151,11.5826619215643
13.6903517814728,13.524172645988
14.0261557018501,15.1339346973374
12.2809298203015,10.5359552232078
11.8504973760275,9.00335599076999
5.80494514539674,4.55330443497287
12.7973280228999,10.9756815374245
7.97026355478499,9.52010182670235
11.0856758826127,11.8525060792437
7.71041445799526,4.13986625696804
15.2496526351199,11.1236582114781
11.6194565861038,13.9295499242585
11.7484121925694,13.7572724260317
4.51692853284302,0.966614334140537
10.447101620669,13.5952872979722
7.58729202316275,6.84743631477459
4.49699278025415,11.2244168167907
15.7261186381416,13.379895263388
13.5314898709723,14.3923507229052
9.11695828036946,12.4582249489719
11.2761987762679,14.3454880610747
6.42301635947899,9.72082474369114
13.1459470612083,12.9244646545693
10.3263752154001,10.1790848228157
11.3170865028513,7.19303258442069
11.6566014123407,10.7673680157905
4.35646564420958,2.33362557734645
10.4345690235226,12.0021561400738
16.3131682363449,13.9277358346648
11.4254091750011,8.80520037564353
7.7136493059905,8.08420148008401
8.51679352924301,8.93638761568652
11.9888311313861,9.46596617266151
14.3377074769273,18.5723722031409
6.33021475012407,11.5482274921486
6.25311952883198,9.17613721605369
7.95087401578354,4.27185482561856
8.33220408906606,11.8345135271392
12.3781917157274,9.21887444712838
10.0294534583794,13.7308565624101
6.53368643726003,9.30901321172653
9.41196289220099,10.9854598614497
3.57087515352756,4.87726238285283
9.43589960256337,8.20275884842848
11.6101419743834,12.0165260467946
7.62191784356256,8.39952837358532
10.9014932891621,7.51878537754678
9.80467342853599,10.2287772803274
7.39314972376459,10.541926264552
12.3105887510322,11.9969406125766
14.5028288560859,9.68856267440134
13.2708028063718,9.81454902107332
14.6023260960076,16.7833352493835
11.6007551030764,15.6062694263078
14.7302586524266,11.6758288758005
9.1851931794053,9.71063098558617
5.76679871114048,2.49493146957575
10.4023176352564,13.0284710923869
12.0473294810907,14.3663050956616
8.15154756655505,12.4677446531635
13.1960083178548,11.4709215848086
7.75493218193399,8.56125531791269
10.5902393611214,12.1604823966906
10.9600397525402,10.6616292589664
7.28308302608008,12.5401842865462
10.122910809206,8.61099847112516
5.18105302205365,10.5610703057377
2.82621101188055,3.97851052910703
8.52220349652738,4.53823573357153
6.34647651957503,6.16425751389843
13.2212832454025,9.9211344168821
11.7406625567544,13.5244761113711
14.7045576414092,10.9870329205146
10.1235563814269,6.49926391156686
13.4027134946816,12.8384512770538
16.7656460841595,15.7639506212457
15.5885740553927,8.26581986926552
8.06719077393727,11.8135317042406
16.5064607892161,14.1797735964324
10.8392674582786,12.0992899635419
13.4953226444354,8.34398220314054
12.4457840051088,8.02597098839124
4.06134710799752,9.13333278153479
7.39062399536323,11.0836934502695
12.2542686229119,9.24888580617415
10.7906943633263,12.4453724176826
7.96399909290427,10.8452325166083
15.5765184536892,13.6166957564277
6.51712570845839,2.94626687399193
6.96186767272888,8.32383222417512
12.4137118671997,10.7924273311245
7.14419433697949,8.25527412101236
9.36643292275089,8.83537357067666
7.50847681383672,7.35445498900358
9.7522695362018,10.7027393443841
9.3484260627816,13.134832016606
16.8241181313957,13.3895065302253
14.161344981325,12.8141096675268
15.6533058416984,10.6207757279576
6.34853338695645,6.31854752520026
6.70536178023718,10.4856412217816
9.05056938720309,4.9269381874101
6.13155097512563,9.19728320996331
11.1309066135505,9.96483058772127
13.2472586274957,10.8455785441376
6.79372226959888,8.96242226155415
9.03724187615803,10.0892050608271
12.202930792481,9.21268391770869
12.0922793432432,9.92985240720612
3.87892964940985,11.5215158278935
12.0221633340713,13.3550455549345
6.28635441339559,3.92748117750522
8.54121829443376,9.53467681815853
11.493558861779,12.6733660854846
13.9277912954306,13.0859167442421
10.0231283299296,13.6518389227764
10.4307792199161,13.3001369816533
7.57449510070524,9.89682411311059
9.81669420372322,10.2168218521911
6.20319056046851,7.93931653044721
11.2289941330988,10.5616039527136
12.6907777991486,12.4834276845469
10.2985646611653,5.96128743461992
18.0917004225029,9.32762907924628
7.20765670246016,12.3684308306603
10.7870331250928,11.7564341402099
14.2730730754108,16.832393109539
10.81857183291,7.2403772695862
15.3993749742283,9.56494907336701
13.9293714549126,10.3259299957634
2.72912166892218,7.97896899821654
15.3429743933182,12.7841973523986
9.74497089088866,6.82222073647517
9.06715569569895,9.36602691693598
12.7196720487359,10.7057907074341
11.5331845759909,9.2577813944161
6.18752989577699,11.2548371787377
14.536573999032,12.8881090130747
11.6222765361977,13.0754827358477
16.4946667907767,13.0729992184538
12.3754421273429,11.3828868170696
11.7997297613982,8.94216817275455
7.31560577686671,10.0514743113037
10.4109362868126,10.1177715924957
8.40652115557543,6.44668175512181
10.357671384077,13.3003665493448
10.486612364106,7.35777720060031
12.6438127275369,13.9520845824708
14.081060481115,10.7508588501405
9.32707127473404,10.579060707338
12.0338213762289,14.0721210076259
11.5608070791765,7.22048470573604
10.2324328684469,7.31376338014524
9.52729231902444,12.7671925599618
9.88977152222632,7.7313949224389
15.5243508887744,19.5715099896312
12.7333172934225,9.44182712271364
12.1583323631862,9.06844432329669
14.5553367619125,11.9161443097286
12.2360256133007,15.36420306482
10.3781904484414,12.3737803905996
7.87282818516976,4.8223466586891
9.42715585341277,13.2687744683659
9.29352987759054,8.6578853536926
6.40677994261519,2.91754528049945
7.05052897966373,10.0004948917625
11.1980456185585,13.2120367017418
13.8012818428336,12.9933301970587
10.742786142363,7.0644465338115
11.0618319216366,9.39131453274575
13.9648268335092,10.5997731493541
10.6659798891046,12.5446889410741
2.24781647397743,9.51076348480503
11.1073705722344,8.54583053034772
6.83837639258738,8.0154962268145
8.43673320557292,11.6773564591088
7.90330997738215,6.43993698924466
11.7610337059367,9.78134296185259
5.62223455535062,1.39995941458219
8.77880223407696,12.4503646312431
11.3093867113982,8.22583217302711
7.70308732819367,9.67364173207624
13.4589299238698,10.803445539615
12.7001655312638,11.934045011261
12.812972084319,9.22992155452656
10.2390349652752,11.5617213104471
11.1456431381614,7.8334308763855
9.1863408525895,9.70092496918417
6.69459069645783,7.78922151115847
12.9341461888801,11.1722654381199
13.9736630184765,12.9256123788567
7.7765825031412,7.19467954647415
9.37274056789809,11.6476377745972
5.46894613544843,3.49305355238861
5.74592426021332,11.751189636308
7.83545251527748,8.94089347591251
14.3182322817598,9.47774654289606
12.5591019163616,11.8852505349123
9.21724595977902,12.922257257957
7.45084786584335,5.05326255988364
11.232119835736,11.2159502132271
9.40376521279979,8.64409217747056
7.66813042244562,8.52988334935099
10.9705462535154,12.678158684107
1.31755526290897,7.45514341751045
9.64825802627536,10.8548118324649
8.71946175921024,8.79885860926619
7.00798725524062,9.50340615778106
9.15308751596278,9.18778189554581
6.94039634977629,7.24728681481865
9.09675661923256,12.4424209800538
11.0510911603835,7.36749916646374
5.38566478671256,9.29306312887464
8.37991587057555,12.300041626946
11.16147373267,9.15234682803315
8.91232119989745,10.7110497670954
6.40481795518187,10.0172478386782
15.394246792575,8.5881089555597
9.8732221079684,10.1830238703814
8.55725192412277,7.53210407544002
9.2211495962798,12.0512865787252
Rho_s: 0.47953123938281
Rho_p: 0.50888708407181
IC Time: 0
