Rho:-0.8
N:500
5.23389925663151,13.2375142332797
8.42067657583299,10.4995157987292
14.1514646699356,8.32252560552907
16.4822937736888,5.71621711701446
7.92519318804238,16.0184081845436
10.9168620682904,5.73944848722572
11.5399315725901,9.01231415112238
15.9023855294761,4.02133141581567
8.88910654126687,12.4369397048565
6.04669427946937,11.2428757263888
6.4815693862348,10.909930179473
11.1526662234706,7.67119419299743
11.3272449393651,8.96673081579663
11.7513599906574,6.89434883669708
12.6560999487491,7.95849344717203
14.6266145609813,3.62293653710135
7.38524274371281,12.4041832698396
14.9471753727577,4.55096132645651
9.87116175237045,10.45459906023
6.96196470818959,14.6994653606342
10.1672573249611,10.8210762736755
10.8045555967624,7.0849722275373
13.4813460096793,5.23000647968293
10.9125333807673,7.03438189050766
7.27907085013766,13.0295685492234
12.0662697441279,8.70341376720899
15.9248940309949,6.02217518696946
6.16575939488831,16.9967995824337
3.6821938466897,13.2828627627837
10.661340883372,6.65982660045078
12.9828182646904,6.04772235981828
8.07833451717231,9.7301997282408
11.3969757609858,6.67213766192469
8.52853645776914,8.88079164941505
6.53698842238649,11.2272094121473
7.72255154953119,12.1794595077403
7.01060424890966,11.6955208148732
6.10497640475222,11.1315783084358
4.42918727016144,19.4213659626856
11.1106499239716,11.437431163378
8.00897676062576,15.1687719850227
15.6504443824849,7.70291344075884
9.72601803800767,10.3978556742518
7.70701799834853,14.6773418488492
4.9417971223768,13.7496921279899
10.055181852597,9.54126808387696
9.84224935357517,9.86688384194783
8.98923866686118,14.3304451348203
8.91857717360121,10.5383139605308
8.19523927391969,10.4472732376139
9.66452879543026,9.64681370127002
14.5300120631625,5.22525957976674
8.61295514943833,8.78271259668534
3.75579534003807,14.4428402892432
9.83334544453531,7.38311423717095
8.88063331426424,10.0945784391569
13.7414417649571,4.6550103217187
11.9935642981355,10.2749492435802
7.44071148010134,13.7560566333323
12.0713562341125,7.64785287700043
14.1946735961523,6.18103949770775
8.35511325591807,15.7069998016208
9.23115553380215,9.95273637340925
10.7601491153754,8.09490686251304
11.3745768971465,7.3795073078917
9.8825366877963,11.8301267251187
9.301234447388,12.8595272529497
8.12123074261433,14.0022558854943
9.78524406503247,12.3785452993015
10.4906075557956,9.70470287529595
10.6891420756887,8.05620140907804
8.85961891861174,10.07180759106
13.2693087542825,8.37428478816957
9.03040682701235,10.3841562058047
11.2168424752664,7.29861028903487
5.90261279600052,15.5723916605395
11.2667764116848,9.27760543892984
7.86844109945136,15.5523169616061
10.0911689763339,7.61047341442393
9.72101421850851,8.45663325920145
5.8883817104374,11.4677127199137
9.52853955178151,8.17759326087781
10.0171710582402,10.4197831301641
9.28685987556515,13.4362285564754
10.0260944326333,7.23138334666665
11.7879904408054,7.08293898524487
5.27637943726229,16.929180213922
10.7557347265708,7.42334719715821
10.4193648336964,10.5324187790395
7.96269914676585,11.9295303602696
18.0693916607213,7.69881199048403
9.93071493689049,12.7875196604989
4.69415303310098,16.5175242544806
9.21105325734637,12.7220449956742
11.1507537128585,9.12731881339261
12.5695349277837,10.0394422807848
6.14454845875344,10.475354182385
16.2068098901363,9.19463750262466
9.4762956247301,12.4634628213962
9.81688488645016,7.61588346878558
12.5557371196925,8.89286668075534
10.2594043874507,12.6305461320981
10.0975536753482,9.87393829892594
15.5633290897161,3.68688179344222
10.2928819163621,7.44441075452704
9.21594885228764,13.8766422738986
7.65124010108787,11.5076670479459
12.498824382404,9.18427510429401
7.83362072981382,11.4328998726849
9.49419650184799,13.2931281282642
6.8694899173624,16.2591745432522
9.02551616028956,10.869584413178
11.2398803075506,6.77833690719306
5.80043566336341,12.9577878586844
9.19331698387176,12.8024000649053
8.57151119700693,10.6520507335076
4.11459472838042,11.3661229501242
7.84380659029068,14.936547600286
12.9493979479067,4.50370739419932
10.1893270369784,11.2160657089521
8.74453404959671,11.6785732926602
10.3107904615942,8.23583720418233
16.1344492194064,5.24093928007314
10.4772677907641,7.40568980483049
4.02785190885193,16.7799886406631
12.9238303408696,7.21829190466169
10.6609641376472,9.58891283122333
7.45203544123005,13.5153929029943
12.0052822124522,6.77334380204808
10.7524002407879,9.79866472870785
11.8078649314329,6.14792931029831
15.208990775068,7.43809304922219
15.8327093405879,4.4531572572178
8.21897225968876,9.66818662995611
12.8781095257221,7.74195166874726
8.23228744562043,12.6245494172497
11.4525474243351,7.30645006845551
7.16041986091675,12.0912792564037
4.74038187970451,15.6246382157574
5.50695423315612,12.7335374477353
4.00988392741135,13.8215591231936
9.47381221287258,8.85380404418049
8.46873046775521,9.41800294969788
12.7644676600823,9.46783658984057
9.17983089987756,8.47897720311091
3.47887256718899,16.2034664497444
8.84675633193026,10.9330765457493
8.94869677715958,9.51937094689868
10.3250347331952,10.2251203310649
12.4049157163863,8.86724607359139
11.3393951177658,7.17618485585081
7.88500266578228,11.508922708943
11.1126504793121,7.09711906918875
6.86093304801217,14.2874409668276
12.5090354686252,8.85245558374118
11.4003391623679,8.2322634723236
11.4250519652742,8.70884093924203
6.58320452034425,13.036282980942
12.4651530551092,7.60196933244606
9.41250129101102,9.359695039719
14.1145626779105,6.20997680099788
6.83094067076239,15.8176151559044
4.92363674198266,14.3974031367787
7.40370363486054,15.1417819048818
6.52530085946676,10.5796121143616
10.1566132197083,12.0599904928382
8.58516170521146,12.9523671968898
14.3858562225752,7.58401899034415
8.64623398697096,14.3636265749806
9.14887984388352,10.2431800579959
9.54361377715511,8.33835976576372
13.1227198889725,6.21255531759782
5.73214955975286,12.9533554257669
10.370871090138,10.0867275578641
17.5616758266787,4.70231408521364
14.5143833335161,7.63711251627201
11.095912438656,7.47024156295455
11.3575911119106,10.0466551604768
10.5603862356928,11.0446306090834
12.1522526574895,6.30508944069622
8.00700189593596,11.3167377327483
10.2088957581989,11.1178610886585
12.765568376725,6.80517267168179
8.80174506434985,11.0535386752325
9.75261560344264,9.87407777579855
11.6682236178749,9.54887664567752
11.9725527112291,5.93030325685546
7.38498592926833,13.255947573584
9.38540638960835,11.7691096588103
13.0273384371794,5.3279869425176
10.6541452245462,9.56311775994594
13.1768272702345,4.72273553902739
11.7682014498604,5.19867995846284
5.18536488792415,17.7703824744391
10.2270732589277,9.99098614994319
11.0212675485833,9.19490709307062
6.06327781009176,13.6972166379831
9.92341311492197,12.3682675242589
6.82265070254621,11.8098044825965
9.25089243918191,12.1546013478148
8.57140184297268,12.2059948964238
10.2393152809169,8.6343206568243
10.7696551875433,6.70968597164241
12.7798895245572,5.14719975323453
12.8447956715162,7.52902054794204
6.09175570414239,14.2379234769281
14.8984147383473,9.53940212492352
9.83892792747436,11.0489326039249
20.1467170174407,7.93158191751381
10.7137131113347,10.4566812171324
7.62036399120385,10.0595394026171
14.4723160460521,8.03585107439019
8.20012397256033,14.2424622055424
9.82564075765825,10.5994586317125
11.4717714959379,9.56631576124536
6.30926582430244,15.2122213619704
13.0208749096537,5.82484384302893
12.6372083872113,4.55782898806481
6.41567395398134,13.9191785508022
7.6532767315138,10.8122500370014
6.61710661478863,15.6646297998663
8.5635833676517,9.98425090632103
8.771912819085,11.7677772145256
9.71518333102893,9.63008654880604
12.6822001739123,10.3793591847962
8.1375502263921,9.63568599045563
9.03136662762119,11.0398120001927
8.54353982934613,12.4542063813395
9.54280373042566,9.53255176998361
13.5070042912655,5.41023826966639
12.5500231214036,10.0064925295039
9.42302142853276,10.1556317466046
6.25772053120727,12.0628498417272
7.76290703479008,15.6269318041528
14.3730848945777,9.03878905812561
11.3547441143038,8.02102068527707
8.17434801349027,9.07610693479929
8.94551267583227,9.54367870445922
6.17412354050394,12.8040005097836
7.1218209359883,12.9502329559015
10.4590507766332,8.03563547429836
8.8176679642569,9.3957916264362
11.9412298488064,8.72125595091883
12.2496402322197,6.48130963949402
14.9917642324248,6.05493926382055
13.8452513776463,7.41007861513392
10.6578786172036,11.1095398420764
12.0119444220587,8.56076504006382
10.6487854103409,7.88834087941149
10.993129437362,6.28278070143623
7.96085813311296,9.83243347649876
10.1839469497464,11.1564500110639
14.6321427687437,8.82238192557018
11.4711791232595,8.89767098185277
10.566458211316,11.8145761513162
8.53437873592933,9.78664895823088
10.6509405791994,11.2625759889997
11.4803266228093,7.53519529662239
16.5009587173736,5.83772414885185
9.44501921997038,11.3179262875595
14.5079594146034,5.54625679817222
7.58794708090037,13.3272368550755
13.1812638430526,7.0162879154504
7.79223885087044,11.1660367154556
11.0621954775896,7.39494370761135
9.48004393449063,12.26237310542
9.7245341403526,11.9822645005183
10.7613727416966,7.24725503822925
11.8393906300163,5.59367650194864
12.1260579585258,9.93036655341303
11.6741066133292,6.0105954495485
9.77351545831607,10.8816516150614
7.52519809950642,11.583060090557
1.09014410955163,15.3526000478462
8.42110060345849,13.518323794217
8.91738041504442,9.10526217188877
7.31350986114108,11.1669823574096
13.4278482216908,9.11847632651437
9.43435143587586,11.1849887753818
11.2982668197401,9.13042163195233
13.9724613303793,3.97669833092874
10.642559791836,7.35588744492589
10.7315512833628,8.29105839091588
15.3544510061127,9.30412402620381
12.8754783499233,8.5300595137836
16.145111392174,2.7363872667162
10.4807568655245,9.6347135531231
10.3990821330127,7.92889952707447
14.4045927592451,5.7765487033138
8.63157710813798,10.9269603564326
3.98167569133985,16.6187410619863
13.2695735455895,6.7469347566623
6.97707168548714,13.2814568364559
8.4196588914109,10.475186999602
6.3008782491389,10.7797743201539
7.24577335944308,15.6363518135754
10.978477316683,11.275544933281
14.0740663812553,7.67288029258576
17.5579508942917,7.53283782164799
9.6364076447737,8.3621560774574
11.8457150491358,9.83224315051096
10.8757599192627,9.88950274417197
8.5352815990198,12.8400529886074
7.34125650034514,10.9709367554091
6.11902986896867,16.5531760523289
13.5034362369473,7.63894932274
10.8756598456905,7.99904895120954
3.77897292096276,17.8595974273183
13.1274748055561,5.05831554002033
8.86002142820646,14.3142056536481
11.4615631760534,11.0017559795858
14.1615411977606,8.52911164523868
7.07331923761342,9.99345051564787
10.4279247385739,10.0327581488363
6.32407299957744,12.4004450727527
7.34607434226643,10.6626494491919
14.9046432985029,2.91976074863184
9.84309944159418,9.27040909666433
13.2729453513376,7.13694730302349
10.0704738457843,7.44157178941932
12.2630334302171,9.78206496725784
9.23770546002619,13.5444341711163
12.3032869122436,10.4560492380586
3.97062024996839,13.2885325179331
10.0096231881149,7.36345099011472
11.4894730402545,6.71176008024493
8.65427862995036,12.8628387566065
13.9576780661153,6.44202091891314
10.6614317233964,6.14802193360457
9.12106635327471,10.8921890151501
11.4928038785786,11.2353626646507
3.56034521115775,14.0284422572568
7.81474783869228,9.76038995645546
10.0425101005225,11.5830170241479
9.87191698743894,10.1964054226297
11.6991027534166,9.90978840460163
9.36798195824828,9.08882036706075
10.2131769585896,7.9612853345485
7.43533305050874,11.040006902978
10.8537668183797,6.5676720610099
8.94449079641023,13.3933518233235
12.8719458172408,10.0572226727198
10.7151013976654,7.28859113790045
12.7975385290754,4.85141867062143
11.9923577546706,10.6912208478436
8.89647774126368,11.1949442633664
10.2013374146638,10.9281948537751
10.0160606534342,8.78602807316907
9.25953886092514,13.0021970818696
6.36042095751853,11.7406105870831
10.8578036634318,10.6216781883071
6.22609044405008,13.2011940928188
14.7424675808519,2.14333365964332
12.2824210811977,10.5920332089666
5.12988485984505,12.5077435563359
19.1036701767362,8.30283001043939
6.60605888359351,10.5167123071248
11.8288929472774,7.83898287481624
14.3423722275626,3.55292827549015
9.31701238321777,11.0988535345512
7.99121006946817,10.4240492404659
7.13510745293813,10.0066987105121
8.49160231326893,12.7701350950343
13.8692969020431,9.63857436689687
7.76417706662965,11.5753137861317
4.38676229947804,17.2331328930149
6.95666210006555,11.3416815879315
7.15109270740428,11.6616780739993
11.4477132506893,6.91675466938804
9.46309168825674,9.22954508282942
13.0282881682054,9.56620304436708
8.41900350499227,14.516163537704
9.73714040425579,8.72001503003374
8.00167157436784,11.6186711880812
9.17829611954584,10.2542084731721
17.8856194062806,8.6483615513112
8.10592422630856,14.1871916557803
9.01342350163766,8.51123330427327
7.04362876799555,10.7868726651911
14.859544444903,8.62568967588236
9.52131577120143,12.656782055786
11.163696529009,9.21032924831783
13.4012058771873,6.29292837681324
15.4019559595671,7.35869345357405
8.7412192627161,13.3124450270779
10.3369014928089,6.91145450636269
14.3028343952105,8.22366178313317
5.15791053475595,15.2716157146675
12.85712203182,9.81009932219913
11.5109935944936,8.53986765003921
11.2624849951736,6.64101230582937
6.52181493818637,16.7092265914503
12.9956351918849,9.19226077157457
4.61400653680772,12.5960309495532
4.66691485053462,11.5848587654706
8.51176777846102,11.6914812451871
12.1062285268141,10.6068046684334
17.3005611463852,8.97618900953777
8.81057188938795,9.36515582876301
12.8312249092716,8.40475502363566
9.3039320632853,10.2631285367774
11.7436715910991,10.9264232767111
10.6947504391963,9.31947685402597
6.52916238464571,10.7500227615265
9.57605085683525,11.2643126848622
7.94156287747157,10.8317981361553
10.2882911597052,8.44816852148355
6.21725682323505,16.7033282075549
9.02223996621804,12.4625580091094
12.9138444995673,4.17917185361675
15.1186803619702,7.30840697634287
8.59024609605365,13.6970631185529
6.62394830944111,12.5375266883921
6.93392790587817,13.1721354797808
6.77879373705361,13.2055657869708
10.3027955402604,7.04817471900675
4.97561648583729,16.3608372347468
7.46442870417772,11.2389491055626
6.14387135610981,17.2854118368132
8.96971982300051,12.6843868696346
10.77367764528,11.5066333823612
13.2654259438553,8.77228339985502
16.1021237711445,8.056049503073
13.6799654126211,9.54237518679372
6.46688006085602,14.7322976895419
12.5860535784333,5.23746183475873
4.11014799303468,11.9870924576315
9.23838928690852,9.16538614104175
11.9226015171072,7.16406824431677
9.91976645243678,10.076983783734
8.40265777883669,13.099589845468
8.53628017010443,12.3908427323752
6.7360666022131,11.1965920977164
8.14289062024674,13.2943827566097
11.5489707034467,9.67512702191354
10.5133854614213,10.3508536222091
8.99080642162436,11.259665352259
12.3381647989542,6.86979048120886
12.9368599232885,8.44226780731842
11.7404167301503,5.41679262588464
10.725109597833,5.90200414848094
11.4866412206102,8.52352518124639
8.57545345551486,8.94424208423648
9.62444755577009,11.5398568435496
7.06262389754527,12.5736646536907
11.0285684698174,8.71499237883959
7.4746567430265,9.92937309869014
17.2780162346232,6.81391178216398
10.0103092783989,7.88904183032096
9.4378263324769,7.68456543362471
10.1017908655055,6.89669176724764
12.9799477117754,9.61660787324111
10.9485194744552,10.3316181799189
8.63577399374921,9.7335658755889
5.79508761172032,15.7449735664915
9.41810684707407,11.0272002636091
11.7513764022013,8.16578060927718
11.4269088116662,11.0200810997619
8.11973176589228,11.0906227472654
4.02111666871232,16.583198856797
6.31623101052599,12.9801639988217
7.59115163570415,14.0257986762071
12.5867610073183,9.71277239456005
7.87791055705008,14.7457990766743
9.12849832392677,11.7993273739546
8.80964505011241,8.60710972289061
9.67242457789697,8.18469241433307
7.18413010296005,16.4658764174641
10.4314970624907,11.6499277880298
10.5412270861803,9.2297261964042
13.9978999548721,9.09460701026178
10.3496473108683,12.3530613497423
8.50530639940288,10.2143258833847
9.02159452314574,10.564518253876
8.30214706162668,9.05960677434549
8.54985233946595,14.8278326050896
11.6630847700366,8.75276669530426
7.42898707260218,12.696782088124
9.11684762696939,12.1057817027785
12.202719710697,9.41463989425773
5.5866881189851,12.9235513729375
7.14994320694945,14.1049645529329
8.19261848303261,12.045929996369
10.4969418798666,12.1797650624543
11.918514503198,10.6096158567332
10.343492770345,8.9462504107037
10.6602153474647,6.54372841695499
9.15329265986366,12.4264316289855
8.00356272519613,12.3604034699781
8.15010192443787,14.6677986852202
13.5983480975439,8.63142054334767
9.09300629411074,10.7101040397454
13.3686867182594,8.46352453363248
8.6971107304728,10.8195750376925
12.2856004361831,5.28164291484053
15.4483205808539,8.91624449127393
7.86532406844042,15.5306563133569
11.1222999153847,6.69454473042565
13.6089367743841,4.17496295332241
11.2499838828234,9.81872798939231
Rho_s: -0.794389449557798
Rho_p: -0.759474749273787
IC Time: 0
