Rho:0.5
N:1000
13.7641625589488,17.9806339361448
15.1122562738524,8.8419791120057
12.6409690687926,8.47182837459445
8.25536516318997,8.13348365951187
9.49243429302322,9.07336836448494
13.1943365958019,11.5090040380449
12.1551264618264,8.98690299532992
10.1147269993165,12.1576842541151
6.85100817431737,10.287404848149
10.6369405081344,9.37234854315962
14.4273973723852,11.3397738483843
5.09144145140794,8.69635611305665
13.8868582724837,17.494897264889
9.58657257002638,13.6028709345833
11.4896424839854,10.5514797962576
11.0352836850022,7.51268720963947
11.3140193960227,15.0488035618313
10.4169555017481,8.62991556855368
5.89533097041213,3.37433667630471
11.7696945254137,7.39170650088862
5.16912606206284,10.3131809036243
6.60203928976078,4.97379561151166
8.88204192746172,9.61111818701113
13.4934606875998,8.03285725762201
11.2285265718765,8.60441308830472
5.35201261602693,3.6061422897004
9.11184557885477,9.32631379535167
14.2921000577354,8.81085989082899
12.8254544291812,15.1817317543733
3.81045520554144,9.00150132067175
9.35698543082157,8.39201965277517
11.0423599915973,10.8093870946078
7.25822524154351,8.24321771928577
6.4433376610833,10.2564521870456
7.00203599345071,9.07370721964893
8.27353794951289,9.31380873188008
13.3195500510901,11.9542304217338
11.453633182815,10.8585439825933
7.02302454301164,6.8818125737741
7.01294914347565,6.93553739749755
10.7092315552381,14.1107180258782
18.0340121810386,11.6589715786696
7.72635086323105,11.5016720725529
13.5870750566357,10.332652969133
6.52484021768715,5.35463044302848
12.2087133280025,9.258688156162
9.46769718426192,11.2871957565324
13.9162849732384,14.8604187917163
4.69461743618786,9.15003950921
8.22468081438032,11.6491782837263
10.5181679808525,11.7285474041366
8.09397672825757,9.51455579787354
9.3035204386613,11.0404269764643
4.97273154048271,7.13854335820326
11.7710218994884,9.29400019948409
17.566802366882,8.46097444189931
11.2131320362839,12.5237321446256
9.80917784651996,12.9566663027078
8.38568016428942,6.17752554125553
9.86633968291377,8.00791585536287
12.1453367593307,13.3906418572773
8.9202031144424,5.70998321646455
13.8889835987148,10.3977443122561
10.4118987101451,10.2738428528392
8.42310041260571,10.9441912044537
11.4094828178016,10.6226044996687
10.3670255862366,11.4240270556867
6.28453595346991,10.5849792732165
13.8780572802977,18.1372300332417
9.82489302430122,8.68921124091232
8.0138447651852,7.35691586526536
9.77142098564256,9.72715055027773
6.86243403608175,12.0359636522111
21.0358557453543,16.3680822740907
12.1924202112629,7.59959133682058
5.90923224396291,11.5376629813791
7.63900088783967,3.35163261017958
11.2367464065454,14.813213744816
12.5909795289394,14.3226210057639
15.351181419441,9.85441130668451
6.97591554209104,9.86480368791018
12.2611180795224,14.2722766149926
11.017409212709,10.9118104383943
11.1845516048815,8.28459234337802
12.4684013559071,15.1991957381709
13.3932788201931,12.4956599430209
9.86649646202017,8.52791160157741
9.25625540720587,12.0756285742126
8.94738431181807,10.4886500739039
10.0412628774457,7.55606204494116
10.0081849716048,8.86316983403152
12.3300726068173,12.3025243512067
6.99196680491315,3.25747157725303
6.28917452610291,9.38820351922265
11.7971185271428,9.0610889181323
11.5981526348118,9.39354621348877
10.7864791231295,12.7552686244145
8.88005403927257,10.434264040003
5.17100562717167,3.21570166066443
3.89611939312917,5.71639725020448
11.6909712285201,11.3211853083805
11.3207790723185,13.3232393821262
15.0704114426082,16.9352284909036
7.18604910794815,7.45770458286538
5.01633164132653,4.89430254940858
10.9774174376293,13.4215361387217
10.335606042369,8.16883313579436
16.5698814556873,10.3950530134696
13.6013253070478,15.4162913648949
9.46536079579929,6.18183772663565
8.11485216643702,7.95819561520098
4.66642852843651,5.82676626579538
12.6803744515218,13.4535314540248
13.0291940907242,11.3613127330975
8.02673654845686,9.67955984981703
12.3659463732387,14.6795727250061
5.96863995619934,11.8049324465334
12.979970555638,12.8537348591927
10.0651150724531,10.9979389297187
7.84003362300176,10.9461931759698
11.375329773784,7.59336498472415
8.12531698866671,5.00877943392521
14.3986057931093,14.6490566741023
9.03727749925942,10.568872845345
6.01619276887842,7.64404224937936
14.1916476154283,13.7193225960257
11.0567379764766,10.24349749179
9.16517965858062,11.4424329176593
12.5920338917016,11.7136664996138
7.06063896388689,9.47911193734868
9.20234655945088,9.58978721604308
18.8503687181809,11.9461404128264
3.61081913805111,3.64447354297051
11.1577136517364,12.1023616266403
6.61156251806045,3.01372394953195
10.7039648930315,9.16632295844256
7.74022873086811,8.43497684943789
6.4238574776844,9.89106416038635
8.55045086527217,6.23700794797587
8.61143550217053,8.90634527073995
10.1149909300973,10.0185712399441
3.46049700050501,0.308319221746457
12.9987895792063,8.77014705111059
10.3282541308485,13.3651443752461
10.0469671286429,14.4302397518786
11.7307498737328,10.11967955315
7.15780444162911,11.9309429363997
12.0318081389473,13.5645917399667
13.0508468424941,9.95684964406327
5.95949680462341,7.83000914029573
9.20001211373177,8.23357076693704
12.5843294704949,13.1959375164229
14.2552568670883,12.2748996605072
16.6901562411932,11.5441856654276
6.12652312397531,8.41349174665627
9.93541616797334,7.48369548946608
5.85533359636608,4.29038507926036
7.72726636682336,11.2513257475911
8.58043537001711,9.06671601294814
17.2188362602181,13.228309957598
8.93012711386938,7.57944580654823
10.1015795017853,8.46259810182532
11.4416226775635,10.0301150984544
10.3283770316944,9.23170765790215
14.7969296805027,11.2999163048117
13.9869177269084,14.8782228731093
5.94465427152551,11.3709493510495
11.8339598703797,14.7226199418096
8.6178051159252,12.8985115380095
9.63618065311747,10.6630466686044
7.33872140996033,11.0020577245297
9.51191608003908,8.70773330243051
11.3165708072209,7.22704997500681
6.35077982235992,4.04359672596937
13.4165520539198,12.2609957480169
6.08928875095276,3.93328052423251
10.6552105102279,11.3407605960696
9.28930072536459,7.48226605189629
9.35546033881371,13.7606936358739
8.86477994664139,4.65379361994641
12.9087940014288,14.6700914166601
8.45127056384474,5.55342719912084
8.76842265159176,10.4741570353462
13.9842230909755,9.05164055659578
11.371153020505,11.0808605781485
8.00618720131962,6.41034120651127
7.53294848082917,11.8025387028058
10.0932750468127,13.3045803731594
14.602150719016,16.9961166681699
11.6970049344727,9.00920280399401
11.0306421685993,11.2772834443834
12.6708592201907,14.3273958048165
6.78593012078532,6.61574247623512
10.731376040422,10.1133479613958
7.35726642694489,7.63666724922304
4.47046091711012,4.9819418894816
9.83174454259902,9.58036684584449
6.3713468359171,10.0455260969489
10.0330272944284,9.90937088730243
8.80943003465471,10.8754367285519
9.53097460515777,7.07785247195802
11.3476218632315,9.05802196621977
7.53412754368624,10.5097680511689
6.81403682545204,2.74480717818681
12.5132131880615,12.8351593783505
10.161612942588,9.41916485879011
6.18433351977231,7.68137929825466
6.90145956942341,10.7111624747851
7.2384705685482,3.64083309139752
8.61441135190282,7.90279929943765
10.5641163188726,14.0632914997403
11.8465652969522,9.84026742636419
10.2632996290401,14.3132561775753
11.9110285431028,10.305030613092
3.39498723481803,11.6424175199467
8.97368420801064,7.43632883619033
11.5191694331418,12.3878197543577
13.1816927764788,8.53920399834997
15.6583560598653,9.89504912196783
9.90058370729454,9.92999231095462
8.74533654230971,8.08335473482956
7.76891440086273,6.94368497170869
7.45810605539625,10.9521138459953
6.28581767940182,7.31396227677848
7.99597703868091,7.24119548036668
6.71031674260285,10.51654002978
7.01187855772077,10.6654224714363
13.4956349441957,10.0871740663346
10.4126337345496,9.99085125328928
6.08268950538322,9.73743587181732
14.4314234202285,10.5443418639404
5.43870250845217,5.74039135376123
5.57602337287889,11.0008135399756
10.2226832898072,10.5844224855372
12.8621314793757,7.79686826671742
5.08223960856947,10.896440017741
9.64779264968716,7.28746960314411
15.5952158361548,8.97602098337083
14.9942855239702,13.2097102344947
7.62833587444236,8.73441418679051
9.28115134102411,13.6157764133132
13.1071293702579,12.2601676293676
11.8010843350339,12.4074080530457
9.85488189482,13.2645523601343
10.0486274524593,11.5909473312521
12.8788985616835,16.2381841353544
11.8409636722793,11.5881945103636
5.50502546076911,2.60008948272788
9.11517583158378,11.5396027789924
11.7969255750004,9.98057695652639
11.3972612872833,11.2642547039511
11.9877473591005,12.3579660259047
13.1151192447917,15.7614277765465
14.4930588219063,10.6490535797798
13.7475405488643,12.5010598047472
5.61456216891388,3.17597223918134
10.7027763135482,6.72771010654297
10.2036789538948,10.3098582364387
2.92780752467254,4.55129938331537
9.38085740233879,9.03402117985651
8.88668631423019,7.3997309699186
9.87949411160349,9.3354880981827
11.3681117564122,9.47222670783698
12.3810549561343,8.59546783543941
7.63065154697334,5.28675209476731
4.9988291654613,10.8934041847077
15.2332452433101,16.2708368213232
9.04792367120009,11.5789716295217
9.3627717807603,13.6700829656577
6.31655503828105,3.28791329235498
8.36387362026352,12.9192954144083
11.4066773430791,12.8288123644309
4.86493056489847,11.789218855047
7.78732313141182,11.4644085539404
10.3608256623836,12.6640163740111
7.15991996380379,4.74044791701426
9.97780768837093,12.0270184618542
7.18050076196832,10.3131550660001
12.638872532545,9.55631101224169
9.53108059054061,7.4576389581484
9.80703575173256,14.1672741776913
10.0521404086399,14.5826868693353
12.587434109852,8.47187256198374
10.1534810865496,13.0138791015112
14.738072615292,14.7150638387982
11.9076417531743,13.4891375573825
13.0688123487819,12.7760395474657
11.3335786874255,9.35581425809425
9.56899453897169,9.98187598744321
11.077911837877,13.4751854063895
10.4072821976444,10.2311562266435
5.34140618497917,5.47996177177571
8.1756955501156,10.2516379113401
7.59701338786357,7.78770218097124
9.61443920604476,11.0423235265372
15.2223978510571,8.65323322718534
11.2049181978826,8.83570647717781
7.00351229882235,3.32455854252819
6.4900467191981,7.29294848774671
9.58774383463686,9.0871277728259
14.5718407051031,10.3430662032985
7.75800071693949,5.87626311123706
8.9531272211872,10.8775863157354
8.9784963057686,11.2725586331889
13.8257318007592,15.3436932798621
11.2494625116903,9.45743864640408
11.9267395184563,14.5089919938921
14.0682037513485,11.124677175358
18.2287132712711,17.2178608077935
9.31909219816551,11.6189511488183
9.8989024314151,8.7203944378503
16.3074151084156,9.55038158953564
14.7560797535465,10.2530608457609
7.43065778226452,9.6108417528004
12.9568664761957,8.34088463352568
9.1869193676947,11.3721940383299
9.517353735941,9.10969667201929
7.67501987954471,6.21226406719176
14.6109240893849,9.95782272853949
12.1364501667986,9.92291625846349
11.0192301836116,9.54712912036553
8.00434001174122,8.10312608177759
8.48595082042552,10.6540462129489
6.26868575677777,7.24982993225159
12.833185130561,11.0546088074533
10.2085884467474,11.9300611178795
13.3818791202502,12.4307477331801
10.7251788681477,11.1474992144672
7.46342465514709,11.2969033531546
13.4928686318376,9.64770439914154
6.79303352433604,11.5270030181554
11.5885033081784,12.6066376227803
10.0698032214291,11.5389031016663
8.45269930907602,8.9842538423381
12.2137046136652,8.35819603095275
6.56612360369238,8.60069575698085
7.15702561325502,7.19085405983275
11.5842088637169,11.29137709135
9.96567851301074,12.6696336273172
12.8118814382263,7.62373926207869
10.3075587020773,7.26360144872232
9.24592318248404,7.03121398645329
9.24842740120627,8.35622882257589
6.55448810977685,9.78325582896413
10.9756721894289,9.32389504220772
10.242365957654,12.8216956373784
13.2264217972589,10.0959069686293
9.93048756271928,13.9167757001185
17.5275971868381,14.9428730250797
14.5002261736341,12.3771532839588
9.24182658629207,8.79089878854057
5.05538792381736,8.45750581189159
8.14783252818512,6.08089753611698
10.0920682374997,14.4986845064458
13.2737650683073,9.52901780978904
8.60300662786629,5.53668599838366
9.92716734310006,8.29767604100428
13.2185466374487,8.79660686732948
11.4725114711785,11.5768306721518
13.1572385663347,9.7588522382466
11.2492021586373,10.2063987268755
7.45743491561864,11.9368098198571
9.18053277726743,9.91321892409105
7.1298057688989,11.2675636552799
14.4173235450695,17.5804225153425
8.33565598242165,8.61391371330649
6.44620916526418,12.2351486534059
9.85370803759353,7.54784196286352
12.9616107390542,8.2568877300626
13.5902725355409,10.828321099308
13.5148138810067,10.4913498424193
13.6337728242488,16.5730368774332
7.75246126139017,9.39804366884617
12.7268655025835,10.3422025409374
6.96444103000571,12.4920900701265
11.8799427517623,11.2777724762918
8.6263266517936,5.5155115282562
11.9706088040955,15.5343979123844
9.34616704296618,6.53235347259039
10.1041672442004,14.1703866038751
15.177940725613,16.8048247996224
12.9483173910973,9.66388438546325
7.36705009245446,10.4058553075996
12.4210691561651,7.79095204131378
9.60621930751206,12.9950814657465
10.7363012203121,11.6715068920728
15.7995398215671,15.4836678639434
10.6249971363489,14.5808404362725
8.15026265164043,11.1036071755389
6.96321108522239,4.17702036354363
8.55115272793865,10.5377151116897
9.61694870597453,6.77849506999688
12.035847458102,11.8770377603363
6.37438772089069,10.7005716832179
17.6676726316546,10.3583967816398
6.83216365161968,9.62013672468784
7.27962188767546,12.0380473277632
12.0870076670153,10.5333973538897
10.5152093122644,7.83638260815327
10.4508605498415,13.7923552382517
12.4166701862169,11.7772534197588
10.5380295353554,11.3973046716369
8.16407215722949,10.0732024125088
14.8072656271139,9.51584559846587
9.39515138909466,11.0510365371298
10.6684512641931,8.18247780651484
9.8503369281277,7.49486739364875
7.97158307357434,12.3689710051232
11.6661578478086,7.15385907125341
15.1053767218576,12.2860709497374
10.9723223555002,10.5457163775113
12.6123126955282,13.7104389456513
8.80257755415211,11.1033488839767
11.7363650067274,13.6622270155174
12.0254788021981,8.92235775481811
9.0547893449391,12.8453094665553
12.0892366549244,12.7003922709948
7.50520478967568,9.53433997304065
15.0183560540302,11.2056602759626
9.69336820907173,10.6585615103638
10.2515659919273,11.0973107818
7.21499359902504,12.2488961080867
7.60052709145974,8.60887704753874
9.43649321612778,11.2980961386551
9.10489713735167,9.89367899637912
11.4465877852286,9.60299862103633
14.9241928666327,10.1927105147297
8.41887794641524,4.17156823190328
13.4887626470821,12.2953714196754
11.3927223249084,15.0056486623689
14.5872142832856,11.3885546607824
12.5706352004977,10.9928646970065
8.56085522157986,11.6441022008486
14.9844525994575,12.3332425580667
7.93335988173033,6.37499265520059
9.30142005708,9.35362675339593
6.66468367692737,5.6359209805372
6.13051059993695,11.0923758000325
9.85913408647274,12.8159355533303
14.223683302759,11.5187295147427
9.83405480838089,10.314542562266
6.16631715933338,10.3579449212175
11.7573986441638,9.45075041283907
10.5901335072881,7.60282949138728
11.2231730242859,13.3334543004347
8.5672580052632,10.9137304987818
12.2399107498888,12.9106930653294
14.7929562827699,11.337644845649
11.6119305155146,12.49315708364
8.89462179834938,7.85442085888652
9.59633316691546,8.85772571037167
8.21361126427191,7.2980154296124
11.2115852488617,8.07037567066642
9.27126929837455,8.58879217030505
11.8212560739028,14.8394538678509
12.7057151463005,9.7693029545272
16.0739259078389,13.3854475534735
10.0327404663229,14.5777542224779
7.56517871381132,5.8536825814065
6.53260367703381,7.91911517238045
8.18653908883774,9.45268676762077
5.74144547453959,8.67479602063553
7.28335605234907,11.7971767578251
6.79942883783587,8.32636340929229
9.15262303697111,12.5576889475174
9.6669441449887,10.2965718004503
9.56580315670319,12.5910170683515
9.49994960609408,12.7069169818684
12.8894358518211,11.7213105978837
11.2911619135295,8.85641139892261
9.05173024940038,12.2088340403218
14.0534827278494,10.513341988029
10.3338137175091,8.20216030094259
11.3438396306919,15.0066869542444
9.9455889225698,12.4032753505463
9.26074431540876,12.9404176106031
10.7989857644687,13.1611709778639
8.50356951492294,7.90572778036119
7.37806622544118,11.3312526517055
6.66111756663626,5.88454458186188
10.2845872517543,11.3230267223185
2.97313105623234,8.62978202296214
9.70967246964247,7.84324448423026
10.7546338595017,13.3385779107921
9.51992404418584,13.2884545340951
13.2641709526771,11.1950019254021
8.6606335463447,9.89545783541143
10.8570484065443,12.2388354427607
7.50349634220076,5.5324439989457
8.73454690287916,11.709589730263
15.025203676834,8.98464394137251
6.39763310254629,11.8679002028404
13.6399845089874,9.1543245330194
9.5248493493888,9.75942044709355
9.72677172674457,9.00427562080292
5.00469549018097,2.87050887243191
10.4113807705442,14.4319170810288
8.04174377047399,9.60940238236035
9.05727296539402,5.19836478546647
8.45783213475308,8.41335559187635
6.96583738700347,7.39655507212609
9.15551602839248,10.4978258066638
7.92591960512003,12.3779315299159
8.49351108833088,13.1240801503249
14.2397213715612,13.8436782663557
8.1094611852844,10.6188798778784
9.6559756345276,9.32457364961938
19.945360407303,13.1347357796223
3.99905351750655,10.0086732059934
1.72998510244642,10.7235695024678
15.1032504312989,20.7592556840243
12.5412114561898,10.2543761275154
5.09650045380883,7.8795204214846
3.7102500171917,7.6405086544882
11.5957064515415,12.5128533856666
12.6108252007201,12.6303784193475
5.79561934314235,9.75029944035396
16.9893740550437,8.7801155656334
9.73956450347604,7.81288385649668
12.7339914628701,11.6566247024148
8.09834849401467,10.5425651654369
10.590301356629,6.94597487242432
14.937089927665,14.0593278361734
13.417327235885,14.1830944389289
9.45524682565838,6.79923795248502
9.53855298661629,6.86572331959162
11.3097961407861,7.63223483771464
13.8653799206148,13.8601214482989
14.4178877376652,8.68163882345646
11.864689913414,11.9904692812411
8.55523654207466,6.0436413798182
12.4396591675811,11.3841505900423
9.56428276578564,6.94213249634652
5.40172779413251,9.17079503700588
9.72704942433847,12.8757626736643
5.72486697626894,9.38451122894094
6.66072378245096,5.6784229628176
9.96771603593116,8.01227529403531
5.67779210634794,5.5042474798317
8.78581467769394,12.5310159635002
7.54396427987922,6.87816219808905
6.49585245442713,4.5064979272733
10.5350875412774,8.1597255322687
10.9075954538704,12.5829916551601
8.67328453855536,11.2784599540498
13.6352197616549,15.2484477076407
8.64853791925263,6.99810450178951
6.70429424044534,8.01292802204974
14.1265738519019,13.5242320129694
14.2611763515818,17.6715515241653
12.5364900746285,10.8408010930289
7.42440151526525,3.29029857965041
8.72566442552502,10.3081550955709
11.643322955449,8.44015470564947
12.7571865223985,12.1151662413839
14.2995081699734,12.0147058499915
4.04308468867423,8.0127303643942
7.08710124330503,12.1344686505313
13.6893923883011,16.4562464188307
15.0316245586402,12.7697690454948
9.20969701722616,6.1174907905693
9.19066621444278,11.5286973104254
11.9945643549284,13.7820036092608
15.6848964844967,12.350948238642
13.8351572022873,10.0217084219311
10.6587061166759,12.3298745886174
10.3994073599378,12.30299175437
8.47762484897753,6.14759088697803
12.1901527155705,9.19685630765685
10.0079162752036,7.39968939533432
10.5662853499204,10.3486381497342
13.9821657670468,14.7790773193067
9.6915445070195,11.9746594942637
6.37461918721213,6.11045478890375
9.68929118528241,12.756259257022
6.8584404738159,7.09937030214096
13.4341681151845,10.1171542341769
9.62401391452151,10.4427102064745
13.1601032148754,14.1926077764009
9.61908309163968,11.6612576463708
9.21693685790888,12.1788613320672
8.87284209835632,10.5480695362722
7.35470407760483,4.29597621867408
10.1241147903579,8.6211403649023
14.2908578623838,12.7290584595257
9.37553809513048,7.02361860184701
9.09936260158888,6.54640007097792
9.30897002177093,10.0805378396637
8.86486552114997,13.0882832653764
8.95696584691055,10.6730698764728
9.41278640894659,8.7150181390703
13.5862472558696,11.6100936505062
14.8459750392385,9.34158217429073
11.9214354144371,10.1108683526429
9.45452042550537,12.1367042697693
11.4890522304679,9.83101794362629
13.556704186013,11.0815931018937
6.70491039420341,6.98111951478481
8.1269551522281,7.2330346007033
8.05088330246836,11.126218616769
9.40885029825365,13.1316711948708
2.29046905020665,11.642227791536
9.23552249989878,11.1939405054954
6.00363243859883,11.4823449438862
8.59141852885274,8.73412715145163
11.1704912566448,9.12703930118791
12.2896869092217,11.7259367661403
10.8133934577381,10.2872558598875
10.4653057858498,7.23008846673707
7.86485129791552,4.53592143754359
14.3415086680885,9.65635931921471
12.3784132620779,11.4160389002923
6.67167053111116,7.1062375000182
10.1846735307561,14.1363871055465
10.0969946334518,7.91446770140671
11.1488835952771,15.4647160969302
10.943599631667,10.496582955079
8.13911121142535,6.42938278854663
9.78366774145485,9.88946614726627
8.93447216408057,7.15426482529609
9.23746875960712,4.76355877184702
7.96522145575148,6.33806994152784
15.3849064870681,11.6944021948462
7.52570029341067,9.60843072901694
10.760145512131,13.7955560049422
15.970605257949,10.8498845997327
14.9085578077935,9.66944626018648
13.1403099658998,11.7122033305096
12.9797928845643,8.30808822323741
12.5193776563561,16.6775238853596
9.02371486835343,11.0870196360166
9.40373853131632,10.1759860032497
12.0917460409643,9.54496504497964
7.82020282924769,9.68724544631461
3.72379560026953,8.85949199446471
10.7023794006998,9.90705915546186
6.36836913315311,3.00857808247208
3.52695672557144,9.55785908929466
12.1539568483682,13.0631206001189
14.4380952114329,10.7093963854956
9.24163403278784,11.5093115040347
9.32202239718002,5.83792879405095
8.91421051446587,10.2596264568663
7.29272767953726,7.598075605881
11.8121502797646,9.12154956267747
8.29981511750193,11.1228311280901
12.2968667405439,12.3285526620417
9.67023595488353,6.22359772558447
4.59952885364272,4.43381789324669
8.2885149317839,10.9526982174354
10.7478145294665,14.3462900291897
14.5716258762404,10.6669528179677
6.16642153979035,8.9775744843702
10.2521226171749,12.5188584163841
13.2339149597505,10.8978218718502
6.10895068153457,6.5017520759097
8.58269226088103,4.9898374036254
5.01700189883063,4.00563644786471
8.32758778122379,4.69361316497692
10.3911976173731,7.80256019707365
10.1460102319113,13.9566335391149
8.8623523181293,4.77848152005265
17.8152656114269,15.2105905334011
5.00262571109431,7.48084136527433
13.8160566782432,13.6079848297167
10.6046295811154,14.0208127912872
12.557401760074,7.54113573769223
11.0930066065612,14.2809646836296
7.62061870490761,5.32495843162376
8.59830489643928,4.564175766341
11.8864337040857,11.1527272831567
11.0486415371015,10.6276072101514
14.5547103855777,11.4430275543349
16.6220612432448,15.7145637701449
7.31558471723027,11.3368498767733
13.1150782803392,11.601870683319
9.35820991845645,8.01699845875481
7.81908564326571,4.41049772928188
13.1105515603702,10.9269082231917
18.5966871233425,14.0300889449258
14.5035622769062,9.28452610866512
7.93665151239734,9.3622058958345
10.853134407127,13.3059374910576
17.2041634075008,10.0115575759527
14.7097525922692,18.8197425076711
6.65944262286217,7.51382110699911
13.0139768077793,10.7516729359608
7.75507089439911,12.5567680353725
13.1442343579184,14.9448747287872
7.47946653948009,5.99459169225787
9.66475681271938,10.1516636764889
9.66436020360812,9.4257366361907
9.68681048178142,13.8502672391141
5.86739395867467,6.06796209576322
8.05427279333386,11.8795699330571
14.0090917431669,12.3166204738492
11.1330651275078,13.7758257140064
10.6848470466241,8.25540057794149
9.13092912583165,9.506913940243
16.427234482241,15.6701496761975
17.9757386473467,13.2277162074567
14.2466594091528,11.4061723436048
11.3510432900188,10.3002548883744
7.04143783874067,12.430815047264
11.8810987027678,7.78140088085571
18.7328201116626,8.46460517384674
10.4682710431581,14.710702583928
13.9347851696627,11.9099632887265
9.92424119694253,13.1787913018574
12.1426944061441,10.9768686176471
14.229438904051,11.7911746527666
14.484714575714,12.1589059460499
12.9637113684499,8.41927141009947
8.35332110873481,9.62686569508163
9.48819603199823,9.56643938520974
10.6458871422163,9.55232744481844
10.0815607615856,8.09010360308951
10.6979278168003,10.1945861104557
11.4193269694599,14.5508372035261
6.3887086733243,8.71407507194944
14.6609550712601,9.99578807989453
7.98468481279211,12.0357354803199
10.8945716051506,9.57245772699781
11.6966286729988,8.35871007090575
11.4736663603025,15.6341501520584
4.13156788945423,8.99920220895291
8.66778204428271,8.74281344831848
9.33967782219766,6.45328059348238
9.28408456345195,5.55303573516165
4.41203130369815,2.58322195597299
16.0713749852766,10.4152194524237
11.5537622791488,9.67613255017304
9.12321892495124,5.56105507562641
9.43296317458067,5.94519254682998
17.0850213887429,15.2065930631706
13.3471912287178,11.1142981826813
8.04825463956,11.6017472477138
10.553059945615,9.63242381205784
4.96850800644357,8.31600560554331
12.0897366410387,8.4501490224422
5.71300087924419,11.9713924331465
12.3294611254552,14.2989676477848
9.99269170450795,6.27042678325164
9.09041184928777,11.3067769127757
10.3002420098815,11.3151011174606
12.7656688766597,13.8796295258766
11.2934757632132,7.25621679381997
10.8917711139648,9.35729495268646
9.36321170288556,8.96829855695087
10.6217563534458,12.510679308867
9.4417909256712,11.5144249796795
11.4293298264044,7.22411621695899
10.6628266520844,8.69324065780851
11.680743550156,7.48879659456818
13.1530943675513,14.1811027812005
9.14861957161393,4.75540273059608
14.2757213652104,13.1137077300522
19.3641432179635,17.7528572632418
13.3366509872825,17.3405714594546
11.420042754851,11.5769298614029
2.27593400004734,8.11882977820876
8.73324855835786,10.1632407111552
9.05512894590303,5.94618309861395
9.63739816706487,6.44566926751846
11.1265946393523,7.85900494719367
12.2180604246196,11.645442832478
7.97772420707277,5.09043379967221
10.8080873941347,7.58778014339141
10.0688483338203,8.90580638232827
9.24703446141133,9.3351043201413
4.55605560960597,1.24516440484605
10.4338885028077,7.72199946898869
12.5780030108558,13.1448394227409
9.32630930232975,8.38823918078146
12.7564171656355,12.065771034782
8.83411984035417,10.4380552012955
10.2758921407886,8.3866327994106
11.0190456774073,14.075461113583
8.91935925462505,13.1906158524209
10.2460004835162,10.3460440779112
10.2957770039925,14.5667156669337
9.25137971839399,8.56564549851692
10.565014684854,6.5749625124109
6.49678445420107,6.65978073306857
16.6132119946742,16.8637206233057
13.7235686290444,9.38753115566923
6.28427003873422,6.63552536720742
13.6424764588538,9.36782074755508
10.2804575963106,14.0955465627615
9.32801186889584,5.94625247354682
5.32667624927056,11.9917274856668
8.36001009034239,10.1207896051272
9.10618762877644,12.8211135294494
11.6528495526244,12.7008743873866
7.30833512366538,11.791158520984
5.6513342284337,4.74649601523407
11.0276234214743,9.93245367658196
13.9690369920047,11.4331831319015
7.69080175209894,11.0353543753216
8.14127828068285,5.61105130642213
12.48518752058,13.1034825940279
8.57694836312885,9.49218986509523
5.29460001454266,7.63994487313952
9.32981092669912,6.4854641846577
14.0105105223351,11.5362855573588
11.9165204424117,13.0167894364311
14.6663855887847,16.4777691244515
14.016551853914,16.7809193647823
14.1091746905777,13.6537632798751
8.64959552106593,12.0040938272426
11.2153592225449,9.15880202540277
13.2608701696663,14.9907327719328
16.7848287650866,15.8962048855523
9.81999278740775,9.95255678653316
12.7759814818666,14.7517667039999
8.9611355924069,11.523264648093
7.43651170407128,5.52318692975328
15.6064188317459,17.2131241004264
7.1141606334217,11.019332100923
8.04823709387217,4.37362432746914
7.41068230398198,9.92246746994228
10.0620479885072,9.99416817369801
10.0638511139613,12.4565440615663
12.3007957750611,14.8729162090614
5.77044042709141,8.89600191269004
10.2005107607157,8.09006211547591
11.3158795124427,7.41134672497389
12.0189880454783,10.2378259247392
8.74191043211349,9.92165621056997
6.82674405843761,11.1456133895136
15.0363920104264,15.1697441906461
5.0794142977532,10.6645782499395
10.8871787955569,7.87742438208956
4.5395721447413,10.3220223976879
11.6726144235395,9.22648088781154
10.4363678463085,9.00813548875424
7.07756269681251,7.39781317419348
9.66914822636044,5.73846525231656
8.92972874517951,11.9219853161705
7.86293385440243,6.15062566653085
10.2715435978263,12.7360170241909
10.9698184957111,9.71425875192025
10.4583997442013,12.6128885344612
8.7747328673518,12.7670461186266
12.6119179861427,11.5186201995729
7.56102493437201,6.97254199457655
7.42103168272487,8.4845860627592
10.2085218620192,11.2822089205847
9.85100594589323,8.11333658849281
4.39398480895295,11.5768649838612
10.2917847318236,14.3585623137507
10.1220727781735,11.4661280158548
11.0366137327091,6.93608208959609
13.5192462038489,10.2743082815847
13.1924347304552,8.15065009474613
11.4087211976724,12.4070641538143
13.0383907508225,16.9092951627148
7.70337973949792,7.70223484397568
8.39470274378533,8.99395921466173
4.14952010937206,7.8563224017859
7.90279859853247,12.4071264774145
8.86995841252888,8.39765245027523
14.4200693197036,8.12677898424423
8.08244808655291,5.87665435273509
11.7308951654793,7.58974141515889
16.1456905750617,11.8686431406019
12.0583223577335,11.3475751433854
12.3297772150209,10.7493516203941
5.79912485775786,9.04388920509232
8.98206549208791,5.59173006134604
9.40855555265334,6.30322326828386
4.6790600584952,10.7016385746444
13.1894360417538,9.31935968463523
14.3808799372689,11.4152981765947
8.7329766442084,10.0899550495506
10.4669801918596,13.7419493137994
13.6500572757803,12.7295980155044
11.7815223114153,9.00477128835446
7.1025778568242,9.69009079623556
8.67524026298828,6.21114687279793
8.21221126960054,10.1630286906961
13.1509883789123,13.9297968384575
6.32417952038616,2.63204080404423
11.9928303920713,10.4959923567285
12.1944255465865,9.72355704260444
13.9483915066367,8.64950402314668
10.1936884837681,11.8158335190012
12.23661120099,8.29397350756041
4.43469711693149,11.1936887485264
11.0875091578246,12.7231095360038
12.6424738626391,16.1413549112484
8.49952662336181,6.84390576703526
7.30067842171137,9.46515553751846
14.6764468475304,12.931084548124
10.6058965982113,7.27483248116
9.96132110234316,8.27711611116581
6.45441931241714,7.63368030283753
11.1710904588329,6.97304068262538
13.3189599477513,10.0302785805658
7.99947897028318,9.03779938284775
7.59197525744864,4.11680930930149
13.8971319729677,14.6350141658221
8.10622046535719,12.9196839618214
3.18845663074447,2.78225793490062
13.7043593037276,8.33210823216102
4.92279158110134,9.09934339383797
8.26692911535625,9.39531797847861
7.54194789833536,9.8472907583977
10.0453711368422,13.9043857628315
11.6965309222848,12.5411271863956
3.65073378358267,3.99806785029124
14.163559391352,14.041053567673
10.5696052756399,11.2687131066539
5.24363418967159,6.32893003383965
11.532586834239,14.1008658199489
11.1222473261614,13.9767226479882
12.400035362584,9.49643478120584
6.77650716748523,8.06920915478385
6.12267510344204,5.9711623538666
8.82899293076238,13.2327995571784
11.1896379194842,12.8812954441606
6.21978191571315,4.06180080916064
-1.30868101736031,7.99650910908805
9.28956077704539,7.02377177384848
4.46323089313674,11.6091706126948
12.1533203371528,9.54150802680127
13.0818914702666,15.2234107204196
13.6173469988975,9.04210980240722
10.005503815432,10.2916379861842
13.5138969677591,15.7839377174598
9.41802012222035,10.0367623759444
7.10857564740654,3.25349619812982
4.37629952183905,7.59785278322448
3.58525731396949,7.83853346753169
6.95295094171412,6.77535566962541
10.6109200395004,6.56716410448848
14.067555299387,8.61869367189358
10.3008897186323,7.99572068913158
7.40718592329056,9.94593743734196
6.9493669021365,10.6131835863461
11.6745879585054,7.99191445148894
13.5104607481079,12.3599396400664
8.97845506181168,12.481484796878
6.01767439884113,6.87094203968357
13.0521194848647,15.0527565545482
9.44492795574754,11.4897987142393
8.3705286113475,6.7488375915315
9.3000626722165,12.5890272321226
10.2005587149923,9.65449663340737
10.3833769252201,10.9486605218064
8.90915792702672,6.68337051663003
8.6703630048225,10.4771219553366
8.37290568016796,10.8920475656618
12.0330207250453,10.2426604175291
9.48834306538516,12.8875887368482
7.69260425940522,11.2570407399751
6.58318382737978,9.52768618865875
8.08797884985931,4.11840125788211
11.4365426211266,9.90082642411175
9.75044918462322,11.950280480358
7.08747347457763,4.07291531717641
10.0894223435119,12.1217993379046
8.26866105234976,11.5483498139232
7.45469537943246,7.13614856340855
11.4884766193527,10.1528128044248
8.52144856569972,9.84572369751526
12.2491487477769,9.77150204598584
6.08505474144184,7.26631810774483
9.27245735996794,11.7870827153698
11.3046979661677,9.95447645697232
9.8278176194501,8.92327230203974
9.6193126779689,5.77216643311046
10.1624060493266,11.7386902172635
9.19721700723647,10.6671560606522
8.6240334169084,8.67978781590475
13.4151236688371,15.4885454194431
4.24716386759293,4.19414515086121
5.53871368561751,8.89250290932444
10.4790644913866,7.9546246071542
11.0915961125763,12.0425116503287
13.8405121626054,17.2864634676107
6.25038955837255,9.32178087825741
7.91106158248105,11.76075279599
18.0847945702415,14.6698084178029
9.06412791968089,12.9123383110242
9.898671881866,7.87291486756615
10.0902045837691,7.38154382457783
13.6973028800352,12.6282882015101
6.48709502378188,4.17382962074863
9.66029763902667,13.1912969831364
9.99268316264491,7.80083452551251
6.16635530102436,10.6241163555503
11.5560963983569,12.2874006057554
13.9921463648968,12.4390343958589
13.9857873710182,8.92304870714474
13.9398404992697,11.5839768247517
11.4844137851242,9.0251445948881
7.34124524800913,11.8819255052622
4.36085001259045,9.41071755322174
5.37565773614078,9.52879406721734
Rho_s: 0.475348111348111
Rho_p: 0.507481975659741
IC Time: 0
