Rho:-0.8
N:2000
12.3472319363731,10.1844542502817
5.97405345794877,11.3982977185459
7.87034107816796,9.38835809827879
7.1588698223698,11.6513010900207
4.55299925797536,14.6864284502849
11.9966761398733,8.53442065145689
7.86154965297247,14.0694291822333
7.60129971142439,11.0572037495946
7.06379835608641,12.0187829190075
7.82051104464173,14.8040692516956
9.36022325331003,13.3273340781881
5.47438798235256,10.803445539615
9.56135421909174,10.9756859351913
6.97228691888663,11.7694940103145
6.66404870643902,15.5240983418841
12.4325660418685,4.13986625696804
7.19948529152219,14.3454880610747
10.0829584443383,7.99923242693253
11.7776241858581,8.11272645023434
10.4629008391183,9.91328190867337
5.33324092148684,15.4109933214706
7.5508918843629,12.0165260467946
15.4244087775505,4.34102513328486
9.1100059165752,8.91377407420197
10.4828546326871,10.7132705221638
10.6198680268173,12.1217962924732
10.2763418546474,11.8686399926208
11.9539026154276,10.7555790738197
8.35219068266797,11.7233686081367
15.234078595032,8.87671332767829
14.3059490293373,9.25005146468633
18.9508697694133,7.90636689996101
9.23989596663699,8.45598854910003
10.277207095306,9.86576103389876
3.77931321752715,16.1926925824822
11.2614989873513,6.37483934629302
3.91037531596212,13.512899795952
12.953576905229,7.22048470573604
6.92649784701391,13.5881425006025
9.65261491581487,11.6736191119706
13.1642852693791,5.67901444310382
9.51593350953625,8.69158209805214
14.5571629186912,6.73689263003528
7.51487536717569,12.678158684107
9.92186072435393,11.3327528022176
5.24502192214108,16.9691540182137
11.132387279806,7.98539983969621
10.057722149935,9.21887444712838
16.0265792246944,7.83510010060436
10.3067985558136,11.9201224327394
12.8548515655761,9.97466432074207
7.23790722857996,9.74554427269909
7.75495035338981,12.8094518185987
13.013315376552,8.30320517308588
10.4282781402945,8.14805748668436
13.7262405368046,4.53475722234705
-0.391936644021023,13.6814806170139
12.5733049903439,5.01950095786485
9.47568478336388,12.2164353240517
12.7359158216769,7.74896843609431
5.20185937654625,17.0436368082445
13.8123303379985,6.69745564720585
9.10377522631929,13.0754827358477
10.7631352922607,8.39952837358532
6.21209568127382,12.8252990438502
11.8499276692347,10.6206804580394
11.083167779459,11.5184710263289
10.8363899195093,9.63035995216643
10.3614649834619,11.8743451632544
10.9119121864086,9.77990737919772
8.93153038838254,12.5721275714356
12.7247974853956,4.83476721333817
11.2022099638985,7.69300712872525
9.49602903959565,12.3470370174802
12.217232894666,9.27804900403733
12.3995382419135,10.4923475627158
10.4458223951734,9.02432974319337
4.67685598785115,13.969416897697
8.07247287663816,12.0587329573016
8.60663512008915,11.3081181753227
7.27652769752656,12.6618772048598
13.3329493123762,9.96483058772127
9.10885585320337,9.86120506205628
9.57113004198199,11.3336599754325
8.73924669530802,10.5616039527136
6.25776895487228,11.5298554671582
11.5142223557405,10.6809253783915
3.50488335785407,14.9415577884682
7.80797585454448,13.0717951870776
10.9245798076008,9.12973005162908
12.9598064758004,8.17702071379646
12.6646564432686,9.23899618658152
12.1624444496448,7.98910894561384
5.39163446380669,10.7110497670954
13.5981964745307,8.90193104828877
5.96259715607802,16.970767101503
11.2959313101913,9.6043561563729
12.3699371784445,8.67851421633073
15.7885223874303,6.23409168121553
12.7363016141112,4.04565996266798
8.11480018466409,14.6681528399798
11.5794441100286,7.14351557429945
9.33841460303741,12.6861123199231
5.91368213226585,10.2900098323269
10.120080122855,8.68508507815838
10.5211136248592,7.47849185132329
7.9956205236017,13.9203269716712
12.6742682988534,5.70519981832938
14.6670821253688,8.74795661618397
12.8594926142798,8.73829090552048
7.44510733893899,9.97481961298281
7.12528532480702,10.9122513775513
9.9306210101343,7.34155371524951
12.4741784433006,5.35826407209044
12.772336225894,10.1182048053031
9.35229445047662,9.33139852745781
8.87679433037448,9.93693300694069
10.2646183292782,12.1968129312465
8.89684111554336,12.908636971995
9.8111000031328,8.95963685173661
4.53840031070441,10.9280309220837
8.95728050337759,13.2439603567546
13.0580552973991,5.85843377645965
8.75797651555483,12.4975149428798
12.7376205955124,6.50429132410529
10.9798702156341,9.75302234946189
12.0884613721225,8.05409757871315
7.06337764881015,15.3144199835543
11.7656044808649,10.0510979937217
5.69213478186902,11.9597144127579
10.9077040860743,8.15762517845685
6.5135538140433,11.6191749614423
7.64405980119132,13.4369284366524
14.5911851475315,3.54719630814432
15.1534268684259,9.20478410113365
4.49913048102673,15.1430910182344
14.0550973201832,2.57124292719062
8.35025160460415,11.3714777494835
13.0965233884327,7.20397786708298
10.7949441867649,9.65144251747882
9.7952526226683,9.05875795425559
8.54697385798159,12.617830271991
5.08130569041679,11.3775862871525
12.8965355603329,7.79475682164562
11.3855494008804,10.8776651351299
8.61859033718708,11.3199575830541
11.8065124126212,8.46506664452852
13.927743108886,6.6108365047729
8.07124454689685,11.6233003456391
7.04474618312176,14.9406090337552
8.69207596081211,12.5951497819036
11.042500489058,9.44101225571653
7.32867266865536,11.6958819304622
13.3091503052346,7.29344769495716
7.31055824122605,14.6416402913478
7.7453565167812,9.23178212906364
12.9886119119296,7.8334308763855
11.9711317813413,8.77111147169145
6.33097408224935,15.9544924357125
14.3153835179465,9.07481084744665
6.54474514741553,12.9933301970587
8.76339219404515,14.1533587265489
13.7948419058107,3.37446413637544
8.91987903194861,9.03701724438253
8.41145050814615,11.814995923063
10.6797244034378,8.36584726374417
10.0328409850613,11.8699328232907
6.86731648342885,14.2732976208346
3.22251731647377,20.0289169042245
6.60360300905745,10.383437486801
8.89206407386003,11.5124589208909
9.97255905364838,9.90838398449938
11.2957677992635,7.3779482058398
9.88340769273912,7.93168995906479
8.08560497826918,12.2449216665969
9.98193320302715,9.97296083603667
8.86598402635482,12.4169205888961
10.5695506142755,7.24728681481865
9.2759561685652,9.53370161411112
14.3572425315695,6.35015401821665
12.4781996506517,5.03041307980134
10.5680511258061,10.470992738993
6.89655538016336,11.7970080336353
7.66270277219576,13.4800966841838
6.0040046328521,12.7965403359954
9.41474208437828,9.72786621434954
8.087641438571,9.56173857056755
11.0101174329894,9.76649378870238
8.9298876644446,13.0233554831316
12.0303828185388,9.83920399998446
9.73856720507406,11.205177239921
9.625341471815,13.0684086433413
11.7669361982024,5.50533169215028
12.7848454074217,9.36808555499489
13.9016326539042,9.18778189554581
20.4613371438309,3.76432250290638
8.05329586305437,10.3463673211109
8.40608200817818,10.6312176098051
6.07165685376086,13.7797852888074
8.47221540354548,13.5318813808407
10.8072716239794,8.3743411515988
12.3636887188187,9.92318202383487
7.6530102850529,10.1460850457646
11.1519560704381,10.3824916961446
6.90663924964221,14.2532892261621
3.98763966760997,12.0087022007347
9.33853510700629,8.56125531791269
7.84834510541095,9.90465085699808
10.5506857122621,6.69997664740673
12.5769126427046,7.1583017665068
5.57354019122974,11.0069757871647
10.9356755076306,6.67762331193271
3.39479744672354,11.6827943895323
6.21394866044604,10.3826321590299
8.49197663878736,9.97540994160989
11.6944692241068,10.8191570266844
14.6374163998138,3.50012257351983
13.9578293988146,4.29024085445308
10.3419671828892,8.11292618900613
11.384670798571,7.99835277457996
9.7392560404434,12.9910092315164
11.6333629651597,7.60531928685713
12.2406844930798,7.03818127511565
9.93978127555291,7.61717352650969
9.45778503743819,10.1241734709537
12.9061900532228,9.56494907336701
10.4778284362867,9.38228335640995
9.48586405314493,13.3895065302253
8.31010033006267,10.6587014847827
7.73810392659972,12.9470788309407
8.22518353315205,12.0138972869979
9.9002757304945,9.30901321172653
13.7307474094085,3.67679745829126
8.74626474642471,13.1730285768948
9.48429183130126,11.8135317042406
8.69853349993206,12.7503272864539
7.46862012795088,9.43804395558181
8.58480271893316,13.5952872979722
8.17213106437676,11.015212011518
11.9133386707387,8.85172298804704
10.1381669804858,10.5584233800331
8.50089518273515,11.624328412617
11.6037529924085,9.05458471322572
7.73317771653023,9.22992155452656
9.40500121824915,10.0892050608271
13.7728108664182,6.82622047872539
11.1401069958359,6.75957925669936
10.0849534464749,10.6715725721652
11.6470286706312,8.94089347591251
10.5129544074121,11.9377163075272
10.0458424333704,12.4377522823312
6.55842744850619,12.8213522353818
11.9192832280307,10.7855820870249
8.60400646844468,12.5401842865462
8.70746390262424,11.8859714505848
7.71576171598358,13.2182113224754
8.36343161562561,9.77081325737973
9.98815440801062,10.8548118324649
12.6985057676579,4.56649005242802
14.3060493027776,8.40761183474438
5.21559847266615,10.8483414822839
9.71748319206814,12.095917708953
6.80807750116264,10.2789778182225
3.02264332373634,10.9197781250035
11.3094062254928,10.3558649504479
8.63104205152874,13.8767911769956
5.41166577538698,12.6288148061604
7.79449807858239,11.3891042759202
7.46645059185229,11.345993381896
5.66852164947284,13.5727445636293
10.1100543534806,10.541926264552
11.737035810679,9.93138956612159
6.76428933831119,10.4991423558959
10.0803519117932,9.09637556879747
6.60301250279728,13.7308565624101
6.89442010042104,16.1395854713563
8.28111414318318,13.4676140241467
9.23379739317761,9.00335599076999
7.41655994316604,11.9542466831456
8.25960445869787,9.26412302833028
12.3882046179786,5.41510028277039
12.6820816593186,9.1780769772481
9.25253917798147,12.4666790939744
9.91297721374279,10.6281049810344
7.91746989158952,13.6241768381382
15.2517653509471,2.89176720358993
15.4228291893041,6.26319945467738
10.3571080912624,7.32418604622479
10.0663994407144,9.88043593927187
7.00919492791114,11.8599182964357
8.59082242345221,14.0424169738113
11.8831721722684,8.25527412101236
10.5755654362169,8.50001712780976
9.30810381973506,11.3766637820853
9.87058779084225,7.72365097504764
9.71704114850872,11.6079330595411
11.9836317531379,6.13251925792958
11.5281896839735,11.0408322723584
10.0327512947129,12.1130394730202
9.26002933246687,10.0038420519272
5.92318113895867,11.5826619215643
9.98448981240632,7.94903849396826
13.170133677134,7.90617867044776
12.6030264874609,6.93150342673572
9.93285347314122,12.3053992439521
11.3341998145449,10.8963016935847
6.56397556520287,10.8880996105476
12.1421702450066,10.7508588501405
13.1283282642526,5.40074632051368
13.4504499849244,6.69730402591493
13.5488801666891,6.39957097840043
7.92684727159046,14.7821204798049
7.50077843477809,12.4927879369789
12.1656769954579,8.27834595197837
12.275106064636,7.76946776916273
13.505999473968,4.57159390796484
10.2719271194022,10.357532872981
14.3232293857053,8.83502936374516
11.9456896784521,10.0274145087208
10.7079628027877,7.80376491416081
10.914811728066,6.52659204943492
13.6847061766343,8.03502188671928
11.4276253709392,10.6087138366909
17.4211412673211,5.41191635604081
9.17986141686828,10.9498745248063
6.58094894256826,13.2996349202705
9.82151187577371,11.3045731732008
7.4403121773568,12.4424209800538
11.6685791701317,8.69362827978509
14.7921320255799,3.96757194382149
2.46029408876444,16.0012897328001
6.46857089167096,10.8083000999232
11.6759570742897,5.96458702936918
8.38596994370563,10.3650550216333
12.3292946962699,9.3933215433245
8.55381268106662,9.13411599597848
11.146613839792,6.99084282678063
12.9302969423397,9.08998535096913
15.7620295428887,4.59061723159744
12.753775146993,7.41507008058778
11.0430284577811,7.23320763565117
7.02264224718347,13.524172645988
10.5394531512331,12.300041626946
9.56792185104558,11.0495455112079
8.31990488554369,11.5757947980156
8.21217855005684,12.5247267721169
16.5122672647674,8.16726183682113
5.14598562581422,15.7639506212457
14.4730833515401,7.38546393152558
13.6781327953987,3.92748117750522
11.0586973889741,9.92985240720612
5.4137222986608,13.4978098942369
7.58879973200885,13.9295499242585
12.5935689080365,10.0948444674527
10.3220183805262,9.15536451780656
11.1518560875404,9.01968401270815
13.0053923639072,10.034634222016
8.53836842733379,12.3737803905996
5.27659355016506,11.4936145702293
4.22632989667597,14.3663050956616
11.6779107443554,5.200675654921
9.55175992830622,11.3722831719273
11.2651895806145,11.0510040783547
6.77146255897543,14.2508361469064
7.9250248934335,14.0438670649328
7.95378902113813,14.1434129594134
7.05331935176468,9.72627115916015
6.99622408372152,10.9531892214918
9.45518135945107,12.3244896304989
14.6495591021888,7.41642117418192
7.65034725495828,14.0261863918663
9.41416922382704,9.89353856772161
9.68528337853573,8.97882566341345
9.76907173347074,10.7207725148515
8.12664209743124,9.9006488945439
8.61743502422157,11.9969406125766
9.24680438140595,12.3491576820899
9.80227812009975,9.5182668528955
7.51265579075083,13.7320109800477
11.8178000385469,7.30161980555884
12.0768180678003,6.61584162276891
5.78730443146049,14.0312681237335
7.84114177508356,14.5941179266375
8.33096679033033,12.351351296875
6.91074463252711,13.846232103012
15.8261503108285,5.16347038111942
6.11876572125731,17.2012750021162
8.7691985151942,11.5303120042543
13.3167011085818,8.01945109296787
10.4654111612924,9.91669248713683
9.85354239407981,11.3480360369843
7.88113324400014,10.0486417122139
8.65939270296834,12.2567205930524
9.40092716901113,11.767358339122
14.5546050376559,8.24585710087087
6.24099579870237,15.5094975383447
12.3571140644141,7.90466385951937
11.4191354253577,6.39514334321209
6.20071675660719,12.1559197032014
6.7568204208093,15.8183807561839
8.2612777209074,10.6207757279576
8.19298977572898,11.6098757835318
6.86855445625355,11.0937841791209
10.3662231854394,10.2175563533966
9.92005537009272,8.1953213475538
9.99160679020065,11.8997663087442
10.7518681314016,10.6839796439955
10.112527589601,11.0697110375613
11.8215412469153,6.50030531795706
11.8963774287651,6.89789639331355
12.6182701731501,9.90927695671391
10.5897393624768,12.0021561400738
15.4627988215538,8.26730205699023
10.8276279006167,10.604552432832
11.0567519107834,11.6366022681847
18.7074809373914,4.87454038873786
8.53373758033739,9.72502361455735
6.98601866777361,10.5857756913713
6.91404183972516,13.8370919489775
12.2705774229515,9.98519011165998
13.064008615089,6.56171113867232
2.5505140976097,14.6996285481076
9.00913684952079,8.67104336637158
7.14030516372758,9.77711193770108
11.6638294783202,8.58355231388361
11.6543877078266,6.17914527976892
8.97238778477303,10.5879646302309
9.03030790457704,11.9121539036002
13.4430245165803,4.52389672562556
11.6945383752707,5.03962236665754
11.3776837605553,11.1751329000721
9.99546274304006,10.6786825373252
10.9497726171291,7.37005745982131
14.2684222291823,7.23715546096855
11.233562765029,9.19167665346565
12.6097629137165,9.68055210885531
8.1600172444339,10.5011946405321
8.80104815563576,12.4582249489719
6.69011666049694,14.7167752494627
10.2514774180152,8.39283144453903
10.4053950569809,10.8305135161141
12.0592769862043,6.43993698924466
11.6237416540007,7.0078894743233
10.9464969932985,10.2256306279013
10.9809773887525,10.5433588569069
5.35243394137133,15.9387173779802
8.70798996257558,10.1698772574568
6.78249182733982,11.9961305113325
9.90112896238846,10.9192642748227
5.85977196651441,12.7699186424786
9.73160190024443,8.55220172502898
9.76890739584412,7.72806224970035
10.0552404118931,8.96242226155415
8.83967782967649,10.2765381302866
15.1209603563321,7.78922151115847
7.19432042973388,13.2627054324904
7.91535887401965,14.3368305143748
7.1161851336113,13.9520845824708
6.70062191584704,12.8294417134603
7.28177933964923,14.759469732584
8.29559518037496,10.559710573998
13.5463244056567,3.65420351162492
6.98704881666707,12.5160397221479
9.93742884823034,9.32762907924628
8.6608029750725,12.9529286469333
8.33284621379408,11.751189636308
13.4969425902079,4.12219713864523
10.375371895436,11.6773564591088
3.30064791593722,11.4539094606414
14.7886932740004,8.6369468986876
8.52979222719613,10.3216699272989
9.01886716575202,9.42323373611309
6.44323458545268,16.2841192885685
12.2216170614748,8.43471309191715
4.6588944814209,15.4880521720908
16.893166540689,6.85220435384307
10.8927293536531,7.08315154146305
10.7936624571972,8.48328309762843
9.56581426634919,12.5003101911176
6.35099130788839,11.2546513253328
5.23533872627854,14.1412241868091
7.37276708936321,10.2067313331072
10.2816130974125,7.92563802579208
8.82207292405741,10.681478619195
14.1609431452463,4.96451832013676
10.3698554692189,10.8468782413012
11.0782014743887,9.92123659412184
7.63082411503134,12.8744004324722
11.0779287901062,7.9333842801861
17.4023598749921,7.15005663033714
10.302772792788,7.22674839699439
10.8847400310641,9.2622374032579
8.94462321457708,8.89670031189632
14.2131165245993,8.3604574615301
10.8599358034097,9.87312217359251
10.9536246996165,11.1536139026873
14.7848980219234,7.6395951711938
7.65530227469118,11.4386793641118
12.8864355399082,5.53107630273093
10.3664628040003,11.693110630953
14.549741294969,8.95945672657302
13.0568883304314,6.65906214806948
11.178611396673,11.3176704664143
8.27167127636821,10.9576178338789
13.0124957004142,9.63285543922331
7.26477137273301,10.452538805271
9.0158915640987,9.15234682803315
10.3412691053286,11.3221091738797
8.60720169034085,9.76212716269986
13.9050389421266,8.18932445388207
9.6862487048958,9.6876057803782
9.16025838989276,11.4667991143906
7.67300554379262,15.1529756662877
10.0688166281005,7.2284894419582
8.22149041196452,9.91112895268729
12.6438683772049,5.56552785291582
13.9406604132884,3.75242440398285
12.5548291973918,10.1105783959029
8.00600555243122,13.3001369816533
9.8712892228104,12.0485798084543
9.83427407633778,11.4819722668711
12.0744684679822,10.1850786853597
14.6867106481093,7.09383184828031
6.24955202453845,11.3355409328865
10.2296691901727,8.76461454697675
12.5292439170441,7.11732311124194
9.69362717543351,8.94496068223877
13.6468311982154,9.47774654289606
7.59621388612582,10.0358574633882
10.968071445001,9.81595215458015
9.88448643580021,10.9089027677636
7.2653719972953,11.5142279147673
10.6099217073164,9.06844432329669
10.250653348306,7.89949801605724
13.2537350058915,4.54898859091266
11.1390957202799,8.54096618220628
10.3757341461765,7.73850127225795
8.4931458529512,9.20792804951766
9.66804680969238,12.4324439333002
8.39293994033928,9.08306918147662
4.95475974772597,12.8311005008712
13.5469536992475,8.34862511178509
12.7725561565561,6.46733626534958
9.66320991565527,10.3002877315471
11.4167256773616,7.4909725806193
11.2763844449198,7.4722720159924
13.1110708451033,7.35637670399012
9.51464243864924,10.7313583435128
14.8402523726755,3.17770318977105
8.07137909295853,12.8214635639368
12.7440438044599,4.85881452882166
11.8693923068572,10.5921897083623
8.25029241805347,13.6071101467734
10.0014440059257,7.41078718388793
9.29859841878697,10.6600070492245
6.04702833424107,15.5288600920615
8.76631871273604,8.83537357067666
8.439270294948,9.07770953004635
9.79209535258322,10.2957756516214
12.1480215934354,7.34954266916741
10.7963141298124,9.02905083382017
8.60223315090441,12.4967656197676
12.2919386420626,6.50484459336471
15.7197015768481,5.48221414777922
13.7239930728432,8.79443648550989
9.00263037005844,12.2138652581817
18.1655440441179,4.09674190049493
11.5816398421482,9.40290216608809
14.1783438885259,4.9682535557871
7.85220883006878,9.06939268074934
12.6686744217036,9.29306312887464
6.60380900057758,11.4583048144073
12.7358003231066,9.73680636590746
11.0139483899809,9.92537030800578
7.603927347646,11.8440458634588
5.50295520144395,14.9608571590576
12.027829554367,7.80053393360643
9.87264580134783,12.9256123788567
7.87453660293749,10.0363084935293
14.8070794288464,5.35144154875453
10.0259819146378,10.8563186806709
11.3710471878202,11.1722654381199
15.4913492661462,3.40464941657466
13.1668176881594,9.56582211136909
8.92357405769602,12.3609594258917
10.1736706709708,9.70118191298359
9.11518062382809,12.4453724176826
13.5091921743296,5.80522613940914
12.4590038870676,6.49926391156686
10.2147227330398,7.42945541873418
11.036763189025,11.6485608388254
14.3141864125387,7.27802456341498
7.79152790756803,13.498500503833
11.2598092265898,8.77971021094558
9.62558030580515,8.19027918102014
19.2874069140832,3.74561530544199
8.10848309634744,13.2687744683659
13.9048302065229,9.680048676372
4.69009006205058,15.1119517010948
10.6949251971315,6.61348782187297
9.3774390649978,9.02293472096748
11.2514180579125,10.8400960334961
10.1680297545524,7.39596250968881
7.37268062396791,12.7392052504636
8.3131588938549,10.0843353080639
13.0235397485925,6.83941049913235
11.3922324187459,10.6557089597069
7.55971770411982,11.2087131445771
10.2430838475758,9.81261107098011
5.91788298069086,10.4783347379604
6.59018008653818,13.1497255328382
10.995903760828,10.7057907074341
8.68921192645071,13.0823661507184
10.7806632596839,9.9433523492632
12.6923293073362,9.28746620254484
7.26929174623817,13.0350327630582
14.5186020898028,3.89376094139204
11.7793322492989,8.91659917218156
7.24556393962837,12.5339980139334
11.2322923377454,7.36749916646374
14.2414661563858,4.60074179920013
8.70893012379372,8.68453698128925
5.67856954146892,18.5723722031409
10.8247371787417,10.1306012892604
8.99602799135739,8.5212060819061
11.4879782309033,7.28902086158875
10.5612275222527,6.77456759345515
14.1390787715923,7.45213458849222
10.7777875939191,11.4246332463744
14.5180888157198,9.37047581161136
11.2616255958376,9.72270793758934
8.25978737844633,13.8086823636414
16.9149760872474,7.32866825395242
8.88982349813439,9.19728320996331
7.71661523504135,10.2277583108164
11.0413292823542,8.79885860926619
14.2815382941034,7.35777720060031
10.8774075153682,7.0571242740221
10.8077158025662,9.70092496918417
11.1002918703834,9.36602691693598
10.3528436896726,8.61099847112516
6.10389671480553,14.1044805535034
12.7760146838221,8.52456904254887
15.2854681114626,8.44366697813062
8.8698390898352,9.59762228296835
10.1733575129407,9.35505785472423
8.52957929730763,13.1090170703162
6.06029862425908,13.2062898533651
7.18744189783898,12.8180970658659
12.4993359100186,8.00215149143985
13.8677992754345,2.91754528049945
10.0618769975549,10.5009414681419
7.62669617965783,15.1339346973374
8.33367959980737,10.2195995407891
6.39352984374402,13.7438019629826
11.5309979324065,7.01075766103595
8.77405322981427,10.5688119983778
17.0690949680889,3.79791232357926
13.1956378588235,6.33077904437757
4.4744280977982,15.8595550158193
11.9835719399092,7.45603194087686
13.6562856804058,7.40588470856884
8.15926454960076,12.922257257957
9.0706751717851,9.95661103500265
10.3239731386506,7.82367871837097
6.06757131841291,12.9240504255752
9.57810840252479,10.2530754735916
8.1934696202277,9.10913709721359
9.99681919841194,10.130085015497
7.37782805142336,9.54743388590882
7.19147806700591,12.9386342565048
10.403159703467,10.1969971124131
10.7768434124355,10.3035008771914
5.30241370486401,14.2575411870425
10.0290749936286,9.14225450977389
15.1253912715469,8.8827302273681
11.4048786638836,10.2858757038793
9.10259062184343,13.0729992184538
9.40484056142379,13.3550455549345
10.5054709903223,7.94698238162899
7.31489524177169,12.4075704891196
11.0092557505682,8.93638761568652
12.4511743770131,8.0749027477648
12.7852352815194,3.93575302191361
12.5590586753968,8.70837114243013
9.04884531585106,13.6166957564277
9.75768433934804,8.07688012124546
8.39071680977458,10.147797413956
10.6725636324807,11.0945390798199
9.87282359810567,8.23880147582079
14.7526167729878,6.44265981534872
3.3482969924221,12.0440714779763
13.2667844953868,8.66253084538988
8.39788521605713,9.76507748709981
15.0045130933853,6.07587727883482
10.9487768357713,8.06478404097988
11.1173439991067,9.14821177893824
10.5613694000962,10.8455785441376
12.0820497460758,8.44522092392194
11.1193068947523,7.69700789906433
6.45178449817026,13.434382141998
4.99449407508003,13.2581947182575
8.51699983057065,10.763393715893
6.67230276211993,12.6129963764594
8.63279448773958,9.04163602062185
7.42796710316382,11.2159502132271
8.52749530454555,9.47390184454465
15.254991728946,1.39995941458219
14.0607870279132,8.87491361096492
10.9381591988388,8.80641581093817
9.2970026936943,8.15464204232833
9.7635750635265,8.80982222292647
3.46147177033561,10.8506098944398
8.98554896654168,11.1748466056407
5.14201674683086,12.3003179918835
9.38109130814556,10.1830238703814
11.8211801261202,7.23696212793034
8.37386501009734,8.94216817275455
4.78033498615605,14.7698621361204
10.5250351175632,8.32383222417512
12.3102210646025,10.552665013419
8.62535316507865,9.68488319071865
10.0102817566209,10.3367680256762
11.1659388414016,6.62860263138284
7.89691625604617,13.350893700683
11.8191040724037,9.41483059052749
9.90722947930234,12.4503646312431
11.3342040216901,7.38135563810905
8.34576152385773,8.93533845285524
8.51475717227251,12.0115031819991
12.5562852014225,4.8223466586891
7.41290724337766,11.0352992026245
8.45264459262744,12.8767154813964
7.4030845192179,13.882483860292
12.6820808041698,5.29199818203877
6.03926585892383,12.8868855039367
15.6877065367412,6.76483901489564
8.05275312752903,9.41400809216835
5.64372878784854,15.0267798046543
9.43879146308412,11.5916637041961
11.3323310381759,10.3919829234226
15.4992030393299,6.5206624814774
12.46222477971,7.97896899821654
5.95934718002958,13.8899036422125
13.0945679843532,6.98739353148029
9.75521490702586,8.21701876217069
3.50912076769033,12.7802992276418
11.8679782485333,5.27699771046518
11.4723290601983,6.65526763577179
12.3843589244147,10.5027435714479
11.6778206851946,9.42874195785355
12.8393179036134,6.35351144217285
4.3182265212374,14.2326318827471
1.52818400946756,19.0184772755881
14.6634776797814,6.275872563553
10.2083606660864,8.07010256223858
16.0527857954316,8.87095415328784
17.6609083528668,8.33073507178026
7.42042547603408,14.407075337044
8.27424488074555,13.5464922982394
9.8493942855979,7.60946271279363
8.74413854018827,9.76621676549305
6.14178229520969,13.2958859284991
7.87654294250482,10.8578936415685
12.6100815189843,9.50340615778106
11.7094344476814,8.96682259554917
12.0861501364773,7.57106586349038
10.7115849163058,7.24347843545961
12.7509185281791,7.23101819739632
8.29878829164801,13.8722588725077
9.83251510654984,12.3804033081773
13.8456750754833,8.96106402319617
7.52060951296658,14.0974603628179
12.2058650386062,10.6650624112337
7.15297251055549,12.4818225307747
9.61470883560712,11.7717674048017
10.4462176819016,9.3680583639361
21.1770085896097,8.73720161532342
14.6319347902639,7.26651152011839
13.0596165034837,9.28499385257753
11.7565230716364,7.45558990670394
12.2957362046965,8.73099832561466
8.78603543593474,12.3091931751264
17.73864763274,7.46297900752087
13.0293733308907,5.61871481700175
4.06583702729431,11.5762072311502
9.77215840138269,12.5603359533434
10.4749578052141,7.12198621634547
7.39734016508556,11.8632022097335
7.76325815179237,9.21870576498669
10.5252970974085,11.15288127097
10.5548763744089,10.7345517183127
7.52526164715695,9.71356021635111
6.60417728292354,16.0537899887385
9.49318020547446,9.1958144591518
9.50867209714976,7.90370864218929
12.0085166543235,7.91133649758766
10.0151329744099,11.5482274921486
6.43747661367698,11.3660648270586
6.85597929554456,13.0747576754593
11.3525774897044,10.2424780779586
10.4368870103216,10.4150280893108
6.67867500902636,15.3908551890305
11.4815929800017,10.5818810170146
12.9014884475747,5.5319618060437
10.550641053998,6.94383765291277
12.6154634537827,9.24888580617415
9.7553206287118,12.2006615683372
6.61617515260733,16.5194006290832
10.7596386259579,9.81454902107332
2.08941022501065,13.187419694927
9.63065555687843,13.0143643630337
8.43596004887041,10.836086616174
7.59965659268302,12.7079989357182
10.6271440203282,7.1120925355145
9.9344164581695,8.791818775557
11.4332715319338,10.8955617131616
7.32044878666239,11.9562556247967
5.87839076170725,11.9509788116945
8.65305129414311,8.76076090994749
11.9553641905875,7.48123512562479
11.1366424915984,9.88973504174021
9.2126906581195,12.3684308306603
8.09151334305778,14.7236973582489
12.6115273893633,9.48177649740288
10.9484463408845,8.97280000250527
6.95845403196719,14.1725127567218
11.6848247742925,8.51338509770191
9.67121587412226,10.2840691628122
10.6379213209941,8.926589031382
13.7595900843349,6.709342541549
10.0676655981616,9.58493804304509
12.7210567344317,6.63328482274452
7.75751204061454,13.2443997408376
11.4993559219582,6.85232887708503
10.0977178318433,11.8318613263395
9.8608088948505,9.51339728556784
11.5652158972444,5.99352542720823
11.4992088260582,7.11447373290448
9.76922013398201,13.0213180419006
17.1038259322801,1.68007347143134
13.2067577136668,8.73900903007411
11.2137979585447,10.2083676815726
8.28010999125948,10.3906025132243
11.162454602428,9.59883007348144
9.79538756483244,8.55520009516936
6.09436098291279,10.4792331445395
13.6478311221039,6.22227416800245
6.60240183866296,10.2517736102131
14.1037615791968,8.23446543058179
13.8760013031525,6.90293377597987
10.342185991805,8.24924148148463
14.2460811440067,5.05909199257226
10.1283498604192,7.92464755165813
6.91050043327213,14.184083331829
9.1113787379868,12.4220448898169
11.6404960318641,10.6359277460117
12.9322710454906,5.23932067171105
10.90881490057,10.5760995886836
9.80370649899955,10.3006095177855
14.6748245074147,4.76622776821403
8.50250376957326,12.5165304716658
4.82312658811464,10.7439800843569
16.0958478748492,2.49493146957575
11.6429999672062,10.9145409254474
6.4956918929156,14.8762619283847
8.5525957966176,13.5795435573393
6.3895815899705,10.6062547131149
8.7522204117383,8.96998101160549
10.9598249762074,11.6373039242502
11.8381393610845,8.22759986919673
12.3067349419719,5.92349887625177
5.96095111620604,12.2493059674814
15.7734112728737,7.250294118999
13.7509692533177,9.02301250377141
14.1295098640307,6.43417461670357
12.634050572025,6.8161500741723
9.59689746734661,12.2431762693413
10.2893761585018,8.89407096506426
11.8850023437254,5.5430312611854
14.0777949693877,7.19303258442069
9.04806170280244,12.5789261889275
10.1000763547345,11.3828868170696
5.43597017257839,11.73787932314
4.74861986295467,13.5244761113711
5.44537947935229,17.6511037921786
10.3056727750792,10.8279497905081
14.430483400534,6.42365183070275
6.48643266680909,12.4783008443128
12.4344295059934,10.0330506991359
7.60126512173927,10.1387693141528
13.2634628799232,4.72617685090969
6.53693556144575,11.283538679379
9.5516031132436,8.64409217747056
9.65742061270673,12.8233303458731
8.54709568106627,13.4113794113037
10.1365075857231,9.0480263394242
8.32736124341774,12.4931791103966
9.73167637118794,12.6159649839439
10.2626104619141,12.1282510888341
11.4453155825465,11.2879970683795
13.6835482466883,6.17460348826005
9.2904284642293,8.89119649634646
17.8645133515496,7.14309821886366
9.16853841885608,12.4991725772665
9.23817778199514,8.59357460783131
10.7801419920267,11.6489879563461
5.40531957596224,15.0393966085228
9.48251912858417,9.20549942838166
9.47487541605832,11.5182513794102
10.1326165831102,10.0114447561304
8.83916702220898,8.94406414416811
6.41099082963708,11.1097328561405
6.24321281958037,13.8261862719807
11.090231917654,9.41016691022089
3.69818633924234,16.3525296102752
7.81019572011233,11.8737654474406
11.7233526200886,9.56516730972373
11.8580447424836,10.0682865365466
9.26949778988921,10.6301810861452
16.1637645602304,4.56438554543424
7.15244357680987,11.2831651865221
10.7938691756023,9.29746939816822
7.24872749202154,10.285129805863
7.35057059487202,14.5192063807913
6.42119822174,10.3216383154242
9.64490025660862,9.72314606324663
13.8559206767324,3.35922694092476
10.5349390682258,9.68856267440134
5.79291498959692,14.8806416492279
10.5866792629161,11.698216862408
10.3374274756092,9.92477300895943
7.20706882171739,14.2545993832746
5.01660585701773,12.5478834425992
8.06104860851239,14.5007479467794
12.1294055627558,7.69146667782764
5.74257073832251,15.9138145378408
12.3798306868249,8.94708175909288
15.7407697995451,5.97504843738973
8.42271556075708,12.2037099560158
4.61049499004807,11.4611704323435
2.92897687536605,16.1545259146042
10.1299957952054,9.89682411311059
9.68587976366422,10.0084921972277
11.312386262075,10.006721057267
9.59453835208442,12.6799791429655
12.47835869442,10.1177715924957
12.2008360268001,8.70772705076735
10.8179757536611,7.75896604351442
8.40234718310913,11.2548371787377
9.25861420626807,8.52575984532457
9.58264788646629,13.2179469591345
8.78329580325755,10.307268580329
9.21333825263137,11.5226865962584
11.1829254233282,7.13054786856179
16.1573294182267,7.63154826626647
9.9121353785807,11.1486428247896
7.02754773027722,11.7520366513321
15.5953920818181,9.0171430964253
14.1294677084187,5.39991593690067
11.4777860519768,11.334919263159
9.90724983005303,9.50096523495366
12.6843395188833,7.93710045116451
8.07131348116803,9.52444372690454
15.2899717851228,2.71080508658243
11.1296780775795,8.66723389304162
9.79618718140841,11.382736735874
6.93672504150835,13.1194655480658
10.5050748871402,8.58259776085486
9.67772660141118,9.4320543103258
8.17218285846462,11.8929957882421
9.68496268841535,12.4825710834498
5.0762598953292,13.9860484617963
10.8387624099163,8.80541069896218
10.8633723259098,10.9870329205146
15.2092676883721,4.87697975393979
12.3651244693874,8.08420148008401
9.48189887892077,8.11043959250291
7.1468723269095,11.3424782377413
16.9171356790989,8.31439605521749
14.6233275431317,6.18631512247984
8.93871060476494,10.0150497542736
10.3030151075283,7.58893647439582
14.3451486900775,6.18453834471078
7.72443131287098,13.2120367017418
11.783012353694,10.3359340333994
14.8528381269307,8.43995656433466
8.76984549446716,10.5359552232078
6.3537878421767,12.5839762041974
12.5900433853367,4.14383325281836
8.96349870988178,12.2184876672726
5.67953226431386,14.8128155869946
11.4195645306318,9.22223790174758
7.29272406125033,10.725818934116
8.79962884999194,12.7266505642289
10.702272708431,8.80223423206139
13.4155303988879,5.30466597762115
9.42177525046233,9.93466235847467
8.0007006623116,10.7215764209826
9.52468256527108,9.06545307176159
13.969768364588,7.61565398970224
14.0534254097238,8.60215247392023
12.9324861951738,8.51627434194612
15.6179539948065,3.86755213478292
5.93007911064893,11.8852505349123
9.43224053263273,8.02765545864996
6.48956605473391,9.97777458992221
8.21576992272532,9.09021044891364
14.359187886694,5.7927011122603
11.5047845157042,8.06092004426028
7.23178378764987,11.6608059186833
12.1632412006343,7.20320607691212
12.9070169468922,4.95717138324762
5.07264655402296,11.3757859182945
13.4417152035349,9.52003390592023
7.7224366598069,13.367541011363
11.490211519379,9.25105085253676
11.2523552065408,9.40886070575739
9.41512646764504,8.26196015359158
11.6142674415901,6.76551195447342
10.0441957066869,11.5215158278935
10.6530270853866,9.98567687153895
9.4365781555927,12.8350189129772
9.23978453974163,13.5498405442968
6.90357212654004,13.8025488536655
12.3398750362879,5.20897284089451
9.49622756742309,9.01287220057407
10.0966447414852,12.8141096675268
14.5218232345302,1.77936938803957
7.00234656380763,10.4856412217816
11.3967198195221,9.52540688315125
6.62883133712858,12.3149452215704
9.86181604611985,12.6916536111516
17.1927017188075,6.29966637980854
11.7926715537324,5.78540005664321
5.74074398839794,12.4702042630519
9.67360448615427,9.81808298429072
2.3614252303616,12.3694291301127
11.0221322822687,10.2860430172086
12.993959268536,4.30779128400697
10.7628609782737,12.0376288004367
13.1352630041369,4.54679468706881
9.7874334916677,9.36925494051162
13.9279914797666,9.33113178303786
5.30715065456617,13.4597124132259
6.25806633878236,13.1398629886705
14.337606770925,3.19905224025296
14.2505992534238,7.43213702600623
6.08072627482925,11.7308328419948
5.52678391273778,12.6250405537414
8.32711081128129,11.9577891342996
8.2333488268996,14.2811428273756
7.48956122209933,12.4607515909917
9.11717126721009,10.5348827790245
2.28293345572012,15.9557168447057
10.5037892343671,12.0745922237861
13.0507795472626,4.62630204897495
13.8033835959385,8.9588265228416
8.1630367470164,10.2314029897302
8.07121337868725,14.1797735964324
5.9570789612682,17.9720091228825
6.72849182139414,13.5992870446211
8.66364694016765,13.805421167031
9.35691972938056,13.4887567717325
7.66441294262999,9.76515959185575
6.92273442782112,11.3845753012088
9.91000304260564,8.00412053302948
5.56330350846962,11.6222220731622
5.53457118120317,16.4510412697287
10.9988999863231,7.43626725624733
5.97677844170263,12.0339183364
6.67519914930567,15.2770551962823
9.3271093790035,11.6753581327966
5.48653100668546,13.2761984031065
5.82877554026894,13.0859167442421
12.7269539902593,7.55139400972105
8.06882070268074,10.2173918297241
12.0753840501251,7.28204558778469
8.71543213395351,10.9352766721744
13.3864117707479,8.45386460453891
13.6995869138686,7.45514341751045
14.41482160975,5.40606661311228
6.39741980358181,14.766310259207
8.24529001435551,11.7195888660862
12.4952931832438,9.41819224548968
8.93608453660416,14.0339833470435
5.80495121477154,13.197264650805
6.12418529410426,16.5721185807299
10.7002213679987,9.44182712271364
7.77132167428757,11.8274580431612
15.2381301858894,9.21268391770869
5.34456346639498,10.5539171336816
1.96172478013786,11.8725160313212
12.0727913186353,5.04775863002269
10.0840019086096,11.0106411261079
12.1774669072176,8.22583217302711
9.13287512919368,12.2950836596506
7.97518052376729,11.0320829044366
13.0821497564381,8.33897972968649
12.6614751950483,10.1962533170699
12.8502251929513,8.20823906812174
5.24291015394888,10.8503371455241
11.765350102671,6.65462828337382
11.4041418227725,10.5556170319777
9.19790963229507,13.1926420992705
3.99227358568303,11.8345135271392
5.49349459661922,10.7389322718275
10.7774837546002,9.48909661810598
7.48329828131837,11.4975508527715
7.88566075352332,12.6192022199118
7.98487072479542,11.157118197612
8.87336189065652,10.0530938055391
6.35805952056734,14.1805421128014
7.83341191626439,13.134832016606
2.06492588344674,12.3356017782734
6.93292912069777,12.9291226413115
6.95477453372591,10.6968085771104
8.87837527413929,10.5375154130636
13.1339046292006,6.39914125666631
11.0038835672115,10.8483496349971
13.2746229741828,4.25405304537559
14.5598319882761,8.90580967713375
11.45237649468,10.0462447042857
7.75609195481935,9.30085977994689
8.75988958993462,12.8384512770538
5.3428737740577,15.7020442324344
10.1050528400497,11.5617213104471
9.75761093681308,9.13333278153479
5.07519116609195,12.3348232226294
10.9840160830707,7.56476766822138
4.45933544914108,12.7805704532046
14.4045971263732,8.83655215717052
8.51931836355696,14.4564312052612
7.46934618218413,13.6518389227764
9.22543619279833,9.11868952738998
9.20791188552589,12.8632509848638
6.2274696473867,11.3342111772827
11.4126075317786,7.4088296613267
6.20563612775229,13.4069807651687
4.74174742796892,13.9426241246668
16.6043808762191,9.14174981212424
12.6199128627545,7.40153629090494
9.56630075507679,8.33412585037843
6.25513773575417,12.0009750676353
10.3436301625587,7.51330596330423
8.41094008412212,13.3383894198728
8.39113322663941,12.9615109597294
15.8124273036406,8.7554563490231
11.3674116059871,9.92229599714267
5.32835771715631,15.2663372172971
10.6168602349644,10.9756815374245
14.7606231126564,5.79484525157961
9.496458710268,10.6872332376907
9.85990188824412,10.2847824351367
7.86392993907145,12.7617797780531
8.73262863871494,10.5048199546238
12.2875449889156,6.15878612635905
11.158162861701,6.87587788091616
12.7152209979392,9.83258985076328
10.6584544228254,7.2664656306082
14.3676560189581,5.59516705683128
8.95365236137963,9.06024110483951
9.75696041553875,12.1113216350011
4.83756395547045,15.0404757200431
7.76269184552629,9.90279420253275
6.19520992386815,10.3007505003738
13.6587775978664,5.90365045095567
5.53783606767648,14.1807307969053
11.153082673996,6.85751133334367
7.57657372546526,10.573086807136
10.0273224335358,10.2804901364046
8.82339891956946,13.4787496650656
13.3949458745686,6.53121720360455
10.5489709504988,8.88196988542667
9.05369304589014,11.0524475060052
7.80790000898504,10.7924273311245
7.76791529424964,9.53958569910608
8.6683858475742,10.3467683651717
9.29710857503832,8.3040487930837
8.60169374375833,12.214976672494
8.59585079354803,11.8525060792437
9.62301781984367,10.0668802429987
10.3222747840029,7.9126389410716
12.4630775596453,5.24462456063636
12.4002667757552,8.22640593311793
13.6564596370714,3.87831388546458
6.18734838899034,14.1531842274245
6.16302088913653,10.6497049145192
14.3209660218635,9.17613721605369
6.55317789141167,10.2332897718788
9.99993563162253,9.1149908178762
15.0239396856613,8.32483515890195
12.7127857588111,6.34156816209039
10.7082156269922,7.54732429928226
5.14283772593723,16.0338110082808
14.3384956575718,9.30805370259827
6.60461820577689,15.1875906029922
10.7610055199138,10.7368434575777
10.363471740276,8.89413343554295
14.6730216667797,4.55330443497287
10.0448376645891,12.1688190716492
12.2445550780355,6.01769400029907
14.374631643599,5.96128743461992
10.3132842689272,6.9368761367683
8.32735089220098,12.6714228148788
12.0697549447925,10.1790848228157
12.3594082159827,8.00793357098248
5.52385820109823,10.8281837489067
12.4176814538484,8.67914695151505
11.9125865046461,6.43149210601864
13.1249847079122,9.58852073843419
15.4934381447187,2.33362557734645
13.4322763294888,4.81113611499919
13.5935194604317,9.72082474369114
10.6549460216644,7.92745566670968
8.88990630836788,13.0100849290766
10.808110166282,9.97995828104029
11.0578944459415,7.04000764811968
13.3408082104178,9.0816468484562
8.57129268607789,9.67932324740127
2.72588846326145,14.1079441702352
11.035142037596,8.22010920597576
10.6023646062896,7.1703602383751
8.44770255818785,9.02162611860308
11.4878456204225,6.31854752520026
11.3758460933635,8.38619880626451
11.4397532349013,9.52010182670235
7.4945880828942,10.1190778072549
13.2999075808843,9.44483479207745
4.76378861456735,12.1604823966906
19.6900298483921,8.31139285157037
7.33234227592766,10.1854267334865
7.40141062196089,12.8589104822102
12.6027151601677,6.23903879385722
12.4826982457409,8.93349237687379
13.4101654002772,5.47158628299058
10.5141782156287,7.23136970834679
10.839486078942,6.96733714634054
7.90055467660122,14.588193889796
10.3497359453441,12.3533853042725
12.7758897473105,6.02680342654948
11.8391682732077,6.13254397519438
8.91157325334312,10.035199050145
15.4322997094799,4.6838987392691
7.52290775338662,13.1964957521718
10.1956086944455,12.2039610758506
13.1398050665518,9.79333369422303
14.2008430155802,7.00824359251662
11.2125208722509,9.99243048924109
14.3065376192743,3.97851052910703
9.18122711337168,10.4224197416575
6.79358006611039,10.4132940403989
8.81143327594075,10.7908254943306
7.42694501836647,10.1277483942999
7.91527980972979,14.4767401210791
5.19659581607192,14.073255135722
11.1497223113077,7.21426020340944
8.60943320476566,10.4318748509175
11.4182274765592,8.60018271366053
6.78338145900272,12.8938511018274
6.18572511910513,16.2290267103446
11.0889186218492,8.61453711712713
9.43960147794343,9.21534461650668
8.76704384422934,11.6852880840106
10.7050046280157,10.7056645022824
14.2284597052367,8.52909068175981
9.02162949869436,9.22488517064895
7.11904573750502,10.4238559229047
13.2033914810523,9.43445158273884
14.454207309862,4.7816613730784
6.4955361013232,12.5256955970625
6.73340192010658,11.7747905157828
13.6112552188998,9.51076348480503
9.75498788299594,7.99557256515315
12.9576690727464,6.37083669181984
14.5668929063587,4.9269381874101
10.1473815634205,9.53675988071927
12.5996805417569,8.76555788237827
10.3252689872518,12.0163490439908
9.30679103662081,11.9674655082339
12.1227396282565,9.9927815263695
8.4244582831905,10.2807200632488
9.9495167068138,11.6286815760248
13.674640219429,9.39061865396186
10.9500304493037,8.24459781161849
12.5412572576233,10.4116358545409
12.2463422947389,5.5435496870292
13.454410909,4.00693014035906
11.2300090482612,11.5174984478023
11.4282312385296,7.80640038044713
4.60933409041027,14.9147331359335
9.24803308928173,11.0551074622362
9.31912075758785,9.44000211454219
10.4600544127678,12.2766677354453
14.4011328887042,7.49560453494948
12.0876897392009,10.4370331705661
11.0041778366149,6.98168265348999
10.7984218620661,7.88391701814067
9.96042198201831,8.21505517293469
11.5378915887899,5.87058645389743
6.32537980539484,10.5904518984883
10.3686798546543,7.93931653044721
11.4860382411192,8.34398220314054
9.71195285549763,12.8881090130747
3.02396335765454,14.2546941164126
9.22758722487559,11.4787366994606
5.90434616921461,15.1591702990004
7.28193385799945,10.6377212477353
15.509253842246,1.41137078341306
6.99991492286315,15.4918683264108
7.50372160833761,10.4240040921573
15.2077378492122,2.94626687399193
5.7875328831461,11.2345920671783
12.9052413740203,8.82640604085553
11.7234252613698,10.0284472461952
14.2663751473373,7.91727447144577
13.3722238448563,9.10917536247688
8.63973450857152,10.0487924479433
8.23828497586688,10.3826119498613
14.7416553938043,4.04133488953504
14.1005904595499,8.52580432117848
9.40504453974414,12.7651698980521
7.77190302903706,10.579060707338
10.9578289860116,11.4709215848086
6.09678840375568,11.2887616903911
12.550272592117,4.53823573357153
13.9425309800398,6.47378697743371
7.10830110397807,11.7379094840403
8.99910498729574,8.79566526552902
8.71545460788332,12.8328818367645
7.6778420384052,12.4834276845469
10.4965775505129,11.0678081653993
7.2986906160996,11.770686535429
10.0537818152488,10.1307815211681
8.33977339536996,13.4503142623134
12.9301176754801,10.0691664416223
12.6651369199363,5.64312695656146
12.9807249902075,9.17644376673873
8.4782533574162,8.80520037564353
10.2634989911888,9.36003149566006
2.79293277348077,10.9778684623772
12.5728252712328,5.63462229136267
6.87477387471742,12.12443594857
15.9407634883684,7.96899628605314
11.6488840798597,9.71842375072612
10.5064695692608,9.98256278840845
5.4876640067332,18.4859502072775
7.23151462329925,10.7379801240256
8.4706417111428,12.4855274428631
9.31885828256618,9.60342559049654
7.74384198928988,14.955544602505
7.99437267192963,13.5651858045878
9.16985432730346,10.2183452561345
9.97224734102873,9.0455191487528
10.888323953046,11.2402096458398
5.9917810219491,12.9615237995263
12.0269191989271,6.73721429955779
7.66923451746209,13.0361896109817
13.3039914110392,6.60143986459218
7.01910982238456,15.538471395257
11.0312913045611,9.4848844918865
8.64974916789888,11.489564751719
10.3237130536873,10.6424429873435
6.88182359555668,11.3444945099968
16.9544912260423,8.96614404674503
5.47988151432381,13.3826907887218
7.94190062882638,11.0237326409257
10.7087654193335,6.82415505715283
13.7621022241612,9.37143758229101
2.07088817893311,13.9063456567652
10.2034157046207,11.3771852142841
5.46785700555002,12.2576653686417
19.2856690879045,6.93051956109973
10.1085609830022,7.60658579157393
13.5807440485028,8.65655755056383
8.64517460094896,11.5725350097876
5.99260496322776,10.2287772803274
7.83580871624573,10.2341243201758
11.0373570543834,10.0948449335324
14.5129667650617,4.53998883217248
12.1956013332855,7.89471102171489
7.70284106466469,9.4709606935341
8.38876466610871,13.4501732876719
9.08800205652314,9.93725717018492
10.4279555003233,8.98063114763129
13.6038925399747,7.75500762335947
6.20646937759485,14.7833993193707
13.5431358176721,6.449751901796
16.4406474984375,5.41168611649807
3.89397141578597,16.7833352493835
16.0280523941289,4.97539128764681
9.18774782743889,13.5082787293981
6.01091320667208,12.7561961849079
11.6847666281114,5.32776279140128
13.5496699945496,7.28509399219719
4.4772706491872,13.3508339802589
3.79307437578484,13.3001992295591
6.81761665246756,12.0512865787252
6.69155048956305,11.6810715653602
8.61453824628613,14.2055857995527
13.2587217937244,5.92449332836181
6.19189010092163,13.246850408488
10.23481249692,10.9924427632039
9.01366349416112,13.0685263327798
8.37022349548234,11.5812586082116
9.77584268423599,12.6715752261049
12.3929432538312,6.67758795718341
7.41996650999292,10.7651054450396
11.3527451480906,6.90902461717095
11.4262049590421,5.45267479530292
13.3135354783061,4.33128178421907
13.2385314244632,8.65616437519439
4.48447860875517,15.4923141411563
9.13372501226341,11.0647616250671
13.1802279395908,9.64907080167113
12.3027733504088,4.62351607507402
7.35170480766342,13.6190404925875
10.006136582829,11.892167770248
11.661379600519,5.37281950712933
9.2459483808947,12.9394052657103
12.3672925536093,8.52988334935099
8.11491924259889,12.502153824362
8.11003387531786,9.10753622239566
11.2463521033432,9.32846963777791
9.58970342376203,10.3259299957634
14.2254647837553,8.07314964084708
10.8895483791767,9.48749880102258
10.8701933829869,7.74050526563095
7.15647409651879,15.0149307679917
17.1211676403427,7.24105595630436
7.94686935048097,9.25081790577519
10.9920406697576,11.4596965593854
5.70354603927624,14.6503876481394
9.23359096831083,13.4650514940046
7.516178670048,12.7273761714873
12.0242145114863,10.641542379899
10.5050571302647,8.62341862296606
12.2438136650455,7.95929111041599
15.6304857183312,1.93052825294567
13.4664711367977,6.91440660592815
11.0998730708561,10.4775615903531
14.7732926911478,4.58099397220103
10.8343763792929,7.86705495537999
12.9406882830618,6.23667426651574
13.288887858636,8.060798980834
11.2689770643651,10.8452325166083
6.59935306894721,11.5487012070433
9.40153833710708,13.1683287067511
10.4643231957639,9.9211344168821
6.77065034519799,9.86793180539194
11.6190263129096,9.71491627869777
11.5267890648475,6.23366318749377
6.02375488584716,12.0755156860593
11.4169147328299,8.20275884842848
12.2706326461146,8.23566553496087
17.12624041964,4.4591076408892
8.42982085037175,12.3299179912871
11.4696741398991,7.42325518823514
9.99841333216699,9.08251418472525
11.0888182383795,8.07580481033936
12.7636375033994,4.42181759265257
6.90838404828355,11.9161443097286
10.7215011626707,11.0822963116667
13.8649397398561,8.73857163516534
14.3219494444904,6.55545283817954
9.54986385470287,9.53467681815853
8.21386157895435,11.2244168167907
9.73239129708991,8.17561553371533
12.2511465761173,5.68533346568521
10.5019178545637,9.4471215865713
6.39693451470263,14.8867408513261
8.27381413770142,13.5488412140233
13.9640181509887,8.09517751034898
10.6197028853106,9.00937422914807
7.35079259180703,15.4161661017645
7.23656159040676,12.7543729034844
10.7154593147577,9.72348946329293
14.9149228185312,6.63520672933067
7.23963316986912,11.57536589245
6.91362193226093,15.001729763598
10.2099628390319,9.3889493966234
6.48155399281268,16.6114666950005
12.8378430196092,3.87865290529338
8.11015314015986,9.39131453274575
12.6179146256249,8.19954765058235
8.07220344234726,13.0392038132622
8.5648306058643,8.66886401348745
10.1225765586292,11.6476377745972
13.6294810936623,6.79906923401028
11.8707390222875,8.02597098839124
8.64519344031489,14.2414054399907
9.39227868580936,9.55584126659944
11.208194645736,6.1374689611565
10.9795792981776,9.78134296185259
9.37806708547967,9.02769808017657
11.6262157297416,10.5691664353089
4.91977522460855,16.1594301305416
11.009949143752,7.2233787064222
2.96083910615686,11.1749313585589
12.027246734515,6.47564353668266
11.5706621057974,7.64114953772093
15.0907334726156,8.89083562138769
11.8484535115331,8.71767454196339
13.4113608382867,5.75405300599455
10.3878170415554,12.4374200180857
5.99852801955399,13.3148602759999
6.23886495238677,13.5427104737267
12.6778886014024,9.60512945123015
12.6548595577076,5.63262752345711
11.1849982511279,6.69362168995625
7.80006598485335,9.32143328808602
16.2596565935564,3.49305355238861
11.2728901485326,9.52305468825702
6.7715557972589,13.5582263161339
15.4516537284102,0.929976792649072
5.4951251647322,11.4091335516178
9.80307022348783,8.61860339858391
8.69394259992628,10.3178789528631
7.11783396743672,10.6616292589664
7.14424586220946,13.6346515373327
8.74132047144723,14.1962410268742
9.42356142340935,12.4898248660509
10.7696558660482,8.54583053034772
5.98185623482753,10.372326595453
11.7506757935765,9.43383143353212
7.87167475594963,12.9244646545693
9.56339283960985,8.26255212825104
12.9446293459348,8.91397598558555
14.6530400313013,6.84743631477459
9.4062228842182,11.7531457002156
14.514054364408,6.04878588296964
4.49193843967276,13.7433393023192
13.9621204182057,9.06323475240145
9.28646855451841,10.1261036314767
7.3154409920443,14.9126382777553
7.45823952833019,12.8775870128911
11.2342517066482,8.73536334187787
11.0206766910252,6.8124074674838
6.07125886979878,12.6816374916763
16.1614184207739,8.12239851618719
6.72716053228146,13.6083404315199
9.44439163511903,9.06387073533604
14.2898620294979,6.2479926335732
8.77621284624592,13.4744787402273
9.63207735300352,10.5997731493541
11.3994366038045,6.76718463076159
10.1827804496621,8.69434153604951
9.46715203458504,9.54596929586925
15.7489563566419,7.50049203956477
8.94041195971649,11.3322231992221
16.0265259162764,0.891232629152599
11.4758498434181,9.82751760473523
9.9722636461336,9.45581076920087
13.625566081476,8.78978996729137
9.06275697749019,8.81288495114679
6.45335263001035,13.7228579461819
15.4989726282477,2.34412786725272
7.5999443581804,9.2577813944161
10.8881784287134,9.20656751379111
7.79225779633937,10.5099337602992
11.9203674227168,8.0444728402575
7.00239355232702,13.4671735241257
10.0555403145139,9.71063098558617
10.8311129594881,9.30990586834714
6.537510395542,15.4136210876344
8.9883425287042,12.2467449167078
10.8026340153405,11.6948236150456
10.8516159719909,10.8611522188011
14.9669104026909,6.54945050878474
3.85826166814384,11.7947383376054
7.8505120328251,13.699594427064
14.6059735118922,8.16166972850403
9.26576388769733,10.1764689533163
14.984728334916,4.02859287935712
9.13166052561442,11.28550729661
7.02227881183831,13.2519650951087
1.92116096836374,11.1236582114781
14.0559787197933,9.38699480120793
15.2074155953127,4.32085770509143
4.58008622014439,11.4775997183327
10.9917109447406,10.6093039036811
7.85747429061666,12.7841973523986
10.4407391511053,10.6444812242878
12.7345177844563,7.86611271152814
9.20941770167329,9.45675135397741
12.7679202420738,6.08104286163645
8.8932251286167,10.1798500104635
5.93669904188547,15.1048699230271
11.2667690912789,11.3074982570997
10.3287969062482,8.19703786769671
7.78607621534731,12.3075814693194
10.5043619012026,9.40222392236153
12.3282888971411,8.6578853536926
13.1221710732319,6.8951660069664
12.0637245011362,4.87726238285283
11.0647711746953,10.7027393443841
6.65514009128559,12.3980083995723
4.15231981074383,15.7683830783256
12.5930045321815,8.51609738798822
13.7487771541548,5.38578108796126
8.37777538505363,13.4575043795348
6.20489213580485,13.3003665493448
19.0647835540084,2.92285815919964
11.8183671061248,9.8988431779112
9.49662674053593,13.0484710331425
7.13294643532645,9.83083872825924
8.08624527728818,13.6684582251964
11.4713521599709,7.94109913486501
11.5456063952143,7.47070584370021
11.9444204880173,8.238866293758
13.0854974311173,9.67563839603304
10.3539600033597,7.81219862038284
10.9192494397958,10.3314670837165
9.61130513576669,8.73622416984807
17.6878968473683,6.04802710509802
6.55027330002635,14.7897083066423
6.69525792201987,13.539694632388
10.8986588786918,7.0644465338115
12.2174800607435,8.06211422549344
11.8361488025118,6.73972320732982
11.6833381843188,5.07087230381616
11.7427237823097,8.55251343930042
9.69264909835611,12.3110856294907
13.0803748280601,4.38141701600361
7.6792931656582,10.7353414762149
14.0811720951356,4.74905510756522
10.8427397952414,8.78512018756648
9.80082975601117,8.80784578480682
15.6446150720494,8.02981198830337
17.6768219388503,1.39980286205303
8.99380963990098,8.90336675637465
13.0205463692709,8.5881089555597
10.4087107204233,9.03170777718735
11.4096888781048,9.27965374960828
11.6917991704121,5.47423716097155
6.27911512542523,14.1689097757246
3.08406214448642,17.0185329319533
4.73875152791831,12.7231513999203
11.8132371681917,10.8087872517686
12.2066366623381,5.47365045231728
6.40615056151095,12.2005405866097
11.6207715715466,8.57659854586071
5.54932622058765,13.7694852761142
7.07074267197521,12.3315839865642
7.2848088926801,12.1113289159249
13.6026921322848,9.44731672935418
11.131779695908,8.07194963492053
10.3793069365778,8.26581986926552
7.35017914232694,13.2294876366317
12.1145460004804,5.77708975722471
12.579304942367,6.22095667404266
11.2257734076221,6.93583726113722
5.42495858476951,16.832393109539
5.0380717835954,18.6914576920285
12.7760685158936,6.62565589014581
8.59283814893831,12.8296032016315
10.8185841095722,10.7292622270142
11.2206257001015,8.48485712529989
7.22518012621005,15.8067626628829
13.5852985678604,8.35089278908832
11.1138681518255,11.197494436548
6.04338891096513,13.5822897779
16.5610524679246,4.91514767676435
10.4697411713153,8.3446222446951
11.5865288819856,10.8883853801179
7.65107968528907,12.4677446531635
6.40280127424868,11.6269950404118
17.5083118815179,4.13014928795844
12.0509801404958,5.0812006160689
4.32859772338161,15.2974866989785
11.9968334760847,7.5919104516815
12.9275822345082,5.05326255988364
13.2194543759708,9.54056410598062
10.1739613868716,7.63595903420091
7.55867903220484,11.0059163870915
6.59559773735069,13.2534071608431
8.51796520523282,10.8112007457656
12.0812484396783,10.7665648951722
8.57386378815461,11.2616481795504
10.0235118167012,8.59696828184206
9.28206239946647,12.2734638789655
7.22694449971958,12.2030890312909
10.7585318384135,7.76823356259084
6.08101090103214,11.5900935830449
8.81687477718421,10.741449716922
13.5765621809034,8.4908516926761
13.5215722534574,4.73364070358297
5.77408468184997,14.6847126041726
9.64177134501864,10.2785607537116
5.06300511866993,15.36420306482
16.9634864433031,5.07317435405341
9.62541569711713,12.1128174853745
9.87824522988573,7.7313949224389
11.1234631406985,9.06122892364089
8.22169113650644,9.39620169999743
15.3343056992162,1.12498297496993
8.42756322895882,9.31959552472998
11.1190572681124,9.17980649533466
8.64522079412191,9.55727230029821
11.6879166586704,5.1667541687978
6.63857681925779,10.0664432261035
9.63192118432623,8.84355219960246
9.53584688336653,12.3171839865947
19.6164393392163,4.83368553128767
7.76564866116104,10.2168218521911
5.134701254655,16.2021708633149
11.9566745314049,10.1089208760669
11.8202421913026,9.89910818002771
11.626460337233,6.47561808671866
11.7017922508669,8.11669132672526
10.8477595020069,8.43426679773481
5.26188641748774,13.9277358346648
12.3718376324141,5.93822791748387
9.47412444662043,8.73872826592973
9.99240680696465,12.5446889410741
11.1254437312096,11.2924317845622
11.0358251429777,7.1960124086117
8.66190235359994,11.3045915409731
9.63604724771982,13.2133750562881
9.0915973500601,12.0259769270409
9.57231217906827,12.2605520508869
10.6150301814405,9.59114901150251
5.36981031132844,12.8473846578062
10.1954039035314,8.85311877931393
6.23957954262342,11.3712119178307
9.65358024683558,12.6159107441177
7.12814831599911,10.470142108041
10.1892184269851,11.1892499295003
13.5179420140921,3.22443789896779
11.1659827988797,11.0836934502695
8.93669755991449,13.0671662761379
5.59190230570816,11.364154962332
10.2458056312044,8.33365542953034
8.29668473273249,12.7671925599618
12.008178042099,8.2864487239449
14.1998088361623,7.35445498900358
12.1326198370267,10.5540464426233
5.57955001143463,14.7957239450002
5.52844410479034,10.4881602120855
5.76300559608167,15.9203919316768
12.0784017013618,8.71031641730607
11.0809302904014,8.6233636745581
10.7425042170965,9.20445623392803
7.42409256595624,14.1220923454915
4.01053352170037,10.9854598614497
13.5130904002455,6.48830229686446
8.24237006582447,12.6225938766858
9.41900900628743,8.29337753784591
6.14819640964516,11.6684150511194
6.77748937478013,12.149646474667
12.2427980724842,5.90127922028478
5.31451782035508,16.1309281202463
16.7205625597989,0.966614334140537
10.9375756946123,6.6920788509811
5.77092192361846,13.4150967224562
11.4367146204907,8.44863556376961
5.41254268907502,11.1666362401924
9.1173547848478,8.97680441289325
9.34507668711134,9.82774978047271
16.346353554692,6.739659280349
7.55272014317813,10.9434664044717
5.92448610114613,10.3256454000071
10.1925139845737,12.368693536484
11.0097210207773,10.9290259988542
9.94284599961917,9.73378753548462
4.667568863625,12.8177949572322
6.10130689533414,17.337721106985
6.651010434566,11.46203150672
10.6326124670133,10.227988367063
6.45268838557332,16.6551494067545
11.3658483244109,7.51878537754678
11.3525553258912,9.01312385938394
9.41444006675023,11.7564341402099
12.2696522460561,7.33639870337958
9.38743662270499,9.7316580526355
4.64100573357774,18.852347183369
4.54733321288872,12.4393277253798
8.28280091679424,13.8739125197647
12.9104039460093,5.93504211250835
9.63521744357151,11.6758288758005
13.6903517814728,8.4119667847283
14.0261557018501,8.99908458452204
12.2809298203015,7.57813032664723
11.8504973760275,6.63330062940418
5.80494514539674,11.1067466628386
12.7973280228999,7.30953768103314
7.97026355478499,12.2775616997511
11.0856758826127,9.73464171196751
7.71041445799526,9.34314048870325
15.2496526351199,5.65356711991735
11.6194565861038,10.4928320042606
11.7484121925694,10.2145856144997
4.51692853284302,10.7599661049776
10.447101620669,11.9599679862982
7.58729202316275,10.8317733153313
4.49699278025415,18.537958917432
15.7261186381416,7.3107863730827
13.5314898709723,8.95810882570325
9.11695828036946,12.969889328791
11.2761987762679,11.1024014025749
6.42301635947899,14.0721210076259
13.1459470612083,8.34646730406842
10.3263752154001,9.65100236343992
11.3170865028513,6.16425751389843
11.6566014123407,8.52993497227056
4.35646564420958,10.923983671243
10.4345690235226,10.7203605169494
16.3131682363449,7.77879468300744
11.4254091750011,7.16742371718868
7.7136493059905,11.4879506182021
8.51679352924301,11.1219273944741
11.9888311313861,6.9689390673413
14.3377074769273,9.46754847594899
6.33021475012407,16.0805619869594
6.25311952883198,13.5913925651874
7.95087401578354,9.07291076044865
8.33220408906606,13.5663014304411
12.3781917157274,6.26445326131872
10.0294534583794,12.6876949790841
6.53368643726003,13.4999353995089
9.41196289220099,11.657331646569
3.57087515352756,12.0992899635419
9.43589960256337,9.46596617266151
11.6101419743834,9.19479971059446
7.62191784356256,11.8171580899677
10.9014932891621,7.19467954647415
9.80467342853599,10.4334368445063
7.39314972376459,13.6933903050012
12.3105887510322,8.5320673201544
14.5028288560859,4.27185482561856
13.2708028063718,5.77844105349849
14.6023260960076,9.02402532631343
11.6007551030764,11.2594621385525
14.7302586524266,6.37154426481433
9.1851931794053,10.8796516293345
5.76679871114048,10.4479807388918
10.4023176352564,11.5377682700169
12.0473294810907,10.21782227686
8.15154756655505,14.3248848138735
13.1960083178548,7.27111590790485
7.75493218193399,11.7697153293677
10.5902393611214,10.5841640876047
10.9600397525402,9.21731960740713
7.28308302608008,15.7122915728699
10.122910809206,8.82740875764672
5.18105302205365,16.0810743176253
2.82621101188055,11.624547117669
8.52220349652738,8.68603282741993
6.34647651957503,11.5240725755237
13.2212832454025,5.96209537892633
11.7406625567544,10.0514743113037
14.7045576414092,5.84592504724757
10.1235563814269,7.56392899204214
13.4027134946816,8.20170551829415
16.7656460841595,8.44443121347827
15.5885740553927,0.763791246233435
8.06719077393727,13.9569744128037
16.5064607892161,7.88363876846317
10.8392674582786,10.2300532436713
13.4953226444354,3.8173793019372
12.4457840051088,4.77966436765794
4.06134710799752,14.8047471988117
7.39062399536323,14.2704272423493
12.2542686229119,6.44668175512181
10.7906943633263,10.5610703057377
7.96399909290427,13.3820234668021
15.5765184536892,7.69148624103912
6.51712570845839,10.0172478386782
6.96186767272888,12.4273822911712
12.4137118671997,7.77789802027607
7.14419433697949,12.2573765355734
9.36643292275089,10.0508865989406
7.50847681383672,11.3063770435794
9.7522695362018,10.9236575116326
9.3484260627816,13.2597473511284
16.8241181313957,7.21352189277736
14.161344981325,7.53210407544002
15.6533058416984,4.72622121831648
6.34853338695645,11.6221358929004
6.70536178023718,14.660751717176
9.05056938720309,8.35325147444962
6.13155097512563,13.7572724260317
11.1309066135505,8.53618184518166
13.2472586274957,6.81010794249996
6.79372226959888,13.0275277913
9.03724187615803,11.3742826059177
12.202930792481,6.48003554358603
12.0922793432432,7.2403772695862
3.87892964940985,19.5715099896312
12.0221633340713,9.6333578668556
6.28635441339559,10.48414518239
8.54121829443376,11.6080762750672
11.493558861779,9.67364173207624
13.9277912954306,8.05636771272905
10.0231283299296,12.6733660854846
10.4307792199161,11.70042581036
7.57449510070524,12.984231800171
9.81669420372322,10.3955070997371
6.20319056046851,12.8356585254055
11.2289941330988,8.78186084524492
12.6907777991486,8.49875580267716
10.2985646611653,6.98499371369277
18.0917004225029,2.52448926928739
7.20765670246016,15.6062694263078
10.7870331250928,10.1609680337868
14.2730730754108,9.23331455798499
10.81857183291,7.06816579435953
15.3993749742283,3.71888280087739
13.9293714549126,5.77768286927918
2.72912166892218,14.0157497306481
15.3429743933182,6.89650935698731
9.74497089088866,8.45378699631096
9.06715569569895,10.7467592521327
12.7196720487359,7.24699293448769
11.5331845759909,7.31376338014524
6.18752989577699,15.9103161928974
14.536573999032,7.35740185570937
11.6222765361977,9.9296164319133
16.4946667907767,6.96225966264163
12.3754421273429,8.17459214598044
11.7997297613982,6.66178487429208
7.31560577686671,13.4260290411102
10.4109362868126,9.46736752984813
8.40652115557543,9.63895301449899
10.357671384077,11.862652543248
10.486612364106,7.75253136392356
12.6438127275369,9.43942784665074
14.081060481115,6.19239912905618
9.32707127473404,11.4272595443254
12.0338213762289,10.0927429693235
11.5608070791765,5.69462577484008
10.2324328684469,8.08907514073522
9.52729231902444,12.6178261874885
9.88977152222632,8.70386517987722
15.5243508887744,9.18036613547453
12.7333172934225,6.07535562869201
12.1583323631862,6.44048453229242
14.5553367619125,6.55296454970018
12.2360256133007,10.4500638009561
10.3781904484414,11.0352701305508
7.87282818516976,9.42562300701018
9.42715585341277,13.242397802169
9.29352987759054,10.0004948917625
6.40677994261519,10.0580511194958
7.05052897966373,13.5994251946482
11.1980456185585,10.4813049715016
13.8012818428336,8.0154962268145
10.742786142363,7.08940179705935
11.0618319216366,8.24832250836923
13.9648268335092,5.99110621343575
10.6659798891046,10.8053564657758
2.24781647397743,15.4926491331078
11.1073705722344,7.44416680078442
6.83837639258738,12.3256752714019
8.43673320557292,13.3451805549002
7.90330997738215,10.1383398698418
11.7610337059367,7.51799499333066
5.62223455535062,10.4231334669869
8.77880223407696,13.379895263388
11.3093867113982,6.82222073647517
7.70308732819367,12.71629903306
13.4589299238698,6.58192369773306
12.7001655312638,8.12180917910109
12.812972084319,5.61809056160865
10.2390349652752,10.7539722967574
11.1456431381614,6.78625454054068
9.1863408525895,10.8701102589555
6.69459069645783,12.3201199673651
12.9341461888801,7.2890674350383
13.9736630184765,7.8480402895639
7.7765825031412,10.7855690415307
9.37274056789809,12.2026030592533
5.46894613544843,10.7673680157905
5.74592426021332,17.7957373511339
7.83545251527748,11.934045011261
14.3182322817598,4.19323824321009
12.5591019163616,8.28719306839858
9.21724595977902,13.2539267228404
7.45084786584335,10.0869228000971
11.232119835736,9.12602083546235
9.40376521279979,9.83163738569029
7.66813042244562,11.8511079489604
10.9705462535154,10.4336052205901
1.31755526290897,13.6345492060416
9.64825802627536,11.2658525961533
8.71946175921024,10.7319337183293
7.00798725524062,13.3007421230444
9.15308751596278,10.5113106382397
6.94039634977629,11.7802149826966
9.09675661923256,13.0284710923869
11.0510911603835,6.7354857697939
5.38566478671256,14.4678692156583
8.37991587057555,13.846814762952
11.16147373267,7.87708227000108
8.91232119989745,12.1830349983756
6.40481795518187,14.3923507229052
15.394246792575,2.19852204954678
9.8732221079684,10.2546660953525
8.55725192412277,10.2066098365055
9.2211495962798,12.6209228267011
Rho_s: -0.800259411564853
Rho_p: -0.774377137179475
IC Time: 0
