Rho:0.8
N:500
7.44954409122135,5.85374798105844
8.78028589755505,5.97600482917059
9.96855497589086,9.65127214866176
1.84878880035874,6.2853911332644
12.1585311958559,11.8750207835471
9.8488939789911,10.6462069204278
11.0395521132369,11.6377484135359
6.5257222734871,5.82900768303404
11.8818358014415,14.0297381210727
14.3449963611522,13.0551685518999
8.37781837647384,6.37945310536095
4.87396629191753,6.26028713028298
8.95581513147498,9.0899731664171
9.17269982833483,9.01542073135678
6.34689294040685,4.22518025452258
9.23058596527174,9.0678353460011
14.2700597332039,14.7073862997045
14.1369843277554,14.0232771696403
11.8926578270466,12.4712569050145
8.36388570317758,8.68328640895309
7.33948368609854,8.76966807036469
10.7604917244116,10.9145124373751
6.62927303483834,8.15906106740234
10.1715002173122,10.639646813244
4.83836247749722,6.46902350107602
6.71741772134176,8.52568550356743
3.93500371695859,8.37145720781764
8.63820110133188,10.9078216393361
10.6811730809053,11.5581007039246
5.55130316085913,3.33740531069601
11.915788111175,11.9302228380836
11.4946697954207,10.5656319627142
8.57143088125166,11.1255745857385
8.86011530229363,11.4137826310043
10.1026928183059,10.213303597069
8.146880308693,9.12051823887736
13.9967646118481,16.078428131661
12.8152059537781,13.4523139531989
8.82861148213472,7.7580963147495
2.91881163324163,6.16771236801283
6.25874078960781,3.18532231087745
8.28932851428694,9.51469715873809
10.5386535571987,7.90826522955994
10.9507892554157,8.24764541232146
5.40583719963435,6.02750205575148
12.9516649014895,10.4893160419273
6.17720349098513,9.7884089507398
14.6431090216501,14.2741061157881
9.64610585918741,9.26510135970096
11.6673745152932,12.2743397913301
10.1612318748642,9.18772269785858
6.36887131648481,3.51600310048995
13.5057575509409,10.7471870735764
9.67984440450105,10.0945824606366
10.9889156942796,9.19155855625312
4.13198026449118,-0.454260685207478
14.6406260327037,12.576938574904
12.5997289209207,14.0324345114769
10.7953515070893,13.3065520196624
10.0764925380713,9.410529930995
7.35902030267602,9.13021722752587
7.10028337821717,7.67333661399135
7.19037619078945,5.44101635152263
12.0812524488963,9.97633840256464
9.24643125399252,9.13590839235976
5.42422828150529,3.45722859636988
10.2755650050173,10.3418429304096
6.78632275934536,4.13777887905556
16.0990488413184,13.2493236848244
11.9969196124244,12.5650179408424
7.73535299925136,6.26562846547954
13.3218108864185,13.8060571733267
12.929378282307,13.6775786937683
4.89175314351382,8.39145252937921
11.1381507524181,9.40291531856091
15.2645653605459,11.4226013286938
7.44116547608494,4.63389636228567
12.3155905647674,11.2002968908255
10.5490367366916,9.37110606044469
12.98610371413,9.78556248539735
5.00233642182208,7.13936193815519
11.4749667545582,11.7735982192827
9.10473974202307,11.6720680682792
10.5275560278246,13.2280397525305
6.35664535796767,7.09338010630501
6.42017034097462,6.31058017258036
11.6032602988823,12.7270214243829
13.4952455215742,15.1070557958102
12.2936956875662,13.7154151019305
4.36901591060313,8.96133897752271
14.8565709211919,16.5715685741143
9.52697162320143,11.6243186012945
12.9451166295006,14.7624909930005
9.97118833980142,12.0209909379266
13.9371190892149,10.9624463019707
12.1849032405718,9.26211767375229
8.09358026048444,8.27391304276013
7.963901175487,9.93184712005866
5.29262723179205,5.98610228387701
8.12656060429417,5.95999552818887
5.81157451543783,-0.173558057846799
4.95413878172871,4.55749839321342
7.25720582620766,6.22170831802714
7.67646243254135,9.8344688421262
6.59384020759608,9.26944155063458
8.48618078560379,5.88962088309222
12.4196396998011,11.0458269229595
7.48127599789999,7.49504482100567
8.7702596781079,8.57873060104147
5.5827812368595,7.04740195758991
9.86283584499837,7.96137342240362
9.58591586582378,11.4366641607976
13.0645210826276,14.1377214766104
8.02661880337977,10.2295586428057
5.84403113086146,9.66146620048813
10.1389941696151,7.46753107319766
12.8492993040144,12.5648601059658
10.0365084322903,9.8390761668823
14.5907593402653,12.8470278192308
8.54861566638707,8.12469439001104
9.41620271175542,6.93879871995414
11.7236891855252,11.0277191600049
6.10116444172482,7.87769284542931
17.9728293257033,16.7312478326726
12.5948610695573,11.0063009351628
13.516729368482,14.2981387819588
13.3590186871802,10.1085577679004
7.45760857796382,9.50250634776849
11.2928763479697,9.11348965236025
10.927506837493,8.29062057216167
7.95199210863093,10.3670246557181
9.24225175094636,10.2256845183538
12.2510540890368,11.7234629724119
11.9032693010312,11.0157091600022
9.60607483557765,9.84928673576932
11.3362325671839,11.2988218881381
14.3246736989842,15.006543562918
8.01004677887908,9.66590103394132
9.48095229210582,7.89169662476761
7.6423871673163,9.98938752063585
9.22110268615755,9.20641259119718
14.511721908919,14.0387028517895
12.10308164616,14.2875216593798
11.3374645724089,9.96471612834611
9.70052962913357,8.14186411810128
6.87555773866134,3.43020279162027
9.0392027893583,7.27852021489936
11.1752474676092,8.99661909168175
16.4796224076216,17.2611307589025
11.9358204317168,14.4488586316646
9.43958701815325,11.1362374453176
5.29047611069001,5.72017424869544
7.86257558834758,6.08962174637851
17.0533268670942,12.5906328719247
9.68900123332265,8.40510465134365
11.4184958288773,13.7962886492342
8.41276434435543,9.28819143190393
10.0819733288632,10.2043389928254
12.3162796116626,13.0269554196738
8.94665969423986,10.0153324814645
10.4303495602879,11.6069085609357
8.4310364278501,9.44819363280286
12.542612324929,14.0310305778785
13.6175398852438,14.1926437822786
10.4877115278489,10.7742483298628
8.9630493347223,6.82469175226773
9.89822244089501,9.16096495444491
3.65605923831737,8.28922820192571
12.5846195510416,13.7092601893518
10.8369830254736,13.2217591271866
9.67994908679782,10.4374965339379
10.9002302546329,10.9795760121301
9.81938007951089,7.85008050527009
9.15627817680445,10.5971007941059
5.03822143487929,9.25808257153582
12.263946066624,9.89415054108068
12.2043610401105,10.9654120860095
6.75422224829148,7.74933005682509
12.8834905574968,13.9385838563631
10.1718296472961,7.5044948758952
12.7589598305308,10.1897664283034
9.20948232084332,8.59947305024988
13.1343004162216,10.2510223574721
9.8762396760011,9.27231323863019
4.63742526150921,8.30247232552667
7.96798574287843,7.05951576803559
11.7689387945293,11.3803809113394
13.2219648728925,13.7318083864566
18.0591482063145,15.4167508697872
11.953308386008,12.0738574646319
9.38341280944491,8.76299447553761
10.2339020266984,7.90323345514248
11.8406719863086,10.2187388343893
14.3702586191464,14.5170267527168
7.19129887293749,8.82183493305067
8.28103981073382,5.87961873408002
11.9573008781858,12.5983333491355
8.15485090204164,4.89612586042623
7.61538893991847,6.69521082816962
7.58382610480714,6.88066429990255
7.01635375264482,7.21533087130256
10.0058089472577,10.921368660601
15.1007794097581,16.7615949734834
10.5765888670257,11.1149510298917
8.66286571080631,9.21918237344734
2.9784317119199,5.35152004660173
11.619889257551,9.59521002337672
13.2763926203459,9.97815608210463
14.9588835888093,11.5979632567513
11.1229977565267,13.3453157154698
7.56229266669635,10.1536493128984
6.01505691699698,6.53802731360649
12.9037089787435,13.4631935788983
15.2992455603438,15.1245287793539
5.08266028455372,5.99485609568169
9.91692231381319,8.60362568879999
10.2496405016602,8.23422334893452
9.28488516534786,8.7053960034397
9.9825046936071,7.64439014286676
9.45717903556043,8.69466500144674
9.76917459985031,12.5783617996191
13.473432686831,11.2039985677558
10.9380953956972,8.42463600212638
6.03646860324735,5.87933354909473
14.1179715305486,15.3967978309331
10.8546038519955,8.9677877186813
9.110302704358,9.3762991140636
13.5248558070162,12.7844503923136
6.89523376440238,8.49947669688051
9.02615107180394,11.2406702991416
10.600899175403,9.9964345953708
16.4302497552353,14.270237921392
13.4372223747696,11.6187345746679
12.0804735713051,13.1592300199235
6.27185279334951,3.55092680074313
6.64005093313697,9.81668565649394
6.10831607898488,3.73702957732118
11.5567823561956,11.9458884857679
5.50574200035645,7.84505887487828
13.7001606376701,15.1557097960725
5.84729388447506,6.11835006078015
7.60555109694061,4.39482664092195
9.45031317468319,11.13105380187
7.98768119491416,5.39475234991057
9.62524523225428,8.2771001250836
14.8545501276428,15.6124583381822
15.3841651016715,11.5724135572984
10.448146188795,11.4062736605688
9.32370843589148,10.8403807077811
9.28082899796398,10.0410267738097
11.2472924427399,9.46062865450459
7.8623857392924,7.73967252222223
5.22472004143183,5.15626733893514
10.6780136724621,9.14138796244151
7.73266517568959,10.926264858668
11.7558310647762,10.5526184473162
10.4109758220766,11.2332046135068
15.2284268210592,16.4704888942637
9.79625595385836,11.6586617009289
5.86424284480552,6.5197243501033
10.6355722762596,13.1830482026684
10.9371903236983,11.1954630664995
12.1118925059071,10.8553624713308
11.5573223639046,9.98761065750117
12.2104138113393,10.3897529436652
5.58189855859308,6.62203539732837
7.9573558808069,5.40569007317589
7.01346902031141,8.25460309918411
10.6741591489549,11.1961394975262
15.7439141972086,11.3297250409729
8.45670703936432,9.19234129847134
13.2631827555847,13.2193392748313
13.5046891015562,10.9229986966615
5.78157639597561,9.66153856619464
8.5339714511357,5.59696187030072
6.98849598533943,9.55230398481429
10.8305058546212,10.7834706326444
13.7203248769572,13.6944389055367
8.27227703746355,10.2036310451857
2.89951881566977,4.95717581232175
13.7075124454232,11.3487617704446
4.43377133399304,9.44684135673563
12.4451725552288,13.014062618086
9.49556390118376,10.7328260272883
6.00682034219112,1.98973439241195
5.36502916722982,8.03731471958633
14.481111438166,15.6761392448194
12.4992601584439,12.0252988931955
9.75085125012498,11.2394772909602
4.10413904630895,2.36919531195455
9.56907992294928,12.2933326313537
15.1642054313394,14.1442907965252
12.777565023695,14.8135908819368
9.90664200689667,8.23136636243102
9.74934005661135,11.5056055221987
6.6663349892474,7.58219935892848
10.9851710833581,12.3687804383138
7.29514307725076,6.50456304638087
7.25395002979402,8.75881472400203
13.1790688913249,13.5188449454161
15.4707279204996,13.4514526806074
19.7551362634167,15.9189373197966
14.6214816493116,14.4849603210744
13.8061154754513,10.6011002344477
6.08291927552505,7.55885870661452
10.0021071982615,7.11558918280437
6.01484919102431,8.04212750778816
7.01015772974353,5.0817185417389
14.0508791732037,10.7225167144849
2.97653656817776,8.97840156255371
4.62567000605555,0.375547649216863
10.1054679718319,12.3834739650124
5.95581997266045,4.93677851288283
11.6869192123805,10.0708543347516
10.230216920732,9.84061576380828
11.0651735913346,10.1532887535806
10.3374525703572,7.43376119943614
11.6766791676136,11.9366204665119
13.731819120616,11.5990207659452
8.71822870665896,9.29761407908832
11.2958538404018,11.5999229004203
10.53847543477,8.59625613114721
10.4515513482609,11.5730483198484
7.93572459399623,7.16067994218692
5.70576561305143,9.19359836517235
10.0788297863066,10.4215175255953
8.32967112488764,6.80930046823722
12.0880994712322,13.3538683354965
12.3111313276272,14.3091692284911
15.5227751021561,15.3801603461375
11.9187287347968,10.283293869684
8.21688795722322,10.6171949530177
8.26094406870427,7.0921247893114
9.91364003799267,9.96458947552113
11.0754963737573,9.42018918775585
12.3474551016953,14.5265373891974
11.3985395648732,10.1386266975737
13.401416152912,14.8736238890913
14.1825067611408,12.942237812256
8.44856200219954,11.096935201316
11.5639344394455,9.66678465546613
7.66502836437387,10.0448154002466
12.0949009638923,9.62416768768873
12.7970307792215,11.4708908050195
14.728249900094,15.7252579662698
12.6892797077893,15.0946341668983
11.9925780629667,13.2335721471939
9.45670456878269,12.2649022005236
14.0483761356331,12.8446306272035
2.07642693874769,7.64852756425493
7.0735690284897,9.42419110637166
6.49362071895863,7.41853763083981
6.88446762026757,3.61104835995152
8.58084947814275,10.2556253000508
7.44315780898378,6.53778982011535
13.5104881097559,12.7990598224791
9.47223022852348,12.099346305782
14.6575170558001,12.0796254726259
6.99893417211359,5.41258806229214
8.44864139606168,6.75589889091372
8.03480319388548,4.75521775328426
10.8187342116445,11.5407786183081
10.7080215571963,8.77914438432643
14.4262219192724,10.5992384812557
13.0237411083378,15.1784032114373
10.6950759970889,12.9259264159757
16.0908244092939,17.9631395484204
11.0142121694718,8.24318105735805
9.61296712181706,10.7178190357744
10.8611057654763,9.54171404372446
16.5225508297836,15.2000693808897
10.0010818094752,10.4499104578154
13.9631351523601,13.5959713473099
7.97957810610853,9.95740121736795
11.8742273889042,10.6141541097252
7.62272548472845,9.893664487063
13.2905256695382,12.573273566476
8.09632761753005,6.45398185812552
13.4141681347667,11.6667445842918
9.8184845984526,8.92924768060129
10.421450624588,11.5221045330834
12.9761289405536,14.4219795033679
6.9593349621897,6.38589930431209
9.07613766666684,10.6121369716597
3.14728175036969,8.26655520852594
13.9256614374949,15.4792448895562
11.2095201673872,10.3077504072704
8.60305018362012,8.14329619583263
6.99629595267759,7.95650421743511
13.6061769533516,13.090919541871
8.38163747450702,9.78733306554918
11.7710862189223,13.9829385205642
4.75388603467898,7.37394030357347
7.91184335274298,8.24100256330737
11.7638801063266,9.91384837051833
7.59939411955552,6.33849807942779
8.47048595539514,7.68169661305492
9.67993979396672,6.68982070450046
13.5228524511316,14.0941768738393
9.61282532232461,8.06352292430931
7.89430740195616,7.58455985775546
5.8498037120795,9.46020042246668
9.89622715543402,7.77426161425653
11.4210749760962,9.79850514146197
6.7798113730434,5.99371251494128
12.340955639391,10.5632603221713
6.87627523098649,7.65725367207399
8.79234852690431,6.69634474195539
10.5378732650004,9.46707499974732
9.63706099168173,9.94076430627942
14.701656249547,11.0146622751144
2.59502829869845,5.51014081494955
11.1996628845654,12.9101979888976
12.9277343457317,14.4528813755043
15.0904877277307,14.3037469831289
7.67729040448278,7.13070126761481
8.49542334906895,10.0831228348865
11.2781994889726,12.6485005146103
9.03709246038369,7.3154136989687
18.4109725725546,16.1013838973489
10.6881171915359,11.1613082630981
10.6966041638589,9.42802059385541
11.0347243578276,10.3601385456488
7.80039927758802,5.07658064980757
8.7833955348867,6.65114631864118
9.96990947216569,10.5966407497721
9.81623492657955,7.56501915989539
13.1665301617113,10.0313407413051
14.7330976850741,10.8735456903594
4.51991263327776,4.15994004046727
7.01321234702166,4.77567715673101
11.6503841869282,12.3495173902797
12.5332738511419,14.8068674512865
11.1037551664847,9.00857834835587
6.67446487553327,4.99672442438538
10.8720996474035,12.8040682804374
9.58967554511382,9.13310700048523
13.0025287746054,13.069788695681
13.2120428509626,15.0228962314704
15.6343426702566,13.038908455779
10.4832563600067,8.88835665625419
6.0645642827666,4.76569059229418
16.1153040883031,13.6456207408512
6.94291591114185,6.17876411341258
12.4840422946657,13.1414032759225
10.1194295506176,12.915156069558
9.91096095423799,11.3424913915475
10.1585636066282,8.2480070027116
12.4188177118675,14.1267609483052
11.2669282144142,8.32577793893366
11.7692286896173,11.7973011507382
8.82785352948023,8.65945339357717
11.0516342075926,9.58317486459078
12.5647784647942,10.9542268726373
6.45112913604789,4.37791764419134
6.37560102788588,8.9979941408249
15.3683270648003,11.8565967025285
11.8928128463207,12.9663985835866
10.763727743885,11.0189222076593
8.11447887785119,10.1128605783492
8.16048252087997,11.2258277935218
13.634527361194,12.5669191650742
8.18187371773474,9.76424611346156
5.13220008780023,9.0805983799111
10.5999464173692,7.9417456082616
7.27509972688284,4.12057070447995
9.14781327023093,8.75098974511753
10.954490579156,9.96316582292794
10.3706132866298,12.496109849721
13.4154436902364,14.4582408793524
10.5262406316491,9.53756160443715
13.5003993304681,12.2054259415381
9.01918828167862,8.37321774354202
14.8941739030786,10.9348308314624
11.7446904132899,13.1637557487055
13.7906795038547,14.5185145134528
6.84242458281064,7.01564935633265
3.55936276667188,5.60646990439918
8.51042603713569,10.7936288339212
10.1861375444223,11.6485535727127
5.62406742719967,2.37672671442649
9.11051185579942,6.2957863529925
13.1996412276497,12.9330269116734
8.91667178650523,7.88309853837722
6.96995726584082,10.3287813501509
11.4712060875025,9.48297456224001
8.22441005499785,7.04335379166102
10.9548556980754,11.0647806211103
13.2144679943091,15.3239752930204
8.55307849837913,7.04607863578954
13.1245458387825,11.8576042945334
11.2436854393247,12.2472810222795
8.37470485702119,5.39915244546527
10.8316124549059,12.4921382847721
11.2838405658112,13.3977516999674
15.0504342121515,14.1098141272337
10.0959540811166,11.7176456101288
9.8517333037986,10.9342750968856
14.9795649060711,13.3189051782655
10.9077230115582,12.6566166134825
Rho_s: 0.813801591206365
Rho_p: 0.791738955747006
IC Time: 0.00999999999999979
