Rho:0.8
N:1000
7.44954409122135,6.64624862484744
8.78028589755505,7.52279051679278
9.96855497589086,11.7451445999742
1.84878880035874,9.03713148277613
12.1585311958559,13.5713777758906
9.8488939789911,11.2205771345772
11.0395521132369,8.17335547466053
6.5257222734871,7.36092295519357
11.8818358014415,12.1813611058369
14.3449963611522,12.7293247673426
8.37781837647384,9.66194774882771
4.87396629191753,8.3337865267167
8.95581513147498,9.77021665397049
9.17269982833483,9.85065713188767
6.34689294040685,4.73205586565158
9.23058596527174,7.50934833474431
14.2700597332039,12.660231795865
14.1369843277554,14.4343041376821
11.8926578270466,11.6764806245825
8.36388570317758,6.81009437245084
7.33948368609854,5.77675961906519
10.7604917244116,12.9324262872072
6.62927303483834,6.379286558084
10.1715002173122,7.95815111935025
4.83836247749722,7.08358135917867
6.71741772134176,8.16521390632214
3.93500371695859,9.09301722153344
8.63820110133188,11.1771887445651
10.6811730809053,9.07902635551247
5.55130316085913,3.65312386391802
11.915788111175,13.4315050999482
11.4946697954207,10.6873989868571
8.57143088125166,9.35850959953448
8.86011530229363,10.6264588196074
10.1026928183059,12.3936356387002
8.146880308693,7.80871525450211
13.9967646118481,10.7910733036658
12.8152059537781,12.5952640833374
8.82861148213472,6.41278010594909
2.91881163324163,6.37091586870443
6.25874078960781,6.37172276787245
8.28932851428694,9.49345777800783
10.5386535571987,11.9782969084546
10.9507892554157,11.8503370069499
5.40583719963435,7.26515834231621
12.9516649014895,10.0365212979898
6.17720349098513,9.73110964522244
14.6431090216501,16.3197877240612
9.64610585918741,7.73599315099871
11.6673745152932,9.00955107387564
10.1612318748642,11.4649947779866
6.36887131648481,6.80130580642969
13.5057575509409,11.9749070377711
9.67984440450105,11.969188282535
10.9889156942796,9.81654603472235
4.13198026449118,9.13010131365465
14.6406260327037,12.7620848334899
12.5997289209207,12.0971981613685
10.7953515070893,9.73448310374929
10.0764925380713,10.1506928211982
7.35902030267602,5.44961252835046
7.10028337821717,4.87846743361177
7.19037619078945,8.35805561596252
12.0812524488963,11.3897518878224
9.24643125399252,8.14367679904752
5.42422828150529,7.90667218427507
10.2755650050173,11.4202944437537
6.78632275934536,8.9987138823035
16.0990488413184,15.6057455846799
11.9969196124244,11.0330334596311
7.73535299925136,5.28685813622584
13.3218108864185,13.3217482839015
12.929378282307,10.9859386513392
4.89175314351382,8.47669341621119
11.1381507524181,9.81833402546905
15.2645653605459,11.6880437708791
7.44116547608494,9.09156961157868
12.3155905647674,13.9215889820993
10.5490367366916,11.2361616161074
12.98610371413,11.8125462596933
5.00233642182208,6.39429757809705
11.4749667545582,10.5981250881266
9.10473974202307,11.358150352937
10.5275560278246,9.50662217092272
6.35664535796767,3.74911439344677
6.42017034097462,6.26176854671118
11.6032602988823,11.5833497294197
13.4952455215742,12.0735564190058
12.2936956875662,13.1521959704701
4.36901591060313,3.93281037451239
14.8565709211919,11.4064876584085
9.52697162320143,10.5465249779557
12.9451166295006,10.1314268198989
9.97118833980142,8.71609473402613
13.9371190892149,12.7311645522401
12.1849032405718,10.6197751199463
8.09358026048444,9.63005725745589
7.963901175487,8.29396194513542
5.29262723179205,8.63268411076077
8.12656060429417,9.06107060246431
5.81157451543783,6.04225336035833
4.95413878172871,8.12051446533053
7.25720582620766,5.42954009605631
7.67646243254135,5.00985114291894
6.59384020759608,7.97468734050561
8.48618078560379,5.99580355678726
12.4196396998011,12.0072523684751
7.48127599789999,4.85898596880524
8.7702596781079,9.5316126537255
5.5827812368595,9.16324811644687
9.86283584499837,9.01736133732305
9.58591586582378,10.5670473080282
13.0645210826276,12.8742229746941
8.02661880337977,5.62756767557124
5.84403113086146,5.4571895889671
10.1389941696151,10.6496775867992
12.8492993040144,9.53431303212144
10.0365084322903,8.38231974876169
14.5907593402653,12.1896570598758
8.54861566638707,9.92119856741349
9.41620271175542,8.23009850301063
11.7236891855252,9.13762945614192
6.10116444172482,7.43061043287127
17.9728293257033,13.6142978921591
12.5948610695573,12.3294827384444
13.516729368482,10.7057115611552
13.3590186871802,14.3389790332461
7.45760857796382,6.76853752501735
11.2928763479697,8.68316305690488
10.927506837493,12.2483631739379
7.95199210863093,9.58425559860497
9.24225175094636,8.81575375626733
12.2510540890368,10.7673883741685
11.9032693010312,11.6128141413391
9.60607483557765,8.87581713231326
11.3362325671839,13.9766386501445
14.3246736989842,11.4449640591578
8.01004677887908,7.63887376772048
9.48095229210582,7.29888634114663
7.6423871673163,7.76886646323175
9.22110268615755,8.31267766160737
14.511721908919,12.1008348950741
12.10308164616,10.8774682722092
11.3374645724089,9.830129602768
9.70052962913357,10.4408901847976
6.87555773866134,7.9230329752271
9.0392027893583,6.28428494748877
11.1752474676092,9.32759059510437
16.4796224076216,12.233485694438
11.9358204317168,10.9261528240872
9.43958701815325,7.33851130030264
5.29047611069001,7.35036425063983
7.86257558834758,10.2979873051333
17.0533268670942,17.3196098835925
9.68900123332265,11.7116052140317
11.4184958288773,12.5388778525033
8.41276434435543,7.96422633302837
10.0819733288632,9.10215488884342
12.3162796116626,12.2162830275174
8.94665969423986,9.82303939095068
10.4303495602879,9.00246131497465
8.4310364278501,6.02494278513905
12.542612324929,13.144615450206
13.6175398852438,15.5384439684024
10.4877115278489,8.63290420638726
8.9630493347223,7.59100996740558
9.89822244089501,9.65887818385835
3.65605923831737,7.58619537543035
12.5846195510416,9.99151608069731
10.8369830254736,9.3159136893476
9.67994908679782,8.75127575655051
10.9002302546329,13.1277485442601
9.81938007951089,7.13447834443797
9.15627817680445,10.4379416158265
5.03822143487929,9.38319505076358
12.263946066624,10.4130369028135
12.2043610401105,13.1441429054223
6.75422224829148,4.01364578612369
12.8834905574968,14.4845249761962
10.1718296472961,12.8191621065914
12.7589598305308,14.1080419416844
9.20948232084332,6.37850860083318
13.1343004162216,12.4645268176793
9.8762396760011,11.7205006831904
4.63742526150921,8.43708914627821
7.96798574287843,9.26936269162269
11.7689387945293,10.2799122912024
13.2219648728925,11.9203976476311
18.0591482063145,18.5314470635928
11.953308386008,12.4531948984733
9.38341280944491,9.54493220115854
10.2339020266984,12.0368566726383
11.8406719863086,10.1737691946397
14.3702586191464,14.7239964351232
7.19129887293749,7.66632285729001
8.28103981073382,7.86562944617895
11.9573008781858,11.272321427524
8.15485090204164,8.28928994456228
7.61538893991847,9.7102254075703
7.58382610480714,5.98744778443628
7.01635375264482,9.90398190145185
10.0058089472577,11.5367397388798
15.1007794097581,15.3956141736763
10.5765888670257,10.3642580170542
8.66286571080631,9.83931133157166
2.9784317119199,2.86964375112734
11.619889257551,10.3434524159763
13.2763926203459,12.7925158246996
14.9588835888093,11.8321442075013
11.1229977565267,9.118010633167
7.56229266669635,7.814132423603
6.01505691699698,2.45397072727498
12.9037089787435,11.8746252444436
15.2992455603438,13.247993236386
5.08266028455372,7.79468778663758
9.91692231381319,9.00420823301184
10.2496405016602,9.54846083897948
9.28488516534786,6.84287716601209
9.9825046936071,8.82127488256183
9.45717903556043,8.61338162712814
9.76917459985031,9.96876522173116
13.473432686831,11.6211102523032
10.9380953956972,12.6496580656474
6.03646860324735,2.91872592454334
14.1179715305486,14.1542711557746
10.8546038519955,9.15150446863231
9.110302704358,8.70580212066175
13.5248558070162,10.7883310741828
6.89523376440238,8.15175307461875
9.02615107180394,11.2853915274288
10.600899175403,8.48254474521406
16.4302497552353,15.3593071651082
13.4372223747696,11.4697301517633
12.0804735713051,11.8553411133121
6.27185279334951,4.88548172476732
6.64005093313697,9.79658678947592
6.10831607898488,9.55828971974657
11.5567823561956,14.2715254443907
5.50574200035645,4.09164990771664
13.7001606376701,16.2048184139409
5.84729388447506,5.09597020279559
7.60555109694061,7.33243053659897
9.45031317468319,8.02903866255875
7.98768119491416,9.32673889495334
9.62524523225428,11.8215537186842
14.8545501276428,12.7367785550133
15.3841651016715,13.7802792109949
10.448146188795,11.1205295686238
9.32370843589148,11.348445619733
9.28082899796398,11.7880396099771
11.2472924427399,8.5010601399517
7.8623857392924,5.47910735145302
5.22472004143183,1.26709075102614
10.6780136724621,11.5107070855664
7.73266517568959,6.16117728989585
11.7558310647762,10.3981313053889
10.4109758220766,11.8156378872109
15.2284268210592,15.9334767703444
9.79625595385836,9.17969471764386
5.86424284480552,8.31946954076342
10.6355722762596,12.5595544756448
10.9371903236983,10.6329724520459
12.1118925059071,11.6065065964546
11.5573223639046,9.85556243834806
12.2104138113393,10.3976477700786
5.58189855859308,9.22249222118342
7.9573558808069,5.95721975308008
7.01346902031141,4.34681079259645
10.6741591489549,8.60226984639055
15.7439141972086,15.7119374604476
8.45670703936432,11.1901348335031
13.2631827555847,11.4341884167506
13.5046891015562,11.684059451202
5.78157639597561,7.9181968235456
8.5339714511357,9.44016739589304
6.98849598533943,9.82568370430252
10.8305058546212,11.2850854755537
13.7203248769572,15.9569481487673
8.27227703746355,9.60163669166369
2.89951881566977,7.65764440792898
13.7075124454232,14.1038729717589
4.43377133399304,7.48317124211591
12.4451725552288,9.92314222141446
9.49556390118376,8.44107953944233
6.00682034219112,7.82021332332293
5.36502916722982,4.25757128761562
14.481111438166,12.1997102625331
12.4992601584439,14.4659595817134
9.75085125012498,10.8946043300795
4.10413904630895,0.922265186157958
9.56907992294928,7.56162953868493
15.1642054313394,10.9338777238407
12.777565023695,13.7754606540702
9.90664200689667,12.4364825054679
9.74934005661135,7.64987223964991
6.6663349892474,8.80032009643828
10.9851710833581,10.7918374087338
7.29514307725076,9.2546537617681
7.25395002979402,8.1694658750142
13.1790688913249,14.2907182198177
15.4707279204996,12.116073037877
19.7551362634167,16.3982603145192
14.6214816493116,11.988807411607
13.8061154754513,14.6895472738453
6.08291927552505,8.79000943252288
10.0021071982615,7.95657491072616
6.01484919102431,3.83329473629961
7.01015772974353,6.90083532281779
14.0508791732037,11.9544344742046
2.97653656817776,2.71446721413312
4.62567000605555,6.93673499303691
10.1054679718319,12.7518667419518
5.95581997266045,3.95165334586794
11.6869192123805,9.60584596806171
10.230216920732,12.5198316045165
11.0651735913346,12.8843245486846
10.3374525703572,10.9111027747403
11.6766791676136,12.4965727997859
13.731819120616,16.5697258409708
8.71822870665896,5.90248000080625
11.2958538404018,8.4611974273658
10.53847543477,8.89372105494055
10.4515513482609,13.0190189015965
7.93572459399623,5.29058007543284
5.70576561305143,6.73504631017068
10.0788297863066,7.94552175073473
8.32967112488764,8.86200582730999
12.0880994712322,12.9051269735613
12.3111313276272,10.8150431437512
15.5227751021561,13.5405267602885
11.9187287347968,11.1842982495515
8.21688795722322,9.67711557808467
8.26094406870427,8.07246942639566
9.91364003799267,9.70960211187361
11.0754963737573,12.3657308249288
12.3474551016953,14.2924217536673
11.3985395648732,8.92977662247157
13.401416152912,13.0605464182429
14.1825067611408,13.0394741053149
8.44856200219954,8.08049830828793
11.5639344394455,10.5910619673151
7.66502836437387,6.85326419724345
12.0949009638923,9.81592032877909
12.7970307792215,11.4658682477248
14.728249900094,14.0159347243296
12.6892797077893,10.0021716232695
11.9925780629667,13.6723120412678
9.45670456878269,11.8925290808807
14.0483761356331,15.7527007640456
2.07642693874769,6.96267322849116
7.0735690284897,9.47428976151919
6.49362071895863,7.24445133923919
6.88446762026757,4.53091157238334
8.58084947814275,9.23786874766457
7.44315780898378,8.37124177758527
13.5104881097559,15.1476201280012
9.47223022852348,9.63567579342385
14.6575170558001,11.6677276137241
6.99893417211359,8.67589197524254
8.44864139606168,7.8131613987981
8.03480319388548,7.14892098106858
10.8187342116445,9.8836556378439
10.7080215571963,7.91485049469432
14.4262219192724,10.6868237518846
13.0237411083378,11.2572207497449
10.6950759970889,9.91522501010718
16.0908244092939,10.9930646879057
11.0142121694718,11.0819230724891
9.61296712181706,8.50379843627831
10.8611057654763,10.3158200088518
16.5225508297836,15.6370997916233
10.0010818094752,12.3471612664244
13.9631351523601,12.5350457658883
7.97957810610853,10.8805440127253
11.8742273889042,11.9526030103278
7.62272548472845,9.52048100528828
13.2905256695382,15.7486805677737
8.09632761753005,8.98401434690201
13.4141681347667,11.216704925737
9.8184845984526,9.89938400843204
10.421450624588,12.9378357027832
12.9761289405536,10.3790708954809
6.9593349621897,9.34367116324455
9.07613766666684,10.3350321345176
3.14728175036969,6.1724337721204
13.9256614374949,13.0093330301482
11.2095201673872,12.8862511941232
8.60305018362012,7.8540355782536
6.99629595267759,4.88705594755386
13.6061769533516,13.7697174082371
8.38163747450702,8.50900970033091
11.7710862189223,10.7462376877088
4.75388603467898,5.91925901318887
7.91184335274298,8.39799793679156
11.7638801063266,8.87879848688768
7.59939411955552,9.51860092388284
8.47048595539514,7.96475290642731
9.67993979396672,9.02904577417446
13.5228524511316,15.0988716935318
9.61282532232461,11.5302841609474
7.89430740195616,6.38247524806533
5.8498037120795,7.24327766682146
9.89622715543402,9.58808120237245
11.4210749760962,12.2607417914842
6.7798113730434,4.16876295666178
12.340955639391,12.5537884028607
6.87627523098649,6.82525436724534
8.79234852690431,7.17871461928809
10.5378732650004,8.90333782975412
9.63706099168173,9.4515251266291
14.701656249547,11.6962378921607
2.59502829869845,-0.582674925518932
11.1996628845654,9.2383073557215
12.9277343457317,14.350575825264
15.0904877277307,11.0207675444829
7.67729040448278,8.41434906970203
8.49542334906895,7.21592617686868
11.2781994889726,8.9066786162575
9.03709246038369,6.88461905044613
18.4109725725546,14.3490636169228
10.6881171915359,11.2645629757803
10.6966041638589,12.976078534797
11.0347243578276,8.58941591548416
7.80039927758802,8.13638662133584
8.7833955348867,7.84414753279428
9.96990947216569,8.31537590312576
9.81623492657955,9.24321958833016
13.1665301617113,11.2213004309641
14.7330976850741,18.0209622710801
4.51991263327776,9.23503807621799
7.01321234702166,9.94288910707878
11.6503841869282,8.66816951744885
12.5332738511419,13.3726723812884
11.1037551664847,13.472682959104
6.67446487553327,5.96751336279382
10.8720996474035,7.96850644528165
9.58967554511382,9.25403569815485
13.0025287746054,12.1429081146094
13.2120428509626,10.0595053794523
15.6343426702566,15.6443415435951
10.4832563600067,11.106863814574
6.0645642827666,8.15597442635617
16.1153040883031,14.3966410165351
6.94291591114185,9.18382841205592
12.4840422946657,12.2783029210945
10.1194295506176,9.89100253070767
9.91096095423799,11.8189959978666
10.1585636066282,8.56451011571325
12.4188177118675,14.169037565125
11.2669282144142,10.5859858314465
11.7692286896173,9.99944681771124
8.82785352948023,11.4209192114288
11.0516342075926,10.9326938957015
12.5647784647942,15.1554918069159
6.45112913604789,7.20946651826579
6.37560102788588,4.92475753724422
15.3683270648003,17.2751693321985
11.8928128463207,9.29947211013468
10.763727743885,8.19886326496264
8.11447887785119,9.10593900680053
8.16048252087997,8.18069559166502
13.634527361194,13.5885740595372
8.18187371773474,9.58582896298665
5.13220008780023,7.57730778665667
10.5999464173692,9.19600084324188
7.27509972688284,6.82383328285718
9.14781327023093,9.29745154504305
10.954490579156,9.83555352455418
10.3706132866298,10.4411092943654
13.4154436902364,10.0603715186189
10.5262406316491,12.3835744608191
13.5003993304681,12.5758253459187
9.01918828167862,10.7602462463326
14.8941739030786,11.5592307199549
11.7446904132899,13.3448409402551
13.7906795038547,16.1213741453336
6.84242458281064,10.1618868712211
3.55936276667188,6.50679600415653
8.51042603713569,9.0808189600743
10.1861375444223,12.1518004106726
5.62406742719967,9.18952174070156
9.11051185579942,10.5307408210677
13.1996412276497,10.7283849830367
8.91667178650523,7.41528826185291
6.96995726584082,6.58479544730836
11.4712060875025,8.52619274654219
8.22441005499785,5.52404191186119
10.9548556980754,10.0367944023862
13.2144679943091,12.3349750004447
8.55307849837913,6.88201577773323
13.1245458387825,14.9260436655788
11.2436854393247,9.66688232641954
8.37470485702119,10.3079987440205
10.8316124549059,11.8765145374137
11.2838405658112,13.9534446054171
15.0504342121515,12.5779172481415
10.0959540811166,8.05720890743434
9.8517333037986,8.12393020760374
14.9795649060711,14.5512578589874
10.9077230115582,11.1963069113325
12.7844503923136,11.0012814030944
14.270237921392,13.415202290076
11.0458269229595,11.0518478967761
7.56501915989539,5.44190212990452
8.32577793893366,7.76943976756973
10.2036310451857,8.89209689674053
11.5407786183081,11.7655419840183
8.92924768060129,9.59927253945146
9.96458947552113,7.9603571692027
5.15626733893514,4.76145143781126
12.8446306272035,13.8367572470673
12.496109849721,11.9952695502647
5.0817185417389,2.95922778209052
14.3091692284911,13.212057310365
9.21918237344734,10.5368336413699
9.98938752063585,11.9726548778923
11.7973011507382,12.437546726177
14.5185145134528,11.1643278524453
13.8060571733267,14.5734885234656
5.97600482917059,6.20874379772965
10.1386266975737,11.6269444139354
9.46020042246668,7.60695753163532
9.26211767375229,10.867915536411
10.2043389928254,12.753201368758
13.2335721471939,12.0813081551056
10.7742483298628,7.90955401313693
9.93184712005866,9.45715264619363
11.1613082630981,8.2781478289949
15.7252579662698,16.9489916391415
4.37791764419134,4.70932482114343
6.50456304638087,5.83700214054676
11.5056055221987,10.4501001596703
11.4226013286938,11.1948386026343
16.7312478326726,13.4335744096028
9.66590103394132,11.5143178239647
10.2256845183538,11.0883627721356
13.069788695681,11.8792991711388
-0.173558057846799,8.25246568056548
9.27231323863019,10.7367501641295
10.9348308314624,8.53044025097116
3.43020279162027,4.4613016882503
10.9795760121301,10.3169263999066
6.69521082816962,10.1407943275963
8.77914438432643,8.93033133830256
14.1267609483052,14.1269043782866
11.4366641607976,13.774038672782
13.5959713473099,10.9358354386567
15.9189373197966,13.1115723550759
10.2556253000508,12.7718022317836
14.8068674512865,11.9109539407568
9.893664487063,8.11790415586304
7.64852756425493,10.5746165014956
9.26510135970096,11.5251950859519
8.37321774354202,6.47457676745442
5.72017424869544,5.77325148478102
16.078428131661,15.7691207161485
15.4792448895562,14.4081149878114
10.5992384812557,10.1851234086667
6.02750205575148,4.00892225834584
14.0297381210727,14.8936865385758
7.55885870661452,5.44998789867846
10.6011002344477,9.41578203306003
15.0228962314704,14.170294037989
11.8565967025285,14.0973687445491
7.09338010630501,9.8397321538282
11.7234629724119,10.8588088146313
12.9259264159757,12.4033885603971
9.78556248539735,10.2849591030726
9.0678353460011,11.4060951179523
13.9829385205642,14.6898872033859
11.5724135572984,11.2047722839817
7.3154136989687,9.45914527699026
11.2332046135068,13.8183183019097
6.37945310536095,5.37317881530813
8.7053960034397,9.50967543510571
7.01564935633265,7.48878150639309
7.88309853837722,7.92335927189157
11.6667445842918,9.3530670568923
8.97840156255371,10.160394847171
8.30247232552667,6.96562977131447
10.5656319627142,11.7095847971412
10.1128605783492,12.8874976435081
13.090919541871,12.4159600153251
9.59521002337672,11.6090296668805
7.90323345514248,7.06230296463269
9.94076430627942,10.0793582714029
10.921368660601,13.3271815836007
11.2988218881381,12.9510387150193
9.51469715873809,7.0851631373453
6.08962174637851,5.35572996164177
6.2853911332644,7.03669120154942
11.2394772909602,10.6737741434781
10.7471870735764,8.01019657395396
8.24100256330737,9.10036321703082
6.45398185812552,6.18293625206902
8.06352292430931,6.23936627144108
9.19359836517235,10.8601960663425
9.66146620048813,7.62302617554422
14.2981387819588,13.8022699659804
13.6775786937683,10.9945684366221
4.95717581232175,2.79145221205141
16.1013838973489,11.9191020518702
8.42463600212638,5.68153351109871
12.2933326313537,9.75412322734479
2.36919531195455,1.27461485563577
10.5966407497721,13.0432544744849
7.65725367207399,5.89179423556211
13.6944389055367,13.4728555396958
8.9979941408249,9.92591198615939
5.98610228387701,5.62865573811126
4.63389636228567,5.69581845650103
6.26562846547954,5.83314267454092
11.7735982192827,10.0830503190674
5.44101635152263,7.51235839448847
4.99672442438538,5.09902092153856
14.4582408793524,12.0434484640088
9.44684135673563,11.8942466281204
6.93879871995414,4.15652124627595
10.3287813501509,10.3835677467114
2.37672671442649,9.09011588754744
8.49947669688051,10.5816501254281
7.5044948758952,7.77620984653409
8.39145252937921,8.18108404919706
8.82183493305067,9.37610356434399
9.26944155063458,8.26145769676661
14.0324345114769,13.3977935248846
12.0209909379266,10.0000687787828
12.8040682804374,12.5858701175045
15.1070557958102,17.0560154765809
10.5971007941059,10.4773151335668
5.87961873408002,7.52477900189594
10.0410267738097,11.3923307033237
11.0157091600022,10.041146170215
13.4631935788983,11.7418855908146
9.53756160443715,10.6531118377003
7.04335379166102,9.80489568015231
16.4704888942637,10.8187741976227
13.3453157154698,14.8958787532717
6.80930046823722,6.25889304435672
10.1085577679004,11.1799412030281
9.13021722752587,6.2318132414027
9.79850514146197,11.8267460632123
10.4499104578154,12.9616970011926
10.0831228348865,12.80532888727
11.7176456101288,9.95123435986941
9.65127214866176,7.84712347177157
15.4167508697872,12.430330722521
12.915156069558,15.0936230449284
8.88835665625419,7.6802495641809
12.8470278192308,14.4122741631077
7.84505887487828,6.28672039766041
5.40569007317589,7.72372637652281
13.1592300199235,14.0532417598999
10.0313407413051,11.739479617113
13.2280397525305,14.523624603288
7.16067994218692,8.37425855677924
12.9330269116734,10.0391338748416
16.7615949734834,15.2618594267007
10.9624463019707,12.1038629271107
10.3601385456488,10.5839229174565
9.8390761668823,12.1294230729615
12.3834739650124,12.5580252104388
13.3065520196624,12.0503503942623
14.7073862997045,15.7969431843674
5.41258806229214,7.39710594969898
13.1414032759225,14.4708148092742
9.9964345953708,8.59950037503059
9.84928673576932,10.3592632122711
1.98973439241195,3.86432064952359
4.15994004046727,8.07488177402331
12.3687804383138,11.5708645117136
6.31058017258036,7.43491019215142
8.76299447553761,7.95016057776065
9.66678465546613,9.62421937540869
13.6456207408512,10.3845193487409
11.1149510298917,13.0902741499169
15.3239752930204,11.0671350799314
9.46707499974732,10.3379994104506
10.8403807077811,9.13553714344899
12.5783617996191,13.5819447803669
12.0252988931955,13.5362233925447
13.2193392748313,10.4638811004245
10.6171949530177,8.08554840028565
11.0063009351628,12.7848316443753
7.87769284542931,6.97303477694045
12.7270214243829,14.8043716371463
14.0232771696403,10.7452655843892
6.22170831802714,4.2267930047948
11.5999229004203,12.230263561868
9.25808257153582,8.24284912783662
8.27391304276013,5.89774556173264
10.283293869684,8.70907575000679
13.5188449454161,15.5686952193537
10.2295586428057,9.02980271929061
4.76569059229418,4.20312688372589
12.573273566476,11.7197704373952
10.0708543347516,7.59284205896625
11.9366204665119,13.8459919222317
9.20641259119718,10.2897412430684
10.5632603221713,8.49573938214757
11.8750207835471,10.7158515261865
11.2258277935218,9.51041289838391
11.3803809113394,11.4001004069888
10.0945824606366,9.80848897832446
13.2493236848244,10.9630233294985
5.95999552818887,7.75849143326591
3.18532231087745,7.20097118223059
14.5265373891974,12.8055399275542
7.89169662476761,7.71836020851149
8.52568550356743,8.01542845434174
9.0805983799111,7.16236944359931
7.73967252222223,10.5118906893999
5.60646990439918,9.42655022212384
7.43376119943614,9.90007810911552
14.0387028517895,12.7292281600182
5.87933354909473,8.51864360269346
4.93677851288283,6.82450905632708
10.7834706326444,11.9760863916405
8.37145720781764,9.39434406482531
10.4893160419273,8.04662534641513
9.29761407908832,7.52301933409759
13.1637557487055,14.2370383531301
9.3762991140636,10.2118903011193
5.82900768303404,3.89467355547189
8.60362568879999,9.4964059520553
10.4374965339379,12.8244196159435
10.7936288339212,13.3304400717971
10.4215175255953,11.9705265527896
14.0310305778785,13.5788364922168
6.33849807942779,7.86575852484536
15.1557097960725,13.7071810438427
16.5715685741143,14.3519407236216
11.2002968908255,12.2611176834996
11.9302228380836,13.0522081241743
11.2406702991416,10.1168550116357
12.7990598224791,12.3348487317248
3.51600310048995,6.70164061330693
9.96471612834611,12.0334965316632
4.12057070447995,8.62852897840845
8.75098974511753,5.82846807423284
12.6566166134825,10.7453539056998
11.1961394975262,9.62557975485898
8.9677877186813,10.9902064905836
15.006543562918,13.7723770698576
10.1536493128984,11.1418715176369
10.5526184473162,10.7695666514286
7.0921247893114,9.23100559364881
10.639646813244,13.4185786447121
11.6069085609357,12.5328200451273
12.6485005146103,13.7807888209429
9.84061576380828,11.6422344768115
13.7962886492342,11.8157716311738
4.77567715673101,3.20049733127698
3.55092680074313,7.30633533200353
11.3424913915475,10.8008376224121
8.2771001250836,8.04679624729046
14.1377214766104,14.2537530235304
11.5730483198484,12.3065859237638
13.2217591271866,11.4307908921224
10.3418429304096,11.4489504764261
9.19155855625312,9.12085006025303
9.62416768768873,8.94518563348385
10.9342750968856,12.4803950333996
13.3189051782655,13.1925156116323
10.9078216393361,10.5110927520703
12.2649022005236,9.79939458050704
8.2480070027116,9.55297651853793
12.3495173902797,14.0013217981589
11.4137826310043,11.5068655574728
9.97633840256464,9.29620368461183
3.45722859636988,7.86552839835943
12.0738574646319,11.1556952548003
12.576938574904,13.5677974260239
14.3037469831289,10.736483976012
7.27852021489936,9.91051400411684
10.2510223574721,11.3722284864602
9.28819143190393,7.80371036329574
13.7318083864566,14.2129148701081
10.6141541097252,12.0252864154794
15.1784032114373,16.3180981147435
4.39482664092195,8.34913964429134
11.5581007039246,10.7548992210881
10.2187388343893,9.9685923093966
13.3538683354965,13.0183447550596
14.4849603210744,13.4444440001355
12.4712569050145,10.6594916553822
11.5990207659452,10.569680968029
6.82469175226773,6.25424316661964
7.90826522955994,8.46759906283166
10.7328260272883,8.48200677729994
13.3977516999674,11.4877197128571
6.68982070450046,4.55378668337262
14.2741061157881,16.5717986140532
6.62203539732837,8.45528449865853
8.03731471958633,6.54169969867319
9.42419110637166,7.3181691574363
9.91384837051833,8.79035406509225
8.69466500144674,11.4408103060707
10.7225167144849,11.1957359098256
9.66153856619464,7.68454625568599
6.2957863529925,8.00284026305891
7.21533087130256,4.32462189499481
6.26028713028298,4.52499184076885
10.213303597069,11.5164970257213
11.6187345746679,12.4353258371697
9.55230398481429,11.1571640215284
11.0647806211103,10.6461603205845
14.1442907965252,12.7422595255394
5.39915244546527,9.43188542208317
8.24764541232146,6.92493521127574
13.4514526806074,13.1564676511312
5.99485609568169,6.24579857976265
8.57873060104147,9.22056572212847
12.2472810222795,9.31196699944285
7.04607863578954,7.01063738014611
10.3077504072704,9.74937633222712
6.5197243501033,9.42002279185325
7.77426161425653,6.29654501573159
8.65945339357717,10.8989721401765
14.0941768738393,10.6121992691948
12.5906328719247,14.1077211788471
8.40510465134365,5.77715469970488
10.6462069204278,8.79893956560477
9.44819363280286,8.27661193988627
6.88066429990255,9.87792079931429
11.5979632567513,13.7575069236228
13.014062618086,15.4411400644564
9.7884089507398,7.84637921139981
4.55749839321342,7.44918428696267
6.53778982011535,3.00188512820367
14.1098141272337,12.3326131292897
11.13105380187,14.0388252800437
14.8135908819368,12.7788753808784
9.95740121736795,7.91897859388774
11.6586617009289,10.1460933239347
9.78733306554918,7.45928106819164
9.81668565649394,9.79311261425811
13.0551685518999,14.6608482457165
11.096935201316,11.8959187191809
12.5648601059658,11.6370010488342
0.375547649216863,6.7758704472074
3.33740531069601,7.29390638589755
14.1926437822786,14.3281215374795
6.69634474195539,6.74534205603734
9.01542073135678,10.5220034896294
5.07658064980757,4.53377914008278
8.75881472400203,11.3251033829469
8.29062057216167,11.2125714873907
9.96316582292794,8.42219370793924
9.00857834835587,9.69257104157575
13.9385838563631,10.5895694937146
10.9654120860095,10.7653273225376
8.99661909168175,6.49541424558976
4.22518025452258,0.909944243659602
15.3801603461375,11.7320744652267
11.2039985677558,9.8362600461824
9.42802059385541,7.33363757167825
12.4921382847721,9.49342408669635
12.2743397913301,12.0958026968272
7.49504482100567,7.30468051909695
12.099346305782,10.5994255966076
10.1897664283034,8.45517896324095
12.9663985835866,13.5175557319288
8.14329619583263,10.0927622016237
6.16771236801283,8.28443469886036
8.59947305024988,9.11524926835568
11.9458884857679,14.4250412219172
8.24318105735805,11.016429254054
8.23422334893452,8.53067325514364
10.9542268726373,9.01213589274133
5.85374798105844,8.84494976069167
7.58455985775546,9.36307052410887
9.40291531856091,10.6630346013692
14.4219795033679,16.5938155877775
9.13310700048523,11.2050893307173
14.2875216593798,13.9411413122878
8.26655520852594,5.38394713921
9.97815608210463,8.28644461924905
10.3670246557181,11.9801769168754
9.98761065750117,9.75112753952969
11.3297250409729,10.076776777295
13.4523139531989,15.2121603204909
13.0269554196738,14.6592941257816
7.11558918280437,7.09844646105661
11.8576042945334,14.0100858309738
9.0899731664171,9.2295991019102
11.1255745857385,13.0583952291323
8.28922820192571,6.58475260257568
10.8553624713308,10.5184086273809
14.5170267527168,13.607534120551
8.04212750778816,5.80225841324883
6.17876411341258,6.86215311680691
6.65114631864118,8.99936794718734
5.88962088309222,6.82405201425592
15.0946341668983,13.9648224412144
15.1245287793539,18.4754208611363
9.42018918775585,6.96582184891112
15.3967978309331,15.6152927597456
11.6485535727127,12.6642191673536
9.18772269785858,8.02313913187253
17.2611307589025,14.6692810431769
7.46753107319766,5.72678757801336
8.23136636243102,7.86895999362502
4.13777887905556,4.16099030320766
17.9631395484204,10.886471739384
8.25460309918411,6.53540085043961
11.4062736605688,13.8565736286171
7.13070126761481,8.85801193668913
10.7178190357744,10.595559366131
9.37110606044469,8.91752457588782
8.15906106740234,9.9854302717844
7.37394030357347,8.09323381746444
9.12051823887736,8.93066245009273
4.75521775328426,1.66733861573207
9.13590839235976,9.69643346545215
12.5650179408424,11.2676890620174
7.7580963147495,10.4950347341807
8.14186411810128,7.1927076748869
12.9101979888976,9.62627680734614
11.6720680682792,11.6732400976138
11.6377484135359,9.63636153530171
8.12469439001104,8.30698032781228
5.39475234991057,4.61551981047556
4.89612586042623,7.21621487936847
14.7624909930005,14.974224339603
3.61104835995152,3.71785084043984
11.1954630664995,12.4880126463851
10.6121369716597,12.7020116481112
6.46902350107602,8.67393922682025
7.9417456082616,9.92291695775224
7.05951576803559,9.7937583834127
15.2000693808897,10.812687093126
12.0796254726259,12.1902246196689
9.58317486459078,7.27720541551375
6.75589889091372,7.83081049465302
14.4488586316646,10.5241263279656
9.11348965236025,6.68776106467194
5.99371251494128,8.51952789082541
9.48297456224001,11.6660447128142
11.1362374453176,11.9376624959528
9.14138796244151,10.493450656743
12.942237812256,9.93518326386634
12.2054259415381,10.2078303348751
11.6243186012945,12.4143915220764
11.0146622751144,13.287883125135
9.50250634776849,9.59781396475367
8.96133897752271,10.3901463026519
3.73702957732118,6.08041815415037
13.7092601893518,15.1884155755582
9.410529930995,6.91533267624577
11.0189222076593,10.4910556519228
7.96137342240362,4.98709325318609
9.89415054108068,11.2263331765173
9.54171404372446,10.6468827670241
10.9229986966615,12.5900737976256
9.46062865450459,8.73666023212679
7.68169661305492,9.37100038806612
-0.454260685207478,6.50085623581849
7.74933005682509,9.9563122954867
5.59696187030072,6.84820329871709
10.0153324814645,8.55856685305304
6.11835006078015,8.00131102020949
12.5669191650742,9.3374116815984
9.19234129847134,6.99783538936794
7.67333661399135,9.73254667908396
7.95650421743511,10.2592955637326
9.16096495444491,10.5325337955986
14.8736238890913,11.2579967456972
10.3897529436652,10.7789982003041
13.7154151019305,11.5534085730123
8.59625613114721,10.4401029446513
14.4528813755043,12.6683678140823
7.13936193815519,9.51097087079281
7.58219935892848,4.57864778133281
13.1830482026684,10.3581107891964
11.4708908050195,11.7416715805553
10.0448154002466,8.22330446583637
7.64439014286676,8.11952936488553
6.53802731360649,9.17951076810188
9.76424611346156,7.14374490667308
11.0277191600049,11.3772254096739
8.68328640895309,9.72173901336131
15.6761392448194,12.1601626544795
10.1532887535806,9.17368393381983
12.5983333491355,13.0743152423476
13.038908455779,13.446424256628
7.41853763083981,8.21857317703458
11.5221045330834,11.2715223537861
11.3487617704446,10.27619308905
8.76966807036469,9.60532882179904
5.51014081494955,4.94472692141328
15.6124583381822,11.5572841250324
10.926264858668,12.9068467436093
10.8735456903594,9.67772566253441
5.35152004660173,2.85550055143176
9.8344688421262,7.44450461821592
7.85008050527009,10.4971991313055
6.38589930431209,4.90322369019841
7.04740195758991,7.96304859649837
10.9145124373751,11.5678710819776
Rho_s: 0.80407032007032
Rho_p: 0.780408484655414
IC Time: 0
