Rho:0.5
N:1000
5.23389925663151,7.83755323299003
8.42067657583299,5.82432563232341
14.1514646699356,13.4094450890441
16.4822937736888,15.9710110526269
7.92519318804238,6.51261706346262
10.9168620682904,6.90401498218432
11.5399315725901,9.07221149339449
15.9023855294761,11.6240299471935
8.88910654126687,7.38142037098726
6.04669427946937,11.4312343398479
6.4815693862348,6.28015057918326
11.1526662234706,15.237875469352
11.3272449393651,8.92141291566754
11.7513599906574,15.9108065864989
12.6560999487491,16.1034600601018
14.6266145609813,10.5312177289513
7.38524274371281,4.86332062827023
14.9471753727577,12.7847656272832
9.87116175237045,7.80124608132989
6.96196470818959,11.8668950588934
10.1672573249611,8.48819629181577
10.8045555967624,9.19665620548918
13.4813460096793,9.24272681867957
10.9125333807673,7.53282764267149
7.27907085013766,5.18174806587493
12.0662697441279,9.61386412224198
15.9248940309949,8.84561025002436
6.16575939488831,6.22672459230861
3.6821938466897,2.3865010104682
10.661340883372,8.10966969956942
12.9828182646904,10.9943899168895
8.07833451717231,12.7604328816987
11.3969757609858,12.1280696398087
8.52853645776914,10.652117086036
6.53698842238649,10.0372219366171
7.72255154953119,9.28477633743856
7.01060424890966,10.4322742078102
6.10497640475222,7.67669578812135
4.42918727016144,11.4571049564834
11.1106499239716,9.9882583727314
8.00897676062576,10.9528606144245
15.6504443824849,12.1108310415314
9.72601803800767,7.77041461206411
7.70701799834853,8.29045594448433
4.9417971223768,7.08329239130834
10.055181852597,8.76666881860804
9.84224935357517,7.94541322192589
8.98923866686118,12.647913439174
8.91857717360121,11.4638630053601
8.19523927391969,7.28575144927574
9.66452879543026,9.30933828628112
14.5300120631625,10.3622341411225
8.61295514943833,11.0676717113075
3.75579534003807,7.74924321320237
9.83334544453531,13.141044688182
8.88063331426424,10.5212660666567
13.7414417649571,14.5961795262759
11.9935642981355,9.58097042167046
7.44071148010134,5.72641208353588
12.0713562341125,14.2237129009143
14.1946735961523,13.4399814596522
8.35511325591807,12.7581851999072
9.23115553380215,11.5241516989569
10.7601491153754,12.9932469135095
11.3745768971465,9.5645289634825
9.8825366877963,8.17519175605182
9.301234447388,8.26700137327541
8.12123074261433,7.16876404564655
9.78524406503247,12.8223008983453
10.4906075557956,7.16231573978785
10.6891420756887,9.68630005232013
8.85961891861174,7.12027041033207
13.2693087542825,10.0770154044842
9.03040682701235,10.2815597558753
11.2168424752664,10.8239024282213
5.90261279600052,8.93796782225323
11.2667764116848,9.86920101455702
7.86844109945136,12.3180584211671
10.0911689763339,7.86077643396009
9.72101421850851,11.8018332793247
5.8883817104374,8.76467399642507
9.52853955178151,13.1466674807183
10.0171710582402,14.3908337139551
9.28685987556515,13.476896830633
10.0260944326333,11.4753952978321
11.7879904408054,8.78892218227136
5.27637943726229,6.50945615995077
10.7557347265708,12.6206320726376
10.4193648336964,12.5341423941006
7.96269914676585,6.54242025508101
18.0693916607213,11.7881989486688
9.93071493689049,11.8596495869964
4.69415303310098,6.02782566335725
9.21105325734637,12.4969476659106
11.1507537128585,7.64609647794529
12.5695349277837,11.89444660229
6.14454845875344,7.23793589454718
16.2068098901363,10.2142804669905
9.4762956247301,12.6983824224706
9.81688488645016,9.50843802887561
12.5557371196925,11.595329898912
10.2594043874507,12.6576392100393
10.0975536753482,14.0719021403822
15.5633290897161,8.8712192172813
10.2928819163621,14.2646127105938
9.21594885228764,9.18063982515216
7.65124010108787,4.10388426716886
12.498824382404,16.0545601925503
7.83362072981382,9.57208381081661
9.49419650184799,12.5676733692113
6.8694899173624,6.70582070000423
9.02551616028956,12.4489169640559
11.2398803075506,12.6621062540232
5.80043566336341,11.7998174238103
9.19331698387176,13.3211663552076
8.57151119700693,6.95031598223726
4.11459472838042,7.77644483152924
7.84380659029068,6.33406240560911
12.9493979479067,9.09087683357067
10.1893270369784,12.8533450580032
8.74453404959671,5.13619623102782
10.3107904615942,8.2630693152181
16.1344492194064,12.2368136381321
10.4772677907641,13.5234307987681
4.02785190885193,7.96101013995207
12.9238303408696,14.1914305364721
10.6609641376472,8.5989656591404
7.45203544123005,10.7260509991281
12.0052822124522,9.06215784158271
10.7524002407879,13.523875824187
11.8078649314329,10.0102848119909
15.208990775068,11.1140018982499
15.8327093405879,9.63714334643451
8.21897225968876,8.08014010015574
12.8781095257221,13.793007176143
8.23228744562043,9.08619831302616
11.4525474243351,12.5591177071377
7.16041986091675,11.915732522903
4.74038187970451,11.6849684159939
5.50695423315612,9.38789579129969
4.00988392741135,8.887078226321
9.47381221287258,9.49166626915385
8.46873046775521,6.82417079509427
12.7644676600823,8.18682488798028
9.17983089987756,12.7854832489757
3.47887256718899,5.10403548573147
8.84675633193026,5.96189408429219
8.94869677715958,12.7304483633789
10.3250347331952,13.9441468494531
12.4049157163863,14.2884046689051
11.3393951177658,9.97299488680975
7.88500266578228,12.2922010597227
11.1126504793121,9.33025576049192
6.86093304801217,8.00011446737856
12.5090354686252,13.2374911024176
11.4003391623679,11.1007683511292
11.4250519652742,12.5086073208411
6.58320452034425,4.72471711493043
12.4651530551092,8.3607555052517
9.41250129101102,8.63363104908367
14.1145626779105,10.9509055594962
6.83094067076239,10.3303366151843
4.92363674198266,8.2010105990827
7.40370363486054,10.209242329767
6.52530085946676,11.7204574550104
10.1566132197083,11.3266487554983
8.58516170521146,9.67012742842867
14.3858562225752,11.8458981064751
8.64623398697096,9.70801046605883
9.14887984388352,9.14046776415755
9.54361377715511,12.5061222310658
13.1227198889725,12.0879984001787
5.73214955975286,10.7825503998383
10.370871090138,7.22933959044883
17.5616758266787,14.7026436775432
14.5143833335161,8.05694900790104
11.095912438656,13.1716740161069
11.3575911119106,12.3047328423242
10.5603862356928,9.55089677757128
12.1522526574895,10.5557020797642
8.00700189593596,11.5012258338334
10.2088957581989,14.0242594677287
12.765568376725,12.6816755463359
8.80174506434985,7.34901595208088
9.75261560344264,11.795166100764
11.6682236178749,11.8202343079625
11.9725527112291,12.8646621543397
7.38498592926833,11.7320703403482
9.38540638960835,6.50149194914976
13.0273384371794,17.596961673135
10.6541452245462,9.4441982468573
13.1768272702345,12.1317248148689
11.7682014498604,13.4934839895243
5.18536488792415,8.30230417031142
10.2270732589277,10.1335562519286
11.0212675485833,15.742453860167
6.06327781009176,11.6984076307141
9.92341311492197,8.14990095633878
6.82265070254621,6.94577774332831
9.25089243918191,6.21531984696701
8.57140184297268,5.70825800300957
10.2393152809169,11.0860310142875
10.7696551875433,10.0863550642944
12.7798895245572,10.5706939484658
12.8447956715162,12.0876699979943
6.09175570414239,11.3308165856264
14.8984147383473,9.76506463873283
9.83892792747436,12.6458421214605
20.1467170174407,16.1789697023987
10.7137131113347,10.967067240902
7.62036399120385,8.46467744732336
14.4723160460521,17.6836838807925
8.20012397256033,11.5903207255351
9.82564075765825,7.47814032718392
11.4717714959379,7.46978045904222
6.30926582430244,7.29195490461993
13.0208749096537,11.7967159544535
12.6372083872113,7.70858030357212
6.41567395398134,4.52616293853012
7.6532767315138,6.42462205670535
6.61710661478863,5.07079543799507
8.5635833676517,8.56310007367884
8.771912819085,8.27429768672735
9.71518333102893,12.6285791005963
12.6822001739123,14.717693061805
8.1375502263921,6.54821421878147
9.03136662762119,11.3128353344223
8.54353982934613,8.7845275832457
9.54280373042566,6.91371224305945
13.5070042912655,18.2862850057794
12.5500231214036,10.159857403082
9.42302142853276,11.381489677877
6.25772053120727,4.52945970575904
7.76290703479008,6.10429342909329
14.3730848945777,8.69453090735406
11.3547441143038,10.3787238324195
8.17434801349027,9.88674867837617
8.94551267583227,6.18457078639082
6.17412354050394,8.2811748499401
7.1218209359883,6.88979126297032
10.4590507766332,8.52265588009268
8.8176679642569,10.0563963510006
11.9412298488064,9.39591636049045
12.2496402322197,11.67394182954
14.9917642324248,19.0736804800592
13.8452513776463,8.54450393522176
10.6578786172036,11.197044789533
12.0119444220587,8.23622088865522
10.6487854103409,12.4189368834047
10.993129437362,13.8230159901932
7.96085813311296,8.92511957109249
10.1839469497464,13.8052898651372
14.6321427687437,11.9707424397402
11.4711791232595,7.91027941908539
10.566458211316,6.70302089443056
8.53437873592933,5.38056048226092
10.6509405791994,14.4935919436695
11.4803266228093,11.1388799185486
16.5009587173736,10.1892691209319
9.44501921997038,6.81879645692371
14.5079594146034,8.57714001292169
7.58794708090037,6.87044068857889
13.1812638430526,9.55228837727524
7.79223885087044,11.3245791729162
11.0621954775896,12.4249317184219
9.48004393449063,8.97210041494853
9.7245341403526,10.4758519724289
10.7613727416966,7.54919205749288
11.8393906300163,8.29438178245084
12.1260579585258,14.2594822657171
11.6741066133292,11.0454099948494
9.77351545831607,9.64126786455666
7.52519809950642,9.39390414678456
1.09014410955163,7.93144107218498
8.42110060345849,8.84763581781104
8.91738041504442,10.3961618433935
7.31350986114108,8.12994660045785
13.4278482216908,12.5205248993654
9.43435143587586,11.3308897468513
11.2982668197401,10.5842302102841
13.9724613303793,14.9475015927651
10.642559791836,6.68078894057686
10.7315512833628,14.3540967027235
15.3544510061127,9.98328578066735
12.8754783499233,15.0306087274616
16.145111392174,15.8187727943112
10.4807568655245,12.5196497845836
10.3990821330127,8.10375130538263
14.4045927592451,11.2568043311514
8.63157710813798,9.92811678592009
3.98167569133985,8.73694383542935
13.2695735455895,10.829586119539
6.97707168548714,10.5344079681313
8.4196588914109,10.6946120455816
6.3008782491389,6.74746394874156
7.24577335944308,7.12376289055093
10.978477316683,14.2408729405568
14.0740663812553,10.3278622629007
17.5579508942917,11.6025632087849
9.6364076447737,7.27336671906151
11.8457150491358,9.41264028126568
10.8757599192627,13.930995259155
8.5352815990198,8.66334801096808
7.34125650034514,11.8786892108404
6.11902986896867,6.84518096077456
13.5034362369473,12.4177203631158
10.8756598456905,10.6433194863681
3.77897292096276,4.32643574026135
13.1274748055561,14.0945908233388
8.86002142820646,10.2530592888172
11.4615631760534,7.10031270573671
14.1615411977606,13.2908353905689
7.07331923761342,3.89879687487899
10.4279247385739,7.73202191128902
6.32407299957744,4.0418501583419
7.34607434226643,11.6957178692922
14.9046432985029,9.83261177088212
9.84309944159418,8.38631477645871
13.2729453513376,11.5137411911478
10.0704738457843,11.9139015460799
12.2630334302171,11.2335893615923
9.23770546002619,6.03433530391175
12.3032869122436,12.663316206117
3.97062024996839,4.39985773972821
10.0096231881149,9.68899695277905
11.4894730402545,8.24417809955093
8.65427862995036,10.2394683309237
13.9576780661153,8.8016602016484
10.6614317233964,8.13915638309421
9.12106635327471,5.24400807039306
11.4928038785786,8.92118452586897
3.56034521115775,3.4398510606928
7.81474783869228,5.05460800547082
10.0425101005225,12.3654884067395
9.87191698743894,8.66234247074381
11.6991027534166,10.120340410549
9.36798195824828,9.98012200917197
10.2131769585896,11.7184004161035
7.43533305050874,4.07819477611779
10.8537668183797,10.3708892315663
8.94449079641023,12.6683966700375
12.8719458172408,11.639292220592
10.7151013976654,9.94004105626487
12.7975385290754,17.1753969696653
11.9923577546706,7.62146442440793
8.89647774126368,11.036614675656
10.2013374146638,11.6495769505704
10.0160606534342,13.7406680092278
9.25953886092514,6.58792127280251
6.36042095751853,2.92878743346226
10.8578036634318,9.09629255607223
6.22609044405008,7.67963019907836
14.7424675808519,10.5060761937261
12.2824210811977,15.3313983273222
5.12988485984505,3.49549007856803
19.1036701767362,17.9881848834557
6.60605888359351,7.28438515236146
11.8288929472774,10.3354828635958
14.3423722275626,12.949492516591
9.31701238321777,8.84082634647075
7.99121006946817,7.29922227087858
7.13510745293813,6.88131612305128
8.49160231326893,9.63255424028059
13.8692969020431,11.3110612668946
7.76417706662965,6.92019233228121
4.38676229947804,7.585737811572
6.95666210006555,7.00770487560737
7.15109270740428,7.34332069145982
11.4477132506893,8.29350429864053
9.46309168825674,6.38726310984329
13.0282881682054,10.9217838967829
8.41900350499227,4.65900460949314
9.73714040425579,7.73429583031363
8.00167157436784,9.5296019004529
9.17829611954584,11.9010224044133
17.8856194062806,8.34991347114341
8.10592422630856,7.90903748495371
9.01342350163766,5.82912256959164
7.04362876799555,12.394692352131
14.859544444903,17.1915729677653
9.52131577120143,9.00431747606841
11.163696529009,7.15933404340127
13.4012058771873,16.2104011723463
15.4019559595671,13.8974531460505
8.7412192627161,5.25113745909847
10.3369014928089,14.3654060026776
14.3028343952105,11.2497639800717
5.15791053475595,4.51186442063544
12.85712203182,10.6762375053189
11.5109935944936,9.31265822520654
11.2624849951736,11.4579666694583
6.52181493818637,8.62671480077713
12.9956351918849,9.39158828221115
4.61400653680772,10.1493330373021
4.66691485053462,5.0640154259073
8.51176777846102,6.25363199679746
12.1062285268141,14.9291204886151
17.3005611463852,13.0813223465759
8.81057188938795,6.7708580818229
12.8312249092716,12.6386511870198
9.3039320632853,7.9702903542462
11.7436715910991,14.4523598075461
10.6947504391963,9.0364137708771
6.52916238464571,9.65628615439871
9.57605085683525,10.8154446659946
7.94156287747157,11.8632762449723
10.2882911597052,12.4231549215998
6.21725682323505,8.8459943750277
9.02223996621804,5.21368053559794
12.9138444995673,14.0721466394795
15.1186803619702,14.809357947861
8.59024609605365,8.66866717864897
6.62394830944111,6.75795237618572
6.93392790587817,10.0925160604924
6.77879373705361,5.90879939798047
10.3027955402604,12.618111154188
4.97561648583729,10.6302667153927
7.46442870417772,11.1037616472927
6.14387135610981,9.60142281296798
8.96971982300051,6.64282997435827
10.77367764528,13.1523183339896
13.2654259438553,10.2582428829876
16.1021237711445,9.66977777586519
13.6799654126211,18.2891006665001
6.46688006085602,9.8771943267404
12.5860535784333,13.7221787548125
4.11014799303468,8.88588640472962
9.23838928690852,8.26687342895725
11.9226015171072,10.7555487527468
9.91976645243678,12.3138223004745
8.40265777883669,6.33474386396273
8.53628017010443,5.11705650287098
6.7360666022131,3.57371987199422
8.14289062024674,5.90639083497211
11.5489707034467,8.90405315716688
10.5133854614213,7.89414499997477
8.99080642162436,9.12355198504136
12.3381647989542,16.6811257207844
12.9368599232885,8.38638047172302
11.7404167301503,12.8604814074029
10.725109597833,11.6189821217268
11.4866412206102,12.4349803421258
8.57545345551486,11.8240357351726
9.62444755577009,6.00960352367412
7.06262389754527,9.63863401788581
11.0285684698174,9.00863396657631
7.4746567430265,5.73394476233513
17.2780162346232,10.1826334658112
10.0103092783989,7.54737896400893
9.4378263324769,11.9317755217256
10.1017908655055,11.9585008362666
12.9799477117754,10.6389633458112
10.9485194744552,12.6068497236007
8.63577399374921,11.6376747298415
5.79508761172032,5.66432823812678
9.41810684707407,11.1057084170469
11.7513764022013,12.2474141516288
11.4269088116662,12.4214968658924
8.11973176589228,5.39760801200457
4.02111666871232,5.96970981553097
6.31623101052599,9.2485154807534
7.59115163570415,6.92918602371718
12.5867610073183,14.839369760705
7.87791055705008,11.6661999031013
9.12849832392677,8.68015895872401
8.80964505011241,7.77112504761278
9.67242457789697,10.1149924772077
7.18413010296005,3.89035963775041
10.4314970624907,12.1618626948817
10.5412270861803,11.2373489152618
13.9978999548721,12.3596996914975
10.3496473108683,11.1314591567684
8.50530639940288,6.49047298995144
9.02159452314574,9.3700239922062
8.30214706162668,5.15908394692468
8.54985233946595,7.84182933249761
11.6630847700366,9.63184067823371
7.42898707260218,8.37320211433264
9.11684762696939,11.9774679980087
12.202719710697,8.45217925618555
5.5866881189851,5.99008901468143
7.14994320694945,9.35507652953089
8.19261848303261,9.97448965213605
10.4969418798666,13.4400303803148
11.918514503198,9.72140474639801
10.343492770345,14.4731924679899
10.6602153474647,12.1802248720622
9.15329265986366,8.23360288484663
8.00356272519613,4.89878813983147
8.15010192443787,6.27685643181697
13.5983480975439,17.3602807530039
9.09300629411074,8.12644670383879
13.3686867182594,9.20853589794492
8.6971107304728,12.6347683986253
12.2856004361831,12.9101349437788
15.4483205808539,12.2200443186148
7.86532406844042,5.10394541496304
11.1222999153847,7.22589642258881
13.6089367743841,13.6751502061452
11.2499838828234,10.4430162243479
13.5153929029943,13.3146854464624
11.0489326039249,8.70749328209222
9.93036655341303,7.95202650369063
11.259665352259,14.4727752025128
15.5306563133569,13.080358273467
9.359695039719,8.92231485512927
10.6520507335076,9.21988790007916
12.5077435563359,14.3389326080052
7.23138334666665,11.0153414273085
4.6550103217187,2.44712281131142
11.4328998726849,9.25005150623499
11.1095398420764,14.8522457661581
11.1178610886585,8.71539938456275
7.03438189050766,4.73745064067013
4.72273553902739,9.01370536490861
12.3785452993015,10.7689233122953
13.9191785508022,8.9386149506278
10.2542084731721,10.3964381364
10.475354182385,8.90911502175632
15.1687719850227,11.156091444573
13.8766422738986,14.8418948412
12.0912792564037,11.6450264405087
11.2389491055626,11.0083860702912
7.92889952707447,12.2753281895665
11.1949442633664,8.93988255041992
12.4369397048565,12.5210589888336
10.3978556742518,8.12371506702226
14.936547600286,16.2530297408011
10.2749492435802,10.8625132907957
10.0066987105121,14.4846071906391
8.056049503073,9.37070016810419
12.7220449956742,8.14664848431135
11.0446306090834,12.6954192937466
9.54367870445922,9.78598613671344
10.8210762736755,10.274980720595
10.076983783734,14.4308786912845
10.5920332089666,11.0235216189387
9.78206496725784,14.0349327151145
14.0257986762071,11.4203844929601
12.6245494172497,15.2779241912404
9.41463989425773,9.87713985307343
15.6363518135754,19.3263094327965
13.3124450270779,15.6474773551167
8.78602807316907,9.54468197342526
12.1797650624543,11.2760296464856
5.22525957976674,10.6351770577676
6.28278070143623,9.09290837053774
7.63711251627201,5.56947236257539
6.67213766192469,9.61909531773351
9.36515582876301,10.8217284102667
8.3621560774574,6.77669457728433
5.73944848722572,3.64117948735449
11.1965920977164,10.1185346199271
10.0064925295039,8.73906219276542
14.4428402892432,14.6341671564779
7.53519529662239,10.2967272033844
9.41800294969788,6.13840819448685
7.60196933244606,6.10111035205257
13.3272368550755,9.02298379158185
10.6626494491919,9.98659513774046
7.41007861513392,9.73169679039556
5.14719975323453,5.30335006105368
12.8040005097836,15.2460509921638
9.87407777579855,13.0143421302977
8.33835976576372,9.96842293018686
13.8215591231936,11.4652097674532
5.05831554002033,7.42352115051713
11.2643126848622,9.67731238469229
15.5723916605395,12.6386251886152
6.7469347566623,7.53912882264658
12.3908427323752,12.9709435077273
9.6347135531231,10.4802115959342
8.88079164941505,11.4017896686439
11.9822645005183,8.87182177659056
12.1546013478148,12.1605006732127
8.02102068527707,11.7288497603429
14.3636265749806,12.6099799803065
9.95273637340925,7.72604468844152
11.0272002636091,11.9050233245164
7.39494370761135,7.65701802165376
8.6343206568243,9.97897911880043
13.0021970818696,9.87074281119564
8.91624449127393,10.8466763536123
16.0184081845436,17.2145060845333
6.21255531759782,10.4451833530451
9.54887664567752,13.3070672032204
9.03878905812561,9.69252948563433
11.040006902978,8.15576456158774
15.2122213619704,9.37402010775608
11.3661229501242,13.9682697672428
6.02217518696946,4.10665991833311
10.8317981361553,9.5792490118056
8.9462504107037,5.42962602803421
9.88950274417197,13.7584855958053
11.5066333823612,9.9604573003195
10.0945784391569,8.33256259078382
9.83243347649876,7.54375263756405
9.19490709307062,7.44357840160661
10.0466551604768,10.7772701352922
8.17759326087781,10.0149120058271
10.3316181799189,11.139324902866
9.63857436689687,9.10950251417788
12.9523671968898,11.3558787143385
14.6677986852202,10.4573160484346
8.82238192557018,13.0494775718154
7.0849722275373,4.07926556992305
12.26237310542,7.70547197881676
6.89669176724764,3.34524537545622
11.3167377327483,11.4537179913546
11.5848587654706,9.00540054594151
10.3841562058047,9.06148174775061
7.44441075452704,11.7736910328817
8.52352518124639,11.5860971378024
11.7406105870831,9.93846922344508
12.7875196604989,11.2040632377655
10.8816516150614,9.43747873530192
16.7799886406631,9.851974938635
12.0628498417272,12.7198587567302
7.21829190466169,10.803368656814
6.77833690719306,6.12403532512246
7.99904895120954,9.56958200114613
7.44157178941932,7.07072825296618
7.93158191751381,5.4114352810994
9.18427510429401,8.41011250940034
8.62568967588236,6.40418444243588
12.6843868696346,9.5597174262843
9.54126808387696,7.38859390417086
5.90200414848094,9.60324368480495
13.2885325179331,15.7115090421661
7.17618485585081,9.57718857889659
10.5994586317125,7.62429370316974
8.03585107439019,4.64684151144328
10.0572226727198,11.4344980102911
9.81009932219913,8.80668335954049
9.81872798939231,10.1481504182555
5.59367650194864,2.64700606006963
8.86724607359139,10.6003435759651
11.5398568435496,7.3260534165979
10.7868726651911,7.82502668010759
7.83898287481624,10.696212191449
8.60710972289061,10.2402371552587
9.53255176998361,9.60986637543433
12.4634628213962,9.44777700110556
8.85380404418049,7.54890163848295
7.30840697634287,4.24824243065092
6.18103949770775,10.8508734807311
12.9577878586844,9.93244539221835
9.51937094689868,8.6236176000636
11.508922708943,13.4116739979088
8.22366178313317,9.26022088902696
9.2297261964042,9.89661013257875
15.6246382157574,15.2734147576309
7.38311423717095,10.8002733730208
15.3526000478462,9.56084109249202
12.4004450727527,13.0782078469003
5.41679262588464,4.21181716601856
15.8176151559044,16.1170330208137
11.8145761513162,11.1974523295575
10.9281948537751,10.0136934309773
7.88834087941149,6.5310146086571
9.19226077157457,11.6841121582725
10.3508536222091,7.92171710445097
11.2353626646507,15.202821551435
6.65982660045078,7.86673752375252
11.2272094121473,7.58190128040544
12.8024000649053,9.75692421362421
7.88904183032096,9.205559448247
11.6955208148732,13.275855438066
16.5531760523289,15.97429345076
12.9801639988217,15.1198727340662
9.66818662995611,9.96982454825156
10.7797743201539,12.0511992811788
8.94424208423648,12.0382956407956
2.14333365964332,10.5389220291294
12.4041832698396,8.36288018821316
11.0398120001927,6.93517384314165
6.81391178216398,7.96511464457747
5.28164291484053,7.66843623269402
17.7703824744391,17.3025513972411
11.8098044825965,11.7264383500116
6.14792931029831,4.39649517666302
11.3416815879315,9.62671751669739
9.22954508282942,10.8064374221684
12.7335374477353,8.28621038438484
9.54237518679372,6.83609855046786
17.2331328930149,8.30658021655826
7.61588346878558,7.70462760645109
8.89767098185277,5.88461694543182
13.6972166379831,10.2013530701549
15.1417819048818,10.0222497332117
12.9235513729375,9.60347872655243
11.1315783084358,9.75084403434835
11.2428757263888,12.3144752787175
14.0284422572568,16.7033205237359
11.275544933281,9.52132758452977
4.55782898806481,5.37022359603546
8.03563547429836,6.11581875899377
8.45663325920145,10.4583201375308
4.70231408521364,10.5281478561853
10.4566812171324,9.80140192643189
15.5523169616061,10.9952035497054
7.09711906918875,10.495350932343
6.69454473042565,8.45716041575188
13.6970631185529,17.6760508373324
10.8122500370014,9.49937933651201
11.5076670479459,7.55795492867347
8.72001503003374,13.1122015119642
8.16578060927718,10.9147793569433
13.4362285564754,8.2088155192803
9.83224315051096,8.04652528062028
9.7335658755889,12.6856684480392
11.3179262875595,15.9232103846284
5.83772414885185,8.56118721067522
12.8400529886074,15.4979027606699
10.8195750376925,12.4943745265907
6.54372841695499,12.0463971574224
10.9264232767111,10.5780678138579
12.045929996369,11.5868104079141
19.4213659626856,12.9686154307888
10.8921890151501,9.72751751724498
5.82484384302893,9.22812939896129
6.04772235981828,11.2128414267694
7.9612853345485,8.04627310328132
8.44226780731842,8.27923221011989
9.10526217188877,6.2886478395176
13.7496921279899,14.8761790994474
11.0988535345512,8.46213165519791
10.4240492404659,10.7141449866281
10.2631285367774,10.1697900395963
12.5736646536907,11.9068189657585
14.7322976895419,11.3227043389627
10.6096158567332,13.8469768330039
12.1057817027785,12.1794760569571
11.9295303602696,13.2191642696299
7.35869345357405,9.35302389050908
7.36345099011472,11.6876161817949
9.64681370127002,13.0574542015761
13.2943827566097,16.2612363152358
7.69881199048403,11.3330094783176
5.19867995846284,10.4824563574209
6.86979048120886,11.4124407338094
9.90978840460163,7.45596750463945
9.87393829892594,9.7245458049576
16.583198856797,11.4491132500343
16.2591745432522,13.1809335647323
10.2251203310649,9.55327533975258
9.07610693479929,11.4132506829335
8.71499237883959,10.5928615376347
8.70341376720899,12.4313498240038
11.8301267251187,12.549062748082
12.6305461320981,10.8235929920759
7.3795073078917,11.1531299980632
8.6483615513112,8.00637219059532
7.29861028903487,7.40626599667241
11.6186711880812,14.8657521768157
8.70884093924203,10.9145296587441
4.85141867062143,8.9950829441892
4.02133141581567,9.85009032860619
10.1556317466046,9.8670621641769
17.8595974273183,13.8543209731934
9.12731881339261,11.3797273123501
3.68688179344222,9.48341080391454
16.3608372347468,11.7260459787924
14.1049645529329,8.4719525409706
6.0105954495485,6.26449725769028
10.9330765457493,13.2532433112949
10.3793591847962,13.1752972359072
16.5175242544806,16.8041897054857
8.30283001043939,8.46838401653387
14.2379234769281,11.4016814652044
16.9967995824337,15.0243217353543
13.3933518233235,12.6128557641697
13.2814568364559,10.1593372702527
10.5167123071248,7.73543500632388
7.24725503822925,11.7653564566945
9.3957916264362,12.9643361195665
6.29292837681324,7.20278706973104
12.8628387566065,15.9753242713388
7.47024156295455,6.23675649278185
9.7301997282408,8.89964541492913
14.2424622055424,11.6938225628833
8.89286668075534,12.3853775424886
10.564518253876,13.9285593967748
10.6216781883071,7.26413406144238
6.05493926382055,7.73517809555918
8.40475502363566,8.87400719652688
12.656782055786,11.6426504873372
13.7560566333323,11.7350755072466
6.30508944069622,10.3984197301058
7.95849344717203,7.18527587790658
12.7701350950343,8.66969318420941
11.437431163378,12.4053549962701
7.63894932274,8.66570105689753
13.099589845468,15.8519593031742
12.0599904928382,8.17006952290593
7.35588744492589,7.61306215243498
8.63142054334767,10.1218846562497
8.05620140907804,10.3542418079318
7.16406824431677,4.58857601697528
7.04817471900675,7.34288163587956
12.5375266883921,9.61079223986222
9.56311775994594,8.98802771255593
5.71621711701446,8.76081261603065
9.27040909666433,6.57718236897149
11.7993273739546,13.3005014883492
15.6269318041528,17.1859863128983
7.28859113790045,10.1369316420908
4.50370739419932,10.9707759970877
7.58401899034415,9.63712363866892
11.0535386752325,8.00362351841477
5.7765487033138,5.1965174416963
12.4625580091094,13.4248127872546
11.1669823574096,9.19452332865466
16.929180213922,13.1036308500811
10.0327581488363,14.5833147075376
12.9533554257669,8.69001880231929
10.4197831301641,11.2956869076522
9.09460701026178,9.51092485484216
10.7500227615265,13.1720030526077
6.64101230582937,5.59571621123731
9.63008654880604,10.2310880228347
15.7069998016208,16.7245372787961
10.1964054226297,9.29710342828713
10.07180759106,7.31456232582508
9.98425090632103,6.49397952493607
8.23583720418233,10.7317998747792
10.9709367554091,11.8869976913273
9.79866472870785,8.58386558781636
16.4658764174641,9.43985229070784
9.61660787324111,11.6099026075396
14.8278326050896,11.2336267957499
10.4560492380586,10.058974707179
6.71176008024493,5.32615611241717
3.97669833092874,7.6726222126354
11.0200810997619,13.4830617461394
4.4531572572178,2.4848214553455
9.76038995645546,9.59833262831124
8.18469241433307,9.32772808363006
10.909930179473,11.0406767268539
13.255947573584,15.9929705450738
14.3142056536481,12.0953711149816
16.2034664497444,10.5797448182358
8.96673081579663,11.1250069215553
6.89434883669708,8.20615300946375
2.7363872667162,8.05176941734251
13.0295685492234,12.3211804756894
8.09490686251304,10.4409965742276
10.6912208478436,6.7759771530573
13.2375142332797,12.2597346645105
12.9502329559015,8.09800912620909
7.13694730302349,12.3234754774665
5.23746183475873,10.1369910686239
9.99345051564787,7.34749161468744
11.583060090557,12.3206604825394
8.56076504006382,12.7011195347705
10.0394422807848,9.81625084216097
16.7092265914503,15.356332363454
14.6994653606342,9.06622333217635
5.23000647968293,8.61147136046612
14.0022558854943,12.1692849664122
9.70470287529595,6.47149886711753
12.4542063813395,11.3933875416752
5.3279869425176,11.8229729305072
15.6646297998663,8.71332130565518
11.2160657089521,9.35342966021939
9.16538614104175,8.40908215304505
13.2828627627837,10.5785151339599
8.2322634723236,11.4503017217755
9.67512702191354,5.98889804768324
12.3682675242589,7.54098016364602
11.6616780739993,11.4655201229297
11.6499277880298,14.826660723516
9.71277239456005,13.5815923840415
11.9870924576315,9.05014801995721
10.4995157987292,14.7529564558951
12.4264316289855,11.6409550163971
7.30645006845551,12.0780290484395
10.4472732376139,9.99463635500606
8.37428478816957,10.6126908165616
3.55292827549015,8.52191593850415
10.2143258833847,8.00651171121219
12.5960309495532,7.64220074862135
11.5753137861317,9.78348033069872
5.93030325685546,4.78635785249876
14.7457990766743,10.1696413899616
9.92937309869014,12.5433766256211
9.58891283122333,6.79444980941319
9.11847632651437,10.9862901934724
9.56631576124536,12.8282064615844
6.14802193360457,6.59354611817134
7.67288029258576,11.0067573316195
7.68456543362471,7.69195555999127
9.19463750262466,5.78423410001004
16.6187410619863,16.0114026188828
10.0867275578641,13.1522068764985
9.27760543892984,6.59969732009965
6.20997680099788,10.181892143355
11.1849887753818,15.2327402991005
8.5300595137836,8.96428055237938
5.41023826966639,5.62273518491429
7.40568980483049,11.1424910391479
8.44816852148355,6.31691965654971
12.696782088124,8.23196188016624
8.46352453363248,12.9586118561536
12.1794595077403,14.7452150882549
14.2874409668276,13.5496297956618
4.17917185361675,9.29156834773212
8.52911164523868,9.35706084519534
13.5444341711163,9.86910414794581
6.70968597164241,9.37858764543385
9.21032924831783,6.98499035175902
9.13042163195233,6.9866811467342
14.516163537704,11.1950571737115
9.78664895823088,9.7396911264554
12.2059948964238,9.3644018685881
8.72125595091883,10.2304595558013
9.05960677434549,11.2278253774364
8.32252560552907,9.54845880283325
13.036282980942,12.4109010757931
3.62293653710135,11.583328077539
8.78271259668534,10.2168014874681
11.6914812451871,10.9679759471819
8.47897720311091,7.84610369586678
7.64785287700043,5.46880525771579
8.75276669530426,12.8994466292164
11.0017559795858,7.79944970090354
9.31947685402597,6.97321656308361
9.86688384194783,9.16283695170736
6.48130963949402,10.5217863484005
16.7033282075549,8.67641798527575
7.61047341442393,4.59930719825229
4.55096132645651,11.5128483868405
6.5676720610099,7.64802237675303
10.869584413178,13.2277345066001
9.63568599045563,6.57386168440055
8.97618900953777,9.65841583737559
6.80517267168179,7.0490710353712
6.44202091891314,3.5272193743092
8.77228339985502,10.3716994148534
10.5383139605308,8.1002065032939
9.99098614994319,10.1023009449167
10.45459906023,14.4109937187884
7.74195166874726,12.4392429560456
11.0906227472654,9.03140335088563
11.1564500110639,7.35080006922435
7.52902054794204,9.52298412277234
17.2854118368132,15.3857066756526
9.30412402620381,13.4163912349681
12.3530613497423,10.5789191416614
11.2625759889997,7.13520443201621
8.85245558374118,11.7423604563055
10.7101040397454,14.019079350437
10.6068046684334,6.92203828926675
15.2716157146675,9.17193032205506
6.77334380204808,5.94179002778179
11.1660367154556,13.1693824017506
11.4677127199137,9.06104399487511
9.56620304436708,8.71930458308068
4.17496295332241,4.7795638016772
14.6773418488492,12.2814242887417
10.475186999602,7.70009484392338
7.0162879154504,6.78598476618439
6.91145450636269,10.9535043261498
8.53986765003921,5.76616112203702
13.2011940928188,7.98968335258296
14.3974031367787,9.5544453553961
5.54625679817222,9.04102765069028
8.51123330427327,10.345671195679
14.1871916557803,13.8614760004104
6.91675466938804,9.54710247030974
10.9269603564326,10.4459225788715
14.3304451348203,17.7031211801069
7.08293898524487,8.97638859161009
10.0595394026171,8.03325902371074
13.2055657869708,9.92003328670086
12.8595272529497,11.5024967638928
12.3604034699781,10.0350503924428
5.24093928007314,3.69333603068792
10.5324187790395,11.6484130102634
9.46783658984057,11.0871259714073
10.2431800579959,11.7462518552606
9.08882036706075,10.5127240321988
11.7677772145256,10.263449870736
10.5796121143616,10.1777596590491
15.7449735664915,8.55927445237485
11.6785732926602,7.70131320343475
7.53283782164799,11.6982891534035
9.01231415112238,11.4460560324748
9.53940212492352,7.00227774553186
7.70291344075884,11.0059241593972
11.5830170241479,8.94109200995044
8.29105839091588,10.9466470492355
13.1721354797808,9.95275910174182
7.67119419299743,10.8051100211618
2.91976074863184,11.5531414166474
13.518323794217,15.6853160665159
13.2931281282642,8.92710759840583
7.43809304922219,9.54326750295346
11.7691096588103,9.99762686698951
7.42334719715821,9.70822050211411
Rho_s: 0.475348111348111
Rho_p: 0.506635769616583
IC Time: 0
