Rho:-0.5
N:500
5.23389925663151,11.6616780739993
8.42067657583299,9.19463750262466
14.1514646699356,10.4197831301641
16.4822937736888,7.03438189050766
7.92519318804238,16.6187410619863
10.9168620682904,4.85141867062143
11.5399315725901,9.93036655341303
15.9023855294761,4.55096132645651
8.88910654126687,12.5375266883921
6.04669427946937,8.91624449127393
6.4815693862348,8.6483615513112
11.1526662234706,7.88834087941149
11.3272449393651,9.63857436689687
11.7513599906574,7.16406824431677
12.6560999487491,9.05960677434549
14.6266145609813,4.17496295332241
7.38524274371281,11.1564500110639
14.9471753727577,5.05831554002033
9.87116175237045,10.4566812171324
6.96196470818959,13.7560566333323
10.1672573249611,11.0535386752325
10.8045555967624,6.67213766192469
13.4813460096793,5.59367650194864
10.9125333807673,6.64101230582937
7.27907085013766,12.4264316289855
12.0662697441279,9.78206496725784
15.9248940309949,7.63894932274
6.16575939488831,17.2854118368132
3.6821938466897,11.4677127199137
10.661340883372,5.71621711701446
12.9828182646904,6.91145450636269
8.07833451717231,8.056049503073
11.3969757609858,6.30508944069622
8.52853645776914,7.24725503822925
6.53698842238649,9.13042163195233
7.72255154953119,10.9281948537751
7.01060424890966,10.0945784391569
6.10497640475222,8.75276669530426
4.42918727016144,19.4213659626856
11.1106499239716,13.099589845468
8.00897676062576,15.5523169616061
15.6504443824849,9.71277239456005
9.72601803800767,10.2431800579959
7.70701799834853,14.2874409668276
4.9417971223768,12.3530613497423
10.055181852597,9.22954508282942
9.84224935357517,9.63008654880604
8.98923866686118,15.7069998016208
8.91857717360121,9.67512702191354
8.19523927391969,8.9462504107037
9.66452879543026,9.27760543892984
14.5300120631625,5.90200414848094
8.61295514943833,7.21829190466169
3.75579534003807,12.6305461320981
9.83334544453531,6.02217518696946
8.88063331426424,9.18427510429401
13.7414417649571,4.6550103217187
11.9935642981355,11.9870924576315
7.44071148010134,13.255947573584
12.0713562341125,8.53986765003921
14.1946735961523,7.53283782164799
8.35511325591807,16.5175242544806
9.23115553380215,9.21032924831783
10.7601491153754,8.23583720418233
11.3745768971465,7.42334719715821
9.8825366877963,12.7701350950343
9.301234447388,13.9191785508022
8.12123074261433,14.1049645529329
9.78524406503247,13.3124450270779
10.4906075557956,10.0066987105121
10.6891420756887,8.03563547429836
8.85961891861174,9.08882036706075
13.2693087542825,10.0867275578641
9.03040682701235,9.53255176998361
11.2168424752664,7.0849722275373
5.90261279600052,14.1871916557803
11.2667764116848,10.0394422807848
7.86844109945136,15.6269318041528
10.0911689763339,6.86979048120886
9.72101421850851,7.67119419299743
5.8883817104374,9.07610693479929
9.52853955178151,7.08293898524487
10.0171710582402,10.475186999602
9.28685987556515,15.1687719850227
10.0260944326333,5.93030325685546
11.7879904408054,7.41007861513392
5.27637943726229,16.7033282075549
10.7557347265708,7.28859113790045
10.4193648336964,11.0446306090834
7.96269914676585,10.909930179473
18.0693916607213,9.88950274417197
9.93071493689049,14.3142056536481
4.69415303310098,16.2034664497444
9.21105325734637,13.3933518233235
11.1507537128585,9.78664895823088
12.5695349277837,12.1057817027785
6.14454845875344,7.9612853345485
16.2068098901363,11.8301267251187
9.4762956247301,13.2943827566097
9.81688488645016,6.5676720610099
12.5557371196925,10.45459906023
10.2594043874507,14.4428402892432
10.0975536753482,9.83243347649876
15.5633290897161,4.4531572572178
10.2928819163621,6.81391178216398
9.21594885228764,15.6246382157574
7.65124010108787,9.99345051564787
12.498824382404,10.7797743201539
7.83362072981382,9.98425090632103
9.49419650184799,15.3526000478462
6.8694899173624,16.5531760523289
9.02551616028956,10.3316181799189
11.2398803075506,6.54372841695499
5.80043566336341,11.437431163378
9.19331698387176,13.518323794217
8.57151119700693,9.54237518679372
4.11459472838042,8.78602807316907
7.84380659029068,14.7457990766743
12.9493979479067,4.17917185361675
10.1893270369784,11.7691096588103
8.74453404959671,11.2160657089521
10.3107904615942,7.93158191751381
16.1344492194064,6.48130963949402
10.4772677907641,6.7469347566623
4.02785190885193,16.4658764174641
12.9238303408696,8.09490686251304
10.6609641376472,9.83224315051096
7.45203544123005,13.1721354797808
12.0052822124522,7.23138334666665
10.7524002407879,10.475354182385
11.8078649314329,6.28278070143623
15.208990775068,9.19490709307062
15.8327093405879,5.14719975323453
8.21897225968876,8.2322634723236
12.8781095257221,9.03878905812561
8.23228744562043,12.26237310542
11.4525474243351,7.39494370761135
7.16041986091675,10.6096158567332
4.74038187970451,14.0257986762071
5.50695423315612,10.9269603564326
4.00988392741135,12.045929996369
9.47381221287258,8.05620140907804
8.46873046775521,7.69881199048403
12.7644676600823,11.0398120001927
9.17983089987756,7.35869345357405
3.47887256718899,15.1417819048818
8.84675633193026,10.1556317466046
8.94869677715958,8.3621560774574
10.3250347331952,10.6216781883071
12.4049157163863,10.4472732376139
11.3393951177658,7.04817471900675
7.88500266578228,10.3793591847962
11.1126504793121,6.89434883669708
6.86093304801217,13.2055657869708
12.5090354686252,10.3978556742518
11.4003391623679,8.78271259668534
11.4250519652742,9.36515582876301
6.58320452034425,12.1546013478148
12.4651530551092,8.63142054334767
9.41250129101102,8.60710972289061
14.1145626779105,7.44157178941932
6.83094067076239,15.6646297998663
4.92363674198266,12.8040005097836
7.40370363486054,14.6994653606342
6.52530085946676,8.37428478816957
10.1566132197083,13.0295685492234
8.58516170521146,13.2828627627837
14.3858562225752,9.30412402620381
8.64623398697096,15.2122213619704
9.14887984388352,9.51937094689868
9.54361377715511,7.44441075452704
13.1227198889725,7.29861028903487
5.73214955975286,11.3179262875595
10.370871090138,10.5920332089666
17.5616758266787,5.54625679817222
14.5143833335161,9.41463989425773
11.095912438656,7.60196933244606
11.3575911119106,11.1949442633664
10.5603862356928,11.7993273739546
12.1522526574895,6.71176008024493
8.00700189593596,10.0327581488363
10.2088957581989,11.6499277880298
12.765568376725,7.58401899034415
8.80174506434985,10.3841562058047
9.75261560344264,9.54367870445922
11.6682236178749,10.6520507335076
11.9725527112291,6.20997680099788
7.38498592926833,12.6843868696346
9.38540638960835,12.0628498417272
13.0273384371794,5.7765487033138
10.6541452245462,9.70470287529595
13.1768272702345,4.70231408521364
11.7682014498604,4.50370739419932
5.18536488792415,17.2331328930149
10.2270732589277,10.076983783734
11.0212675485833,9.79866472870785
6.06327781009176,12.4369397048565
9.92341311492197,13.2885325179331
6.82265070254621,10.2143258833847
9.25089243918191,12.4041832698396
8.57140184297268,11.5848587654706
10.2393152809169,8.51123330427327
10.7696551875433,6.14802193360457
12.7798895245572,4.72273553902739
12.8447956715162,8.71499237883959
6.09175570414239,12.8628387566065
14.8984147383473,11.9822645005183
9.83892792747436,11.1095398420764
20.1467170174407,10.2251203310649
10.7137131113347,11.1315783084358
7.62036399120385,8.30283001043939
14.4723160460521,9.87407777579855
8.20012397256033,14.3974031367787
9.82564075765825,10.6626494491919
11.4717714959379,10.6068046684334
6.30926582430244,14.0022558854943
13.0208749096537,6.77833690719306
12.6372083872113,4.02133141581567
6.41567395398134,12.9502329559015
7.6532767315138,8.96673081579663
6.61710661478863,14.936547600286
8.5635833676517,8.70884093924203
8.771912819085,11.2643126848622
9.71518333102893,8.97618900953777
12.6822001739123,12.4625580091094
8.1375502263921,7.70291344075884
9.03136662762119,10.4995157987292
8.54353982934613,12.3604034699781
9.54280373042566,8.82238192557018
13.5070042912655,6.14792931029831
12.5500231214036,11.8145761513162
9.42302142853276,9.66818662995611
6.25772053120727,10.0572226727198
7.76290703479008,15.8176151559044
14.3730848945777,11.1965920977164
11.3547441143038,8.47897720311091
8.17434801349027,7.30840697634287
8.94551267583227,8.44226780731842
6.17412354050394,11.0988535345512
7.1218209359883,12.0912792564037
10.4590507766332,7.68456543362471
8.8176679642569,8.18469241433307
11.9412298488064,9.76038995645546
12.2496402322197,6.89669176724764
14.9917642324248,7.63711251627201
13.8452513776463,8.85245558374118
10.6578786172036,12.1797650624543
12.0119444220587,9.56620304436708
10.6487854103409,7.64785287700043
10.993129437362,5.73944848722572
7.96085813311296,8.17759326087781
10.1839469497464,11.583060090557
14.6321427687437,11.0017559795858
11.4711791232595,9.7301997282408
10.566458211316,13.4362285564754
8.53437873592933,8.52911164523868
10.6509405791994,12.4542063813395
11.4803266228093,8.02102068527707
16.5009587173736,7.61588346878558
9.44501921997038,11.2625759889997
14.5079594146034,6.69454473042565
7.58794708090037,13.036282980942
13.1812638430526,7.99904895120954
7.79223885087044,9.56311775994594
11.0621954775896,7.36345099011472
9.48004393449063,12.8024000649053
9.7245341403526,12.5736646536907
10.7613727416966,6.80517267168179
11.8393906300163,5.3279869425176
12.1260579585258,11.5066333823612
11.6741066133292,6.04772235981828
9.77351545831607,10.9264232767111
7.52519809950642,10.0466551604768
1.09014410955163,13.2011940928188
8.42110060345849,14.0284422572568
8.91738041504442,7.95849344717203
7.31350986114108,9.3957916264362
13.4278482216908,11.0906227472654
9.43435143587586,11.0489326039249
11.2982668197401,9.92937309869014
13.9724613303793,3.62293653710135
10.642559791836,6.65982660045078
10.7315512833628,8.52352518124639
15.3544510061127,11.8098044825965
12.8754783499233,9.99098614994319
16.145111392174,3.55292827549015
10.4807568655245,9.64681370127002
10.3990821330127,7.52902054794204
14.4045927592451,7.17618485585081
8.63157710813798,9.87393829892594
3.98167569133985,16.3608372347468
13.2695735455895,7.83898287481624
6.97707168548714,12.5077435563359
8.4196588914109,9.10526217188877
6.3008782491389,8.45663325920145
7.24577335944308,15.6363518135754
10.978477316683,12.9523671968898
14.0740663812553,9.31947685402597
17.5579508942917,9.54887664567752
9.6364076447737,7.61047341442393
11.8457150491358,11.2389491055626
10.8757599192627,10.7101040397454
8.5352815990198,12.9533554257669
7.34125650034514,9.01231415112238
6.11902986896867,16.583198856797
13.5034362369473,9.11847632651437
10.8756598456905,8.16578060927718
3.77897292096276,17.7703824744391
13.1274748055561,5.19867995846284
8.86002142820646,15.5723916605395
11.4615631760534,12.696782088124
14.1615411977606,10.5324187790395
7.07331923761342,7.67288029258576
10.4279247385739,10.4560492380586
6.32407299957744,10.7500227615265
7.34607434226643,8.72125595091883
14.9046432985029,2.91976074863184
9.84309944159418,8.89286668075534
13.2729453513376,8.32252560552907
10.0704738457843,6.44202091891314
12.2630334302171,11.3416815879315
9.23770546002619,15.5306563133569
12.3032869122436,12.4634628213962
3.97062024996839,11.508922708943
10.0096231881149,6.05493926382055
11.4894730402545,6.77334380204808
8.65427862995036,13.2814568364559
13.9576780661153,7.47024156295455
10.6614317233964,5.23746183475873
9.12106635327471,10.4240492404659
11.4928038785786,13.2931281282642
3.56034521115775,12.3682675242589
7.81474783869228,7.92889952707447
10.0425101005225,12.4004450727527
9.87191698743894,10.2542084731721
11.6991027534166,11.1849887753818
9.36798195824828,8.33835976576372
10.2131769585896,7.38311423717095
7.43533305050874,9.19226077157457
10.8537668183797,5.82484384302893
8.94449079641023,14.516163537704
12.8719458172408,12.3908427323752
10.7151013976654,6.70968597164241
12.7975385290754,4.55782898806481
11.9923577546706,12.7335374477353
8.89647774126368,10.6912208478436
10.2013374146638,11.2428757263888
10.0160606534342,8.46352453363248
9.25953886092514,14.3304451348203
6.36042095751853,9.81009932219913
10.8578036634318,11.6186711880812
6.22609044405008,11.7677772145256
14.7424675808519,2.7363872667162
12.2824210811977,12.7875196604989
5.12988485984505,10.5796121143616
19.1036701767362,10.8122500370014
6.60605888359351,8.40475502363566
11.8288929472774,8.6343206568243
14.3423722275626,2.14333365964332
9.31701238321777,10.8317981361553
7.99121006946817,8.77228339985502
7.13510745293813,7.74195166874726
8.49160231326893,12.6245494172497
13.8692969020431,12.0599904928382
7.76417706662965,10.2631285367774
4.38676229947804,16.7799886406631
6.95666210006555,9.46783658984057
7.15109270740428,10.07180759106
11.4477132506893,6.91675466938804
9.46309168825674,8.62568967588236
13.0282881682054,11.4328998726849
8.41900350499227,14.8278326050896
9.73714040425579,8.22366178313317
8.00167157436784,10.5167123071248
9.17829611954584,9.54126808387696
17.8856194062806,11.1178610886585
8.10592422630856,14.2379234769281
9.01342350163766,7.09711906918875
7.04362876799555,8.72001503003374
14.859544444903,10.8921890151501
9.52131577120143,13.6972166379831
11.163696529009,9.90978840460163
13.4012058771873,7.3795073078917
15.4019559595671,8.94424208423648
8.7412192627161,14.2424622055424
10.3369014928089,5.83772414885185
14.3028343952105,10.0064925295039
5.15791053475595,13.6970631185529
12.85712203182,11.6955208148732
11.5109935944936,9.359695039719
11.2624849951736,6.18103949770775
6.52181493818637,16.9967995824337
12.9956351918849,11.0272002636091
4.61400653680772,10.5383139605308
4.66691485053462,9.09460701026178
8.51176777846102,10.9709367554091
12.1062285268141,12.7220449956742
17.3005611463852,11.5830170241479
8.81057188938795,8.03585107439019
12.8312249092716,9.86688384194783
9.3039320632853,9.6347135531231
11.7436715910991,12.8400529886074
10.6947504391963,9.61660787324111
6.52916238464571,8.5300595137836
9.57605085683525,11.275544933281
7.94156287747157,9.27040909666433
10.2882911597052,8.29105839091588
6.21725682323505,16.7092265914503
9.02223996621804,12.8595272529497
12.9138444995673,3.97669833092874
15.1186803619702,8.86724607359139
8.59024609605365,14.3636265749806
6.62394830944111,11.0200810997619
6.93392790587817,12.3785452993015
6.77879373705361,12.2059948964238
10.3027955402604,6.0105954495485
4.97561648583729,16.0184081845436
7.46442870417772,9.58891283122333
6.14387135610981,17.8595974273183
8.96971982300051,12.9801639988217
10.77367764528,13.0021970818696
13.2654259438553,10.5994586317125
16.1021237711445,10.2749492435802
13.6799654126211,11.5398568435496
6.46688006085602,13.5153929029943
12.5860535784333,5.28164291484053
4.11014799303468,9.53940212492352
9.23838928690852,8.44816852148355
11.9226015171072,7.53519529662239
9.91976645243678,10.1964054226297
8.40265777883669,13.2375142332797
8.53628017010443,11.9295303602696
6.7360666022131,9.16538614104175
8.14289062024674,13.5444341711163
11.5489707034467,10.9330765457493
10.5133854614213,10.8210762736755
8.99080642162436,10.869584413178
12.3381647989542,7.43809304922219
12.9368599232885,9.95273637340925
11.7404167301503,5.23000647968293
10.725109597833,5.22525957976674
11.4866412206102,9.2297261964042
8.57545345551486,7.40568980483049
9.62444755577009,11.6914812451871
7.06262389754527,11.1669823574096
11.0285684698174,9.12731881339261
7.4746567430265,7.88904183032096
17.2780162346232,8.70341376720899
10.0103092783989,7.13694730302349
9.4378263324769,6.29292837681324
10.1017908655055,5.41023826966639
12.9799477117754,11.3661229501242
10.9485194744552,11.1660367154556
8.63577399374921,8.56076504006382
5.79508761172032,14.6773418488492
9.41810684707407,10.7868726651911
11.7513764022013,8.85380404418049
11.4269088116662,12.656782055786
8.11973176589228,9.63568599045563
4.02111666871232,16.2591745432522
6.31623101052599,11.6785732926602
7.59115163570415,13.7496921279899
12.5867610073183,11.5076670479459
7.87791055705008,14.6677986852202
9.12849832392677,11.7406105870831
8.80964505011241,7.0162879154504
9.67242457789697,7.35588744492589
7.18413010296005,16.929180213922
10.4314970624907,12.9577878586844
10.5412270861803,9.41800294969788
13.9978999548721,11.2272094121473
10.3496473108683,13.8766422738986
8.50530639940288,8.88079164941505
9.02159452314574,9.81872798939231
8.30214706162668,7.30645006845551
8.54985233946595,15.7449735664915
11.6630847700366,9.56631576124536
7.42898707260218,11.5753137861317
9.11684762696939,12.1794595077403
12.202719710697,10.8195750376925
5.5866881189851,11.2353626646507
7.14994320694945,13.3272368550755
8.19261848303261,11.040006902978
10.4969418798666,13.8215591231936
11.918514503198,12.5960309495532
10.343492770345,8.89767098185277
10.6602153474647,5.41679262588464
9.15329265986366,12.9235513729375
8.00356272519613,11.259665352259
8.15010192443787,14.7322976895419
13.5983480975439,10.564518253876
9.09300629411074,10.0595394026171
13.3686867182594,10.3508536222091
8.6971107304728,9.7335658755889
12.2856004361831,5.24093928007314
15.4483205808539,11.3167377327483
7.86532406844042,15.2716157146675
11.1222999153847,6.21255531759782
13.6089367743841,3.68688179344222
11.2499838828234,10.8816516150614
Rho_s: -0.431284029136117
Rho_p: -0.45801380652882
IC Time: 0
