Rho:0
N:2000
12.0607388392929,9.99580920457511
13.1990893154917,13.7190745836349
11.6101018323117,6.17396760963971
15.7180860730194,8.88157367145382
13.189478902409,6.95213305678193
14.1110307811451,13.1545581133975
11.5833754823985,6.20128273881447
11.209289992572,6.89485988774168
13.5032547815688,12.6294505088836
12.3780383363381,11.5261715133651
6.35948873812471,8.1692596472316
6.98315761838226,11.6025722052763
10.625708844257,12.4099101679161
11.3385327684354,8.02143717475072
8.1375820104397,13.2382129040544
11.3240286686561,10.0233733762926
8.93740349586849,9.67799856944042
12.1320561469827,8.03614699522455
6.93171575940166,9.63791127047405
17.2861257522292,5.51617819448253
11.0277810221899,7.03771886299256
6.14167897042472,10.3048838080016
8.39781821303019,11.5281267353737
11.7909217138887,12.4376974419758
6.88816993801169,6.37686761725353
13.7180746846482,16.3841703959017
7.17713970733433,4.68688705360081
8.82110662179092,4.60171312726852
7.17688883138861,4.93731814812096
10.3792457890316,6.69167948619356
10.7354107676422,11.5768125758275
13.3814483418518,6.91065276541487
9.68213805474933,15.1921944337682
12.722053367222,6.47556099987277
14.2975335962539,9.97272161089019
14.5169662535444,8.13211226747288
13.809408781397,3.32528718850582
7.07840704888461,6.88381787863312
10.6854664083459,6.93331169279861
15.2238615982757,12.0225281747404
7.31159916344321,11.019653372787
8.00798972593115,12.0865530060766
10.6723274632364,4.20211114452718
9.56561314826326,11.8602657686821
9.90381619235706,4.63289723570401
10.7200548817495,8.62457937997494
7.86778167683301,5.66901385042615
11.136904495214,14.0396522434083
10.1774917816935,8.94790063705929
10.6473090937873,9.35004346884978
10.0433383476368,15.4874293473827
5.44521611991114,4.09648325121663
11.5135129464101,14.2254891178822
4.0341078919876,9.69377759638928
8.7937777085393,12.5672228250679
7.96090283133641,11.2548216525095
8.44623931127445,9.96117876278845
8.65342931041045,11.4756168786473
13.0059394514667,11.0866103347704
3.74154027305754,7.20024400246487
11.6484799191476,14.855909271486
12.0034689857901,12.8546890173934
8.76261554089692,6.09750745451472
10.0239665665694,11.106112411567
9.51983527532077,8.6114088198689
11.9947507519242,15.9829917900638
11.0085050760701,7.62414949342617
8.58217948045742,6.31740309816932
10.5894197948346,11.5711369050497
12.3920935928908,10.3305795763803
8.19662929476518,15.2425360885129
9.88654368731531,11.7468376037449
9.51035544271857,9.22965752772941
10.1485304219284,8.22481303041178
7.87510173315346,9.89842303259837
13.4600826794017,11.6873426462382
12.3991353641167,11.1271905743861
9.7998878685823,5.74807941596021
6.80046225728621,12.3179844483282
14.4224948282322,8.3863126837137
9.60670392666635,12.7600680357659
10.7046722703225,12.0962557433524
15.533372933823,12.3141388492444
17.2261931687903,12.9273033979363
8.57585062215637,13.2525140771639
9.82803109429938,14.1746653964792
11.1666427651737,10.304328812413
8.55202621072466,8.55975357273747
12.1106870994933,13.4752049830114
15.8010053005733,18.3727756599313
13.5380459687566,9.70400709187281
5.155092331038,14.006430238747
10.1230257245696,2.61826732580763
10.2257070945167,6.91941819208434
8.89680475731066,9.32191285662134
8.33832580438514,8.513127502997
11.8754765700686,12.4471578137455
14.088670969205,14.16012059332
10.1553679063124,8.5639113627227
13.8831463354249,10.7635620436499
9.12848856553679,7.80455686315997
13.0039874341752,13.9362157377545
10.8173124830359,12.3175083336487
4.84239960572884,5.3538891267012
11.4534216595894,8.40784103874913
10.8604534652332,11.5868093583497
10.3965214048431,11.9037003988577
9.65832905547021,13.6592716422159
12.4678744706915,11.572362254057
12.7876901494471,8.60201714812975
10.3283300811729,3.00529147743756
8.73487327040049,10.1187734610574
5.87767542978763,10.278093281725
3.75399022602606,13.2042315362321
7.1933855926145,8.63709557549336
3.7519315774252,15.9940056871777
14.1308601111901,16.4011110102977
7.01887853173293,10.5778129503619
12.5617811277827,12.8290515916217
16.9765910784544,11.2058098873003
14.0428640449054,12.1072165244788
6.7373219115365,4.61552279142707
9.26748651097915,14.1249792720452
13.8740414332382,8.49064703460556
11.0623366875165,9.74360158325674
9.24787364302499,10.2487941384822
10.7575765491814,11.3791090655718
13.5860433335603,12.5475857007521
7.67122548333411,15.6306117986978
11.2860693600524,7.15459404491812
14.0956695980493,9.82448371732588
13.5775704324458,11.1886468959064
8.78561571271396,10.4726404234737
9.41620797042234,11.1927589735071
14.3885995268699,10.3757788472681
9.58382687871934,10.429816255987
8.05424274748896,3.68112784519673
6.31628748470523,10.2976505827331
10.3243366789545,11.6811996166292
5.24294564849472,5.42489771890372
13.720625974311,9.64353152185064
7.77436726706077,8.36192969382918
9.22930609018484,9.28953732139404
8.92968173141731,11.6536919152055
7.17419985939308,6.94760791184518
7.07826776416745,14.4237875648004
14.9314957947909,13.9090874141954
13.1102384595248,13.9649949713306
7.03473586706323,10.7990314524418
13.4728915411133,11.5720875356304
10.4508128689215,9.30862251969281
10.8247240730142,10.2687668916859
7.52025849012582,12.1199805616204
12.5009016226066,7.06382869789694
5.59719500885177,9.08952290550813
10.3303789870333,6.82381118780976
10.3859701762683,13.675629275569
15.1164990474153,4.35357159892303
10.4291639416207,9.97753599852351
3.72577057416702,9.49569503020802
14.1839298775057,11.0320287033747
9.73963328390937,9.26152157076026
8.57295648297202,5.44374700363933
11.7943330167795,10.2172230380624
12.4127187067111,1.9215907651507
10.5281938491822,8.70248668787917
12.7466168552265,9.74829273388282
15.0626688734968,7.21509188359881
8.29413292801753,11.4458151129632
9.44490319023544,9.46824635107745
13.3390724155252,9.43276900823506
8.28040059941249,6.19015821081996
12.0563555316497,9.18427971479332
12.7973283781955,12.8325644258418
8.69304937349845,7.61424875950345
11.7873386114634,11.8974347994063
12.3851840610643,8.52853781691659
5.93320143496074,10.7348151026566
9.1960853781173,10.6889431655265
11.177400465858,8.56714816399899
11.2478035612548,6.52942821037492
7.90987557812128,9.99132588982494
10.007871921402,9.9035933277365
5.84878241814721,4.29154173487686
10.4200496346339,9.27900240267334
15.3086658175683,11.2596903794056
4.77645742821874,12.8108140926983
17.8972576270793,6.81651096944808
15.1708176880568,4.88694039899164
8.3603289370918,13.5661726007782
8.45182211318364,7.41417766514957
10.407738286173,12.142837375717
9.56450341207193,4.68949184942809
11.1181176785261,11.452611260957
12.5679622939229,12.8266988577284
13.3036638491387,14.1100361724914
12.4188664148078,13.7687843518954
7.88929394940683,8.58709089696238
9.78612592755733,5.89715959899588
6.16591612273016,10.4422082809533
7.47172709256838,13.0699281206603
9.99085985430044,6.54834253104022
13.4279819130335,5.33225729413642
15.657008575221,10.930891642071
10.8928819933064,10.2727241604539
10.0867405149102,14.5065433721555
12.3977201037548,9.71686550351566
7.82271316657154,4.05083107860217
10.2276519551875,9.50369943189305
11.5986198206817,7.90980426116886
9.44614679927925,8.63454589457803
11.6696267218717,11.907248584233
11.0790424265479,16.1761891788782
9.14933167953762,3.97634921309886
4.59300754741498,16.0931442691608
10.9740353580007,7.24588579111531
12.1197712918417,5.11362689097527
15.3328341682053,11.4739956980022
8.73520900500067,7.81796744963277
10.3776223128565,8.45173826015314
12.0109919231862,15.9160764744828
10.417575350798,11.9040098807325
8.49728019013098,12.8337529335093
10.1191508987364,10.0038355785783
9.44811189413717,11.6275030949514
8.68096381889704,13.1209174091459
7.41638377824603,15.5830821673786
10.4138888358057,13.0849425460666
9.33399705781272,5.53942842916629
8.94791271365714,11.8973304777721
13.7712406328356,7.04130496651141
7.06261118661716,7.09145143404784
8.81189808709825,8.94948901896751
11.8690864328243,10.1156318057639
9.6999333504953,11.9182512962642
7.97797758251894,5.47418945339893
9.263976955078,12.2714732981231
6.74477866280957,9.92432479211772
13.2604289776391,9.24417916810489
5.91273144956877,8.62605956484511
8.36768065270364,11.5769960493872
12.3134885029151,12.2741927928488
9.90646008633033,12.8294954934067
9.16602682932719,11.5382605108451
7.45026656725795,10.882772663212
9.85412102448423,10.4939601965943
15.5990790471382,7.15458873046814
10.1298135864133,6.48762159432635
15.9197571573064,13.0304726927922
13.220020489074,6.38543006017317
9.22738331667234,12.4806100532821
9.5722711103605,17.3593069043845
4.53502181041571,9.69577438286335
4.82430000564598,10.7500681806925
6.64115203938985,10.6767199369299
9.78910329888451,12.8336826477495
10.1406209521104,12.311677783827
11.712206963932,10.7618171539268
8.39198331304602,10.600115321563
10.3719483610034,7.58684208503784
8.46169030587997,8.58752481801191
9.92712530419118,11.2821565221709
11.5407024428576,7.11367590675336
12.0981203512778,7.50305855980337
6.954916753026,8.4001756228473
13.8439242450814,12.1410045167045
12.5481473128686,14.3163461528975
14.9948247083686,5.77525305493688
8.04377556695214,15.0137260975497
16.2386382180818,15.5782422419303
9.10545053331189,11.6945366532522
7.08309998053082,11.1410814741409
12.5978454180785,7.24953942454806
12.2510994609365,6.89872609477751
13.9194929160518,11.9814081266869
12.9647039761419,12.6684643128992
3.82928670249989,6.82122802789202
6.00083554060495,9.46140110934023
9.64453005849218,12.7474213701819
8.53809812183585,9.01450955916806
10.6878137574389,5.30903077386344
10.2363855593477,11.8436100970011
9.13761534343055,12.3947450551291
11.9435779759987,7.7386981591864
13.0155772353443,9.34154142431991
15.2210886929858,7.45224158342149
6.74230478425367,13.9813683647888
7.09656615046874,11.4461174199872
10.6465544659781,11.3528493954344
12.379877504478,6.58724902733772
10.2297865718756,5.36962180042045
8.79670408812568,10.1927715197932
9.9850012679232,4.8866675067594
6.10172973362054,11.2842475943004
8.20190901366621,12.1660637636537
14.8765012109112,7.94319574397021
11.1860800284253,6.69652784589534
4.91660081556943,7.08935007915094
16.1776575663158,11.4126753876498
9.92861506394851,7.76597624309241
7.41654266913159,11.9206577148851
10.3288160954804,9.32126880425823
1.81284770902965,4.99285636161253
7.37982728881024,13.8128883836494
6.65426145835191,8.46889311317499
16.4480614902401,5.61629456332332
8.62144464458814,9.38751142165814
8.24288708887767,8.53885920041498
9.13039292756393,7.46898512311718
13.1876061645231,8.33961476376219
18.5478740442726,12.9528286778932
11.7510757104852,4.42117716778555
7.21607025249761,9.11775440409908
10.9953146507258,10.3049612494191
10.3583618683231,10.4082040499919
6.50587043935657,8.47671589836788
10.1232356132215,8.95217651366152
7.99316387064787,11.1610449446154
13.8256616886513,12.9214548992239
11.0312851187538,11.3674015744551
11.0204181356478,12.9344858025024
8.62680121032919,1.33772345578479
6.25751487284407,7.76539791980457
8.11447733764153,12.611177132849
7.10768542957455,11.5720932748518
9.51015727909946,5.26734382924721
6.21623826060967,9.78643013883635
10.6977609923828,9.91940792686447
8.25341764862479,10.3527196740225
8.03312881450282,12.7552300343349
10.2679666037145,7.77737852767419
10.4490760858856,11.638627117817
11.2912191596404,9.98429640384439
9.56405004510436,12.4297633681586
12.8735075830466,13.5180940930562
10.8222881591787,12.1402415981637
12.773560081402,8.0578409554647
11.0163253224574,14.4594612102826
11.1759604395025,8.71985329699729
4.96145121841907,13.1496091931007
13.5722272791748,8.898876029363
12.21254021086,9.08253932027772
13.8795781273793,9.42179611940778
12.432990498577,10.2074258080158
3.0473478256877,10.3554272361169
6.43618287169124,2.99035105149068
14.721769815724,11.5062090268912
12.2706312516933,13.3070318553788
15.6263782575272,10.6906752062367
12.2346393024431,9.9592394611751
5.84280391854753,8.52725878740723
8.95768898209933,8.70749060129719
8.99728220528378,11.9050478342935
11.9308750361166,6.5598876805048
5.64894816253477,11.0087965038751
14.0683783328474,7.36003280113345
12.1426276195384,10.8558353509749
6.08558836483893,5.23426275596905
6.49539923346247,9.59910823286969
13.0259441108576,7.70657906716566
6.62000744729567,7.22299688851535
14.8375306464177,15.715466285173
5.0116805537968,9.33550855704353
13.5175845184608,10.7281283548142
3.76739364620752,7.54514230732976
8.3828907633497,7.93462702085024
10.1368936070821,11.2587674590088
13.4702880348197,12.0315596119534
9.66675752781758,9.63142118465705
5.36017168359834,11.9273274659432
14.7185882448294,13.7949610894397
9.3044203355499,5.28678064367953
11.3328505856028,14.4580830449192
7.90138281885056,8.62693466986959
10.1797760917976,9.69824932215832
9.62814524553797,5.57108538753667
14.3082506932732,10.1705387696243
13.239726008569,12.8392725545563
7.57709003492118,11.4154624330196
16.4829092566358,11.3038338360527
6.73431154354366,9.44637970759179
6.72740154019854,17.5228186712033
9.11546705635149,5.47047709073929
5.49641457994714,7.6482859852394
12.4576804005106,6.54608129602187
13.3598732169339,9.72082052134354
6.20775467091448,10.5445591830066
12.7900209324858,8.02366383192532
9.8366307243435,11.7920964920851
12.3287787156605,9.83786437118163
7.12138858202034,9.8915524017272
7.56743848904196,8.92261507948973
10.0409620833833,10.6788635520669
13.0650877960189,9.07939035732603
11.1708889443301,14.4181859392019
8.78919972309856,4.92880884620154
12.709880140223,8.65962341042406
10.965500638261,11.6984367868549
11.354185235072,13.9689218898307
13.0896599536228,9.54645471700324
11.0256540802022,13.1526201564121
11.2659400563453,11.7397139163499
13.6427792705603,4.74728826625925
8.96745341700976,12.9326794339832
12.0960048392559,13.5703190292382
7.76319307154107,16.0343543845693
7.37187793147,9.34964580715532
15.2123014956495,14.9726358010117
8.20914807938978,15.1642688276292
15.2213896927178,5.190383151708
13.9423491345367,7.70075158201416
5.3119894527671,7.22153811862626
9.8769657534705,11.9420816489677
11.9405253600239,10.6603016704566
6.11890648766512,8.22834445586335
3.15913767570461,12.5928978105698
8.46154388333015,13.7483972176876
12.4972216003513,11.2925443356503
13.1265864586858,13.9887007444672
11.9603952602681,9.54526933456363
8.63968353956263,7.1207753864985
7.58192526549776,9.82421067941126
9.29421216087179,16.1478182993709
6.13590181778193,11.3673554022545
8.29069843973288,14.5949364112152
6.10940367814585,15.0677774224378
13.0823193918696,14.0780899701073
12.632084540525,12.5008627059623
11.8653231061807,5.81568321468005
13.1230809953419,11.2945601472755
4.98492410536896,12.5973964185215
12.1249781996107,13.5438007600829
6.73997944467878,8.36598916288017
14.374178699061,9.43177324748192
9.81217066187521,10.8519740661588
11.7428767283827,3.68067598788271
13.7953117362442,11.0951374476178
9.78250654652376,11.1133146601293
10.0721902594143,13.4235925094869
9.26892073585878,7.50556029408745
8.13252700796511,5.80900325422866
11.7616818112283,4.96299050957619
13.8334309381844,9.17176805774035
6.98730674198377,11.6619024869627
11.981871224093,7.30536941351619
3.90787289737905,4.97751964985211
6.98359566331448,12.0535525326802
6.68320343625489,8.33776791098848
9.36154051803397,12.1702707097458
12.4794556356281,5.86668029872095
8.32034090089867,12.909146568054
13.5379459856297,12.4267347020671
14.4136745393772,13.1789427819273
7.40389941661157,11.2676608473073
11.5085956535164,8.757698037971
8.92932226106112,9.10401833782142
9.20069195887184,10.4694141538353
12.4761654595046,4.7181646563573
11.1150349745046,8.43574993708115
14.3585767063569,8.40653757712668
12.232972455468,11.9287933789753
12.3054753463612,16.0568422100706
8.56311540510001,5.74813042142154
11.6061263274987,9.22374630695527
9.86495244225923,8.31645965421414
12.3791220997822,16.2889346545566
9.94598658135322,9.2919487644
5.57407330493734,11.8764218163106
8.76748754006503,8.42829007937048
9.44454300840197,7.54616571560357
11.6300430140802,5.70765106246316
14.0561725274556,13.9457468200867
13.416914548099,9.17336035952222
10.3056474018169,6.78702380050018
8.8701428965558,10.8914211927468
9.14767162633181,15.6961273276418
10.3099130249067,3.05735560947863
10.7549688025276,14.3017686282676
8.16666506633134,10.7359636773084
7.1568971878067,7.96067018652757
13.7819605632187,11.4389256692883
14.0334382558427,14.6832718464373
12.2354280987257,10.4922113891102
10.3730812303339,6.02448704474736
11.5739429940996,9.58069008969544
10.8902047166029,12.8696086734719
9.37914106465491,9.13436246297022
12.3508749973621,7.19000101013541
7.22156673521563,10.5681925464704
13.543037440368,14.4647644619814
12.742438378556,9.47065019680658
8.0417214513052,13.2191459656344
7.60493661106847,8.42781920047503
17.0605536306459,9.37533394723197
8.25851795725879,9.53995256881301
7.72248628082006,7.06984779709521
8.86506925199915,5.67822055779233
11.0589126683614,7.01310479051108
11.3484607482437,12.6802359348691
11.626368276508,4.96294473327049
13.1912034740491,11.8150216237237
12.6346663499966,13.1681723331883
8.21140719276852,11.2443996108102
13.6269172813398,9.87606085762388
7.27946632604367,9.73837383734021
9.31425432172874,13.5017932856043
11.5894641900711,8.25718488746509
11.3809535807172,12.457971377348
9.03142153765321,10.5511079263543
12.8304345763339,10.7544241930818
9.00366558217639,12.2414019949202
11.2108487748076,8.46527521650436
12.3230006002233,14.072553077778
10.0361112533939,4.2899106994066
11.2039350591109,12.3549111695693
10.3081927569389,8.80356959898174
13.1605422830879,11.9950887573674
9.55969047818711,7.01616792482898
15.1670719339671,10.2390977477712
7.86118270995888,7.45922066374232
7.8039219108592,7.39903912296725
12.2633160344146,6.70380983214117
8.26672491794848,7.39350254125256
15.6739245118865,11.9133054567562
11.9601972155122,14.7049873170431
7.99201555936246,8.84576278498089
11.7205229740993,10.1653320631575
14.7126603647985,9.47008993242668
14.1677382351695,8.8160544992345
11.0598968000758,16.0151467790038
15.4182197448988,12.0222825820993
13.5491076541726,10.3987749207454
14.5132676668741,9.21737194944354
9.66328737837992,7.28167966680398
11.6081778701371,13.7808102361357
10.0616047271078,11.4233057956831
9.83574744343744,7.24308472667622
11.173587457214,9.57200549052796
10.5839275433041,4.59081596652143
11.4246922218885,13.3287171575041
9.74187561847203,13.0600886845888
9.88987238755969,10.3487337005424
9.91844633273782,6.40664866008085
9.64289593273478,11.0311924439745
11.5215876290856,11.4538136570552
12.7080998451421,4.5776515029103
12.4568768322319,6.4742664044548
13.9864157758042,10.5421725144716
13.6250567316398,14.1618674602803
10.5265902463051,9.9704073526959
7.53842827483947,10.5361259721851
15.3017972598886,9.24159294882961
5.39444372781917,5.64541752347859
7.27371045400665,16.4719811813599
7.50421791913682,10.9937362334478
4.15273316818667,8.55683508052453
7.95875568408096,0.952720674914493
16.2554445135503,9.13651187584044
12.6355141826528,6.88893266443295
9.25526153674814,13.1523741552862
12.2276663664899,7.83720176078401
15.7124797379863,12.4002304515515
11.0208474009568,6.56745665621497
11.6137308227459,15.3154569452102
15.2776422316995,10.5981274401444
13.2414845488494,12.9486471981673
8.2566247983007,5.04183521316966
7.60437567123583,7.93765538832649
10.4346285519543,11.7387731536564
12.4699173146396,10.1385963484212
7.06615987752197,10.0716762865749
9.02395767741634,13.1233717910319
8.36434381423608,8.7773101663915
3.52739851389532,4.20936467994612
9.48526799620447,15.8283851526675
7.68482310197372,11.1618981285876
8.11262007155795,9.2566442883977
9.58711919655128,14.7863283284314
9.74790744771445,15.0423566320211
9.83174276946048,10.2989173190241
11.8129690953926,8.87045499136482
4.91178628326731,10.6821011232284
13.4165165460968,12.6783840285361
10.3817701643935,5.53082070523836
6.11000931100203,10.3400325699306
12.7948661242007,8.88201521944891
3.78805176062693,5.0081337086084
4.1008717421673,14.4318154806572
9.84934612819339,9.19987385470155
12.5137201679397,9.21499740841383
15.3850466427297,9.00495038796308
7.49012293090149,6.19564652186326
8.68425968273033,6.22735923406018
6.86154211385983,12.0285551911766
10.9363744737454,12.2700514188174
8.93020379228729,9.73853763947115
7.72745061995262,12.0190916863204
9.99085025547182,12.3948928312755
10.7089022043481,12.1862091134171
7.31853798490921,10.4726444543333
8.99097127433767,11.5452574844988
11.4426613927514,11.075590315656
11.772253420982,10.9190290095953
12.6339278289231,7.40132152349797
12.0880433328472,9.36814219143659
8.255836073458,10.0234930314514
7.04079559219733,7.26322096505057
7.1939658067292,8.52837401248262
10.0622303988903,10.6098487594374
7.81301015117445,3.88174385731198
11.4369601185681,13.1590501904686
14.2454050693798,15.852925659566
12.9016367813916,15.6134802894287
8.107203379836,9.13677302385524
10.3142003585062,5.96874755722953
13.7203059541105,11.4573429289156
1.71341776988447,15.1403940274572
10.1617845228892,6.39286140256427
11.7459105138654,2.70732540732928
12.1855453080336,6.50720080376329
12.6740130896663,9.46881658981492
10.6255056413528,10.3898988885163
10.5719948899173,4.02857271402378
13.0446692982922,6.6752814739019
5.02549141746726,4.94923198677202
11.8519571312254,13.495616576793
8.65481447497364,10.4675926480466
10.2759414591927,14.0134979155479
9.94959049217522,11.5569315622586
6.99421901860319,11.6657161528288
17.3908713541942,6.37763027391349
9.34832729451699,9.99524328184718
13.9215262334379,12.2464218160341
9.92542989665399,5.61797239402336
7.89258495901864,12.2223830684403
12.2737237641364,11.1209415115508
8.19097463520615,13.0040532618659
11.961493324147,5.6276947073015
4.9473537261538,11.0806896923362
11.3215853643734,13.5670714665392
10.6342118634407,15.9575455344872
5.15211698319765,10.2414823387579
12.3135088173667,6.04773531190854
6.49876564467725,9.68053430111032
6.48512068660592,16.4740695647358
9.86731802284926,10.4659512701008
8.37753142194933,8.89374716164479
12.3387086562236,9.99478392317342
6.2582155239748,13.2140371206663
8.13945945941762,7.87216227153784
7.17892331345282,9.77966246035312
6.95241404195182,12.1519170153079
10.807557579414,7.49879268082062
12.5300776139941,10.9199428503519
9.72888111784012,10.0856517251441
7.72490371591134,9.2831764907313
13.1230302381823,14.8002048799234
10.6512239838507,10.9429447443638
12.5730023484967,12.3593736489422
12.1897364937359,9.35310788883372
12.7765941948569,15.4156608437563
6.4524248929555,11.4990863255154
7.45701379550991,12.2468267560265
15.4262192739045,4.85834806249104
7.4671115453446,8.10986283544957
9.88046397373466,4.22067354078077
11.398987915416,9.4845648772005
12.5029960909365,6.18818689906769
12.2716819020947,9.5737684868358
9.52963140255706,13.6885468074796
8.26096298889043,5.06636223790311
5.23619543300646,8.58512122343493
10.569440436141,5.19548360831032
6.8628612220471,11.2779044568635
10.011900944977,5.93275240324778
10.2026139173661,8.35101752328962
9.55785437037552,9.52521405296097
8.13489260395455,8.1656868232627
7.49194931338674,6.53081956872013
10.5447461901152,8.17033292502667
13.0456548708866,9.15390387797505
10.8012588861636,8.69829492903615
9.42107979254276,5.97598194541792
8.022907238649,14.2132801638004
9.71032430501601,9.25242996980099
12.593728266487,12.7546454799936
12.055512177228,10.4055179539074
9.58274243913545,12.7712724277603
6.01710701921641,11.0124244067145
5.80582694967391,8.33456519861774
9.17223568880249,13.3108142301657
9.26516609012456,11.161991863065
12.0610305138473,9.48850375535735
7.66016112671107,9.69685028596615
8.84193919587891,9.32864628315732
12.2232333099392,10.0739010052914
9.81207168880553,3.94132206566417
6.98239131777007,9.00415069599264
8.77502652806549,17.0722621150416
14.1393849567291,9.32127049709353
11.0772696583742,6.19628443741329
11.8059592171893,13.0225827056359
9.40334650927597,11.1297045031907
13.204164155219,10.0502786141163
10.5259156679923,10.0075395154416
10.7883518415335,9.7250884632638
11.1296636868564,12.4044052957944
8.57387168825739,11.5516603651396
12.4679206929163,12.5157175689312
13.7791640743098,13.438156995129
4.17817244733152,11.1628808032585
11.2127061033203,11.2426562331962
11.2319380350838,14.9375032828095
9.66583162549868,12.0061845328632
14.1652705759439,8.98575698555673
11.7658374651771,15.0917878361586
7.20071751317488,10.174026799861
10.3689310807692,7.33286930411069
10.5354412200893,14.3534219700738
13.7374032766228,8.67765249791745
10.405357541641,6.53392830865125
13.5527765436825,5.81836793768338
10.4086483276262,17.4524061902007
12.8543069978399,7.50109080659748
9.31942332735519,12.5618332170699
8.38882355457122,10.1184126766522
10.0817044342996,12.8931395711525
9.02180266761565,18.2964125707905
14.6203662722924,12.5179608544441
10.7559480031213,11.0849965482117
10.1480114364339,11.0849418258329
9.41025671206355,8.60654453633146
10.5389927896458,5.74840322067671
8.79005902180842,11.4445959185968
9.96032581152583,6.45586594138726
9.03987199843245,6.8815919388545
10.0705171913436,8.93291520148304
8.2899155313336,10.511737183716
6.56002929848375,11.0278811137749
9.39732753748502,10.0799478441785
7.97129723941026,11.5003120014055
10.8317976556186,7.67478661498199
7.57339108301732,10.7798741934014
9.17266738438552,13.4603001167957
14.0249375130882,9.35376923463177
8.98893424866593,8.71397260317625
13.1858543991279,6.48431369227933
6.39170625577498,11.5670461730474
13.585345172178,10.5187182604059
8.45392324969311,10.1893769015413
1.89773794859793,7.04949966394846
14.1337231992128,15.1645908799639
12.5490981451231,11.4460956345956
10.2406897205254,10.1358157546336
13.5443476757247,8.94194405281128
8.42658158712267,13.0825534878097
13.7314184495518,14.2059789358953
13.2261450653134,16.461038729043
9.31786233900252,10.5920752849217
6.7712530985616,9.4893812880109
10.9994813150833,12.0841253422398
12.9089053047383,7.25473644198812
10.7879333360823,10.7049329372747
10.692952498165,10.7044120457192
13.5106657817781,14.2513479889616
11.6236633222154,5.33318051442654
11.8693303582497,15.5445207600583
7.8356913889171,11.6932941116583
7.09294597780342,15.0709862608407
14.2156262680919,10.8748518199668
17.3482067296626,11.2319762275861
7.28023935617033,7.67260959779299
13.7878610843099,10.8678667457431
13.6031426144473,5.72786563926877
11.1252256899577,8.64343939411126
11.1082518629265,8.83338698232517
3.77186765036322,7.31029152184219
14.2654414393511,10.8936175815905
8.20470011057835,4.84587345850002
7.72787821380715,6.08798132356019
11.9222203883394,9.74432137436116
11.6908792877124,6.91233065501656
11.2718302621806,9.39455169924544
11.6224730368339,8.35460153595114
12.4758365491063,16.0724419287415
10.9300352685543,6.67218133453978
11.1227738532651,9.45878351177248
13.668513947516,12.956889700122
11.0038656556688,12.2821756594927
3.60325321469934,7.65892863953094
13.7026570409802,9.98339471077784
9.78100943725695,15.9237795860394
6.37626774678104,8.34733918682716
2.52174501319172,10.1501788802532
11.0013784739468,11.1643429955194
9.56186643372166,11.4878690350275
9.49006423642206,11.6519482897199
9.23976243382051,9.57357124096465
11.1104230663877,12.777320295906
11.1964087983914,7.38415514583603
9.72379733770362,10.132550789016
3.09055069807671,10.2652958241942
9.83196224975233,8.46222494211337
9.3861828096256,2.89316660860388
10.3741754922747,15.7262144352754
8.95795444730111,8.54921626998927
8.52138961857639,5.62248285660824
10.5909131811439,6.00384980845432
9.4941431700278,9.12462211347249
9.29346067226563,5.80486969284215
12.8279247773476,3.65495342162661
10.8166857923775,6.22417128922198
9.72123959092454,13.7190310854759
10.5287304069598,8.60849326567879
7.77248686020085,10.7283958780819
10.4314349520839,13.5391496985089
4.26059545985924,9.0284772649417
11.9421897304724,14.6320275421276
12.2529128030422,7.16711630268616
13.6176874231764,13.10069792466
9.49378479060684,11.5668415903906
11.4858538022056,6.18272723749603
6.4524482236712,7.98363270806427
9.05044829016843,13.5328792914041
10.5349682895033,10.7870184114153
9.07668430635443,10.3873117415297
8.43224479666344,4.51142572406529
7.0433694773828,12.0836132264253
8.84558396542821,13.0006240655849
10.6581409323512,12.1963626314138
10.3941569586737,7.04463609632812
2.64067406734702,12.2803937454426
8.9703974125055,8.91591277089063
10.0429858667624,12.348631627596
10.6294254864559,9.46612282589612
9.98402954721078,9.09446339133832
10.5890798438142,12.1457421498335
6.5030237078957,12.5623358965217
8.31289126696346,8.81910796166632
11.5149360033637,9.661154176447
13.0655627030705,6.0449432459737
8.57297869659006,12.0379995420431
12.6997520763542,10.1568559201299
8.4320546511522,12.8104450895682
9.72914303781817,9.39487933015851
6.59951996321357,5.35744212659648
6.8484823106241,6.52820640048575
8.76082137371453,14.7549697433237
6.40753387903665,12.1248624438073
4.49030748135562,11.7554570326383
14.2577081719252,6.94007801974386
13.818015853747,14.8058675014419
9.9171567704424,16.3522159959384
14.9177648623975,8.57884696515748
14.2617896127265,2.36288968855433
7.71632771982143,10.6664486617636
10.3868428908038,8.93583549301279
15.3675496966635,8.48334003766884
7.91616005261431,14.9331890025933
13.9447019382199,8.33632530169687
12.2729759755848,7.38436023866539
8.87478036564804,10.6987191819805
8.54985582728778,10.5590508208447
7.58931161725778,8.54956759637436
11.760619720147,3.67717442755551
12.9707821899464,10.3644409625406
9.85068539363591,7.44278996043017
10.6203272453985,5.80801498843038
7.30587817583786,8.96873550114787
10.927124633519,6.46608185456908
12.671645009559,13.9239415446234
17.8366504065919,9.00645795836258
7.35719691934124,7.79349119847864
15.0880998662671,9.81578792838214
5.85928575935337,2.70699959526109
5.58741098272495,11.5034086691631
12.0787390423188,15.2711047454381
6.43070170203107,9.08038013297109
8.14690113517343,13.6935232684195
7.84553148084468,6.5703585640364
10.0266550688467,8.80150808628753
10.400184335249,13.337343813124
11.4670415579061,9.24200778676135
9.60269866168689,13.417703352058
8.52896701394789,9.79258294137466
9.98951654914005,9.67477822836274
8.77869343513125,7.57826371599994
11.8328103578851,9.56493309454398
7.46574021743543,9.64024053070552
15.4574619303028,14.3828613975941
10.2243661397289,14.0479177612927
11.3147761622549,7.89819967817033
13.9202533821117,11.5089143378579
7.29057559845417,4.90049986610097
10.9391952557663,5.06951347746697
5.65618429448884,6.97217276493862
13.1090701769939,9.42660823590192
8.90381119909721,13.9645201348734
9.42239234973952,14.8231715974902
13.449823641968,9.08984818823134
11.32444208361,5.67632274016413
9.54926107194136,12.6510140553468
3.85226171295642,12.2979854096056
8.68938230553715,2.08225600067425
5.99094606131488,9.82359724992852
12.9519335425241,8.59736591461248
6.59914946528922,12.3766074071896
5.77802292681382,4.72701737964592
13.9511337919511,10.7933483375972
9.67341834306364,12.5290780067208
9.89818289235593,9.2500206286204
8.89922694526741,9.38949436977432
10.89172206583,6.38783736681285
11.4337663636182,7.15794944386736
11.8340886123297,10.9000098472347
11.5250040767525,16.2721658217333
9.25344517639707,13.9327480549247
13.1015654628085,9.71454972562191
11.2612760907794,8.3053614494177
9.1016588800455,4.64312855981197
5.47781785931851,11.1114313626531
10.1481515039811,11.8095998388215
4.79050064491915,13.0179687055588
10.6684842819354,8.5232813299174
7.13868308307141,9.13667860012966
7.5402406435342,7.49826396204281
13.1979399473274,6.19681330664396
12.907862356686,12.4652445011594
15.6365162759185,9.27823188842468
14.9848239534305,5.85078460591355
12.6740393140022,8.80943731450727
12.2713907067049,10.1876509419265
6.57530741728908,10.3268267429282
7.5354059856701,6.72613488717637
14.0514697841197,10.679114575394
10.554311601659,12.5757407992846
11.3438316461881,11.9344168783775
10.7024498305731,5.88554272422153
11.4265647457356,11.3874145345568
12.2242270564557,9.62462754404957
9.1953486575633,6.90195703125233
7.37365373152433,13.0087631350974
11.7906938508876,12.5948290121481
9.73938178568084,9.65159386821441
17.888349258832,12.1460005692026
6.68133425835306,5.88253755177343
11.7172051940392,6.28907094939596
11.4681371113514,9.89789486524162
10.2849333105878,11.040199616493
6.87063253258547,9.32524828710858
10.9870852355793,13.3964399817716
12.1492040352702,10.3690750099559
6.44284105637258,5.39506771588409
8.82027007368651,8.71786614454166
9.69300785397135,10.4931127798548
7.38397529379423,11.5120220141282
11.002303794367,11.1290216842768
7.95236213498378,12.71360641539
4.75591358641233,8.4808194360757
8.35617786912247,12.792142662055
7.00906998526423,11.4566712809164
7.99230174608769,7.2613609311047
9.72191780377611,14.2787961456085
13.2005915040066,9.27427828688405
14.4452592407253,9.7036577351766
7.5048456168577,8.96050448540842
10.4951369313663,8.15713037317906
7.57063822012068,10.7356054262101
13.2972067508594,8.32346593250287
14.2311478685731,7.66834175621667
11.6594127744872,11.1477135910541
12.8170696532487,7.50080350882658
7.97078788598505,5.37367256997192
8.24589875225882,8.13301125542267
12.261305290306,6.41067352684011
13.5781594694064,11.7282726865289
7.82656647658992,11.1541130732562
6.78800788689431,11.2112218663891
11.6891821996339,13.7381059226769
11.7353116931957,5.86740882086833
13.8935362953265,10.8570576679474
8.21803904461405,7.25181086253083
9.62433127252056,11.4243848497099
10.141510615991,12.5304980466562
11.1282786707423,10.802073044375
15.2735441435275,8.64563817181435
5.53747177478241,3.43389919725432
11.4959836392411,13.3975622425175
9.81785541019404,16.2288230524155
11.4953355894633,1.9517108281817
4.40690164265896,10.5153352914056
10.1504228084671,12.7665372209428
11.3442359448853,5.28990748717573
8.86091101876903,16.8778856675488
4.1050881853983,11.7232303721788
7.48101006093825,10.368878012615
8.84819482451949,11.9509488884738
13.9180657527541,10.27155288251
13.1403932284044,14.1868780458623
14.1685689710548,9.1350323132771
14.3795095021168,10.8442136267499
4.43326727786516,8.10359151259206
11.7569255515317,10.0048166830294
15.1850694717988,11.5322199806332
8.53928121598272,7.26821831198816
6.6755179846483,11.3739393310723
10.9882685863932,14.3098338675048
13.3933109433504,8.45474790365325
11.1594738035241,8.10625105632418
12.924897501156,9.75805803243817
7.35607673594264,9.72861383780313
12.0837084375717,7.60198401877363
5.26248618566584,10.0888205065545
12.6622180970892,5.47904986784604
10.2367752885007,11.52456938343
11.3387787673647,11.4004057072958
4.51358416247319,13.0083045869938
11.5632477324239,13.4723847206501
11.2009478546409,10.289056752042
8.93848956917132,9.59121430822902
11.597747519664,11.7041240286501
11.9532218311174,12.8973847743373
11.4189702638333,8.9333882925353
12.6765824363809,6.38545480475196
11.3151991071446,10.6916126756314
11.686888827826,10.0577460662387
6.15417360016582,8.85970305322046
19.5212395862803,14.4491019965487
16.490065111507,8.50084964440589
2.6971660328615,8.1609975561424
8.12077240743918,13.1649114557758
13.1844794435072,11.7448089085998
4.99236430550752,12.8887222602624
14.3721197064343,11.8617072287563
12.1575377367793,9.25601244057975
9.06602227626232,11.685002981723
14.9145818182666,5.97417274410565
6.45691241330993,15.3882124407072
9.53226204522792,8.20177821764441
14.1552283047697,9.47871088225467
4.3736552748417,8.90941925835148
12.9578890588249,10.8276690474897
8.84475683805537,8.12037196670764
11.3177937856441,9.93945251628738
6.90840237450515,10.5730716894155
10.0056444293772,9.32811943647094
9.51847641283432,3.63136345035486
8.84700657395382,6.15188276305361
11.8666624219174,7.6710844708328
5.79844746975271,3.73699001523905
5.12175472974261,6.39070746378265
9.48639190165677,13.2828705638626
7.91975916464942,11.6615574842245
10.5691549204441,9.19336530441345
10.3536853312662,7.39412069493741
13.1402769804672,10.6691944849682
10.1878843146338,9.40016980369601
10.8389697830747,9.43352374128748
10.6517862857009,7.57018094713278
8.77367452165928,10.5308953782652
6.49590956591348,0.125288387783776
14.4193804343722,7.91636100819375
11.0287155223075,11.1991739002016
7.81463024822613,15.2585191944525
7.92238049784446,14.0508577005903
11.4222027758624,13.989808433161
10.492368982061,10.634896436025
17.3269831612782,9.9244095213654
9.25004268491115,15.4677940773474
8.55197301376708,11.0779605287591
10.9298257605384,6.47310038706536
14.6618667524018,10.1122785426683
6.40907707695697,8.42806481079643
14.5251482694425,12.9299225963145
7.92898384751888,6.84809359222949
12.8964023196216,7.00236547825099
13.8925714676721,8.08320628025586
8.59668189271934,11.5979080307728
4.00874768295168,8.88861227519455
6.7545480343837,12.366029606728
12.808326999976,4.21258646316635
14.6624590846127,7.46423722059006
9.2740049274054,11.1103691644636
12.9394460813034,12.0747177974522
6.29489023078159,7.66975725102337
10.0960276568576,9.78974900374441
8.58755136728618,10.4587477566312
11.7661652710422,9.48738475657845
10.60636132744,14.9332259426646
4.48586404637471,4.47630082397405
10.0461005669562,7.75462808978229
14.3815481311072,6.64957952799793
11.6928449361163,8.77356349776201
7.1461416810146,11.9548154112655
12.6852275138125,9.85337955927806
6.38766970799227,9.62143255189172
9.85150594184471,10.3415368004093
9.65672286707815,15.9750786136644
9.78124268349439,6.75667760067586
7.90044823709843,4.88023518742684
11.5908281770497,11.1757252122338
7.82682687492881,4.46951595081518
6.12267073987341,5.8732848464358
10.3122367289686,4.82303306701142
13.1497841283564,9.96765863946697
8.30201501956067,13.0505567333032
9.40305379253732,11.7430914693576
1.52450190646582,9.9428942981568
13.5636481330632,8.61328680004899
10.0827039127715,13.5131292282237
7.96530324579899,11.2302826699452
9.62706408755057,10.874859141992
9.96677825854,1.32026554690839
11.3309644911555,15.3077495018756
14.1926614682317,13.22703874708
9.8402914450643,7.97403616981841
8.37105044308927,13.5661829630945
5.73925134483867,9.94040334001641
12.2991955365309,4.83524298686707
11.4891163898876,7.80505552819743
5.70865137170217,9.99279551821623
12.3089825399065,10.759995908903
11.6965124036361,15.272103742725
7.75362797978802,11.4034719834023
14.3662780839079,6.70059865736817
8.93014903222585,12.2713384245916
18.1297942857077,7.77110494012089
5.07387274517658,9.10956513855856
10.3487637384416,13.8244071004494
13.6873382899412,3.50322708586786
15.3179454367116,9.59876105208736
11.6665777458072,7.53705063005718
6.46787284609431,10.7827150553512
12.0441778999808,9.02303225211085
2.52291319561713,9.24536531379631
11.9156091752342,7.45354680222636
9.20132420361535,9.6915481088373
7.27018719812485,15.8417028847754
11.5540239682837,11.9127452912489
9.73716971757938,8.06877286109559
10.5212603522191,6.86386410304525
9.81836871843166,13.980866975327
8.15190950589062,11.502337947845
13.7078921452704,13.6724424685685
8.80863539374556,12.7821062736234
9.36947190335635,9.29806177795942
11.2942111516807,16.6665589621322
6.33146374214657,6.13147934308155
12.5590266953421,13.1749509456407
4.221968171523,6.70700779100637
6.08803544834014,16.7035376965661
10.1744321239458,10.3198725851111
8.94475915643736,9.06982310761593
9.66866210549398,15.3453188033212
7.28801450778584,10.5080271636945
10.5095516705106,5.30131331154565
8.74475501966616,10.1637287847077
11.8082272222139,11.6401409606166
11.7264012032831,10.3489795715042
4.24085953960776,12.0828567149961
4.66558665476972,10.6245050060854
5.63694683739033,13.1715537593212
8.30200069255244,10.2354559356694
12.8531940085839,10.2222542114775
11.9583492253379,5.1107609481583
8.22943076562993,14.4234885823782
7.22676290916005,11.1967215359095
9.12778394961124,7.21735890887994
8.1354253664684,14.5835285153931
11.0553843470401,10.8290068861073
11.2630170046449,4.70141837526298
9.11769634503762,13.2367962463832
10.5812076558169,11.9485657356507
4.42163204920173,10.0629738971653
10.973447391646,8.39313576129022
12.0161242666429,13.1400253105498
12.9509473280385,9.64643974220706
10.9894249022889,15.3661788120606
3.23580236738786,5.40410391166064
7.82457792807968,9.78171650942559
6.63053895455976,10.5254933768667
10.1159759547654,10.944298428475
9.51130128539373,12.9572621227966
9.13578547740182,10.7643189334898
12.4989905025343,10.5804955149213
12.2217854123907,8.84494707686251
3.62953138077165,12.906625013629
10.4768141534808,15.9249559769177
6.15564881110382,9.8154241904414
11.1047544687806,11.462893401742
6.95400604810723,9.35641291420306
9.80277836246143,7.88632069630448
13.172320179274,13.9656231205281
10.9139243218348,13.4631342725958
14.1997332334977,8.23208183504011
9.48565490596845,9.35742343675917
9.68754832874708,7.6258949616299
9.96528736169334,11.8314470580081
9.65173795216318,9.95395568440436
13.1987970584004,10.9233653403066
10.478659376934,10.6175748480501
4.62909543761927,6.81091672222152
10.4473405257153,11.3488647163353
12.2222695796963,10.177636574026
7.11731635006355,14.109760018474
11.3284079605816,11.5040628279603
10.7132288292179,15.9302265138962
4.23063453798055,16.4537887930542
12.9990641411716,5.76183534054519
15.6172298370694,11.7417718806114
9.97843984851188,13.6023979600858
9.59800951914091,6.92642689215947
9.8676352409427,11.6194570773178
12.3641928583325,7.74297047690451
6.30331414428288,8.72294351956257
9.7006219125786,16.315980640144
11.4530127482429,8.28301262941622
7.3848114906843,9.32018793318089
10.4551341890851,9.82321544362948
9.64330987525958,11.3655652154544
8.24279879478677,11.7215365748079
12.2490312944961,8.77263415636742
10.674072033017,10.23898754395
8.9413629258899,6.20791493538469
8.81653380421997,12.1221032097215
12.1307428563826,8.89074860719253
10.7588270611453,12.0032606793629
7.57848643562609,5.54403829001989
10.6051465268135,13.9708739910278
9.25979374408703,8.26400406225183
9.09306191873656,6.39721917074738
10.4078255061489,7.72984986297887
8.96364451802072,9.39563790964765
17.3382588073761,11.6044066406718
14.1959265456358,9.61973472821372
7.78240677078644,10.9359581275543
9.71147094201318,11.3664751966016
9.67660094458107,5.44912658023862
8.4492067935938,10.3958838506353
14.1284232675209,5.33714603809727
4.9806890777116,12.0492402442359
10.9434847414625,10.1031475703312
6.34052875679974,14.2470861600409
9.63142611566908,13.2587160837514
12.4644301845221,14.1508853668353
10.8038528276922,10.7712247587418
3.82047701362001,11.2931800987746
10.5915390578057,8.53149851273557
10.8907945638512,7.5964685406076
10.8901564261509,11.1001732467848
11.3318730956411,11.2618305408245
3.55191433986305,11.3837001039058
9.59111876982258,2.27343603386698
7.56868998629302,12.2530781249856
4.87889566704936,5.3894319003318
9.792190270763,8.53540406030095
6.9672821673675,17.1657380453389
9.56558463510954,8.24822944842096
11.8098614595577,8.79622476256466
3.8979252452458,11.7736612513121
9.41743417701155,11.4909256606186
12.2690854721575,9.18903784262943
7.43176523378241,12.0568100264011
8.12293368017724,8.74479559069464
5.26729272475133,9.96963538975228
7.42513334511187,6.72899784710215
7.04647975473686,9.90955780720757
9.78916444905159,12.7666601441739
10.233422719312,7.03395202065419
5.42321402391082,9.19155830832877
8.08143584065703,10.7206506163658
8.41603537794784,11.1868976181721
9.78475679106668,5.33750205633564
7.09368806239571,11.0416861985408
5.27956652889413,15.5497490103918
5.62240617619985,15.5192143132727
13.8024679854803,12.29673660109
8.98445098487436,12.8029127372742
11.3564672800712,8.09832657240938
12.3389908972088,13.2825791538383
11.6576152895965,10.9084565927504
12.5144179870377,7.90588506083136
14.56430845217,8.85077553536191
11.7410109525901,11.5559945797746
7.39468364021655,6.59957549550958
8.07677937401159,13.4479267434399
12.2392955738854,15.0792451338142
7.33373151572752,13.0894729052528
9.4316076457603,16.4874335406657
10.0264659455001,10.3018270668226
7.64630457735717,8.76539031850439
11.1303703334598,10.7300724627058
7.84839838357331,4.11331392743993
8.93887933122766,14.0045549139607
6.13594289889199,13.6875105299422
10.4822929018701,10.6289530090429
7.09161631202713,9.19820236272099
7.60011223874242,11.2603917785619
10.2580208980278,7.62246521932031
14.3166558843096,13.5674451899373
12.7031703077891,10.0326894145667
9.19666101686558,12.0220954596433
10.0906846431652,10.3983458402956
13.9002450884784,8.11916381145134
8.55882839797875,9.34516252109901
9.66242040605991,12.6776235646747
10.1435362277406,5.45145141600843
13.1436508287167,8.74879314805087
8.74071193021198,16.0722383171579
9.38857564155677,4.76385400830014
7.47256311977687,6.68789637723496
7.89397165921933,8.15412989133428
7.42598178353759,4.45573360481707
10.8797490999789,9.40519000235093
10.7926477475228,14.7118017730519
13.6828320984428,12.4670008453217
4.5909803295012,8.8340168296849
6.91146324222055,5.94748577587277
3.88620756848812,10.715824924638
8.53940900139739,12.742029220334
10.2799164684995,9.49811693008975
5.63836187425343,4.26895001146248
6.05990154013467,7.96292121742167
11.9609185143739,9.88086781139078
11.8853871633819,11.7115641401522
9.61884792568695,6.87338399150702
5.97612461218979,10.1337204033533
9.43541530974197,9.26519284311707
5.82096808375846,16.0868929619605
6.67211323481605,5.47204115157349
6.61942186362831,10.0292843531228
11.3203148240842,10.9085374178546
10.9003735078781,10.1680802461222
8.69590504901682,13.7256128502229
7.80614189599015,11.582664661909
12.9258782181128,8.50765439167434
7.4585377156099,8.52340448482024
9.60126638164547,7.99467472242092
15.1715083370699,16.1948114601916
11.3883035584902,7.36387451555652
12.1841253565226,8.87093200543523
8.29080528480507,8.42157749686294
11.017787417713,12.6537717462901
11.1231550498073,15.4178361338898
5.56866993105321,16.464793421462
10.5603529341323,17.1148597507368
14.7412239072959,13.8102661433754
4.72166423848571,6.87172055746931
11.1749540364428,9.38394297874862
12.5817924763896,9.56899232564229
9.190527847464,9.66463641589511
11.2282484318952,14.0282502778291
5.85858769429112,9.86496556337278
13.2489855916318,11.5427597064207
15.9478705642607,11.2052673416716
14.4732289719745,9.83614354851939
12.4460279663152,10.0513677415762
3.38759524967612,6.34181763188318
18.3508399472387,9.02371619507456
11.204491228418,6.88596440905348
6.2451935787061,10.8159435959519
7.70834604904021,11.8685514438715
9.18762972765859,13.3105740861095
9.57604313358613,8.21013851440844
11.180226392276,11.5060347782488
10.6456898391694,5.74573566148261
4.07516958402221,10.2767830043507
8.72041536602808,11.7232336600294
7.89230772693547,10.5365238042165
4.86866488903225,10.8002557270666
11.5302122764203,12.1940931632895
13.312688555612,6.59404070949588
12.108041654717,4.67933931392804
9.28488788465995,15.2845477696831
8.08061139832574,12.2227322352523
19.2423517708192,7.81762836135992
10.2926881017746,13.3838500555287
12.0930990203642,12.7009447074779
4.77902533707458,12.5898566706932
11.0112393499828,12.4409137204792
9.16528919266818,8.7745583959519
12.1577398933019,14.4754711564801
5.83124405740292,11.0004529528154
8.74265248853157,11.0383132217757
12.0501680146199,6.81752742317878
12.5854328479648,8.9408441401198
10.6637638155305,12.7371137245142
9.34847531022594,8.47547677845652
12.0542567560537,8.46210739036424
5.90206335331541,9.48202853083865
11.0328735791355,6.36612341157421
13.3005939688759,7.2817168697721
4.45483097021727,11.2868468208474
8.70066853855561,14.9713728819149
10.6821261977024,7.37093410370692
9.18169848358567,12.1665133075059
4.33442126423318,11.7358144558065
8.64135084588303,8.76164767438583
15.0548735943994,4.9155907113344
13.6758766461409,4.84665432979156
2.89529217321338,12.2876090787033
8.19238083371772,6.51505357854112
9.07566208350202,9.63249651415291
9.49737643778857,8.93873613236189
13.4476019665818,11.5517939715611
9.74394722478663,7.98663046034244
5.84226274488201,15.1726099917871
11.0250472719703,9.89339917658362
9.17348657458885,13.507520125132
13.1916391431571,8.22598920771002
5.74683499543743,9.41173362776879
10.0374032450649,12.8443297617544
7.99147423453808,7.24613853862937
12.6675363632625,8.3368950363864
11.617060949896,7.81869085109933
9.72455179017705,13.252513801393
12.4751474317618,9.11729683480491
8.73246311889909,11.7689704985333
10.4301345279568,7.53956583266578
7.41851117338394,10.6479243103516
12.2512749205241,9.82403772413829
7.15573094132705,6.88252447003732
11.1389741363622,10.4147104927934
13.616970905431,8.23213414008491
10.8203694093358,11.4315433452866
11.3403741979585,7.09439470442178
2.56841776494826,11.8292837100323
9.15780074958362,6.38291426323091
8.70377025096854,10.8021660842357
9.59679654745027,10.4983841405601
6.76954931248302,8.75448375657455
8.2569568207735,11.2880131432409
5.29930149995874,5.32216290805953
8.83312885922488,12.3637717367509
11.3932943280192,11.8437389117344
13.2985622452035,7.79445544594474
6.10995585499728,11.0465665694487
10.1399017682319,12.9743845663036
11.0632304454229,10.7662198924595
13.3721254142816,6.34859395716831
12.8424758933813,11.6507236458657
13.7420723663185,6.05006630645433
4.01593482661383,12.4388377206127
8.16120153976194,10.4742009434316
10.1854706707914,5.00645540082111
8.15674064987839,11.8204792363925
9.70896794090659,10.0148099630014
1.44821463571742,9.97450383155105
14.4287790615528,10.6748584376505
5.04515343194448,11.9768308076565
8.7981713784661,14.7303840265528
5.55968522894599,12.0990023474687
12.1780348715599,9.79521190131128
7.18336652051148,11.7351698277429
7.04894094284018,9.05120668603519
7.43454787948054,9.49156406905029
11.0196030180413,7.47108966913995
11.3317982242549,13.6600127359012
13.3982097046702,9.21927445501359
12.4260266571207,5.61953280274973
9.94207459251499,14.0396685095371
8.31139929407317,13.3951840733295
16.3581462280415,7.65970345855483
6.23364316372379,5.13678932818506
8.94950766009861,7.97522867271096
6.85798145126833,3.30433263480658
9.07796223295772,11.7382952500001
4.88065813762707,13.9133409310678
6.29803683240394,10.9263189543048
14.2669557038975,13.6930281381871
11.7180914775548,4.29790082334404
3.11628504651067,6.73613060058827
5.76571368972748,8.35142349828398
15.1642915775419,5.48661222251154
12.0417927295604,10.8300391241864
8.45781897832665,12.8350752427717
11.126388652011,9.46772290455584
10.3885031871816,10.975123729281
9.10414006535911,6.14406778957211
10.3534803029978,10.071749762575
8.66672408308689,11.7769751123118
7.03855560885038,9.05223386604996
9.31445300407207,12.2983965978686
11.0670397095283,7.18612490389328
9.52978731361825,11.5113691097988
15.9888142285615,10.8596832699604
12.1931834273557,18.0271299141527
6.87118507706447,10.3961717503396
10.973443106202,9.84282863026038
6.20844922558634,12.0220348223845
11.9171625061976,7.95687574693266
10.3418785870336,6.55144697614087
9.74816692652946,11.9060438015733
12.663820406095,10.5212548345564
9.82805002329138,8.89657903842013
12.6225135201185,12.4079940682176
6.98333602926614,12.1293905117282
7.77816324862229,5.25534705454501
15.0951355175687,8.04266505023092
8.55713925357707,6.5065774493715
14.5851878131962,5.87072973335224
4.05352334508306,12.0571975870413
10.9442678384595,5.49302779673241
8.04686639777933,9.11406312870424
7.34123239038953,16.8781223824911
11.333326568739,8.18448024745182
3.45677965185632,7.51193587659328
13.9131430921658,10.6841083830579
8.0514043113626,5.12761266725193
7.88298399100643,8.30095497910938
10.9334700164788,8.45047249040656
6.91269064918071,9.2481893001591
9.41972998083892,13.0132317459274
10.7070987293452,7.35282774672743
3.87335523286848,10.8747943050137
7.59113560701366,8.59524639222272
6.52172650542845,3.29600199725679
10.0121056835032,11.3630478655865
13.672361330802,13.0012074318479
10.9991593571862,11.194916290255
11.5556911874593,18.4945600922467
9.98007332579096,8.14296371658983
16.1941633296706,12.8231167630664
12.7674718704757,5.45804377883966
8.12322491719152,12.110295300327
15.3719396719065,11.1865971187912
10.6758104799316,9.25445814337755
3.49266260922413,6.92146329945195
9.95035881508606,10.9126044402468
4.62284256450123,12.0407084616386
12.3451785372612,10.1336976622922
2.92249918797202,10.9042029068632
16.6681008495138,10.1327412067596
6.40381680543136,12.4959931288502
11.1827359257863,6.55583402145259
9.24171002705074,10.2559142601589
12.8156738552676,9.69780216545154
13.3472131465325,9.3492480949853
13.0647984489727,13.0161340976328
9.58308415213063,7.7541367492276
8.30307212703204,5.83266202046328
7.21440215829519,13.7785445703886
11.4860546676687,11.0320998559073
10.5260810835008,14.8682762560433
8.68333515208819,13.603878970984
7.73009250642728,9.77404794614165
7.2816888102634,9.19146867046322
13.3430678250777,5.83182804436418
7.11576530580422,4.20239473380635
8.64116769568981,12.530101511384
8.84243831619598,18.304440866836
10.3906325113333,13.3533597636029
7.37489052928567,10.1701238990505
6.83290543280528,8.87491156165397
13.8015095149959,13.2043389260161
15.378832111882,13.9234867063087
5.66863648625222,11.9979355948759
6.4850328187665,6.90463187550148
11.8170199494217,7.62489988610875
12.8779408909044,7.98236226828448
8.65247493960972,7.63893732808159
11.821371698904,5.27034160288581
12.3120640021672,10.9536940798932
5.47654483393867,13.8846203621172
7.90034089943405,9.42063705653744
9.77748038166835,5.76967980880661
7.65764712268409,9.70838339335779
12.5495346563069,8.03949070598376
6.10733593667184,16.4686570824658
6.31501614630711,8.13967808960521
11.6513677946854,18.5032077961911
12.7920837956885,11.2518360857338
1.924955393646,8.05710463531096
9.26858618297163,12.7542639161435
12.6397647370111,12.2862598257234
7.59375835077314,8.88388948864467
8.15136241976905,6.33707063801539
10.090909386281,8.65050262276451
7.79287543690943,9.38167506717726
8.73678686417793,8.98747050068958
15.1119428206446,8.51458999518427
9.37901816362032,6.93496362234901
10.7082471314635,10.8396303693897
14.7169402475819,12.3378528020613
6.38414258937577,7.60169542553097
6.98800423105723,13.2329318674117
10.2251453475318,12.4391483246767
7.90383957517243,11.5760799890106
11.3970518994116,15.0952546082235
3.76154404596954,9.89719178223749
8.79996307465373,8.96140439625809
14.9866299005433,4.53983929466989
6.79583228488648,10.2081208507908
5.92728093747971,9.72812104408782
9.15001470896852,10.3326657839973
12.2734956907815,8.18182957616212
11.6254114362405,8.55860050378202
9.50064273870519,5.11225246281991
12.8365904721649,14.775036413545
7.42875705255333,12.8119436335359
14.9924435660334,12.6582309115657
10.0159528217752,14.8476179255733
11.1232872532416,11.2726453000918
6.4413081819339,7.48380207399492
13.9747205763795,11.3432616675312
7.79848243892444,11.579397559586
6.40028255130739,6.22464048883622
10.7327054080507,8.85276516901579
5.01335445695636,11.2952442058114
5.84276030671612,7.56861702612355
13.4558802514343,10.2109241241757
9.61725110820383,8.85056077511954
5.77451553873656,3.10352760499956
12.2139961092534,7.65375621722503
10.1115509478144,9.1437507117752
8.60558924060797,10.8564690672839
13.1030447617664,9.98314822451522
13.4106837163574,7.36302251015258
11.0503884781944,12.019848808662
6.75215821435866,13.5630864927758
10.4293931577707,9.21642875933425
13.1155012502147,8.76793429616507
13.1854100893561,9.45699561532794
10.2010068623872,5.77779652756591
5.25623874019893,5.47197069450537
13.1138155103536,7.6363258281264
7.38472104653753,9.55364290593174
6.84589374377741,14.8071969400946
12.6600771198989,11.0670834421613
10.0141144973361,12.8267068129655
9.44063892564371,7.51592530496024
14.1944448968893,8.72193608154043
12.6602689524672,12.5518779819229
6.08696523747935,7.37254828319752
9.00177000287617,13.0184886532127
9.13104116577289,11.3965338465352
9.92472466398567,4.73439788429691
13.1517701449747,13.5573158122033
10.9384406533264,11.067975182723
13.3717970598118,5.42682284595273
9.18076076316011,6.6976926857189
10.9235904232909,10.6409770882352
10.2137688435139,14.9638981750209
6.47091153982526,17.0285512463465
9.15950692573891,9.95616764795002
7.00299255553511,8.56664365319505
12.3494758991422,11.0694148560238
11.3407393892139,12.613873216991
11.5338090642932,8.99504526606861
15.5244737662374,11.6103046166763
12.8295299371395,8.50497823588307
9.03043812548731,8.73755586309379
4.99208443737006,3.73494742564413
10.139216659188,18.3605820927104
9.21540249995904,10.9928794489278
11.1458224118119,10.4740315616074
8.69414716022319,10.0015013469305
9.55849221617429,8.76801742074014
8.70205307377397,12.1245112254686
12.4416379370899,8.31606381445948
8.96834133435912,10.736149394763
11.1002901545789,6.89054285945584
14.2864971410465,11.945986426403
15.4474266864237,8.86723573465452
10.0820633430564,12.3519164286362
15.021464498714,4.27584077351328
9.03776623812628,6.26116715865684
12.5967743380427,7.12578041242189
10.6089035997379,11.7802570917521
6.72104804335429,13.2178839132457
10.7613710061246,10.1506499787977
7.61457576717531,12.5346006874205
12.2293486381013,16.4614046763965
8.45522135509798,4.68493339028588
9.49498937900006,11.6767246800574
11.2269351325878,6.3797354976494
5.76981775550369,12.3824314418763
10.620918472798,9.57748393969423
11.3292714835271,14.1686937426377
10.7539140531339,10.4279261212466
11.6458959729995,11.4233277793556
9.86864692707839,13.6461359809751
10.9778096397542,8.60053378954726
12.304604186003,7.03459535080998
15.3769918265225,9.92787769462725
14.9597766190487,16.0017958137177
10.5215272290395,12.3991430705099
9.77876803990234,11.4135009094606
8.3211896310634,12.9111541512557
11.2670297360868,12.1293659015261
12.8776593662906,6.8116651767316
7.61497461679027,6.67846572185959
15.4898739226525,5.86462635922918
12.5770515075556,13.7721514708076
5.50618202129569,6.31902281134102
5.53461736003973,11.6289671484009
5.78885508474215,7.73170643295864
13.8622440875799,11.5957854095171
8.02285291957073,7.54933663628212
12.2177982962181,9.77250295689431
10.2951569839986,10.2763770418917
10.1782673090547,11.1938800873242
8.81822964741661,11.03416192726
9.43537044141632,15.2499245743359
11.376120559745,10.4972703653622
7.29439825569039,9.03667669129277
15.5901443752511,8.46571795877424
7.25522901650821,12.4942209593098
7.78888349195977,4.41941031801715
14.3951922425874,9.60664480483241
12.4602136659543,6.00131608166892
8.83549135854447,9.25315199036456
8.99352782036326,6.7260624660745
8.92551820074235,13.5750215414936
9.42138507957791,8.95092505222875
6.48202785981153,11.2642364883006
10.4159889636871,10.9836605833702
7.11800837933186,9.37857874812473
13.1736705172797,8.37951002784
10.0095682942008,9.9890347178072
7.33472212230827,7.59339654307592
11.6058524875185,7.58023539887173
7.9629926075781,13.1404584483152
9.53285676763721,7.81610543498359
15.0538407336064,10.6598411942865
11.3142657699031,10.6069778175927
12.1445803375037,17.4429173925274
4.26172852283835,10.5102537241029
10.6764522961854,12.0745535358114
8.81060718271606,11.983983305675
10.2814282946779,14.1083937905731
3.37687147744204,15.7995820740319
11.9941672456961,10.927955349707
11.1802930952954,9.39637672716507
6.32815331610926,11.4950840714671
11.8176389902101,12.7015457814928
15.444886522891,11.8041159983305
8.96486878306313,7.05413716486667
12.1887950941898,13.1377890539864
7.80499786809952,11.897178597142
6.56299525113837,7.81410492267783
7.30566520433064,7.18282506763331
9.51731541906232,15.167767695973
9.7352233889596,13.5481880806465
13.0141469621919,11.5162581661312
11.6876478418317,7.98319063909164
7.2296003954731,12.6721941734763
11.3237756526455,11.0581900707141
8.51567755416642,12.1229154584397
9.76192148393427,7.01888332420209
11.6307745980126,8.75558033753164
4.95433884646878,10.0843231089224
9.77401943141028,13.964778860578
15.2010560039425,2.77426972376413
10.7591648756485,8.75504101627057
8.71698853162441,11.2727413999514
10.3850553964478,13.6505993597175
6.40370388916719,11.2354385877258
14.3847177717204,11.0568482938133
13.6691726618322,9.69946754868654
13.8438613178926,7.81890281565189
6.34833324967869,14.0024774151694
11.3919183425887,8.35291411961555
14.3698335587116,14.0347363143211
13.2896652589727,8.01164779141904
8.42792469617341,8.34495837302229
10.2037047035472,12.0367734304468
14.0200447963358,10.7358758805567
6.27451826692651,11.1829576378201
8.68922416711087,8.56598605795733
14.6585041814074,10.2127624621953
8.31600201724993,9.28614340144842
11.0558604212508,8.70273836873094
9.93678876027088,11.3246329412191
13.071318676067,11.238756459426
13.5671502220597,6.10300600173067
7.52197401998084,9.21083945128175
9.17544268451256,8.69277087152455
7.09838554547827,9.11716291886693
14.9800456357792,9.22846206882773
8.61819607178425,9.32322283616143
5.53594111811454,7.17330924150633
14.4517901254314,7.37959609462609
10.0714042602442,15.6392878322382
6.94534012160476,10.6910267129552
12.4780655730298,14.225397906989
10.2305870154903,8.5509458282432
11.1366348742296,7.69536118958832
10.4691535975872,14.151872637799
7.10466058556015,13.3695180547757
8.51217296825596,8.30028366068787
14.5423788191015,7.31468477995689
4.6401285122989,8.5387294390284
6.24060403060555,7.62632975734261
12.357746729217,10.221127110301
8.85773970989444,12.4608432464595
13.7866367545388,8.92866381587358
12.8730870534603,11.8996174660571
11.533507617632,8.37987412021234
4.72759604064695,13.1518852273978
10.2215038355205,8.67677314357053
9.923374023582,10.3461004455959
11.412489748838,15.2081823898089
4.1456351010487,5.16147061431199
11.8710289941172,8.69147546870974
8.52262837561541,7.47738693878089
10.5557156009258,10.4538262740407
10.6894554455898,6.34810045631622
12.6469124798643,10.256221574607
12.1901269432771,15.2793952754351
3.3087908822686,4.44334016983881
9.33945927684293,9.09069648852777
12.6938841713232,7.96642856572318
10.9520897557531,5.54010885645082
9.64080758690921,5.91467897646353
9.18419195815924,12.3002247966517
9.94752527461216,5.89153167100689
9.89869714151754,14.6435512264878
7.61963350828268,10.8222580027516
9.71306101401939,11.9348920622688
8.58037898864306,4.44182950784938
11.2415519071508,7.34959370836108
5.22808477722811,14.8376537723212
10.9632013599823,9.59197293406021
11.7658658202809,1.78825590298382
12.2660359548999,7.86216811264721
7.08003950875336,11.348644084981
11.6861183527643,13.4697847030512
6.98352126660463,9.14876405959272
10.8343878370869,10.7259720754035
11.7910925031251,12.6730278981495
9.34247641362796,9.32638149816004
14.2414801069689,9.27859693464859
12.0974276871057,5.25923739012546
9.45129418896983,14.4752456079633
17.0821885959866,8.33709027884328
8.20833385705484,5.92775101355084
11.717997851495,10.0483342148817
10.8041464454628,11.1665957472721
9.29119080092096,7.18771643584659
11.2593043009881,12.6542840170648
8.41511010508196,11.4066427428029
11.9102246175157,8.58269385395392
10.8705452694937,6.10716642764635
13.5659910309514,14.1011974433534
14.0068964653034,14.4655795046838
8.56075304181793,12.7960639763835
6.70849790033472,14.9139828867617
10.0013255308378,8.69011359451217
11.6309282411447,8.04180076469311
5.647784720222,11.570581678339
5.83856298998818,8.83648360709324
3.36227472622021,13.3024410181362
11.6872702281433,12.2522501361716
7.70896818576095,12.6750198076267
7.29976355160682,10.3212402936075
6.62885922573335,10.7237044019638
10.511582940708,9.91158213197292
4.98345217191094,12.1880650558003
3.09087752564859,4.59182428128318
8.24932456069607,9.27176298248332
10.1979275038771,9.95515058317573
12.2323164232055,6.24570151962053
7.07169179403377,7.83051143788738
9.23221320010334,10.3284269303851
6.32913720572296,5.67216017025362
5.88193888375385,9.55164995156595
12.6128458462557,15.2014210791849
6.12937789351581,14.3752250222159
13.2776225201689,11.1722133099925
7.92178855969034,10.0727715072467
13.1214306078369,6.33311460477626
11.906346862353,12.4617150742653
13.770956679081,9.41697424052307
9.42774967060783,8.20218850132186
7.92209397499163,7.65409375734815
13.5308720780268,14.4745223232573
6.95257587405585,7.95689405485832
8.6241752171771,17.7032764249578
8.93014986702647,11.9477246211052
10.9394307240883,11.8937289989346
14.4398429451439,9.21794816724269
9.41310210450223,8.3548085638117
12.5761693082588,10.4866616095486
10.1580941650143,5.4125619059835
7.62050112651387,1.88733824014795
12.7030825975252,13.6683207052566
3.64225238964236,12.7455001822298
8.61566735026178,9.76450644354077
17.9587561851266,11.0952845148887
10.1633017451183,10.1242044351836
12.0936891291181,13.1821338302105
13.1261075937117,8.01286337197808
10.3644492350945,12.4735207229443
10.7540697687661,13.6576239540244
12.3879270781455,16.2455423199221
9.44564815424813,8.87725479674982
6.8111698641306,11.3665306345652
7.81335197640852,11.3681597854161
5.58110633676896,8.29218610338697
9.43925202967331,12.1425226114194
11.9715640337742,8.31466757988185
9.65704039300035,10.0434291268376
7.50636302102273,3.89074756067768
8.42714528910981,10.3855584677278
10.3322676337199,11.4742237531982
5.9694867387409,13.02402652921
10.5291096206022,7.37665665984234
5.64221134919695,10.2768984614701
12.0825549792336,8.15815326783643
5.56839322389768,10.4796555179473
8.55733624503934,11.2791150761568
12.0000035020709,9.62032622012927
7.53324976712312,10.4738020641128
10.1209913648689,9.64975820481219
6.74071993037162,9.59838575776265
8.83453564452683,9.51436857887984
5.70042875473841,6.7955485289524
7.22292952936327,10.7879102962267
10.5160675295468,11.8231165706265
15.1249953548452,12.3729454454329
13.6237622460416,9.68178410143641
13.8301310895846,10.3347490688261
6.14608441146538,4.78957745839625
12.2258184575056,10.9337379616638
3.34810380807305,10.6538017150662
12.272728996396,9.41560992526848
9.48403322440119,9.04081282456745
13.0000140231322,15.5811379253644
14.0450672485883,6.87346997216061
14.2262012624849,7.51547754623287
12.624863155965,7.28866216990127
8.02189842774375,14.2270694105406
13.7219110241352,11.3380885306767
13.2222545074471,10.9039819280127
7.472507836952,12.5363486247778
11.4396172617489,12.6774690864486
14.5186890803053,11.3427666220679
8.02480008411259,13.9765121771153
10.5401902050725,6.52528453222898
9.75626909036379,12.6526004404109
4.17822249420369,6.72196916136925
7.40486108873371,13.0629883874051
10.3272096677076,13.6007408642388
13.4960973198675,15.6669373318736
5.16989456378759,7.69155002494645
11.6945956203249,13.9645361694319
7.473886223778,8.77948580956089
12.0014460070212,9.85719289129589
15.1302447382658,6.8615944518844
13.062437114599,8.07773606450483
12.844271837044,7.46970464558423
10.6964400516636,12.776241675816
5.48281063978342,10.71767474265
6.75138917105396,13.3701279507805
12.0156263941356,9.0386052888306
12.5561686485204,9.03734545585348
10.6580270296787,6.23972670641135
9.73345238516568,8.86323199948309
15.1341459749987,5.11949970005017
7.15495787266687,7.39662078228701
11.0609393526816,11.6465369354915
8.75904541437071,7.70622206251001
7.5746675015398,12.6559323927183
4.52434160054088,9.17591749216129
10.0280484511432,8.86388284447378
12.0721977364937,12.3071846705833
6.41345584277072,11.8546166587587
4.19286487986494,11.5097791908446
13.5980661081914,6.98570796384295
13.4095432014727,0.741137125742735
8.58215141930816,8.01058579228035
4.82740055585528,14.1179586331724
6.87081754042891,9.13743807916525
10.8859358842814,12.699172888279
7.62244907737904,6.99318670078171
5.80946452899258,12.3132900534001
11.7141881194184,11.9549153224315
6.83152089276779,11.3315909024247
10.1330454723685,11.653393799581
12.3489654022592,10.7966758527843
5.6069991944324,13.1624816290063
9.93339616442055,9.01072942928734
10.2592310218484,6.53275044800935
17.8150134808056,8.33727843114144
10.7922073879549,7.64702391667741
11.1868631031941,7.08919721653932
8.14730912069351,9.97657104834828
15.8575946681647,5.22719061100446
6.57274877300837,13.356141968574
8.82124380772559,9.82726063585778
10.8806443823207,8.7971017429716
4.12291763276767,4.21403021451769
13.6471999216029,11.2328330537382
9.1616918680745,8.77985882378871
3.56972605156415,8.79487313986859
12.5190139237314,4.14131066832796
12.9151158893018,11.3401053719897
6.02875073336343,8.28284720198304
7.30102542631402,6.82959115146805
Rho_s: 0.0068778872194718
Rho_p: 0.0165817426353381
IC Time: 0
