Rho:0.5
N:2000
0.536011227406561,0.642115550348535
0.846270125824958,0.67239426379092
0.635800554649904,0.25892358715646
0.42310216720216,0.698793439427391
0.213563248282298,0.314682692987844
0.629157190676779,0.628919842885807
0.615854380885139,0.726167085114866
0.354325084714219,0.257372930645943
0.892112547764555,0.934161646058783
0.891551577020437,0.9491723976098
0.481147676240653,0.817597319139168
0.748649987857789,0.617854821728542
0.846238232217729,0.637561947340146
0.121600439073518,0.0243557074572891
0.459430134156719,0.544404642190784
0.423581185983494,0.90220049675554
0.433190382551402,0.821187546476722
0.597912102239206,0.197842621477321
0.0868441977072507,0.0782871134579182
0.280528417089954,0.216370779788122
0.916495914570987,0.86329752812162
0.899417407577857,0.963371965335682
0.889045182615519,0.847021125024185
0.750663877930492,0.567306980025023
0.12424578005448,0.033003396121785
0.84794561797753,0.841564977308735
0.79742237390019,0.961814360693097
0.41623010719195,0.0763566517271101
0.265156297478825,0.521697325399145
0.979852518532425,0.945766224525869
0.88219377445057,0.584470116300508
0.487015927676111,0.684787913458422
0.443392545450479,0.383319545304403
0.144410118693486,0.486771151889116
0.707320359768346,0.155807583127171
0.82439893623814,0.931484586792067
0.151474870042875,0.0965917739085853
0.582544461591169,0.794262768002227
0.389290031744167,0.754338993225247
0.657719306182116,0.86491103284061
0.379025562666357,0.795039754360914
0.706665642559528,0.158322980394587
0.819786580745131,0.273411799455062
0.670891686575487,0.404534669127315
0.48353980272077,0.35242759087123
0.000466172816231847,0.202139864210039
0.117923005484045,0.247403731103987
0.674754365580156,0.450560873840004
0.278434379491955,0.183303690515459
0.764165966771543,0.547648457577452
0.682332273572683,0.307559834327549
0.695671566296369,0.381027912022546
0.832336956635118,0.918957526329905
0.642288339789957,0.284326748456806
0.231382939964533,0.129182605538517
0.939255473203957,0.549638870405033
0.747770236572251,0.953773588640615
0.284034735523164,0.172309888061136
0.152773728827015,0.201556046260521
0.57499034027569,0.215019663795829
0.974353103432804,0.67636791523546
0.746517355088145,0.50461277528666
0.877254855120555,0.97875637607649
0.775662848958746,0.320515860570595
0.929182564374059,0.62502116849646
0.416323111625388,0.0791767116170377
0.856926436070353,0.385605906601995
0.656623757677153,0.360678254626691
0.244180879322812,0.734141948632896
0.366101300343871,0.0974253630265594
0.06651098607108,0.0282548544928432
0.251926111057401,0.0526928559411317
0.134742600144818,0.0170549338217825
0.896651570685208,0.85418184264563
0.970261533511803,0.903536543948576
0.639408743940294,0.923055802006274
0.723407227080315,0.375472261803225
0.583569516660646,0.569921039743349
0.197298702318221,0.596087966114283
0.938354924088344,0.743352754274383
0.195363810984418,0.383026227587834
0.715995000908151,0.926441384246573
0.771738816518337,0.952977100620046
0.618914060061797,0.418608974199742
0.817616664106026,0.512437384575605
0.14092613873072,0.792792615480721
0.468721601413563,0.226856488734484
0.715544567676261,0.740259750979021
0.49765504267998,0.464181801071391
0.656913919141516,0.766010995022953
0.762579566333443,0.409920855192468
0.403337683761492,0.325154733611271
0.0312496377155185,0.727633329108357
0.774063047487289,0.835144077427685
0.178465364733711,0.100272114388645
0.70160677540116,0.718336075777188
0.238555058138445,0.0905627254396677
0.797026267973706,0.431943534640595
0.856735348701477,0.497971273958683
0.758828251622617,0.854468353558332
0.230177697492763,0.171630195574835
0.952859956538305,0.368192605907097
0.300173077266663,0.753649543505162
0.88122121267952,0.97544952807948
0.391056088963524,0.137097265338525
0.766102395718917,0.367767327232286
0.465485910652205,0.530174151295796
0.0319986816029996,0.120339539134875
0.340088667580858,0.499644281109795
0.657041933853179,0.288895773002878
0.400158821372315,0.675961233908311
0.63913464313373,0.2146346794907
0.721135040279478,0.286259499844164
0.055204764008522,0.167032471392304
0.796153970761225,0.56663049175404
0.713568058097735,0.484465558081865
0.789244276005775,0.694188231602311
0.144051622832194,0.67755528120324
0.0545209443662316,0.518086593132466
0.420498813502491,0.232305222190917
0.626124244881794,0.739805734483525
0.204926180653274,0.159329981775954
0.932766727404669,0.47267002100125
0.507410545134917,0.377307065296918
0.990048774285242,0.892488654237241
0.601540035801008,0.791959965135902
0.161089697852731,0.152920943219215
0.815925364848226,0.441615749383345
0.103410874027759,0.0687607398722321
0.205884368624538,0.163295535836369
0.646342472406104,0.727109796833247
0.303482882678509,0.075638571055606
0.223065591650084,0.0275590301025659
0.424408237915486,0.776842267019674
0.678672950481996,0.409073163289577
0.986528142821044,0.970326591283083
0.687998152105138,0.228838603710756
0.294351475313306,0.549644469749182
0.431518070632592,0.136494750389829
0.192232894711196,0.586466116365045
0.0661045124288648,0.0613293475471437
0.775835884734988,0.477479453664273
0.0744805289432406,0.251715720864013
0.372429596493021,0.722795500420034
0.0551531240344048,0.584407782414928
0.760395097313449,0.333661894313991
0.158628119155765,0.0559266365598887
0.564618634060025,0.491244167787954
0.945344027131796,0.849636234343052
0.505118160508573,0.335347983520478
0.239288267213851,0.0958897275850177
0.541083405725658,0.934863870963454
0.00943279941566288,0.529388067312539
0.12463239999488,0.108819728950039
0.716873675119132,0.229823113651946
0.587459347443655,0.813321598339826
0.0389067088253796,0.584760300815105
0.972147665685043,0.59749510884285
0.0756455331575125,0.544253136729822
0.812011227943003,0.269040261628106
0.934072778327391,0.656267179409042
0.565122301923111,0.590059875510633
0.823713853955269,0.541147143114358
0.60605562152341,0.921730505069718
0.0503064130898565,0.0150513229891658
0.508132482878864,0.440829997649416
0.935017016716301,0.996278806822374
0.860244968207553,0.608074809424579
0.604252380784601,0.548348473850638
0.892958688316867,0.969905272591859
0.531812211498618,0.812870532041416
0.0754812154918909,0.00723424926400185
0.157825658563524,0.191838284488767
0.498000482097268,0.375023621600121
0.0967545255552977,0.378299301490188
0.688024915754795,0.951919111888856
0.754708955297247,0.603276128182188
0.218611086951569,0.0512064641807228
0.120412472402677,0.0796968787908554
0.708358597010374,0.160340542905033
0.349453264381737,0.306105905910954
0.118538307957351,0.114621435990557
0.877112764632329,0.936218232382089
0.285868085455149,0.0426322447601706
0.137445660540834,0.373783985851333
0.863564744824544,0.94184616021812
0.833551896736026,0.668470025295392
0.431697399821132,0.637182474136353
0.318898584926501,0.422540004597977
0.596774960868061,0.633919725194573
0.28902140725404,0.363627248443663
0.450429046526551,0.586617612745613
0.238137699430808,0.0470912184100598
0.371331276604906,0.599891488440335
0.0286587062291801,0.0301302417647094
0.016230835346505,0.00697509199380875
0.188993868418038,0.660729377996176
0.870219778968021,0.518198037520051
0.445472047431394,0.105921447975561
0.948275656439364,0.647481761174276
0.0992852782364935,0.394571482669562
0.978071742225438,0.922167088603601
0.397155996644869,0.358075018040836
0.968661244260147,0.340658157132566
0.234418291132897,0.567209200235084
0.440186390886083,0.71887763752602
0.616492337314412,0.743356846272945
0.153683301061392,0.188179937656969
0.46184663567692,0.699087441898882
0.591249524848536,0.485455298796296
0.6831533764489,0.557698793243617
0.614971981849521,0.886140305083245
0.317809959175065,0.560160907683894
0.229530434357002,0.0472168806008995
0.294380685314536,0.31678491528146
0.449726596241817,0.107454780722037
0.737036294769496,0.697950327768922
0.784806582843885,0.316648127045482
0.0529289706610143,0.258046119939536
0.817838728893548,0.332683911779895
0.163804064504802,0.195261104265228
0.0127806935925037,0.0454265251755714
0.257149513810873,0.0665499672759324
0.045494855614379,0.0841013449244201
0.204925150144845,0.327111348509789
0.206798726227134,0.188582292757928
0.714460428571329,0.359824768733233
0.729999762028456,0.341097653843462
0.0961118880659342,0.0205247928388417
0.922455035150051,0.979867069749162
0.00457272818312049,0.1265739784576
0.239982442930341,0.500731995329261
0.815185015788302,0.667503980221227
0.331273755757138,0.354236073791981
0.377107427222654,0.808027050457895
0.664391204947606,0.535629668738693
0.307143741985783,0.599413478281349
0.23538916814141,0.767265113536268
0.0679777571931481,0.465943604707718
0.625873992918059,0.941784421680495
0.597855528350919,0.19525977037847
0.439175222767517,0.375458678696305
0.713499362580478,0.821910423925146
0.407477976055816,0.66060062428005
0.645914101041853,0.912307816790417
0.42823870992288,0.521998148644343
0.365587881067768,0.476570336846635
0.588477539131418,0.644411735935137
0.670414101332426,0.387906910851598
0.435685186181217,0.888266044436023
0.74070780002512,0.564121923642233
0.598240848863497,0.20999429631047
0.0546245409641415,0.555522891459987
0.598549654241651,0.827549376990646
0.356975537724793,0.770047282334417
0.0385363991372287,0.464613503776491
0.551336616743356,0.605961148627102
0.661503693787381,0.316425925353542
0.458457657136023,0.711709871422499
0.82926420099102,0.4147211718373
0.478339009452611,0.496955864364281
0.765882591949776,0.585805330425501
0.579142183298245,0.603497049072757
0.0198692600242794,0.457470071036369
0.846985186450183,0.963779805926606
0.773432262474671,0.68520098272711
0.15821003401652,0.0771474190987647
0.0621838581282645,0.017657010583207
0.288729063235223,0.0557674393057823
0.486300221877173,0.905595646472648
0.0696596708148718,0.0820381781086326
0.271689277840778,0.0664324541576207
0.672382662305608,0.221485511865467
0.0396524874959141,0.112608012976125
0.667981444159523,0.908906523138285
0.156310895225033,0.0224025025963783
0.643187682377174,0.953885014401749
0.0758229056373239,0.386103872209787
0.891601188108325,0.288899034261703
0.903312815586105,0.949879556661472
0.685220887418836,0.818159328773618
0.659759445348755,0.925892245257273
0.813794492045417,0.954086788929999
0.738168367417529,0.636747825192288
0.585108690196648,0.920675401343033
0.122779161203653,0.359415323706344
0.0373160156887025,0.399249968118966
0.133542721625417,0.743209069827572
0.435408660210669,0.169101239647716
0.531111984280869,0.572101530386135
0.989142169477418,0.374085066607222
0.429189554182813,0.778336584335193
0.983019758248702,0.930521347094327
0.873714500106871,0.867793232901022
0.824725462356582,0.645950321108103
0.243889161385596,0.692593910498545
0.503705598646775,0.633643847890198
0.0361797374207526,0.311986827058718
0.0544968079775572,0.501554789021611
0.895705294096842,0.866440296638757
0.992800878128037,0.881599690532312
0.63812358211726,0.740864534862339
0.477603636449203,0.456472306512296
0.459876938490197,0.27402151026763
0.571109133306891,0.27313595241867
0.561461610719562,0.741675949422643
0.78291365574114,0.456257146783173
0.843127413652837,0.353701148880646
0.683963590767235,0.751430097268894
0.558211664669216,0.439192418009043
0.144394741626456,0.127718276111409
0.831046563573182,0.354292401345447
0.848519932245836,0.967303540790454
0.789440269581974,0.982156407553703
0.396562383044511,0.716826625866815
0.251104368595406,0.622003439813852
0.815172032918781,0.327115470776334
0.861929287668318,0.941125540994108
0.545942788245156,0.7403155695647
0.268503342289478,0.423996013356373
0.261702094925568,0.819258748786524
0.558349668281153,0.123095617862418
0.0980212406720966,0.636330185923725
0.473081954522058,0.0692649953998625
0.129730055341497,0.584711986593902
0.740670395549387,0.370895071187988
0.242563607171178,0.110387775348499
0.918336060829461,0.922689885832369
0.520371617982164,0.370668425690383
0.0576116291340441,0.0287840932141989
0.99608384212479,0.657809092663229
0.946445340989158,0.968021373497322
0.782607284607366,0.697548498632386
0.727795146871358,0.225700936280191
0.614639634266496,0.55743157165125
0.284089396242052,0.715480792568997
0.660366977797821,0.666712797014043
0.843559047905728,0.587151175364852
0.335490246070549,0.710245313122869
0.504471447784454,0.297166631557047
0.157136453315616,0.736022787867114
0.391105836257339,0.0827375506050885
0.480016358662397,0.672287427354604
0.34187028137967,0.343653827672824
0.312825499102473,0.749366546748206
0.755865717539564,0.402916593942791
0.406131020281464,0.170419276691973
0.435527707217261,0.429357948713005
0.816876565106213,0.226055989973247
0.207461598794907,0.114853233331814
0.13844426185824,0.386945700040087
0.846303848084062,0.700808407273144
0.598594498354942,0.699786177836359
0.735556307714432,0.313296616077423
0.229721531504765,0.143732229946181
0.541837743716314,0.761270431801677
0.514503089012578,0.243778206408024
0.613973676692694,0.868870789185166
0.559689462184906,0.103226617211476
0.503574097529054,0.11402450944297
0.579071621177718,0.412002043332905
0.485425412887707,0.580223003635183
0.32650048728101,0.655546785332263
0.51987230614759,0.552530700108036
0.859411337180063,0.96281525422819
0.211892779218033,0.0229193798732013
0.535879158647731,0.874097916064784
0.339780033100396,0.521510766586289
0.631049077492207,0.528369895881042
0.113932688720524,0.747326071141288
0.649824051186442,0.771793023683131
0.954264985164627,0.771833587437868
0.143991889664903,0.51839800644666
0.552050791447982,0.520280175376683
0.694700117921457,0.837771072750911
0.958519312320277,0.580379391787574
0.00701602548360825,0.269011483760551
0.422321516089141,0.401527590118349
0.99618227314204,0.941873228410259
0.635242046322674,0.273834191728383
0.897376318229362,0.562772108009085
0.203544177347794,0.0390054653398693
0.155631080269814,0.694011345738545
0.075502744410187,0.0859288461506367
0.222653232514858,0.581865628249943
0.631194328190759,0.42859803698957
0.41318619158119,0.345849534962326
0.419830416794866,0.644539694767445
0.287144390167668,0.202214913675562
0.0922331728506833,0.443698484683409
0.0711317483801395,0.00845753308385611
0.416933634551242,0.791828991379589
0.690449430374429,0.174990910571069
0.268096892861649,0.152816526358947
0.771310026058927,0.890072484035045
0.316925023216754,0.833254744298756
0.621439377544448,0.945329200476408
0.807448282605037,0.374352403683588
0.222318009939045,0.551534402417019
0.0748528803233057,0.183139249682426
0.0215740627609193,0.522471320116892
0.861174777150154,0.34881462645717
0.225329313892871,0.486990471370518
0.197353828232735,0.0643730529118329
0.716926644090563,0.370016504079103
0.747121155960485,0.976296897511929
0.456051904242486,0.29050531424582
0.114294871455058,0.442363125504926
0.428301507607102,0.143659601919353
0.88349803397432,0.935790696647018
0.170803715009242,0.385678114835173
0.325166950467974,0.716365410247818
0.08332285634242,0.609473900869489
0.176206279313192,0.810114595340565
0.0366417765617371,0.0683401233982295
0.627339332830161,0.676863939268515
0.561289827339351,0.801405346021056
0.907691573025659,0.503024403005838
0.553914859658107,0.53544714441523
0.0438963330816478,0.597273201914504
0.403850200586021,0.856176736298949
0.356854850659147,0.874902521027252
0.0982707841321826,0.427969108568504
0.811305848415941,0.799321234691888
0.496930291876197,0.394248303258792
0.630671320017427,0.354654971975833
0.276786497794092,0.297317035961896
0.0937490984797478,0.251163541572168
0.317518711555749,0.5016222987324
0.369373597437516,0.126970906276256
0.408029989572242,0.852767386706546
0.969228185480461,0.787180635845289
0.721274733543396,0.71496785315685
0.834345196839422,0.645912894280627
0.660601556533948,0.856338113313541
0.851603022776544,0.537901129340753
0.63618432963267,0.261946532176808
0.831829168833792,0.371932265115902
0.468255924060941,0.530624635051936
0.208175742998719,0.147868677973747
0.0827706882264465,0.359823674429208
0.466742279706523,0.810650933301076
0.469702540431172,0.864811569219455
0.644761906005442,0.351450726389885
0.432013595942408,0.56941427057609
0.253551195841283,0.797388328472152
0.477462626062334,0.0891294081229717
0.341535382671282,0.334904864197597
0.669470918131992,0.873762818053365
0.199659434845671,0.438679983140901
0.519715289818123,0.853894598316401
0.513614289695397,0.187543089268729
0.927223498467356,0.992605443345383
0.328633169643581,0.533505052793771
0.914598766714334,0.822356349788606
0.587091033346951,0.180244581075385
0.96400209935382,0.740535463672131
0.761351438472047,0.625559429638088
0.606996558373794,0.719965109135956
0.580926351016387,0.913595048245043
0.686173100955784,0.340707472525537
0.625715611735359,0.511810862924904
0.9228482528124,0.724684342276305
0.744793247664347,0.208017563680187
0.354200748028234,0.747166411951184
0.710179968038574,0.740068385377526
0.781324057839811,0.947860826039687
0.307176961563528,0.500557195860893
0.160751644289121,0.298698503058404
0.453746895305812,0.864441402023658
0.810025876853615,0.352702690754086
0.143497727112845,0.563642290653661
0.773521287599578,0.785494715208188
0.959822621429339,0.319004798773676
0.422366681043059,0.312049260130152
0.903484315611422,0.76982101239264
0.475031947949901,0.268577618058771
0.168396134162322,0.805275155464187
0.640033358009532,0.23149639624171
0.872309969970956,0.603579435264692
0.123679674230516,0.116622312692925
0.0183990581426769,0.0301802926696837
0.610917558195069,0.92536500049755
0.109480079030618,0.0123255734797567
0.01101079210639,0.0003613808657974
0.398024174617603,0.052517045289278
0.22395172319375,0.802077698754147
0.178435025503859,0.302402540808544
0.958678589202464,0.997737060068175
0.810311396606266,0.903132385807112
0.711883077863604,0.652781032957137
0.236420350614935,0.509809720562771
0.6445943180006,0.672945914091542
0.887684850720689,0.979522437322885
0.841470327461138,0.816879670135677
0.227301581064239,0.0308039486408234
0.959247435675934,0.665958946803585
0.870987032772973,0.607666171388701
0.254555396270007,0.736446858383715
0.404604459414259,0.890675378963351
0.358638413483277,0.0862125509884208
0.314372378168628,0.210373828886077
0.401292445370927,0.589964426821098
0.539364772615954,0.787117684958503
0.478209726279601,0.482697331812233
0.212649157969281,0.0739408524241298
0.44580285041593,0.899932818254456
0.375006256159395,0.277178408810869
0.711686129448935,0.873810367193073
0.724482789402828,0.952393164392561
0.0989977170247585,0.0708408236969262
0.382201488828287,0.48733882792294
0.481319073354825,0.892726690741256
0.803288155933842,0.903315240750089
0.768797886557877,0.973840691847727
0.537188843358308,0.859686874784529
0.69532365957275,0.853865119162947
0.406043731607497,0.169734966941178
0.746918277814984,0.747512294678017
0.114176373230293,0.77045261557214
0.751201524864882,0.964824474649504
0.622011014027521,0.269737812457606
0.322134374640882,0.830021214671433
0.694929529679939,0.619934568647295
0.737146544735879,0.530596925877035
0.446551669389009,0.608421964803711
0.0862276903353631,0.0871555036865175
0.662806196371093,0.395115463761613
0.774047948187217,0.405332408379763
0.581313442671672,0.69361208146438
0.0591873850207776,0.700727356830612
0.590239456389099,0.758386378875002
0.305423478130251,0.451430848799646
0.714510401943699,0.896216155495495
0.850863901199773,0.971237151650712
0.00332611193880439,0.0329337320290506
0.850397811969742,0.771480773109943
0.543342841090634,0.434013163670897
0.589984616730362,0.487736971583217
0.573041117982939,0.111685768701136
0.0413473004009575,0.032062386861071
0.192992082098499,0.441730406600982
0.11732719046995,0.0101887811906636
0.18122993549332,0.735167921287939
0.799312288872898,0.834929687669501
0.184993543894961,0.79092638543807
0.49702322226949,0.617753777652979
0.22279656259343,0.552181317470968
0.509888048982248,0.349937976337969
0.509728660807014,0.904736786615103
0.0950005257036537,0.349573763320222
0.788149447413161,0.844911552034318
0.96238021668978,0.827841780846938
0.509483247529715,0.760745523730293
0.711461875587702,0.889681310160086
0.556653246516362,0.323340423638001
0.421810806496069,0.763328473782167
0.0597789497114718,0.0188444713130593
0.809529840480536,0.38872282858938
0.0685961155686527,0.00507850549183786
0.750261473469436,0.922809084644541
0.885340061737224,0.504404533654451
0.275045742047951,0.409321745159104
0.293543524574488,0.51994771300815
0.282115931389853,0.573135206010193
0.910180500242859,0.763975416775793
0.267142830649391,0.182979289442301
0.374372562859207,0.0990784610621631
0.7171849636361,0.957511734450236
0.0042416718788445,0.23571413429454
0.907726330449805,0.828366166679189
0.43612819397822,0.766586782876402
0.467560774413869,0.129159260774031
0.912496137665585,0.477981336181983
0.156107679707929,0.511974654626101
0.853862720075995,0.966493538580835
0.871158872265369,0.424827739596367
0.0383433101233095,0.00560408504679799
0.55625967704691,0.146513391751796
0.669041431276128,0.769802872557193
0.116125764790922,0.233996099792421
0.214878368424252,0.573473361786455
0.761628163978457,0.351447155466303
0.900662128347903,0.842066537588835
0.561217288952321,0.112677880330011
0.883047857088968,0.891768461093307
0.664367760298774,0.944133666343987
0.811273048399016,0.711799847194925
0.104072160087526,0.228107376256958
0.69951984891668,0.93487913464196
0.528838217025623,0.875293023185804
0.640788317192346,0.806357110384852
0.412088596727699,0.647032117005438
0.572718430776149,0.360488487873226
0.131384693551809,0.450169842224568
0.904512302717194,0.92225948930718
0.385871015954763,0.473376049427316
0.707674535689875,0.620663873618469
0.601593888597563,0.160640872083604
0.0161685389466584,0.0392427283804864
0.635191644541919,0.237801536917686
0.731346212793142,0.908190561225638
0.971894409274682,0.34635792253539
0.617880847072229,0.685816661920398
0.26371304015629,0.633719446137547
0.874445060500875,0.596637876005843
0.956670288229361,0.984871512278914
0.331676930421963,0.334808301180601
0.685355727793649,0.366697065066546
0.547537436243147,0.507149311713874
0.404657339444384,0.865202315617353
0.844536664895713,0.574981049867347
0.258289225399494,0.596519352402538
0.630851578433067,0.930853441590443
0.864359833300114,0.834930201293901
0.50636593811214,0.522332271328196
0.386179169872776,0.861622692085803
0.906035012099892,0.819734213873744
0.948871183441952,0.737097652396187
0.77346246666275,0.753449780400842
0.656233136309311,0.937774433288723
0.48421842767857,0.354769656201825
0.00380547647364438,0.058135632192716
0.130238638957962,0.233661693753675
0.551141743315384,0.604480392998084
0.574512674938887,0.796989047899842
0.270520752295852,0.0433987167198211
0.774586470331997,0.980708370683715
0.418887284118682,0.833561539417133
0.903310701018199,0.989375610137358
0.0299140471033752,0.0301604312844574
0.762019633548334,0.319486377062276
0.999937598127872,0.995293178828433
0.273756086360663,0.172427639132366
0.876510591246188,0.907030263682827
0.0151078042108566,0.168047100072727
0.243148079374805,0.778665890451521
0.898560628527775,0.659258332336321
0.148419920587912,0.0687005168292671
0.682784226257354,0.966214063111693
0.508430068846792,0.502985642524436
0.576949975686148,0.846525055356324
0.344727165531367,0.309520998271182
0.244760082568973,0.246820929227397
0.0177130061201751,0.390803025104105
0.075777109246701,0.743892908561975
0.400513241067529,0.584995833458379
0.463354924228042,0.0785895003937185
0.533286485821009,0.251071835169569
0.42424900457263,0.237322298809886
0.134134064195678,0.0435542745981365
0.215753157390282,0.430083492770791
0.501205073436722,0.784054404590279
0.307853751350194,0.329578948672861
0.905082379234955,0.538571868557483
0.280976776732132,0.239803415955976
0.738307458348572,0.578862068243325
0.270930280443281,0.110300260363147
0.187773257028311,0.0245433645322919
0.139897287357599,0.0961307079996914
0.75343077047728,0.68191221030429
0.10545985144563,0.0339809218421578
0.368584105977789,0.0717296991497278
0.00536715914495289,0.499224478611723
0.536580356536433,0.202519223559648
0.102512750308961,0.708616017596796
0.880751776741818,0.334235483780503
0.231574327219278,0.0344055816531181
0.910196115262806,0.915950000518933
0.238806464942172,0.206312410533428
0.644767108606175,0.684876439860091
0.704683209070936,0.674751992803067
0.998200205387548,0.663234281819314
0.977208462776616,0.753670348552987
0.0690321177244186,0.487196466419846
0.274853446288034,0.556388408876956
0.401105732657015,0.237869036849588
0.927317833527923,0.656893193954602
0.60531404404901,0.3685916159302
0.399456913117319,0.0672041978687048
0.0365282825659961,0.24559336877428
0.444825436687097,0.881388281006366
0.664483381202444,0.946243097772822
0.892374740215018,0.259368653874844
0.122172370087355,0.381170904729515
0.197308565489948,0.224500921554863
0.230198818957433,0.427642215043306
0.844756325474009,0.322108536958694
0.437393513740972,0.529865303076804
0.223225169116631,0.520044554257765
0.413373850751668,0.675416182959452
0.436347292503342,0.0904656928032637
0.0459097642451525,0.56862647854723
0.739819665206596,0.421396205201745
0.181445994181558,0.518820060184225
0.157587174093351,0.309700264362618
0.388754529180005,0.578738852171227
0.0184937433805317,0.507961726048961
0.880742554552853,0.766427959315479
0.0284474273212254,0.375794322229922
0.861578238895163,0.991344385547563
0.967484965920448,0.318527241004631
0.946423239074647,0.705528157297522
0.780423620948568,0.181345338001847
0.159669677261263,0.0254511986859143
0.962006559828296,0.366648847935721
0.422598388046026,0.146331000141799
0.633994919480756,0.511037471704185
0.807060352293774,0.36640727519989
0.21625129180029,0.25426300149411
0.0699615522753447,0.447680447949097
0.977938347728923,0.339336336357519
0.58547746273689,0.390192223479971
0.0778801839333028,0.0634210770949721
0.840564803918824,0.985836568986997
0.0114406135398895,0.590471529169008
0.409383195918053,0.336601374205202
0.922549986978993,0.987320016836748
0.99345855251886,0.568826916627586
0.761795874219388,0.303677501156926
0.194248720770702,0.689635982969776
0.978488765191287,0.994223809568211
0.986457340652123,0.353793899528682
0.829231349285692,0.721233581891283
0.472761092940345,0.727540483698249
0.806440283544362,0.536511227954179
0.79597408301197,0.30351499770768
0.179825016763061,0.677422024775296
0.12299894890748,0.37349692475982
0.0808750973083079,0.203308902680874
0.314001169987023,0.0778406537137926
0.942857354180887,0.688792222412303
0.000138264847919345,0.207666292786598
0.927628938574344,0.688425955828279
0.293964143376797,0.0794166179839522
0.280958811985329,0.761272110510617
0.382703166687861,0.737391049740836
0.843640004517511,0.469072948908433
0.702755961101502,0.248559467494488
0.566832800628617,0.715542311547324
0.200955174630508,0.512602044967934
0.542974333511665,0.525552151026204
0.35666909487918,0.70035848999396
0.987243133829907,0.851339056622237
0.660076753934845,0.370689652627334
0.434505417011678,0.895833735354245
0.308142740046605,0.854978133924305
0.142820073291659,0.186355726793408
0.596630199579522,0.892477559391409
0.341933142393827,0.811009308788925
0.124113130383193,0.467672579456121
0.578490177402273,0.81170951295644
0.71787958801724,0.878159574232996
0.816505215829238,0.950769332703203
0.864350901218131,0.606490106554702
0.0581796634942293,0.28011931781657
0.917960282415152,0.661772324470803
0.171421668026596,0.188198215095326
0.69315244583413,0.968745378078893
0.859158253762871,0.336958941305056
0.175898977555335,0.0847553198691458
0.919293458107859,0.414603461045772
0.772992828860879,0.93671228736639
0.00545045384205878,0.0651260989252478
0.881569019984454,0.34667276754044
0.459012652747333,0.187739130342379
0.659028474707156,0.87266854965128
0.496033502509817,0.339432766428217
0.221385632175952,0.467801013262942
0.366117178695276,0.0543718102853745
0.394077394623309,0.512283441377804
0.556754416553304,0.828872444108129
0.0649553399998695,0.00693098898045719
0.351019865833223,0.254496053326875
0.103306909557432,0.103192051872611
0.694515583338216,0.343775928253308
0.574032177915797,0.456032001879066
0.976533603621647,0.90054982365109
0.161965134320781,0.134995231637731
0.802194510353729,0.939229677896947
0.227502321591601,0.566344395047054
0.369473244762048,0.17046391707845
0.166064506396651,0.626419789157808
0.82203475618735,0.507339193718508
0.235788074322045,0.025127642787993
0.603599468944594,0.771603223634884
0.33167542074807,0.321097295032814
0.877495002467185,0.984127178555354
0.578645329689607,0.936684504617006
0.311486346414313,0.133071257965639
0.993546773679554,0.969230476301163
0.631490903673694,0.407201603055
0.538229351630434,0.171002984046936
0.313952721189708,0.781375743681565
0.768928924342617,0.770110450452194
0.991994888987392,0.788348336238414
0.75920618022792,0.71647428162396
0.622112582903355,0.191442072158679
0.957476798444986,0.514442214276642
0.295360977528617,0.723911784123629
0.0878278138116002,0.0540346584748477
0.868796361843124,0.687704175477847
0.803175686392933,0.923096270300448
0.372884056065232,0.859962496673688
0.0196399497799575,0.32529970118776
0.1352728321217,0.18344030645676
0.0950345669407398,0.524577991571277
0.8294683159329,0.949959157500416
0.795617963420227,0.357109068660066
0.819847244303674,0.454624242382124
0.246969545958564,0.630437397165224
0.540676048723981,0.269303015898913
0.0523182968609035,0.376309962244704
0.0842375901993364,0.289148103678599
0.0232896581292152,0.673117761034518
0.244548889575526,0.80883567314595
0.987725184299052,0.674722312949598
0.0591545335482806,0.062176302075386
0.788898074068129,0.906780221965164
0.366618599742651,0.083908251253888
0.514573697699234,0.164952856721357
0.293662287527695,0.202012220863253
0.669559889473021,0.736033151624724
0.283200840465724,0.738552209222689
0.724495495436713,0.577821821905673
0.998691453132778,0.971292379777879
0.050948146963492,0.644679558230564
0.472628927556798,0.136529221432284
0.999625049065799,0.532717723865062
0.499727327376604,0.925198387121782
0.0554140352178365,0.493812446249649
0.92545843613334,0.996296811616048
0.119660298107192,0.0125275088939816
0.731808856828138,0.966843675356358
0.014658109517768,0.0507362128701061
0.963553423760459,0.459492122288793
0.349161804420874,0.819995263125747
0.0135923724155873,0.399974360130727
0.436860341113061,0.190158915705979
0.442671410739422,0.238810016773641
0.0847375285811722,0.246004220796749
0.47890751180239,0.119781263871118
0.523966592270881,0.865579866804183
0.837461699731648,0.925598078873008
0.112669454887509,0.475019179750234
0.578253654530272,0.656345046125352
0.237306749681011,0.0428711806889623
0.105695778736845,0.437412061495706
0.130194525001571,0.143394264392555
0.44331801100634,0.437404392054304
0.0633189145009965,0.0205551476683468
0.185815741540864,0.567417445825413
0.392858187202364,0.87506908737123
0.692600961076096,0.383066334063187
0.0749647656921297,0.551560329739004
0.1946797571145,0.628984835464507
0.518592444248497,0.890311568742618
0.184652471216395,0.687355681322515
0.840583076467738,0.960389660205692
0.674941642442718,0.938729261979461
0.917048213537782,0.7978260749951
0.598858379060403,0.139995499979705
0.167019750922918,0.614353614160791
0.854114246787503,0.501265983330086
0.164896490518004,0.423618125030771
0.507910075830296,0.103405369212851
0.566145521355793,0.933178349630907
0.138356767361984,0.260179987875745
0.649161675246432,0.1836898769252
0.53596196253784,0.391787733417004
0.0483993152156472,0.0132055347785354
0.841779857641086,0.60796727030538
0.814894787035882,0.528153147548437
0.268508729990572,0.381054667988792
0.592331719817594,0.414730048505589
0.0767164216376841,0.724915926111862
0.971080868504941,0.9949352722615
0.739329716423526,0.96149251353927
0.507401891052723,0.550720076775178
0.307326904032379,0.318599151214585
0.0680315673816949,0.0460238337982446
0.352811459917575,0.351313737221062
0.551882102154195,0.318347984226421
0.759745393879712,0.963365982985124
0.399593771900982,0.459262087475508
0.491191453533247,0.851730836788192
0.12400955427438,0.0258321908768266
0.596171212382615,0.595663915155455
0.281004242133349,0.143326960969716
0.173734174109995,0.186218409799039
0.985679298639297,0.62764132488519
0.27870305464603,0.70728253852576
0.132589495740831,0.465128047624603
0.318407901795581,0.615298171993345
0.857922006398439,0.484933413332328
0.140872046351433,0.117413628380746
0.41673458693549,0.356821880210191
0.932147307787091,0.526503273053095
0.0340349259786308,0.310078241163865
0.544229358667508,0.25189543236047
0.355034472420812,0.105571344960481
0.126693199155852,0.216760590439662
0.504338862374425,0.738567413296551
0.764540748437867,0.934350370429456
0.164402485825121,0.388681719079614
0.0189048072788864,0.340921063208953
0.778485828312114,0.70610444014892
0.152151107788086,0.452395087108016
0.346974599873647,0.37602740409784
0.741263902978972,0.937960704788566
0.0935094158630818,0.0186300522182137
0.224301370093599,0.0289755826815963
0.276134856743738,0.222297419095412
0.527439994737506,0.706439662724733
0.242298159748316,0.781261350261047
0.315041467081755,0.038101912708953
0.433744873153046,0.588085417635739
0.720431727590039,0.456369659397751
0.950387680437416,0.956664024619386
0.215553804533556,0.660766546148807
0.55212709819898,0.758963752537966
0.265923789003864,0.796690104296431
0.32244491786696,0.474059705622494
0.962924484629184,0.334178946446627
0.689398559276015,0.183872601483017
0.469407865544781,0.364971383241937
0.34814688982442,0.368127467576414
0.93327626818791,0.482156789395958
0.0568482361268252,0.13669110648334
0.469880539923906,0.402535828296095
0.0653391818050295,0.389686718815938
0.349308213451877,0.0824066789355129
0.70544917229563,0.223202408058569
0.198742016917095,0.606923121027648
0.284773026127368,0.439293927280232
0.403286323416978,0.0972028716932982
0.645145120564848,0.583057945827022
0.829284394625574,0.875537859741598
0.833834736142308,0.502854484366253
0.844438991975039,0.941343514947221
0.465840890770778,0.880772391567007
0.052201027283445,0.334483526647091
0.846540908562019,0.622997374273837
0.773575360188261,0.356671338202432
0.356635115807876,0.764128722716123
0.586346673313528,0.703822213457897
0.922542771091685,0.450050598243251
0.312773907324299,0.618304779753089
0.134862961247563,0.552321485010907
0.866566356504336,0.971890951506793
0.229286317015067,0.0290183268953115
0.219059385126457,0.327585382387042
0.626973263919353,0.68876651278697
0.196155793732032,0.0478363507427275
0.159065154846758,0.10242810472846
0.0750847195740789,0.00579704344272614
0.866474529728293,0.420080009382218
0.819152705138549,0.653223347151652
0.21684898622334,0.59326961170882
0.175762152532116,0.384084278019145
0.208920240635052,0.640188918216154
0.102540372638032,0.699400834273547
0.0395545966457576,0.19069228717126
0.457654244732112,0.175702438224107
0.882937380578369,0.84429180668667
0.0995328957214952,0.124830755870789
0.905193152371794,0.670252518262714
0.57529219519347,0.129058398073539
0.741369089810178,0.210473540239036
0.209864489035681,0.0645826645195484
0.642972863977775,0.588765911990777
0.77199880592525,0.634325793944299
0.315061345463619,0.130399376619607
0.994103841949254,0.764200935605913
0.121510755736381,0.336747888941318
0.426470525795594,0.86386074218899
0.287772116716951,0.170006550382823
0.220400877064094,0.439746004063636
0.282976420596242,0.526936744106933
0.842706932220608,0.440560507355258
0.97127680038102,0.482012410648167
0.298643089830875,0.58735985821113
0.692865971243009,0.94668030180037
0.235770883737132,0.683106024749577
0.328097601654008,0.277145313564688
0.394164934754372,0.0794377885758877
0.57369664660655,0.574723466997966
0.0156039621215314,0.589698494644836
0.107940667774528,0.513185290852562
0.584539841394871,0.520933105843142
0.490690354490653,0.779888510005549
0.981837586732581,0.838078786851838
0.941309317247942,0.987804673612118
0.548127911053598,0.926357076736167
0.286473391344771,0.775014639832079
0.443938392912969,0.813890141900629
0.534183943178505,0.17577300965786
0.518644680734724,0.639405748341233
0.943140167510137,0.405176228377968
0.194141598418355,0.117244703695178
0.46314854407683,0.735508523648605
0.132472784724087,0.472824934870005
0.59039383335039,0.17585717421025
0.322780496673658,0.135157503653318
0.0351994109805673,0.45842619612813
0.500646100845188,0.833177656633779
0.98705885745585,0.875864905305207
0.307237557601184,0.369406409794465
0.126361974515021,0.786091081565246
0.249560700263828,0.270870207808912
0.856559828622267,0.352492516161874
0.410564895486459,0.812335304683074
0.317001930903643,0.668753207428381
0.0931153888814151,0.320342259481549
0.241057243663818,0.615523723885417
0.144697584211826,0.378359831636772
0.978691045893356,0.383148632012308
0.445282691856846,0.160942380083725
0.935546015156433,0.83902896894142
0.424488453194499,0.194597258698195
0.325366858858615,0.435039717936888
0.455491664120927,0.519432074623182
0.445582070155069,0.651856387732551
0.389722548192367,0.162802827078849
0.731889443239197,0.513466688571498
0.497659545857459,0.0787475272081792
0.428670112974942,0.825361837632954
0.358117529423907,0.491446014260873
0.579083145828918,0.751747322035953
0.935199571540579,0.431213046656922
0.278068481711671,0.721817005425692
0.285123128443956,0.116366564761847
0.236984531395137,0.505954651162028
0.104458023095503,0.481690282467753
0.165744283469394,0.470140098594129
0.513121172087267,0.339181651826948
0.402283135103062,0.78692894638516
0.0921568823978305,0.705698843114078
0.434347160393372,0.781100413762033
0.877389520406723,0.799164781812578
0.821775946067646,0.981740683084354
0.00799372629262507,0.0263201671186835
0.484612727537751,0.081927269231528
0.429558658273891,0.326038609258831
0.630442033521831,0.636661474825814
0.11413895431906,0.384600311750546
0.157536141108721,0.233287809882313
0.541246150620282,0.849928459152579
0.34491906594485,0.697851640405133
0.90954180015251,0.505222203209996
0.427327134879306,0.0565104484558105
0.0895200164522976,0.727987048448995
0.879849470686167,0.586924807634205
0.797222791705281,0.202473441837355
0.53649292816408,0.859189191600308
0.948240897618234,0.821252381196246
0.542507688049227,0.441254224162549
0.444829101907089,0.717666482552886
0.422956798225641,0.0694067017175257
0.382340227486566,0.3961306582205
0.533729669172317,0.148285307222977
0.792270443867892,0.820502893067896
0.979627992492169,0.912203738931566
0.080179022392258,0.247674707556143
0.312035852810368,0.456981632858515
0.32220835192129,0.0745640562381595
0.97748283855617,0.989049755269662
0.394016500329599,0.727024088380858
0.889688020804897,0.948198276571929
0.514703319175169,0.26369233452715
0.853069799020886,0.89889341336675
0.0687990298029035,0.744444994721562
0.888800222193822,0.283039951696992
0.434403930557892,0.461017797701061
0.171870099846274,0.360689612105489
0.978336929576471,0.622229009401053
0.852644300786778,0.701218986650929
0.834265812765807,0.898597787600011
0.578012184472755,0.256809493526816
0.196958496468142,0.457026848336682
0.44732436677441,0.11344255018048
0.859313301742077,0.81144346203655
0.198348559904844,0.189790067262948
0.0741646841634065,0.0384537007194012
0.0686716828495264,0.517089185072109
0.565838222857565,0.480826025595888
0.0227732197381556,0.485615445533767
0.48167557711713,0.534141760319471
0.965966732474044,0.571731350617483
0.609080032678321,0.709851271938533
0.499332005623728,0.720063099171966
0.40993856289424,0.374644033610821
0.997333380160853,0.8733418029733
0.626266522798687,0.417671606177464
0.445142896845937,0.781197098549455
0.182314444333315,0.273805797565728
0.653605105821043,0.749150450341403
0.446226824773476,0.144417410017923
0.260395342484117,0.719385626027361
0.640773031627759,0.151355292182416
0.0207184108439833,0.00700703612528741
0.437802825123072,0.714407697087154
0.947140204487368,0.505307187791914
0.720899942098185,0.38817955669947
0.832416513003409,0.837984409416094
0.288674132432789,0.646553842816502
0.363176550948992,0.799322886159644
0.631080709164962,0.505897691706195
0.733011667849496,0.742489624302834
0.596013595815748,0.188992067938671
0.508590459823608,0.315359744476154
0.697981281438842,0.466269354568794
0.574691053712741,0.256122706457973
0.639413566561416,0.940255523193628
0.213293614098802,0.316661991178989
0.752872552257031,0.502811070298776
0.575338442344218,0.177677661878988
0.106111394707114,0.582803396275267
0.847102771047503,0.435851201880723
0.893526480067521,0.994701402494684
0.38146316842176,0.693082245532423
0.674479683861136,0.131351731251925
0.825998400803655,0.770967446034774
0.488421225687489,0.908074361272156
0.695938494522125,0.931479795603082
0.808753651101142,0.911598786013201
0.0628629471175373,0.0464869902934879
0.995650388998911,0.569475737167522
0.293206010013819,0.462847019778565
0.446706057991832,0.0920400703325868
0.559725927421823,0.775139674544334
0.803833740064874,0.736843957332894
0.752061287872493,0.61734637315385
0.794360980624333,0.741909372620285
0.950215512886643,0.874576653819531
0.0391760361380875,0.135582477319986
0.439362925477326,0.634895763127133
0.0722462858539075,0.0414760650601238
0.150129396468401,0.329252992291003
0.587692262372002,0.58989640371874
0.669362121028826,0.904154235497117
0.469562716316432,0.653085779864341
0.958591294940561,0.987157250288874
0.375036220997572,0.275587141746655
0.628098780754954,0.330111185787246
0.749989076051861,0.503681301139295
0.275513427332044,0.734736473299563
0.577506977366284,0.162910857237875
0.047611442161724,0.669103774707764
0.231538680149242,0.287430030293763
0.256335524143651,0.758553861174732
0.140298868529499,0.214798785047606
0.939002422383055,0.766664448659867
0.809743920573965,0.939965230878443
0.436758280731738,0.878471286501735
0.594870941713452,0.857906711287796
0.183061555959284,0.235885811038315
0.799854654585943,0.440714417723939
0.689718546112999,0.436314333463088
0.0706202897708863,0.729822863126174
0.145149943418801,0.412214075680822
0.333439748734236,0.752913967706263
0.040395530173555,0.726615227060392
0.330368143506348,0.701643369160593
0.19324224581942,0.149993287632242
0.841669377870858,0.85256220609881
0.925159798469394,0.330145254964009
0.0795135844964534,0.0110650276765227
0.66413147887215,0.820721310563385
0.981759594753385,0.919620474800467
0.375388801563531,0.619612294249237
0.263896986842155,0.815713869873434
0.899862570688128,0.865272434893996
0.634446689393371,0.229036179604009
0.141895995475352,0.56847564294003
0.831337332027033,0.453515893546864
0.0110289459116757,0.311750001041219
0.219722672831267,0.519454450812191
0.319882026640698,0.850568243302405
0.822115758899599,0.452054990688339
0.353817563969642,0.511067455634475
0.70752720721066,0.168350614141673
0.577096624765545,0.534955357201397
0.361176139675081,0.113629472209141
0.866199773037806,0.459220384247601
0.31921348744072,0.156752091133967
0.780103275785223,0.793202201137319
0.605396097991616,0.264848202234134
0.705548078054562,0.81048934860155
0.607964087976143,0.818635838571936
0.720905343303457,0.600293459370732
0.789846991188824,0.956521299434826
0.904774846043438,0.890431302133948
0.296293408842757,0.0529858723748475
0.233684972161427,0.35644986317493
0.0210569507908076,0.113613047404215
0.0313279123511165,0.493623715126887
0.623900356469676,0.434605677379295
0.913062438601628,0.525916499784216
0.441380264470354,0.826889020390809
0.0500415142159909,0.348993381718174
0.420509856427088,0.199325829511508
0.0263939029537141,0.00950928102247417
0.157997905043885,0.562089948216453
0.825901871779934,0.498895487748086
0.640459994319826,0.860813124338165
0.0630123796872795,0.493335990002379
0.368600098416209,0.786521723959595
0.917546515585855,0.988198191858828
0.824933939613402,0.408872343366966
0.447439169045538,0.79608550411649
0.05475646071136,0.00313047482632101
0.0802533896639943,0.00637261033989489
0.957219133153558,0.996528049232438
0.807837936561555,0.906293688807636
0.422714685555547,0.63854990224354
0.839196117594838,0.740911022527143
0.0648886756971478,0.154210305772722
0.0614037453196943,0.264681169297546
0.789737621555105,0.214682358549908
0.657948014093563,0.826330618234351
0.557744107674807,0.939892069902271
0.553799842251465,0.81475969706662
0.284457403700799,0.0396451510023326
0.380041264696047,0.119630246888846
0.111718780128285,0.0236333173234016
0.418385660508648,0.285811152076349
0.676611269591376,0.785308943595737
0.0702103630173951,0.611884476849809
0.0158759518526495,0.0477108664344996
0.82455722335726,0.216950032161549
0.982857038499787,0.852769307093695
0.557018519379199,0.592683540889993
0.275513803586364,0.0560960297007114
0.326340726576746,0.736314324196428
0.902865894138813,0.927570538595319
0.772794290678576,0.663729520514607
0.231978025753051,0.179869529092684
0.544457871466875,0.703004016773775
0.724697278812528,0.612420241814107
0.470453434390947,0.117760857567191
0.869574204785749,0.352043651975691
0.835459931753576,0.517992460634559
0.040539329405874,0.495911973994225
0.665292285615578,0.930126592284068
0.286363029386848,0.724376013735309
0.197041321080178,0.19437842303887
0.477258704602718,0.376930797938257
0.384292931063101,0.477989225881174
0.095760592026636,0.249317331705242
0.435396431246772,0.772948862053454
0.435484057525173,0.721606683218852
0.747760893777013,0.551792178303003
0.972045646281913,0.932895442703739
0.129027551505715,0.689071459928527
0.688630129676312,0.362028609029949
0.517959058051929,0.462163236923516
0.767995407804847,0.208925139857456
0.374463562155142,0.428721320582554
0.546212647343054,0.444965721806511
0.683285423787311,0.39457681006752
0.535030125873163,0.87290692771785
0.090378048364073,0.322762589436024
0.272693995153531,0.809396490454674
0.903551074443385,0.619120019255206
0.333410336636007,0.179258466232568
0.081569085130468,0.231864027678967
0.0294963321648538,0.433421198278666
0.0719888049643487,0.38380749267526
0.393134105484933,0.813145739259198
0.709708540234715,0.151439998997375
0.148836250184104,0.182431277586147
0.0782032257411629,0.103455073432997
0.248690366279334,0.253126116236672
0.760128415189683,0.49903070111759
0.595510542392731,0.297610222594813
0.95318614738062,0.946193630574271
0.101171237183735,0.469324608333409
0.899297546129674,0.421378005295992
0.127595037454739,0.113546335138381
0.350445127813146,0.172948831226677
0.250660262769088,0.732761077117175
0.121865228749812,0.30597093841061
0.00529966922476888,0.452949977479875
0.950405583484098,0.463737570913509
0.485137066571042,0.821267301915213
0.687551256502047,0.930013681994751
0.617691650055349,0.813406374538317
0.417400439502671,0.866710294503719
0.605997062521055,0.894742075353861
0.805488780839369,0.950139693683013
0.106966183520854,0.545926482416689
0.544252537656575,0.87155196419917
0.562487074639648,0.35884036263451
0.468610276468098,0.645139677915722
0.152022680267692,0.479501736117527
0.635592335835099,0.846205403795466
0.768872167915106,0.749425945337862
0.212978002382442,0.180305935442448
0.229152774671093,0.0671555048320442
0.318439669674262,0.620961772976443
0.0598256767261773,0.0188719159923494
0.860330707160756,0.719192262273282
0.0233943124767393,0.454369256738573
0.768226709682494,0.345298840664327
0.523145202780142,0.736834875307977
0.450336877256632,0.0723497145809233
0.888521821470931,0.708226879592985
0.782130209263414,0.262145390035585
0.562813634984195,0.899004900828004
0.323089099489152,0.465455761179328
0.148604738060385,0.566481961635873
0.957023680675775,0.896662127226591
0.0522427470423281,0.039056105306372
0.786385649815202,0.284546294948086
0.0552989188581705,0.417681829538196
0.414743971079588,0.330021662404761
0.0750859114341438,0.0130136893130839
0.887638669228181,0.692315891617909
0.623268698807806,0.247826650273055
0.283855891088024,0.436615284765139
0.736437095329165,0.4439356259536
0.982479000929743,0.689375203102827
0.014665316324681,0.565178588731214
0.193559716222808,0.289810643298551
0.510809821076691,0.182571985060349
0.509910449851304,0.881626993650571
0.583034905372187,0.395334400003776
0.903062891680747,0.263135599903762
0.555599744431674,0.906455380609259
0.939159536967054,0.972938110120595
0.537080379668623,0.757344953482971
0.153655234724283,0.491843133000657
0.801112979184836,0.550067109521478
0.00182532332837582,0.00365263409912586
0.406317080371082,0.386359968222678
0.422979146242142,0.238027747254819
0.373466813238338,0.0512804933823645
0.910926943644881,0.880024568876252
0.0894868809264153,0.755419407738373
0.740963381715119,0.924585215048864
0.641519395401701,0.836172907147557
0.282922032522038,0.556697902036831
0.512212000787258,0.457840455695987
0.965494283242151,0.528219711268321
0.32608754420653,0.278998265974224
0.383492536144331,0.351931005250663
0.153184490278363,0.759827367728576
0.16860509570688,0.297909848857671
0.284539999673143,0.377599084051326
0.247048480436206,0.455777653725818
0.740866156760603,0.904023224022239
0.311046956572682,0.235561345238239
0.387335005681962,0.213558400748298
0.265912071568891,0.1001821027603
0.260659228079021,0.0717820196878165
0.089550617383793,0.400451683904976
0.822967331623659,0.824063744628802
0.547869920730591,0.902032651705667
0.555178769398481,0.362040689447895
0.235638752346858,0.0745489504188299
0.0734021794050932,0.506347045535222
0.417746629333124,0.0584974365774542
0.277422823710367,0.721024032915011
0.640469617908821,0.37655756669119
0.520563098369166,0.0837969915010035
0.444410628406331,0.23368067597039
0.486361110815778,0.240801368607208
0.390312096336856,0.570178844965994
0.970669240225106,0.301766764372587
0.118016762891784,0.592757763108239
0.230712031945586,0.620042085880414
0.451132950140163,0.853610048536211
0.645624780328944,0.706945167854428
0.977903960971162,0.9332917467691
0.462485636118799,0.847994999261573
0.728726075729355,0.429861224954948
0.121532728429884,0.575673601822928
0.703754614340141,0.167417832650244
0.563620527042076,0.919056507293135
0.532508477102965,0.21707288059406
0.447880377061665,0.304931975435466
0.0810996501240879,0.199315610341728
0.987881464883685,0.512515912065282
0.555066790198907,0.529578360030428
0.732207528781146,0.919467660598457
0.578873548423871,0.382789658149704
0.577871476765722,0.80399656901136
0.119842457119375,0.42132044560276
0.710372937144712,0.841424130136147
0.671342321438715,0.589257877087221
0.957675333600491,0.375344780506566
0.900068280054256,0.593716426054016
0.69084950373508,0.457621806068346
0.435108948266134,0.840724127134308
0.495365771465003,0.55274481093511
0.0936684659682214,0.134702988434583
0.948368389857933,0.723279305966571
0.377693000249565,0.265520793385804
0.784376586088911,0.682401488535106
0.587928947759792,0.307553520658985
0.334393759258091,0.658147822367027
0.167851022444665,0.786766365170479
0.259727890603244,0.434375037206337
0.719711533514783,0.881447902414948
0.617497055325657,0.201975762378424
0.711689718067646,0.89180972520262
0.624107962008566,0.383464480051771
0.584593841107562,0.29746443964541
0.984869740670547,0.948159884894267
0.478001583833247,0.335616152966395
0.690835785586387,0.207503099925816
0.99336287076585,0.704864248866215
0.296176854753867,0.0635278914123774
0.731048151152208,0.588421847205609
0.986255990806967,0.99964397912845
0.530087149236351,0.530489595141262
0.806558122159913,0.920505707152188
0.440235197544098,0.860125526087359
0.135193172143772,0.208688262850046
0.569177203113213,0.668578705517575
0.0353313153609633,0.117240064078942
0.955393461510539,0.475840308936313
0.980357933091,0.578314524842426
0.478102216264233,0.419952469412237
0.948986967327073,0.649079951224849
0.580722828861326,0.896082181716338
0.160901057068259,0.534677442163229
0.82701811986044,0.858383591519669
0.237815979402512,0.543530992232263
0.102869001217186,0.0906982438173145
0.175346745410934,0.448252326343209
0.187363592907786,0.0621976319234818
0.9691433373373,0.358215310145169
0.987511691870168,0.998284491477534
0.534101726487279,0.920264212181792
0.459362813271582,0.527401283849031
0.686757738003507,0.509590531000867
0.00736673711799085,0.256023046094924
0.555587686831132,0.628608995350078
0.93068760051392,0.965786545770243
0.405111869098619,0.358585739275441
0.635447560343891,0.61823067907244
0.723522187210619,0.907581414096057
0.755162660498172,0.762080909917131
0.563892096513882,0.763588591478765
0.346766653005034,0.386063627898693
0.808202775893733,0.379562321584672
0.450055092573166,0.226647384930402
0.528244557790458,0.169416236924008
0.90041644894518,0.822822283254936
0.194687105249614,0.0582563129719347
0.658395799575374,0.171151587739587
0.487605433911085,0.570852810284123
0.713538876501843,0.477237083949149
0.232210192363709,0.556009370367974
0.874558134004474,0.742561885155737
0.37665624381043,0.802364028058946
0.13609306095168,0.354024892207235
0.422851776238531,0.751036659814417
0.846226522698998,0.968597225146368
0.771705523133278,0.27782514737919
0.128999617649242,0.676479221554473
0.802281874930486,0.924558912171051
0.229642666876316,0.341568259755149
0.58607955975458,0.650827199220657
0.139080710709095,0.569152874872088
0.609598371200264,0.311288526747376
0.170395849505439,0.208480662433431
0.131390584632754,0.331500649452209
0.621453754138201,0.775442698504776
0.791500996099785,0.279740094207227
0.255775335710496,0.12511980207637
0.93193416018039,0.702745128190145
0.692609856138006,0.786267538554966
0.54429118335247,0.750267863506451
0.995264287572354,0.42361079598777
0.132741299457848,0.160422432469204
0.376473132055253,0.793842391809449
0.697623987682164,0.300487288273871
0.178920868784189,0.241532334825024
0.653503420762718,0.918347602244467
0.0542223323136568,0.600158196641132
0.709224153310061,0.953189685242251
0.776399841299281,0.980688308132812
0.0886855225544423,0.434721173485741
0.567267590202391,0.468879570020363
0.149196241050959,0.0663175792433321
0.0928045955952257,0.675684684421867
0.587066165404394,0.276732004480436
0.352973766624928,0.118426815606654
0.363712534541264,0.631826065480709
0.967869427753612,0.942035505082458
0.520833263639361,0.105488615576178
0.608188065001741,0.715345242759213
0.56444960879162,0.155425912234932
0.365167043171823,0.382107569370419
0.587130182655528,0.828337183222175
0.995030612451956,0.888422890333459
0.39307797793299,0.0730040087364614
0.0709559977985919,0.612672455376014
0.197160082636401,0.0237916873302311
0.175827332772315,0.683409460121766
0.672919405857101,0.735555218765512
0.37137368414551,0.521683856844902
0.0128581253811717,0.03115045116283
0.433360672323033,0.103521788725629
0.779357736231759,0.623144817538559
0.488525727763772,0.848252360941842
0.0470141896512359,0.588612899184227
0.92923425626941,0.845248502213508
0.980885864235461,0.467451545409858
0.292311863508075,0.710514306090772
0.263844836503267,0.0558044472709298
0.75188132468611,0.385108014335856
0.576654865639284,0.627997954376042
0.689334461698309,0.413651598617435
0.221935921814293,0.271475220564753
0.743551636114717,0.363526724046096
0.67826323886402,0.849016908323392
0.396454559173435,0.250163455493748
0.385898568434641,0.472782992990687
0.673510095803067,0.354573676362634
0.948456698795781,0.465087690390646
0.970183538738638,0.999383843503892
0.653328978689387,0.945982422214001
0.743740573059767,0.186466391896829
0.270483445608988,0.327643151860684
0.848043920472264,0.467954273102805
0.917654260061681,0.82008160976693
0.0652486481703818,0.657865729881451
0.186165855731815,0.40924248774536
0.594420946901664,0.700377126224339
0.0759525736793876,0.124319112626836
0.875455019529909,0.885030111297965
0.281992283416912,0.45738981012255
0.148833011044189,0.305630385410041
0.731324089458212,0.613749645417556
0.625141711905599,0.753972030011937
0.702021721284837,0.842190618859604
0.656434897333384,0.375402536476031
0.896061969455332,0.690027380594984
0.243438887642696,0.767179439309984
0.127815482439473,0.241989248432219
0.807563081616536,0.972157687414438
0.28762064059265,0.724437800934538
0.932314801495522,0.834982516011223
0.246920242207125,0.742200059117749
0.107729934854433,0.108605077490211
0.11304083885625,0.0832257245201617
0.15323800034821,0.440876130480319
0.886016472242773,0.952542579034343
0.27006598841399,0.0429860739968717
0.481338780606166,0.625823948066682
0.883672959404066,0.40237364009954
0.854229307267815,0.880203714128584
0.534166054567322,0.335637574084103
0.962164296302944,0.314503406640142
0.170959376497194,0.02757931756787
0.491241251351312,0.890752220526338
0.927952670492232,0.608958703931421
0.738733012462035,0.875040511135012
0.334354558959603,0.0793728493154049
0.211153324460611,0.442530500236899
0.128263838589191,0.707642248598859
0.86118046939373,0.810568143613636
0.827000236371532,0.971507188398391
0.0553126379381865,0.0124773734714836
0.869364290498197,0.307952001225203
0.409657794749364,0.876469348790124
0.639999711187556,0.303120203083381
0.200381928822026,0.646736575290561
0.225302283652127,0.331870084162802
0.818071580026299,0.616275453940034
0.220140359830111,0.813596347579733
0.344778308179229,0.621401861077175
0.0748602894600481,0.0892567720729858
0.720682040788233,0.351500563090667
0.330243761418387,0.0493208740372211
0.214096039067954,0.807240100344643
0.315186662599444,0.40219825040549
0.308301709825173,0.0363122136332095
0.855907773133367,0.631574048427865
0.397281867451966,0.125875306548551
0.401697204448283,0.625916990218684
0.281755722360685,0.399132000515237
0.715283903758973,0.569531474495307
0.257697749417275,0.555562253575772
0.235091393114999,0.369449235731736
0.996627457439899,0.450479749124497
0.441792531404644,0.484848805703223
0.197645429521799,0.404380666557699
0.757130754645914,0.976047781994566
0.541449327254668,0.645510590402409
0.120503626298159,0.667293717619032
0.889898930909112,0.696380290435627
0.0582813359797001,0.668370343046263
0.26381387677975,0.0389272125903517
0.671159184072167,0.504770002793521
0.84789676242508,0.976886689197272
0.505782956257463,0.154398629907519
0.571690422017127,0.170941491145641
0.100494756828994,0.323206751840189
0.39590228931047,0.446187292225659
0.0907874575350434,0.0866567972116172
0.291831906652078,0.111833847360685
0.023099270882085,0.267063918989152
0.911580631509423,0.927451736759394
0.126950419740751,0.0201692341361195
0.088287879480049,0.757272304734215
0.18399238307029,0.484574370551854
0.0123987449333072,0.0225771761033684
0.572223437717184,0.810165693052113
0.141103086527437,0.172791624674574
0.0431788952555507,0.0338644592557102
0.27959278319031,0.761215396923944
0.52124427142553,0.143087721429765
0.471045173704624,0.696244050515816
0.160585953155532,0.0243233426008373
0.245122655062005,0.0400850027799606
0.0916674304753542,0.0266721781808883
0.235144055215642,0.112035630969331
0.553263225127012,0.190944837173447
0.3865037902724,0.828677869401872
0.637355228187516,0.393430922878906
0.00581480283290148,0.339353122515604
0.00788644142448902,0.00143532105721533
0.693252603290603,0.735288690542802
0.0417688007000834,0.0898808562196791
0.683140878099948,0.918993937084451
0.288963285740465,0.119350509252399
0.669154084753245,0.302508528111503
0.356001416221261,0.659713028464466
0.196515229996294,0.055679083103314
0.21590160834603,0.0788243955466896
0.700270108645782,0.953546623000875
0.62730362964794,0.845727819483727
0.251926473341882,0.149575462099165
0.514123831409961,0.74442913592793
0.897414033999667,0.352515987353399
0.0687450354453176,0.324934906559065
0.012224352452904,0.701909402152523
0.310291673755273,0.110141752054915
0.0751285294536501,0.0679992996156216
0.935327561805025,0.273670225171372
0.497518860036507,0.504802588140592
0.395494264084846,0.360423076665029
0.652945253299549,0.932827537879348
0.407350106397644,0.280406536068767
0.847720735007897,0.337801001034677
0.343276241095737,0.794909358490258
0.832372737815604,0.390157875837758
0.714638779405504,0.19544160249643
0.950141393113881,0.526855982607231
0.27012719027698,0.534129983279854
0.976953240577132,0.870478109223768
0.936680405167863,0.91941117728129
0.197964092018083,0.0879580050241202
0.62200376088731,0.679981130640954
0.884289416717365,0.331060611875728
0.0468411406036466,0.550890752812847
0.320213930448517,0.527588037541136
0.0224284143187106,0.185044875601307
0.606584317283705,0.605641716392711
0.676249913871288,0.565307168290019
0.83641444821842,0.788256613072008
0.464639385696501,0.712104801088572
0.345139045733958,0.660826280014589
0.534282093169168,0.124893276020885
0.454729148885235,0.348841055994853
0.0806900400202721,0.313121265266091
0.289848198415712,0.264060316840187
0.315562002360821,0.791106907883659
0.438753981376067,0.477240042528138
0.373711727326736,0.474741990910843
0.97329475870356,0.827864913968369
0.220593611244112,0.0376664926297963
0.723264103056863,0.950126114767045
0.505200864514336,0.113766699796543
0.384924144251272,0.385620361892506
0.19965778500773,0.434200264979154
0.601853368105367,0.162171972217038
0.735294767189771,0.512264932040125
0.839751771185547,0.30601856042631
0.458502104040235,0.240625905105844
0.746739742811769,0.417257180903107
0.354739859933034,0.609169041505083
0.0474833413027227,0.340079574147239
0.260040880879387,0.464144127443433
0.759143619798124,0.641564924735576
0.867989584570751,0.328890057746321
0.961905650794506,0.952258168021217
0.447407956700772,0.805608464870602
0.397373469779268,0.337265341542661
0.300551270833239,0.0420446377247572
0.489906061906368,0.8237438458018
0.220535420347005,0.148588912328705
0.942828332539648,0.914638399844989
0.406773655442521,0.319003882119432
0.703960363054648,0.637438129168004
0.442044794093817,0.400670720264316
0.831984242424369,0.985245533054695
0.867886231280863,0.638475871179253
0.708757047308609,0.183063778560609
0.466498439898714,0.0804456046316773
0.956664138939232,0.941264722729102
0.508461571065709,0.123508915770799
0.512550415471196,0.116270414320752
0.613504574866965,0.293955594068393
0.30179745121859,0.159470531856641
0.351770671317354,0.227479105582461
0.285456137731671,0.414802119601518
0.275557648856193,0.751400738954544
0.330310211982578,0.389258434297517
0.312011663801968,0.581305308965966
0.46569290314801,0.39001040160656
0.445383448153734,0.852270726580173
0.440202094847336,0.845712839160115
0.322295669931918,0.200028049293905
0.0614357001613826,0.24448847444728
0.458895893301815,0.38244714285247
0.901345456717536,0.9558820866514
0.909786368487403,0.810213145101443
0.623707078630105,0.756824487121776
0.58736013667658,0.739030028693378
0.40427958057262,0.220484859542921
0.825246244901791,0.212554257595912
0.132272546645254,0.581567351240665
0.499674899736419,0.665315895108506
0.320902886334807,0.430294930934906
0.428643141174689,0.215363906929269
0.997410381911322,0.527603380847722
0.468402882106602,0.0827669335994869
0.411666346946731,0.668487560935318
0.440267806872725,0.486269493587315
0.00552729819901288,0.500436501344666
0.0253740006592125,0.00214224052615464
0.747534091817215,0.699633303796872
0.065718732541427,0.347997402772307
0.442630732199177,0.840528104221448
0.816588027635589,0.695701677817851
0.471582791302353,0.603331516031176
0.878726487979293,0.92824102146551
0.461756255943328,0.536046313354746
0.101505718426779,0.0314012009184808
0.678029596572742,0.955377197125927
0.514290259219706,0.533652109326795
0.681099918205291,0.481758086010814
0.766826388193294,0.438712236471474
0.584208279615268,0.636622635647655
0.710060693556443,0.563864196650684
0.32477021147497,0.586143088759854
0.192823522491381,0.271088137757033
0.555124785052612,0.373158723581582
0.379208098631352,0.392248307121918
0.382626784034073,0.554584996309131
0.0158452407922596,0.207446082029492
0.394691756227985,0.332245402038097
0.50770401628688,0.658411517273635
0.619064425816759,0.256372034316882
0.14419125393033,0.51930663571693
0.628671968355775,0.92070160061121
0.0876875908579677,0.0192947285249829
0.268138300394639,0.282440362032503
0.450881386874244,0.904923761961982
0.751516842516139,0.528133485466242
0.349686746252701,0.649537331890315
0.00110311154276133,0.681874309666455
0.863687383709475,0.862973897950724
0.138251540483907,0.196591770509258
0.642253299243748,0.516185437329113
0.919780106516555,0.811564134433866
0.085856816265732,0.391298176953569
0.514276684494689,0.709937738487497
0.0997852720320225,0.0855985481757671
0.593656228389591,0.848875724012032
0.322661903919652,0.859433262376115
0.141151068033651,0.509402426891029
0.122050233883783,0.0582201131619513
0.897314114728943,0.983208084944636
0.994596639415249,0.918252667877823
0.551554891746491,0.606088138418272
0.556583868339658,0.179903648328036
0.968288244213909,0.435035740956664
0.134966328274459,0.461962192552164
0.16978956758976,0.0916682661045343
0.975275430362672,0.724506033584476
0.623100575525314,0.946631380356848
0.883150832494721,0.779136261669919
0.207244467921555,0.49647785210982
0.626283060992137,0.514603798044845
0.496141597395763,0.48025857959874
0.249650741228834,0.682759615126997
0.115898764692247,0.770119913388044
0.510014453204349,0.801318082492799
0.939402691554278,0.411958075361326
0.81395809003152,0.609048322308809
0.434854696504772,0.476351084886119
0.125772674800828,0.658564669080079
0.467234107200056,0.909578082151711
0.331891470588744,0.865831369301304
0.380625606747344,0.517827559728175
0.47352364147082,0.850358943222091
0.957203743280843,0.985314962919801
0.109199547674507,0.165209493367001
0.872735170880333,0.304107115603983
0.816291658673435,0.704350958811119
0.648883235873654,0.597739275544882
0.530218709958717,0.226692475844175
0.987389147747308,0.899826538516209
0.195028735557571,0.173685887129977
0.936589157674462,0.976800801698118
0.78538507479243,0.320517131825909
0.125738769769669,0.741819523274899
0.68323503783904,0.232441218802705
0.694406991358846,0.752160094212741
0.354157908586785,0.287343073636293
0.864979877369478,0.499710105126724
0.805919916834682,0.616412496427074
0.605672172037885,0.392618241952732
0.310737663414329,0.703011572360992
0.812090472783893,0.743422329192981
0.394130440894514,0.745117420563474
0.674677160102874,0.912476756144315
0.246063952334225,0.0304616659414023
0.613168363226578,0.851139803649858
0.724248216021806,0.194339417852461
0.0106204561889172,0.0105255383532494
0.488243129104376,0.366826491197571
0.624084354145452,0.86357070505619
0.236957712797448,0.717103433329612
0.01542800036259,0.0368039638269693
0.745256373425946,0.937194549944252
0.555436795810238,0.24181771860458
0.222481248667464,0.0926146416459233
0.904096557758749,0.482724691973999
0.864722510566935,0.475898386677727
0.0427261479198933,0.324593611527234
0.868392523378134,0.623547239229083
0.221671286970377,0.0295516112819314
0.524158895714208,0.0839385441504419
0.280666624661535,0.582851910032332
0.844979803077877,0.832990225870162
0.353430734016001,0.753561036195606
0.159599230857566,0.06398028251715
0.229353733826429,0.100143019342795
0.0701108581852168,0.144793335348368
0.0812263912521303,0.114290091674775
0.0713166503701359,0.304607443278655
0.37854016548954,0.704588478896767
0.0943306079134345,0.336591055383906
0.328199333976954,0.676579212304205
0.442098677391186,0.336120310705155
0.387053831480443,0.786997164133936
0.977639597840607,0.639247595798224
0.606120485579595,0.938347533578053
0.183261814760044,0.0553076080977917
0.390411044238135,0.86015107575804
0.366992863826454,0.63674839027226
0.71224226616323,0.911262038862333
0.81335364212282,0.473961028037593
0.101286084624007,0.0254283028189093
0.867368150735274,0.362387418281287
0.389175386633724,0.841076725395396
0.754199472488835,0.666140800807625
0.630811946466565,0.617000989615917
0.181031160056591,0.352586957858875
0.969298203010112,0.335592738119885
0.703546527307481,0.621869484661147
0.400820609880611,0.273781495168805
0.765513978200033,0.600779705913737
0.330210772110149,0.243251347681507
0.114920222200453,0.0481564027722925
0.554919446818531,0.916108083445579
0.145658863009885,0.181600032839924
0.0138073191046715,0.101279090857133
0.847345792222768,0.540124524617568
0.947346899891272,0.551469365367666
0.366031654411927,0.641707087866962
0.357949603814632,0.262893640901893
0.717265081824735,0.467540356796235
0.172208744566888,0.0610373446252197
0.954304629005492,0.764517963631079
0.6093361787498,0.832895006518811
0.151789359981194,0.0555743891745806
0.323451349046081,0.0515194677282125
0.572356537682936,0.843338638544083
0.336937123211101,0.864034235244617
0.77373267733492,0.696936293039471
0.46852868818678,0.108315351884812
0.928387000923976,0.592651910148561
0.758209865773097,0.281111197080463
0.879706301726401,0.983339357422665
0.744676651898772,0.93356784270145
0.811721846694127,0.916364546865225
0.377994932467118,0.111714305588976
0.137468575267121,0.035614024149254
0.319580640643835,0.274827621178702
0.371098242234439,0.149931739317253
0.250846633454785,0.198252643691376
0.991646177601069,0.587895267177373
0.601568947546184,0.578171200118959
0.879048299510032,0.689806567039341
0.507709382101893,0.476604595081881
0.598279279889539,0.370422844775021
0.852900177938864,0.954278580844402
0.111430045682937,0.0669443923979998
0.877018490573391,0.991142036858946
0.950879529351369,0.606095414841548
0.525538338115439,0.438356760656461
0.128391178557649,0.288315864512697
0.23375334078446,0.796048132702708
0.0742849761154503,0.26237439038232
0.566478079650551,0.151269224006683
0.877016494283453,0.873156309593469
0.987472370965406,0.963591393083334
0.717092657461762,0.639867752091959
0.0974460288416594,0.0735387166496366
0.797240246552974,0.778083136770874
0.956372548360378,0.699870568234473
0.857127224793658,0.889493080088869
0.339327198686078,0.0689485871698707
0.325454415054992,0.832260258262977
0.433149455115199,0.0917823303025216
0.871019539190456,0.226788715692237
0.881110943155363,0.546667081536725
0.682711162837222,0.831640077289194
0.581431250553578,0.732862336328253
0.943127039354295,0.837915774201974
0.892407207284123,0.731680924305692
0.151641286443919,0.742688261438161
0.256854729959741,0.366172168171033
0.193238764069974,0.603296414017677
0.924863498657942,0.9581256469246
0.976900349603966,0.57530581462197
0.75124475476332,0.978961223736405
0.405939452815801,0.719885809114203
0.827037467155606,0.406954963924363
0.766839365940541,0.786639098078012
0.561780302086845,0.161569530609995
0.520072552608326,0.175760622369125
0.552027644356713,0.12198493280448
0.477658229647204,0.774737894069403
0.197350526461378,0.394682121230289
0.786817199084908,0.954795559635386
0.750120714074001,0.300328077515587
0.596592479618266,0.58525941777043
0.438005521195009,0.903239198029041
0.614263452356681,0.213700100546703
0.172589339315891,0.0721408945973963
0.0966809911187738,0.0684674307703972
0.0272728647105396,0.0844317539595068
0.918190404074267,0.990895211696625
0.433763156179339,0.627580206375569
0.0147226587869227,0.546783058904111
0.477834520163015,0.150914241792634
0.694738516584039,0.919894853141159
0.527392066316679,0.180858699372038
0.993638030951843,0.37390229688026
0.959490272914991,0.370824769837782
0.321887044468895,0.151252276496962
0.730786000145599,0.968060339102522
0.27239728346467,0.442320821108297
0.515285258181393,0.886707670986652
0.0717923992779106,0.461858375463635
0.621563042979687,0.544288801262155
0.388668027007952,0.719870607601479
0.931688585784286,0.581747429678217
0.610168563667685,0.84294272121042
0.631668627960607,0.76896359375678
0.945419340394437,0.793137007160112
0.871942282654345,0.938111629802734
0.485838298220187,0.77409452246502
0.565444045932963,0.821931981481612
0.975129722850397,0.875075015472248
0.718304191017523,0.832084515830502
0.504789691418409,0.820908265421167
0.0847381106577814,0.193861003266647
0.60239626117982,0.517258812440559
0.214633888099343,0.483195204287767
0.0621142592281103,0.724000575952232
0.162609145743772,0.347299377666786
0.425848131300882,0.513235987629741
0.501260581426322,0.802755336510018
0.789343272102997,0.552727629896253
0.015474459156394,0.706129212630913
0.137393756303936,0.0407926747575402
0.499251373345032,0.156348302494735
0.635245225857943,0.305150823434815
0.296547112055123,0.642380794743076
0.765173543943092,0.68841354129836
0.378762980224565,0.716868232237175
0.0128613191191107,0.000217939727008343
0.869606257881969,0.386612111004069
0.664702106500044,0.471268523018807
0.163072523660958,0.723140332382172
0.730301633942872,0.749835873488337
0.0593259322922677,0.101275762543082
0.266513284062967,0.588793768547475
0.615318266442046,0.257176408311352
Rho_s: 0.47953123938281
Rho_p: 0.481795666807492
IC Time: 0
