Rho:-0.8
N:2000
0.0660558908712119,11.3752086973014
0.31183118536137,11.4031545967769
0.505625245394185,8.02505300031257
0.0748876174911857,14.3471758351049
0.70196782448329,9.50631152148001
0.53243648679927,9.66027948684691
0.154298895038664,10.4589548701364
0.455218695336953,12.327721551701
0.78065328928642,5.87052463050261
0.20432698703371,14.878996160024
0.794698291225359,6.52411905304149
0.0401388753671199,12.3784561126986
0.162424513604492,16.4244608197229
0.183665339369327,13.9617786068094
0.63766142888926,7.76886127438429
0.196030926657841,11.6938402682947
0.772881505778059,8.13319060807469
0.240461366949603,13.2565713045657
0.341425803257152,9.75284453761387
0.443050879286602,9.5441499520747
0.591192290885374,6.84238129722093
0.106851518619806,13.8159476144499
0.853532095905393,6.43061900524878
0.0329468112904578,15.0945078972287
0.804848947096616,8.56211066433734
0.0441873604431748,14.4614745227886
0.445284658577293,11.5340677779525
0.41101671452634,11.1121608604514
0.996313733747229,4.91499428065786
0.808117352658883,4.21988355648215
0.0731188338249922,13.6392878674878
0.842035997193307,5.23822358475411
0.829736668150872,9.74262873014672
0.199492571875453,13.2511553944692
0.186122116399929,12.036633179473
0.448786069173366,10.6762883798261
0.46721719019115,11.6967698988371
0.312242202926427,11.5987995044359
0.755161097738892,6.76255763702758
0.921165050007403,6.07561183820077
0.462835321202874,13.231832380555
0.131257703062147,12.6539683909693
0.769072904251516,10.4123706139701
0.507778792874888,11.9209147646657
0.0706567217130214,12.5422795472744
0.610374593175948,10.2920852452193
0.275978618534282,10.6995091824694
0.981194250984117,7.92715071723567
0.709780167322606,7.23496976249783
0.739780537318438,9.37049156672407
0.75458423094824,5.91258796860092
0.842842102283612,7.0401591615532
0.171743578277528,14.5276912712981
0.9757735140156,7.71300304162622
0.856213746825233,6.77143069814269
0.590273816371337,8.85401951613429
0.052360849454999,14.7765870908199
0.0601097128819674,12.76523056649
0.513111924985424,11.5585197764049
0.550397712504491,7.28210575566002
0.121710903244093,15.076140606748
0.806330162333325,8.13542337516036
0.663897011661902,9.07872552321469
0.493846071884036,9.4775851800746
0.185587170068175,15.6900951337499
0.103350233985111,15.1216051799946
0.545761119341478,6.74175499257729
0.0391133723314852,11.4326055092653
0.755749651696533,8.40095640030665
0.578391412273049,7.59776467330069
0.56857249350287,11.9911863127183
0.590971388155594,12.1031348375788
0.572492274455726,9.32295891757283
0.424228877527639,8.42723242292037
0.0528662877622992,15.3445020957433
0.721817949321121,5.3232109676225
0.731229283148423,10.0420421745697
0.780967897735536,5.62809783036779
0.939165480434895,7.96661964359394
0.00466594565659761,15.8474204726436
0.339681158773601,11.8527528958429
0.869501903653145,9.92093332026185
0.263837392441928,9.32943213945999
0.395565524464473,13.2795217858828
0.572177174966782,9.87538681326675
0.351441650651395,10.2972044479699
0.125937588745728,11.1769612105933
0.915027994429693,6.7868323773679
0.8157480196096,7.16272430298501
0.831679234979674,4.44701459270127
0.849301724694669,6.67359962321523
0.827341123018414,7.51753155733311
0.574653095565736,12.061756515146
0.682886431459337,9.70665924055193
0.416541916085407,7.94405799967014
0.783007088815793,8.0778071955865
0.162166800582781,11.163353453878
0.815395168028772,9.86789674844893
0.906007974408567,7.83126858910704
0.597697196993977,8.21693230103533
0.16346065280959,14.1592771732616
0.845366393215954,6.17355316740621
0.891052143415436,6.62547234221042
0.880988260963932,4.54921468890316
0.520848855841905,8.98709909714359
0.544072409858927,6.93306401471152
0.783621533075348,7.34457221179695
0.771340461680666,7.13933885027333
0.283976004691795,9.33584432556645
0.525976535398513,10.4968175849293
0.333707581274211,12.4582899978061
0.389049864606932,11.9227732748561
0.0699722876306623,11.9875920527461
0.933106723707169,5.89226607157154
0.139509826665744,10.2295207189109
0.559494128916413,7.43161606114708
0.318357996176928,11.8329552698412
0.664528299821541,8.90958372558165
0.700624064542353,10.6014652038945
0.987302039051428,7.13236351598278
0.617782319197431,7.44109773232653
0.904178473167121,5.7156539499631
0.0439014062285423,17.4372968277022
0.288915421580896,10.4697939752793
0.760594390332699,6.57429957099404
0.187101244926453,10.6626895927774
0.229123574914411,10.8389699690973
0.851917163236067,5.76729200075902
0.336805180180818,13.9014882364195
0.570725951809436,9.87413871404187
0.848864973755553,8.14592446984419
0.704863595077768,6.14038865332628
0.496702860575169,10.9581277795252
0.868191570742056,4.36543023106583
0.696628821315244,9.52798197420462
0.536210659192875,8.6074599907216
0.342672115191817,11.9939684160698
0.362365336623043,12.3849680824465
0.309362838976085,12.7802903788077
0.271914700977504,13.6084336074254
0.441553866257891,9.15315988546964
0.928327633300796,5.74119802958894
0.535274310503155,7.77223990379719
0.46294958726503,10.5934977084001
0.295051879948005,11.2424523489338
0.842518249992281,8.34593651234324
0.193105893209577,13.4747833672201
0.438742622267455,9.90659144780075
0.426327807828784,9.29115746973937
0.811464812606573,6.73744668638367
0.406102463137358,12.4370758790009
0.901192084653303,3.19715530414715
0.149286072468385,15.620747821055
0.782647214829922,7.13559726785375
0.979104103054851,0.638234566731779
0.676773613551632,8.3256642654401
0.870248371735215,8.96209531288041
0.15674267616123,13.1043436958355
0.633035975974053,10.5601295944408
0.0978713419754058,11.6956555451336
0.798147082794458,7.622718841763
0.51543439575471,9.04337873669759
0.311553644714877,13.6611645949117
0.960380330914631,2.9243660313865
0.621389075415209,9.27772831780182
0.703941751737148,9.78846659906992
0.284165438031778,14.9793007990053
0.702867415035143,7.59723437078147
0.270468429662287,11.0506326490604
0.038869176292792,14.3340599381712
0.219555226387456,14.0547314059029
0.743003701558337,6.31907733461368
0.122754581738263,11.6413322538637
0.240844457410276,15.5254874462631
0.790739586111158,5.8303482359262
0.875821834197268,5.66239125778139
0.0968791982159019,17.542704552534
0.00996293220669031,18.7690328805731
0.0439570068847388,10.8656215740942
0.657954273279756,9.87743851434733
0.833060679491609,9.31619478574438
0.773487920872867,8.05403423910206
0.0327104721218348,12.1241691248991
0.993432301329449,4.19378323027191
0.242878681980073,13.384949803129
0.76147613232024,10.0680958758005
0.955351976677775,8.16275530561096
0.0377233955077827,15.701935127716
0.0454185379203409,17.0886126206107
0.867477370193228,7.75763821887017
0.103874824475497,13.0473415865584
0.254535355139524,10.1794798418996
0.687343175988644,9.99061688406211
0.153976344270632,15.9736410076364
0.11600154847838,14.5236823218067
0.47153319651261,12.5619890124456
0.5135139063932,12.8108028078879
0.15520894434303,14.6322570082971
0.804010222898796,4.46845078650004
0.45862008491531,10.3111457656018
0.537445275345817,9.78073696395106
0.564661716576666,10.6950163150134
0.106384927639738,10.3708791014968
0.255029062274843,10.5627044915039
0.353414182784036,10.7178993704969
0.464202482253313,11.7105846093274
0.364758206298575,10.7880099653658
0.257056766655296,13.7522243790766
0.720382516970858,5.97578994532664
0.507091803709045,9.92504686396543
0.692529822001234,11.2072317969942
0.0194206477608532,15.1441827661548
0.541512935655192,11.8821284787251
0.119711666367948,14.5391200356123
0.163915719371289,14.652259355996
0.772760345600545,6.90364414714604
0.352877474622801,10.9967975549061
0.0472043384797871,14.682168489954
0.343371688621119,14.2274966110538
0.561902578920126,10.8309979478235
0.697190094972029,9.24719860985425
0.998989058891311,8.58455211520024
0.519861245062202,9.58738808182996
0.982491040136665,7.48256021044053
0.882865085732192,6.23823367489662
0.533181817037985,8.55441669104195
0.17476667673327,11.7883440365753
0.902471004752442,9.09557435995004
0.887199603253976,8.51226835252938
0.502721178112552,9.28530535250619
0.354884708998725,10.5471291888616
0.823336453409865,6.95953144321779
0.719168381765485,10.9638269348167
0.36857631104067,12.469645181328
0.502599891507998,8.64634731174775
0.0494861770421267,15.7449640604426
0.988214592216536,8.81885289243215
0.193908144719899,14.6737067987214
0.391523843165487,9.91942802808821
0.410160953411832,13.8434243968203
0.903710364131257,7.75197829009891
0.0144605014938861,16.8543146960484
0.668530394556001,9.81726703747411
0.47965787560679,8.27687535544067
0.71006971411407,5.63686701223781
0.631830317201093,6.89724676325593
0.0325387578923255,13.7957634347655
0.214190760394558,11.9586712702078
0.355948582757264,13.3136301801701
0.441897021373734,8.91296685997672
0.794369079405442,5.41387518475431
0.309607909759507,12.4281267853663
0.947767778299749,4.56851149282967
0.894031265517697,8.64834314609266
0.494722553761676,12.8628166457814
0.683858274715021,9.50639493725278
0.597348932176828,10.7969168578564
0.153592985356227,11.8004845352136
0.0300827112514526,18.0311355788662
0.697826491203159,7.17472578611853
0.731011021416634,9.90398210948065
0.610854755155742,9.46020209391191
0.521879861364141,10.6667645279455
0.409573888638988,13.6945171572319
0.727155003231019,5.10653260606193
0.652051887242123,11.6709320949834
0.278943990822881,11.6367216014819
0.814012799877673,8.01037210663576
0.676033705007285,5.92340607545689
0.182399967918172,15.8799522077371
0.817017418332398,5.57642350897146
0.736042732605711,5.72532688748711
0.18827382940799,10.9630609649125
0.737375965109095,7.08565148838584
0.0929616794455796,12.066021145991
0.12618074612692,10.299459732725
0.263087386032566,14.3769369140461
0.857094313250855,9.58826344805444
0.634813972981647,6.35201793371569
0.405497637577355,13.0938616709585
0.593963495222852,9.96924444378408
0.537554996786639,8.16667587024978
0.0792181973811239,15.5416580547482
0.258376838872209,9.28410744377269
0.0970706155057997,17.5204577566671
0.863874881295487,8.60351866075975
0.922596413642168,8.9550245158405
0.449862831039354,10.7049660487232
0.447202474577352,9.12169701779002
0.0173290602397174,18.6615929753729
0.351578372064978,12.898413646011
0.232543180463836,10.1279209236507
0.865377404727042,4.50718798109618
0.346634555375203,9.55966713094961
0.506619942607358,9.4204223865306
0.18289832235314,13.7910528697381
0.43086251639761,9.71846466477973
0.341065387707204,11.2978178116634
0.886710640741512,8.32609464488934
0.822983388090506,9.79009314141558
0.348639959469438,11.2840881145506
0.572777026798576,7.43776168191596
0.0904103205539286,10.2127338071933
0.707921367604285,6.01891212886634
0.351770030334592,11.9181200705892
0.718177148373798,6.27937737280858
0.068594821728766,13.8765955948295
0.595316850813106,7.58180419777523
0.882436660584062,4.7577221312547
0.384149816352874,8.35475746420773
0.578654489014298,9.96162869430932
0.876025050645694,9.50380197034579
0.570469077676535,12.3345210986122
0.89147779927589,3.82931531130905
0.28049770090729,9.52576943671665
0.536757868248969,11.0372522640336
0.201634709490463,11.7934287250869
0.560560977319255,12.49259159171
0.312179360538721,9.75790663795012
0.881179669871926,5.75891870973171
0.729038127930835,9.57896959484558
0.702399401692674,10.0341232444406
0.262061104178429,9.85565825250507
0.426725949859247,13.7464775635676
0.442840626463294,10.0842758554577
0.0587229228112847,10.7482875613989
0.321209610905498,13.096203545372
0.841350303031504,5.14987264820549
0.102590244263411,13.6250868232126
0.831161257810891,6.9432435063599
0.184042181121185,9.71687483702479
0.368064861977473,10.2384147390592
0.629177893511951,6.83875156437475
0.641239326447248,9.77095546545507
0.138876245822757,11.5699050617144
0.641553682275116,9.74737902581366
0.358408232685179,10.4887992903954
0.422821786953136,12.8554084948632
0.817653987556696,5.60807117669136
0.460380736738443,11.7995865047872
0.636565697612241,8.66102269183275
0.304613002575934,10.5177657593918
0.776688805781305,9.24678632550694
0.758898292435333,7.55884463072669
0.674202657071874,10.4373467035278
0.863608224084601,9.38506144938803
0.820562451845035,9.60273407521604
0.932461736025289,6.20535390467858
0.676400169031695,9.9702258120085
0.59688599826768,6.98491230114464
0.659019147511572,7.80401116506138
0.653337823227048,6.56452011059138
0.970051981508732,2.29940449019061
0.203515405766666,11.966179005605
0.693532954202965,11.2237792215445
0.197022599168122,11.5855687054029
0.750914006028324,10.0048489817417
0.330056371167302,8.54546931670536
0.776921177748591,8.24701098798673
0.630096928682178,6.81309887173583
0.735324104316533,5.52491313494752
0.18930659070611,11.3431551595696
0.210823178291321,14.6913610153191
0.904209255706519,3.6800176116913
0.0766206632833928,15.2121538204801
0.0265802203211933,15.8349309228229
0.367332645459101,8.79226942645797
0.226817494723946,11.2390781793647
0.579243726329878,11.9470594333458
0.00940859084948897,14.6819477265995
0.465303289471194,10.2388960494497
0.926848875358701,5.98446164186446
0.176800147164613,12.6468609232637
0.0180993466638029,13.7719624827296
0.117829089052975,11.5389244773709
0.841729964362457,8.96916751774353
0.0275683437939733,17.6771997412757
0.525678191101179,7.36912916138061
0.971510883886367,2.41504349992239
0.640558695420623,9.78207575070098
0.540116892429069,9.30044551259521
0.981447731377557,4.52308598242879
0.8814931162633,6.3020135994108
0.577710309065878,8.42925380621225
0.188336658990011,9.78920427293438
0.193780706962571,14.7282184416942
0.238825652049854,13.7292057263175
0.433757899096236,10.0674415620684
0.0954337632283568,12.8338211617275
0.855129297124222,4.42752083366019
0.422772935824469,11.7023744694222
0.449001111788675,13.2580429274786
0.975060955388471,8.86004610308257
0.968296441715211,4.66628310375618
0.450988224707544,12.3921076126764
0.147990989498794,12.4683942693575
0.732479678001255,7.28682672393815
0.328858422348276,12.0186526804582
0.321675559971482,12.5707014297985
0.669707503868267,6.91589804766604
0.113212792435661,11.5389814284472
0.186389713548124,11.7513937548274
0.548397444421425,11.314851830368
0.47767850686796,7.98222144591857
0.931137708248571,7.25895172461939
0.557325571309775,7.59694757746074
0.107249239692464,11.4012863538815
0.311332617653534,10.2016818374282
0.401310657383874,11.0062021542554
0.921664176275954,8.23871109345457
0.97996403160505,2.45612155905303
0.737012927886099,8.3018756632464
0.218609909759834,10.0593295470851
0.343246364966035,9.64988330061761
0.617655568290502,9.96111294834217
0.932643464533612,4.29337997385094
0.248710534302518,11.7923582701337
0.991004881216213,6.86667328486002
0.225300581660122,14.3950572322725
0.993955981684849,5.89017555540452
0.337477653287351,9.03764653732058
0.16423179465346,14.594319332307
0.790920582599938,7.97742599471716
0.85041422676295,5.58822509543001
0.979043821804225,7.61991097733968
0.0727181162219495,10.413716506914
0.0330828854348511,10.7534980024621
0.376847000326961,13.2436507965057
0.20015902351588,15.0418085794307
0.526640522759408,11.1288342899933
0.21490018744953,14.7368605163725
0.211875534849241,11.8696090066511
0.553499184316024,8.74512828432658
0.0726843064185232,16.1491318507451
0.661824436392635,9.30718239979335
0.719519333448261,8.78190372038761
0.446154183708131,9.13916219303773
0.865773956757039,5.79422898377694
0.989424610743299,4.45177192675113
0.28726111841388,13.1150759386132
0.695588568923995,10.6460123550068
0.250798470107839,9.26789544515923
0.65255359467119,6.95015542945979
0.572650112677366,10.6891547629789
0.516902394359931,10.1200088319496
0.0174184329807758,16.9486278181807
0.931666274787858,5.39524819079424
0.8759591486305,4.81071196427336
0.639456731267273,8.08684551741545
0.917396168457344,5.17069500801125
0.895397135056555,3.65737520956303
0.203487722668797,13.6430349460764
0.191811911296099,15.2977052073441
0.196367082651705,12.9017119231704
0.651854616357014,6.90052113062307
0.225591002730653,13.3409408485059
0.131044195732102,9.95882929421257
0.982864845311269,5.39942981235438
0.921085096895695,7.14853247548185
0.153440776281059,13.9581348692942
0.350820356281474,12.7180965917255
0.258819118607789,10.7909882641318
0.280884193954989,13.2572311314068
0.884381958050653,8.18809389599155
0.0786708889063448,11.9537748995621
0.882791664917022,8.80969420653321
0.202365349512547,12.4687561661163
0.82167796837166,9.25842564888328
0.353140314109623,13.0700785110759
0.533526342362165,12.4408816298059
0.16452448675409,15.2796106066643
0.189095068722963,14.0525297142976
0.856454182881862,7.14729988884942
0.635249086422846,10.3120181141716
0.627495170338079,11.249915688349
0.0318070140201598,12.8698758015594
0.532328260596842,9.29820339279664
0.495876597007737,10.2367500441693
0.436321723973379,9.82054822114376
0.00937297311611474,10.9794194474453
0.16422415105626,11.9232721207765
0.408274338347837,12.7398188880026
0.427213844377548,10.0401391036549
0.821402226341888,7.59453936972143
0.875894957920536,5.27220648552308
0.0123657677322626,11.7138416335649
0.1356027177535,15.1228233350495
0.195433646440506,10.7471124876205
0.487372606061399,9.31641630116395
0.650253259576857,9.44539948741548
0.0155705893412232,13.5283077186719
0.896935421274975,9.32236775246771
0.858805297175422,6.19529134838362
0.210089198313653,9.54866807365983
0.83681330550462,5.52846186867877
0.515439531998709,12.8596017196288
0.518891193205491,9.17325482752499
0.619353851303458,10.5958962233753
0.543513941811398,8.73139388062182
0.52330466802232,11.43343812789
0.37801385531202,12.6775651441103
0.887273348402232,8.18885234090821
0.336635175859556,13.6275457796207
0.326297554420307,12.6499634091338
0.602341239573434,6.65318202151561
0.880033730529249,4.18563964392992
0.365290048997849,10.7489714495768
0.946747723734006,5.7591558227803
0.920032685622573,9.18910571935898
0.668575431220233,8.40360573598272
0.700849774060771,7.50158964242861
0.540632482152432,12.1595864569484
0.215776541968808,10.094582551719
0.732403217814863,7.21701865981506
6.30829017609358e-05,14.0434053635376
0.947327757021412,4.13358177945751
0.00234271306544542,14.2571555490179
0.66937831020914,6.77330357357716
0.121519251260906,15.2155389649745
0.735499080270529,7.84216150622961
0.487299444153905,12.8004838463159
0.187055270653218,14.3170773931547
0.961210666457191,8.72140070745608
0.660990259842947,10.4302783126046
0.0202727424912155,15.9678051819833
0.329731411766261,14.752174644192
0.716244925744832,6.77501152850333
0.304404055699706,14.2271010691309
0.830589711898938,6.32076020649754
0.901187913492322,8.81484869623663
0.725198147119954,5.1757249138134
0.542036160128191,9.80100968261571
0.929391578538343,5.5778629651569
0.776912726461887,7.76146611432575
0.906281576957554,7.3783315211415
0.395077565452084,13.2773119186559
0.0799618037417531,10.2826475772196
0.939032422378659,3.48787160066841
0.0614595860242844,16.8812540232413
0.505149458767846,9.72202785094021
0.127914445241913,11.3826757707429
0.541491905227304,10.353236276954
0.374872971558943,8.89024495258324
0.136991037754342,10.9159698295192
0.409149750834331,11.4827713394551
0.969154329970479,8.12735436973956
0.712541552027687,11.2648527619722
0.517545951995999,8.81595330526097
0.130706154275686,16.9325977748281
0.261046044295654,13.2942354996324
0.480078971246257,12.180216991888
0.237723017344251,10.129105502343
0.355081516550854,14.5990302425051
0.427253229077905,12.1876726653601
0.0958734427113086,14.1569412306723
0.729024852393195,8.81906804636002
0.779952744953334,5.78106447792236
0.485905702924356,8.67467079522572
0.416248066117987,9.9713380382129
0.996621299767867,7.55763768000516
0.0573818443808705,17.5450957972431
0.612239243229851,8.30202281610513
0.239894848316908,9.75353443117409
0.944940601941198,6.84211771077126
0.724445106228814,5.23052339226991
0.0806128971744329,11.6022513001164
0.993775294860825,1.60511798064929
0.847336028702557,10.0185423260081
0.347717197379097,8.60629974725514
0.337933955015615,8.5228295175709
0.807422617683187,6.86777069541514
0.602177282329649,7.30805860125387
0.579583056736737,6.94770413542477
0.303417839575559,10.3810080241327
0.42807963071391,8.8777274067109
0.943190451944247,6.11949457550798
0.0265847723931074,14.1297113017788
0.432312770746648,9.79005233324807
0.733339608414099,6.48754983495072
0.626463167835027,9.24147764288158
0.832786655519158,6.4509013560433
0.369301402242854,9.59095568625332
0.716015722369775,9.9002551452175
0.924793098121881,8.69697347455352
0.845645520603284,7.98430698460368
0.0199844851158559,11.5953010843731
0.652225609403104,10.0723461743302
0.083446801174432,17.5999998572747
0.639633128652349,11.480826697717
0.157767853233963,10.2398872160081
0.440470329485834,7.70327416648656
0.338707922492176,13.9442337308935
0.283510552486405,8.98806747028344
0.315965272020549,8.96880381041473
0.89293795870617,3.92157754453923
0.726063284790143,8.3447043035021
0.254989310866222,11.8386620761802
0.837767804041505,7.49359399352747
0.762648635776713,6.22325839866315
0.700156640028581,6.87171463922641
0.548157164128497,9.88868819600668
0.832759152632207,5.87236340332869
0.810697331093252,6.06739548432168
0.60611542663537,10.6757326886884
0.407402215059847,11.5384656554499
0.500427082180977,10.6188496811219
0.752776681212708,10.0730943721264
0.898667315253988,3.20745608561554
0.36474729469046,12.5253574050375
0.898225995246321,6.67309506899961
0.266736861085519,13.5848140986899
0.505260506644845,11.6479833835205
0.899410185869783,6.55174893191604
0.506838249741122,9.86143074315738
0.648065440123901,8.77939871362831
0.824039858300239,4.86049354414958
0.0371733789797872,17.8956762785423
0.902697091223672,9.64209626796091
0.704215776175261,8.17299158004339
0.0930485287681222,13.0969523943412
0.953818242298439,6.48598174477077
0.803420998621732,6.84702430832608
0.136949330102652,13.0357596579872
0.100909707834944,12.1222191106678
0.301573464879766,14.1636038297534
0.294777679257095,12.6508482631317
0.10195029200986,13.072385435551
0.645216141361743,10.6871761826472
0.875464644050226,8.01246300628432
0.172716989880428,12.4702399886685
0.138058683602139,13.2975991573389
0.432039831299335,13.3124925716755
0.201526883756742,10.6997683595603
0.531689101131633,8.89358691069957
0.618088719202206,6.81722245902767
0.836002460215241,8.58751226614963
0.838405445916578,8.68725544144103
0.402064910624176,10.9044866048825
0.812699966598302,9.4750203557131
0.346085873898119,14.6129619696474
0.789859045064077,8.38752752434207
0.386367068393156,13.2604598783882
0.0803419062867761,10.4316702341273
0.562653688946739,8.88946371637704
0.895013122586533,4.45650164612979
0.976791731081903,5.50595465381256
0.612076993100345,10.1325389442646
0.616360069951043,8.21831030302451
0.835391054861248,3.84560036082291
0.760575175751001,10.6309264033013
0.989009168930352,1.71357502680357
0.737197611480951,10.7988773374146
0.868868817109615,7.68912796139211
0.973191589582711,6.35115040437885
0.0470880747307092,11.4968165338576
0.781835660338402,6.23696251660299
0.609276314033195,8.22613846515342
0.4497212509159,7.55208935675804
0.358011621516198,11.7138632734729
0.974897203966975,-0.539940082993599
0.978233335306868,4.57664031575679
0.701792223611847,10.9495335972425
0.445289897965267,12.2644732287147
0.943336178781465,8.60474866145121
0.903528333641589,6.44516365407349
0.0217995394486934,14.7305601009605
0.0119184826035053,11.4516066913011
0.53734162542969,10.7548326535177
0.752535748295486,7.2511580625564
0.583526903763413,6.61396318331706
0.256448088446632,12.3841035689498
0.573540173005313,11.1217048011956
0.241092989454046,12.5656797555105
0.998814129270613,8.15462428260137
0.65931601007469,8.49160597484648
0.769448926206678,7.74049834323281
0.7880822729785,7.55229225437234
0.679964541690424,7.15058686207527
0.42149271373637,9.40025397249912
0.391073694219813,11.1053228587973
0.522055967245251,13.0102723481043
0.246685378951952,15.2676533729784
0.989319287473336,6.95710388775838
0.548421417828649,7.85613600057787
0.410067197866738,8.85255447381079
0.431918160989881,11.7817349750584
0.20404051290825,10.1538627739778
0.987737347371876,8.15651486107395
0.119503284106031,12.7172016425715
0.677189398091286,6.7384287960869
0.799227156443521,5.25172881680399
0.580715529853478,9.65739176996973
0.563490510452539,8.83684328303515
0.936878447420895,8.81325717734278
0.217191266594455,9.95278829952486
0.299975642934442,9.2465290078431
0.281203102553263,14.0579806848621
0.313322959467769,14.2048039886298
0.750873628538102,8.07879581304184
0.964769023004919,8.24754509423621
0.237298805499449,12.5323751677655
0.450512314680964,8.54599589217257
0.151155139319599,13.0474172648781
0.832067485665902,10.081475907571
0.201886589406058,14.9167168868399
0.383109355578199,8.75572987584933
0.0983707755804062,10.6404999409841
0.130916037596762,12.5454943007923
0.658924937481061,9.7400873176637
0.345818421337754,11.5813535203851
0.406048394273967,9.42291408515189
0.0820912229828537,15.4032306120641
0.956779858097434,8.72651891541574
0.720303921028972,9.69912767432054
0.280663941754028,13.0407787742658
0.856295089470223,6.90915016429567
0.788434209767729,9.88451168062586
0.452986784745008,11.0171885245875
0.708869292633608,7.1137937228536
0.487258965149522,12.6760004664572
0.973867002176121,9.08059458914531
0.611031474545598,11.6759296623375
0.357979213120416,8.69845563990683
0.348362725926563,13.1774554506188
0.861052598338574,8.17928745679015
0.472927147522569,9.65535648369586
0.654255512170494,6.80554274404317
0.244532228913158,13.589374076251
0.500712340464815,8.00305271092554
0.929697707761079,5.83200576173646
0.447972397785634,8.85525085196032
0.687168499222025,10.3491837978183
0.758806741330773,8.13474438898155
0.389860491966829,14.0181698012756
0.749817734584212,8.70539861932261
0.442604586482048,12.405458118481
0.686510851606727,9.60087397932356
0.0934189360123128,15.8768277722215
0.00583393173292279,15.004478945592
0.261974493972957,14.8827119785748
0.0636211824603379,14.1494646501063
0.532616320066154,7.38027825099649
0.0120385801419616,12.0460765715889
0.511855997145176,9.00851277199077
0.49297468457371,11.369532457632
0.0917045464739203,12.9978059821033
0.853097018320113,9.25051699354008
0.614710887428373,9.61914104064426
0.986748547526076,6.91085716726459
0.876626946032047,4.4538862004713
0.0967742060311139,11.2796935701747
0.125606778310612,10.0420488633737
0.673648318741471,6.53946553566743
0.0962977579329163,11.6183158472085
0.43266105488874,13.5883526701398
0.91753263073042,7.19203450086639
0.978108166716993,5.84837554020854
0.0184395115356892,12.0186506098953
0.372793076559901,13.1064504368108
0.677235727198422,8.61781366347726
0.561811297666281,10.1576275767019
0.709546183701605,5.77239656632081
0.334072123048827,11.6205512142201
0.980370938312262,7.38013880967596
0.893047606339678,5.96947519098445
0.681182757485658,9.28627484674293
0.740426223259419,6.95475331394407
0.73617850500159,6.51182349566061
0.431016159011051,9.54947082593423
0.582299733534455,6.74766492249569
0.399674906861037,8.82121674146362
0.57681167172268,8.5006558507768
0.0711188476998359,16.1215833548811
0.827263222075999,5.90150049829963
0.0252210383769125,16.087565363254
0.576268899952993,9.35504837942201
0.916207952890545,8.38472454798135
0.761254416313022,9.79748183550205
0.481992416782305,12.0716995247325
0.273141600657254,12.3445005503499
0.139694067882374,14.0919071828646
0.783460593782365,7.45185045091964
0.425252677639946,9.78880188369352
0.0404698760248721,16.2396893809605
0.259815825382248,15.1296386905587
0.3733899530489,12.1482045166884
0.652378648985177,9.40332698795986
0.702140697743744,11.2783924222736
0.544828806305304,11.9389545991668
0.21914450940676,11.3529419772427
0.878541771322489,6.73093571972679
0.510279608657584,10.0954231464434
0.451117840828374,9.53750758623225
0.38213764782995,11.2097911401734
0.342369901482016,14.6032605134628
0.186215434456244,12.4148040051058
0.43523899000138,11.6882948067742
0.360123762395233,13.721079919287
0.438698187936097,8.13554528542813
0.90784421004355,8.72073268081971
0.211523993406445,14.0812982836214
0.534930694615468,11.4313964982864
0.682742008939385,6.18552177196354
0.11924053565599,11.2526484849414
0.904805928468704,6.27728849175464
0.538103776518255,8.22343894769009
0.240131677826867,11.8497813026014
0.919226290890947,6.95635767480704
0.486254470422864,7.42417263636661
0.303414773195982,13.8266855474176
0.8568166855257,6.68911470660893
0.065848431782797,11.0452325384433
0.583453045692295,10.7184735119261
0.534702635370195,12.2039910269481
0.39835288352333,12.5236868667641
0.00476805889047682,12.4554629876377
0.487633623648435,10.282939020274
0.867390532977879,4.28996927246238
0.227257799124345,13.2097928183166
0.71239668270573,10.9248624249486
0.407579448772594,13.4607520691626
0.181023692479357,13.6956617417988
0.454608757048845,11.3239839954234
0.168101646471769,13.918887644771
0.338402542751282,9.63190706230898
0.7049288705457,7.030820773075
0.486541405087337,10.6981453690813
0.96512981900014,1.54370101195406
0.5147037464194,8.47752162930961
0.0773530944716185,11.1735430195267
0.654211011016741,11.6639566317818
0.0696957313921303,15.1542648313436
0.419760820455849,11.4288547299937
0.706922261975706,6.84558700776328
0.802109812153503,7.64294724424979
0.907184055773541,8.47996333768069
0.445315574528649,7.83429481993972
0.269200907787308,14.0418883011149
0.699631399475038,9.17676421857127
0.705428590998054,9.61916182480902
0.18805200047791,10.3960426343114
0.80081958626397,10.0793144576392
0.98589236009866,9.03919425450537
0.763193283462897,4.9806107180092
0.49626437947154,7.5853428514598
0.168489869916812,13.1308604505299
0.958273255964741,8.72542741360088
0.0225197097752243,15.6332521074809
0.486747736111283,13.2376850287687
0.389362583868206,11.4172106444343
0.0638340886216611,11.6303731629497
0.775138716446236,10.664921346015
0.921368112089112,9.20464889746006
0.591717475093901,8.77370984345809
0.479623135412112,13.2257138049522
0.264811082975939,9.37406185804167
0.936277993721887,1.7875001791421
0.683575070463121,10.8428003922142
0.796993733383715,4.78695080814614
0.556360332993791,10.1892154177831
0.618195722810924,10.1182573607612
0.342193668475375,10.3977983693675
0.155096032191068,9.80676900702489
0.477361928671598,8.4168485180661
0.912146168993786,5.07580155027573
0.358067454071715,11.5474103455082
0.539432505844161,12.1132705568119
0.958953535417095,9.13466722837493
0.546409244649112,10.6345242958238
0.646959911799058,6.76259844734077
0.199934168020263,12.7763652359794
0.777850148733705,10.417724654065
0.976415523560718,6.60024952135949
0.866966591915116,5.72338662641329
0.580773537280038,12.3534305100756
0.22145679523237,12.5828406125166
0.193093760870397,13.1360793259331
0.850700499489903,4.6655132838149
0.957984606968239,7.48833563833829
0.112822228111327,11.9999089729922
0.0260424953885376,13.5832807352963
0.446723579661921,13.6227095862571
0.133168472675607,13.7525045326898
0.931656304281205,8.69875523757221
0.352169471327215,10.134759280492
0.527363151311874,8.53968972537175
0.975302867591381,3.76559613940951
0.225053058937192,12.8745242473739
0.718122830148786,10.5580993915082
0.861112209036946,9.58254819818334
0.354491762816906,10.4714334209844
0.721220575738698,8.39035602704022
0.265372472116724,10.0313723395724
0.609105211216956,10.7384594174358
0.0190060830209404,11.025518356252
0.273948561633006,11.0520592188959
0.516868313541636,12.4963229408807
0.45382344443351,8.16830065956773
0.737479463219643,9.83323547143735
0.64893907844089,9.75638841804797
0.858399622840807,5.34821574687733
0.0357670725788921,13.4698966951897
0.241561002563685,12.8650789754174
0.932606855640188,4.79445113622276
0.675257047638297,7.41444704945026
0.262090510921553,8.93925663422456
0.0353571667801589,13.0614018925493
0.811640690546483,9.64425701423387
0.774438806576654,6.30165767372763
0.846153555903584,7.50900889607072
0.864779473049566,6.63252562920468
0.579755045007914,7.24638548584587
0.496154669672251,7.42900293294933
0.278341172495857,10.1831699317389
0.261077594710514,11.9460208231484
0.715582602424547,10.4549870459893
0.356334874173626,12.6027009466767
0.861036953050643,9.78022220472657
0.907433276530355,2.5812337651299
0.192021120572463,11.6778642557043
0.352439452428371,8.53882493825499
0.412067045457661,9.97560065635504
0.986002675490454,1.37940726849595
0.32215431611985,13.807377340702
0.984440316213295,5.0009014765452
0.588986048474908,8.91940424267008
0.909318728372455,6.22135587100741
0.479663590202108,10.9806597997906
0.465942369541153,11.2671363486917
0.237283232621849,14.3413531554402
0.642919194884598,10.6053736960066
0.560980506241322,11.5570267450737
0.0780591741204262,13.282124855265
0.358819772489369,10.5526610102527
0.658133010612801,8.49711480329963
0.201145607046783,12.081420563934
0.414478940656409,12.3315957014798
0.718274228507653,7.35291210800309
0.557489080121741,10.8511283301495
0.271728275809437,14.4963431310849
0.763730257051066,10.1351917858226
0.518898510606959,9.81566387413507
0.515335216419771,10.2422015472438
0.0279375128448009,12.4979360855177
0.735930219525471,10.3148839708558
0.681521251564845,10.8426559013882
0.0667101487051696,10.3957433389858
5.20257744938135e-05,14.0618928986415
0.861583561170846,7.55437895614636
0.586726796813309,8.34424649794537
0.391357539687306,8.68315667121476
0.31577231362462,13.1779374005072
0.796411184128374,4.20391074316922
0.490629218518734,8.81371394808541
0.31167885963805,8.7778987043698
0.42026039515622,9.59793897325403
0.587691069347784,12.001294815378
0.732116493629292,10.1722605664074
0.318974486086518,12.196257994521
0.640506753465161,9.15472173505308
0.7239917346742,9.37746605078577
0.130334872752428,16.9387168789561
0.563604724127799,7.92905000771811
0.159389808773994,12.405567130421
0.304100575391203,13.7192027889978
0.703320565167814,6.49576772127225
0.441181351663545,11.6199295293289
0.863282449077815,6.14256919392232
0.909012007992715,5.34765632519698
0.00537893082946539,16.2352293740561
0.626557847252116,9.14120634155253
0.480023878393695,8.03318187179884
0.180287680355832,15.8202801961099
0.797885054256767,7.79516435367453
0.847459923708811,9.60840236979506
0.986548787448555,8.26081867673399
0.891424790490419,6.00878425391115
0.604500212706625,6.95750579039411
0.426236172905192,13.4706081841156
0.0658711367286742,15.1281058962649
0.888376262038946,9.70563865955266
0.225687090540305,9.67346386400354
0.890035399701446,7.44107740938654
0.936225198907778,3.89926972239764
0.145386594580486,11.4779875279075
0.499943726463243,11.1904903872024
0.818244519876316,9.19367639582094
0.176622510189191,10.5831380629442
0.548863204661757,8.10308390003243
0.158342210575938,12.0596786250988
0.748763942159712,6.71047317373926
0.906057330546901,5.851195088199
0.818221342051402,10.1546907365497
0.267619008896872,10.1254641367273
0.100631395820528,10.2896952226126
0.121218527900055,14.1317335296978
0.686460704775527,7.15169238661671
0.866139801917598,8.52014178702402
0.702426822157577,7.18778900221791
0.641126164700836,10.4066866490228
0.657906501321122,7.58822483167359
0.572204285068437,9.87453680276333
0.998426376609132,4.85441628984069
0.623555144993588,6.75683944920471
0.395759718492627,8.76275724874436
0.0296496073715389,15.2500230671181
0.532164020696655,9.53796056166803
0.707329085096717,6.68130677809083
0.276813275879249,9.36955861407546
0.385827996535227,8.52482710976872
0.923679473344237,9.06729865539228
0.821522752055898,8.33245032630075
0.955194460693747,5.90489155321934
0.225759214023128,12.031359478027
0.819253170862794,9.25878237194288
0.994478343054652,7.2254813023096
0.891472694696859,7.16979682292517
0.831602398771793,7.17944212866988
0.229579386301339,10.0249791271419
0.329296509269625,11.1841411735486
0.468301054555923,13.0445722269997
0.38134868000634,13.4028783344379
0.305670618079603,14.2099100678337
0.749741870444268,6.21740233688634
0.96214146562852,9.15220197457561
0.0931864592712373,13.909309285665
0.465570125263184,9.7131436607598
0.38662117626518,9.37317900024602
0.760655430844054,6.29154410149592
0.591265318682417,10.210538908917
0.302983493311331,13.8333753342307
0.268117062048987,14.7265796906781
0.437137128086761,11.7738194506396
0.830554438754916,4.13528405211213
0.89909571618773,8.81097072326148
0.668920736992732,6.62013343431266
0.873481970978901,8.27869952307089
0.472232969012111,8.83246204598922
0.862365435343236,9.61693505932729
0.649243683554232,6.63700316565287
0.819430759642273,5.63829108039229
0.707488555461168,7.76013441029111
0.792280982248485,10.4712084161695
0.265577635262161,10.8905235520636
0.588390669552609,10.566409958871
0.157609389862046,13.2455792419879
0.963859907817096,1.64413309980798
0.99095282307826,6.13905117763774
0.309449276421219,12.5833937220715
0.697128936881199,10.256241767311
0.468754569999874,12.4718797479
0.704943003598601,9.21780135983378
0.247572754742578,9.18795280278661
0.0458277007564902,14.2919218035052
0.966064566746354,3.67428648675656
0.792064634617418,6.10244443814603
0.598402565345168,9.41049125168227
0.25371642340906,9.84736029954561
0.203597009181976,11.7202361223737
0.670938451075926,6.68850435549049
0.983429718995467,7.53801212973071
0.320773250423372,10.8421542992968
0.401072108186781,11.4796735488325
0.780554456170648,7.60437917510611
0.451865411596373,11.4120370758375
0.585853802738711,10.4298630057707
0.491627665469423,11.2832266966992
0.382779284147546,12.2994450164967
0.149340407224372,15.0183887045892
0.192120908992365,13.0317954247003
0.588540302589536,6.88005725497119
0.567609939025715,9.30900624763318
0.498221789952368,12.5252756115929
0.0417023405898362,15.9133906333371
0.00852978532202542,16.5063545495637
0.572394169867039,8.17468378191146
0.155744836432859,12.1154921785621
0.763850673567504,5.14179243578798
0.785115453414619,4.64304575766391
0.0732125989161432,14.9841668895978
0.7466087450739,7.70168221607044
0.697064561303705,10.5125696601005
0.01547787245363,16.735741127095
0.410898090805858,12.4248736241434
0.882930756080896,3.63061272721332
0.624751755502075,9.8123291677
0.529704949585721,8.69228938095406
0.320944369770586,13.5793007341892
0.547997410409153,8.00663638417809
0.851381815038621,6.50525663461022
0.117306475993246,16.3419394826546
0.533680790336803,8.71335576647659
0.700441567227244,5.41425545499159
0.760135584743693,9.60849424408525
0.39882926014252,13.2015997498507
0.768416341627017,7.33409358171141
0.475927991326898,13.1038417622514
0.162309394218028,11.3435020065583
0.394806857220829,13.2482612685638
0.0692422790452838,17.8112932204212
0.712659542215988,8.89945427135311
0.213241415563971,14.248056060643
0.145133757498115,10.042092811803
0.310138058150187,11.7514101742303
0.258820612216368,13.2694430947958
0.224670175462961,12.8133679348634
0.699591553537175,6.19508030889487
0.82290744385682,6.15740910839811
0.41294677532278,10.6193430337663
0.959351019235328,4.34105837775334
0.410659351851791,13.1588166113303
0.62428498826921,8.24375767689266
0.704008771805093,10.5635438614007
0.551346596097574,7.50363923900681
0.77044674474746,9.97042725928078
0.3138298522681,10.1320467490221
0.892228964716196,9.33487178279812
0.902335851686075,8.59665594774093
0.893585825804621,8.24337742188887
0.193916907534003,15.8985051739679
0.403950238367543,13.7605277943341
0.511708848876879,8.96521868936405
0.285305588506162,12.6428880985166
0.608860919252038,9.78142933074385
0.907794133760035,9.32350505899457
0.038309947354719,12.417917216038
0.545898051699623,9.05570919119479
0.823731865268201,6.45156766870296
0.208257311722264,12.8909761456232
0.199073069030419,11.5236306048421
0.973208100302145,1.66695786444959
0.266596471192315,12.7382623607832
0.385001965565607,8.64938322989581
0.285862621618435,9.84599894153474
0.152611277997494,13.9966092824896
0.133956751786172,11.2698199456418
0.200549576431513,10.6229812015263
0.621767356293276,9.60675067044973
0.489560079528019,9.49518630154483
0.502911820774898,7.37981448298315
0.474037789274007,12.3893389749547
0.495809287531301,13.1263055194751
0.270582977449521,9.21053212363567
0.453272816026583,8.11608385823485
0.601426360663027,10.6837729701239
0.911775388056412,7.30726453205505
0.648791020270437,6.92842591096614
0.560005959821865,8.12007354353548
0.24144468898885,9.43408188468044
0.430625008651987,10.1420064424651
0.76154277427122,10.1908624165956
0.148366313660517,12.7203245168939
0.23134336899966,9.2220207579126
0.787310370942578,9.33872544453621
0.601608476834372,7.49931252266688
0.629062831634656,9.45136823895989
0.550489298300818,12.4334177839324
0.896059880731627,8.87234350902816
0.440866904100403,13.0720917295607
0.257934845983982,11.4350070532528
0.626007784856483,6.81063924334596
0.0950915629509836,13.1168438699692
0.0347397946752608,16.512662357725
0.0521408380009234,13.0853430251548
0.0504380271304399,10.5102357237705
0.347400409867987,11.4883091210834
0.356720563489944,13.0754305545942
0.995962418848649,4.17830963313829
0.381426168372855,12.2762880561151
0.530467956094071,9.82905446754476
0.391379991313443,10.7546236322735
0.488885523518547,11.4326668555802
0.317936168052256,9.61117155694608
0.136640278855339,10.2209534888907
0.983086667023599,6.74785180604599
0.905935283517465,8.90993180118621
0.283193057635799,13.4785432244169
0.537763176253065,7.54999846191125
0.687479241518304,5.94831407373874
0.536501598078758,7.81445716870821
0.77080162614584,10.5124493527845
0.58997799246572,11.0115857893348
0.745012814644724,8.57102409499982
0.162238355260342,12.1092182346448
0.92214374570176,4.04107413525401
0.298044701572508,12.021479951356
0.323252431582659,9.95454411902665
0.278182196198031,14.329357899242
0.0556171487551183,11.7436332216173
0.610855629201978,11.4404166355103
0.918960985727608,7.57557768694133
0.867502038134262,9.41106852952829
0.872910169651732,9.00716986547282
0.321104833623394,8.86782867835149
0.313403382431716,10.3585530280002
0.401280216407031,10.1969607617137
0.688282416434959,10.387358645102
0.489609859418124,8.49620639708721
0.712309521390125,9.35717956269138
0.676510927500203,10.1713209109304
0.651711479062214,8.04362605385991
0.969212948344648,3.27486087701968
0.586896183900535,11.7212993634784
0.142309246119112,16.264305687615
0.339252369478345,13.0512768820506
0.0497868584934622,15.8985734702122
0.95480882958509,4.11787341214618
0.835862834937871,8.02495209097232
0.144162770360708,12.3901456974174
0.459767912514508,12.282882749567
0.156968171009794,10.3930308796027
0.905181037029251,4.30109570114408
0.216833208687603,11.240438126913
0.0333316640462726,15.3770925457572
0.289348789257929,11.0502774554993
0.637328228680417,8.82079225651542
0.350040146848187,14.1620723604717
0.0276822804007679,15.4841398364929
0.662975513609126,11.2277014493826
0.361348089296371,10.2930260420507
0.783991192467511,5.93306882790773
0.906809703912586,8.8397341992264
0.909008350688964,8.07056067991251
0.804720921907574,4.83677512022949
0.140777847729623,11.4684794130756
0.204492392018437,15.7803926250902
0.800852357642725,8.7760926810856
0.426965596154332,13.5590055652314
0.816810626769438,9.39285911163778
0.0685608733911067,15.3136350143257
0.150008365279064,11.7112772121806
0.0477610463276505,13.6741613521072
0.515851529780775,11.9039324296496
0.95325485127978,8.24716144214136
0.386520199244842,9.05153615096351
0.132466280600056,9.99945017929671
0.116674106800929,10.5880143612616
0.450631503714249,8.91725150886359
0.693303145933896,8.2190055305022
0.94792529172264,7.38662065346701
0.786793623119593,8.51539968614044
0.164328415412456,14.1983825125465
0.694505659630522,10.9071425316717
0.515129153849557,10.890178416455
0.530034224269912,7.32522908778507
0.499620475340635,7.65830731332509
0.202608529245481,15.2407913773324
0.0188032565638423,11.8467344456484
0.180461691692472,10.448185597383
0.806333466432989,5.61069126516423
0.495861168019474,8.07797685768436
0.770572844427079,7.39069518033053
0.156322521390393,11.9930823918665
0.296150997048244,8.97987110822315
0.864038531668484,9.54115574418099
0.830380024388433,7.43634082478714
0.658397300867364,11.5346609814282
0.750409699743614,7.73841489850233
0.521281841443852,7.63778825988241
0.126543170306832,14.3790548648399
0.214262476423755,10.7660688147235
0.642828575801104,7.33043088515615
0.6699022075627,8.86028236151478
0.343001456465572,11.3144020418831
0.31704069674015,10.6202611966896
0.318990119732916,10.2448560628887
0.0838935307692736,14.254765884234
0.697042517364025,6.61364834415998
0.170978041598573,10.6766286049734
0.672569973859936,9.59535454460044
0.668782387394458,6.59900889359433
0.0160307642072439,11.810697255851
0.167958598583937,11.4338320192044
0.687000027159229,6.64728276808194
0.0942648933269083,13.3546614490362
0.527508406667039,11.6659188324432
0.476880892179906,11.6203697360114
0.643801075872034,11.4701115028906
0.245551944710314,9.18568037957357
0.744492768775672,5.91647864224518
0.099987123394385,16.1147550798243
0.262733310228214,12.975471455758
0.262071372242644,14.0868503933526
0.46290576714091,8.70227797782395
0.688743739388883,8.85951774064292
0.197881414787844,10.2559184051097
0.506310821278021,8.89043553196673
0.649101465940475,9.8957356933808
0.497429102426395,9.27458148718198
0.634508061921224,9.76256035734968
0.388198994100094,9.18166020103047
0.194498091703281,15.970963591142
0.218747590202838,13.0962640901157
0.953184067737311,3.06707097020513
0.0597591628320515,10.8085308794891
0.6549697376322,9.90108717116263
0.124028253136203,12.1782516777551
0.655022911261767,8.09922611417979
0.926605533342808,9.26973233019246
0.152396501973271,14.9718270852185
0.567170960363001,10.6365859683659
0.319528275635093,9.2787467258171
0.150890991557389,13.8131028591771
0.907965272897854,6.88225706228679
0.458940677111968,12.8135576746789
0.673238440649584,11.1516294446804
0.937374875647947,6.57069467332245
0.166573296068236,14.1893486256403
0.216928436886519,12.5037269650416
0.886680539930239,7.02673937460586
0.0965765183791518,10.4335920296254
0.747353730723262,8.10799206162952
0.296420030295849,9.34412987759899
0.318218254018575,13.5623825514584
0.371788673102856,13.2298439589951
0.0278291516005993,10.7570460646621
0.119842468295246,10.5970277902268
0.298790817847475,11.7249836295686
0.412620063405484,10.1349902644338
0.73234151955694,9.38491720685327
0.835968893021345,9.93576870816105
0.476887890603393,12.0678762564972
0.615205196896568,8.8806541786064
0.435130813391879,11.7725355356187
0.0135565935634077,12.0704405988992
0.962471460923553,5.61675613990846
0.80999772506766,8.6090028339508
0.00589458039030433,14.4244902766549
0.998835890553892,3.72153487576127
0.302372720092535,11.0111690543501
0.532103212317452,10.5159988731319
0.292200678726658,11.9208760990132
0.618135750759393,10.6998302871889
0.447372139431536,12.4195233046034
0.329335639253259,10.7603423950833
0.123604566557333,14.7345022273407
0.324573509162292,11.6388162662572
0.589801617665216,9.59055106887967
0.608435968868434,7.44336975920026
0.938353972276673,5.01826931409292
0.511858719168231,7.1778838605676
0.415437047369778,10.0875168328039
0.925613610539585,3.06918975025452
0.509951878106222,10.6712871223446
0.0396865475922823,16.7481627447534
0.512653748271987,11.919244406832
0.580531234387308,11.1976244613686
0.259561500279233,11.9123186505605
0.978340243687853,6.98055365185859
0.333450200268999,9.71650538033193
0.00813333760015666,11.0195350064606
0.950361447408795,8.50142700968662
0.367204075679183,13.7272354113769
0.767145973164588,8.56297211354726
0.975317130563781,1.88735859562806
0.774214370641857,8.55901138346724
0.891234277514741,9.43986574275769
0.497567648300901,10.9790555538245
0.772507736925036,7.63047672908729
0.922155713196844,7.00149811073887
0.710124070523307,5.86645763375794
0.559142444748431,11.7107342268137
0.855387822724879,8.16856326968049
0.978174865012988,7.2684036334259
0.888407357037067,8.75516666872502
0.743808059021831,6.58896408798699
0.12840836471878,16.834199793839
0.580061958637089,8.15914487684094
0.881684902356938,3.09333664646342
0.226663182023913,11.0381206855006
0.670279701706022,10.3606413332618
0.474410669412464,8.79780123914896
0.947435677982867,5.75506879877871
0.214959927368909,14.4588985781036
0.708552373340353,6.79067822099218
0.543847479857504,6.76618724337214
0.532287310576066,7.15520850331958
0.469681458547711,9.78267346319666
0.130593827227131,10.7983296500945
0.636760015040636,10.2042709339929
0.0307640875689685,14.3335106817327
0.0620345317292958,14.5422923253369
0.663945679785684,7.41494328010609
0.934941275976598,9.3169208039337
0.00962263927794993,17.3270996127966
0.892184752039611,5.78867834519948
0.673324291827157,11.3104848204456
0.744188233045861,8.06695021574056
0.461478129262105,13.2600505708386
0.866063755238429,4.69297953750916
0.129074017517269,13.6603140937807
0.0300137936137617,11.4776978688903
0.518849277636036,9.67138447576151
0.543012005044147,7.5783461534433
0.496728517580777,8.55700666875291
0.389610042097047,12.7068162799461
0.334384811110795,12.7357650743842
0.479988899780437,7.63074364465645
0.96740889409557,6.08161973855883
0.322416438255459,8.65638561397252
0.782970051513985,9.96283430634866
0.26560125220567,10.0355286661096
0.531541182892397,9.99496891508969
0.477468279656023,12.7296410460807
0.257521642837673,10.4748055769971
0.766044829739258,7.00342795267918
0.281045926501974,12.2833637400846
0.102341353194788,13.5478751971477
0.604586365865543,9.71519391448092
0.726196862524375,5.22253722189001
0.222287092590705,11.2858400041206
0.401434755884111,10.3947720597053
0.609747343230993,8.40551808336985
0.380541348829865,11.3207702804107
0.0575976332183927,12.3198432012167
0.439323091180995,12.5823372479422
0.400839206762612,10.4764505314541
0.253567266976461,13.4092205376719
0.707627691794187,10.6738757041562
0.00472335796803236,16.2326906947246
0.622605585958809,8.65990882835343
0.282068139873445,15.0286857166788
0.649499241495505,10.2826245993536
0.0486393731553108,16.4082562617213
0.413514378480613,9.53206533153596
0.516624478623271,12.1369870154139
0.835738066118211,6.17127477085514
0.898779557319358,7.67905931076333
0.784066366031766,6.34231630164664
0.492487557698041,12.4606974324067
0.198937248671427,10.4178309334919
0.893524867249653,7.71608411701612
0.345754759851843,10.0372770468461
0.604664040263742,11.1514082188051
0.993512379471213,8.16419519979806
0.415638586506248,8.72823822224996
0.54448300274089,10.8067038795106
0.788324536755681,7.66143325687601
0.584976469865069,10.8433595309903
0.321077390108258,8.95810927956303
0.74777967389673,5.54205476154934
0.879261922091246,3.75343708731573
0.220918042818084,10.081580919089
0.490062158089131,10.2855976473972
0.27673258818686,13.5230142176639
0.48473569075577,9.02630798527711
0.830821873387322,4.88389659279908
0.469113940140232,10.2487446659048
0.524266359163448,11.5796704954592
0.917105816304684,4.6039346186034
0.394627951318398,12.0383652227442
0.097848002333194,13.4933167868296
0.350180195411667,10.3472535302265
0.233878289582208,11.8469422896445
0.0578853616025299,10.7762821303859
0.707970724673942,11.0827468428758
0.191749713150784,12.5593384804687
0.254704209044576,9.53951938846828
0.39104795595631,8.19309252887156
0.320703492732719,12.4063542165622
0.78434303519316,8.57198405673419
0.437939301133156,8.11281400627996
0.55729304254055,11.7165666867711
0.821347050135955,9.07412931310387
0.683396653970703,11.1015272896163
0.296246055047959,9.87254464271444
0.0319135549943894,14.316113753088
0.820839672116563,5.26561230982691
0.965185183798894,6.7020788395732
0.213782026199624,11.0824551558265
0.832150464411825,6.23866559262185
0.0021233435254544,12.4183262769025
0.222005576826632,10.3974777649455
0.234901688760146,11.835801034977
0.379653494572267,9.9977139942875
0.692133731674403,7.28725397693058
0.0590909391175956,15.2737782563797
0.134665870573372,13.2263878424086
0.792205349076539,8.80589565252232
0.803904796484858,10.3899503353593
0.0578970552887768,10.7926639862081
0.521746396552771,11.0487208114657
0.369950469816104,9.9143004996101
0.906503603328019,7.51484968442032
0.20111009455286,15.902626669795
0.962744318414479,2.74284405749414
0.659666382474825,9.36383154254298
0.800877373898402,9.37183110311741
0.598171639256179,6.44742667669662
0.298491007182747,10.3670882639794
0.0711890812963247,17.5847940114533
0.46018159086816,8.57954659790261
0.913675878895447,7.14531682389647
0.142650212161243,15.5864074124226
0.910905951168388,5.07356423953729
0.168789315968752,11.8049043780297
0.464946606196463,13.3737467974852
0.926003784639761,9.4329363685026
0.294128724606708,8.99195147334271
0.11150050861761,13.9288909933719
0.833996009547263,7.10358516341919
0.944473875686526,4.51455424888372
0.0229909657500684,10.9921154084104
0.685305427759886,11.1711039714557
0.0125991813838482,10.8810873496031
0.422743402887136,11.4438484520396
0.0846642793621868,17.234622188142
0.106742442119867,11.3294318663362
0.0813414293807,10.3047308426307
0.00836941716261208,11.6411614086813
0.639569825259969,11.1993034448547
0.077380359871313,13.3515732239457
0.988287915475667,3.74060514914243
0.996724086115137,2.82651284411952
0.27739005885087,14.8584845551888
0.395574130583555,9.79923786319051
0.0588454278185964,11.437097653686
0.804644763702527,10.0738227891565
0.501764462329447,12.3800557990365
0.515788303455338,12.0953647126849
0.726042359834537,5.27607338652064
0.988276345422491,5.19218790868468
0.226215473609045,11.0054416122834
0.29864802560769,12.7466483871403
0.586346813710406,6.96278969339803
0.0494489644188434,15.6157753566732
0.312870533205569,13.6721358878003
0.143434251192957,16.8956524713778
0.635391316143796,9.01208006211229
0.242439070250839,11.486593866243
0.509226360591128,12.6646445060452
0.355773142771795,9.75557926227636
0.0862231256905943,11.43662698017
0.978801665594801,5.21365864316934
0.719130681362003,10.6213294121525
0.562910525826737,9.42920727119364
0.241212018532678,10.7312685463366
0.730580626288429,10.0085555742621
0.535465297987685,9.32995005135661
0.302339432062581,10.6118341174391
0.501262821024284,7.13899826897264
0.461829835316166,12.0819478884275
0.746086524100974,5.25792222657362
0.0984120653010905,16.7854506095448
0.672801154432818,6.45143104587256
0.381881422363222,10.5853986980879
0.690265234326944,6.72778417398338
0.923431918025017,4.27754848221633
0.808117722859606,8.34539923466317
0.400064198533073,12.3491461293266
0.936850414611399,7.14749679763231
0.0379840480163693,11.4278586756001
0.458317833952606,13.3775449701514
0.617257959209383,9.6577716010156
0.697883756365627,7.25326332313553
0.275895779719576,14.2911217026563
0.44310849159956,8.60059797415696
0.93731841025874,6.41794070617474
0.138745470903814,13.4527569765428
0.270145585294813,15.1026025888525
0.624257047427818,8.62171746022661
0.751544916536659,10.7567789570872
0.306194109609351,10.6543204688077
0.598811732139438,8.65168898661482
0.149293048772961,15.7283788987393
0.864345844369382,8.50458455516223
0.632853252347559,7.96585963562874
0.0529851336032152,12.7706644971584
0.765043328749016,10.1431828229564
0.864200169686228,5.83497777360957
0.979192711878568,7.51227206690262
0.715753935044631,8.42869157712185
0.229412739630789,14.3140008829111
0.242106096819043,9.2916168916875
0.162483979715034,11.8123376861837
0.411262860056013,8.3712539108669
0.92377823847346,6.42053764323954
0.795665866695344,7.4575652415193
0.775974377524108,5.44981610313544
0.890244986396283,9.47633009972263
0.340749118244275,12.5993347484779
0.954530749237165,6.40493279601971
0.281019800808281,12.0600214149847
0.893700955435634,7.21375288635925
0.0434977083932608,14.3939795758004
0.450817158678547,12.7313953053085
0.908281952841207,5.99508094826506
0.308614635607228,11.9706846685975
0.0313650441821665,15.4508450571799
0.479372821748257,11.2380699041377
0.467358448309824,12.7261734755743
0.491361405933276,10.3898438504006
0.946853317320347,6.17825355550104
0.612101385835558,10.5317568762352
0.559636889025569,11.0777207495647
0.227717823116109,10.55929464902
0.331462764646858,13.2834249746178
0.330076689366251,9.43542030359974
0.940239960793406,5.9891949488881
0.501216209260747,11.3236870838978
0.604815845610574,9.13051742319103
0.0362079141195863,12.6739677392145
0.745712690986693,6.47929616886383
0.244988562306389,13.3727992713096
0.337830508127809,10.1611321977192
0.00265638553537428,13.3341165519629
0.968611160526052,1.07881499562762
0.0535213430412114,11.2051365929521
0.799281486542895,5.31717365054369
0.838222559075803,5.52964358053132
0.401847672183067,10.907715916321
0.182952248491347,11.7567807190381
0.37278423528187,10.1359073956744
0.075576652539894,11.2454608473721
0.787957045482472,10.1422685167275
0.682601219275966,8.61747240124527
0.0923302080482244,12.9190808088832
0.530186214484274,7.57691961564158
0.933075451292098,4.48130373688806
0.546456418698654,7.50815382168738
0.771212554071099,10.7547886206761
0.235790015896782,15.4829385854123
0.800115650519729,5.10085607024145
0.055114220129326,17.0374970934663
0.507533343276009,10.8896688084167
0.311995826661587,11.7284804874247
0.182381683029234,11.8547215449361
0.0429612100124359,16.3887822210932
0.780821937602013,5.57215893191639
0.0579201630316675,13.6218802126982
0.117766663199291,16.1903905972827
0.692137216916308,9.87825916913894
0.236372945131734,13.0940624158989
0.639054607367143,7.15068136582707
0.263175454456359,12.930453024534
0.196377729997039,9.74665663065886
0.807705290848389,6.00378319387155
0.979796178406104,8.72067962962972
0.0783736275043339,12.9560200628909
0.00781931378878653,14.3395368489195
0.189407941186801,11.2677034847356
0.982310456456617,3.31914982594556
0.58146212133579,8.7246138816682
0.552949470700696,11.9126335746846
0.613808296388015,9.26137784140389
0.0863661975599825,10.3596690549164
0.821978092193604,4.53498475339599
0.281642027199268,9.57005209899675
0.745711682131514,10.605530702043
0.0507330941036344,16.1773699918534
0.366953957127407,10.6740574778506
0.286090379580855,14.7145465923483
0.87458947324194,6.39622609620829
0.223692689323798,14.1070049205401
0.550701932050288,8.49066518889079
0.401216521160677,12.6153935550985
0.664534488460049,11.2824060384852
0.916105502052233,7.78858681339078
0.688990768510848,10.2283351668058
0.939087352249771,8.87549101596245
0.944556856527925,4.77408044586612
0.338990830350667,14.3644532510874
0.399888460058719,11.2720422777836
0.624998392770067,7.43479160779001
0.369931985856965,10.0420435654921
0.979274857323617,5.07808757253537
0.462079018121585,7.99693753326401
0.204745494760573,14.025110636146
0.492644479963928,11.4853836932033
0.029052390018478,14.9962945897741
0.324463919969276,9.15212020686579
0.546404847409576,7.56796373544008
0.535992461256683,7.19153317432436
0.840063808253035,5.81909159746479
0.806343137053773,5.09714217734507
0.611924600088969,9.91950684731104
0.253730983706191,9.17215017939234
0.768210236914456,8.26407343247742
0.813075332669541,9.44098001567473
0.564906919840723,10.393631123034
0.572435515234247,6.85998822368337
0.693851076299325,7.63449678398861
0.698293202323839,8.01263084880163
0.329706808319315,10.8019847645822
0.940787344472483,6.98733209927363
0.261916660703719,10.224375215496
0.117842787876725,11.6243151434232
0.975899200886488,4.72388099296246
0.0584010276943445,17.6063419337574
0.34053941606544,12.2331858901186
0.774075086694211,7.54921975452943
0.304793320363387,12.9374642225963
0.451397374970838,8.50239643829329
0.771820799680427,6.23201979027163
0.00880328100174665,11.2135740794606
0.522754672216251,11.8414092110083
0.726600475376472,5.46927955574695
0.740215272177011,9.84318074572871
0.37504280381836,12.4370591812476
0.271568255964667,8.94266089748612
0.188630218384787,9.75928172761355
0.768157518003136,10.770964196985
0.624615635722876,10.9015401549058
0.052565491758287,10.6888413459635
0.967685014707968,4.38358245148565
0.348195791244507,12.309867447784
0.18830643245019,10.423974950095
0.795353888534009,10.4513382649838
0.507353889755905,7.59921308506191
0.841444451594725,10.0580948227742
0.427358677610755,8.86961249839746
0.662592645734549,7.20342055810374
0.0885967249050736,13.1799656109278
0.998360034776852,3.67644223410319
0.670464663067833,6.68267705848671
0.844443146139383,6.92093867921917
0.400266020558774,11.1154299319332
0.71023920038715,7.38878189721947
0.726964766159654,10.8051795648396
0.22025120863691,11.5119079696762
0.762378786690533,5.19724660842335
0.439940545707941,13.3966295857912
0.182176311500371,13.5541300168262
0.0545661945361644,13.7517384634915
0.213207412976772,13.0919405961531
0.357437552884221,14.5093121465834
0.472808721009642,9.99239138968552
0.385107703041285,12.2071659039313
0.498974598245695,9.47483628968839
0.984317944850773,7.9722184502724
0.155248873168603,13.851258949079
0.490284978877753,10.4036805594127
0.100322832819074,13.4297495607861
0.0971994423307478,14.1405494681664
0.232582673896104,11.1145901793669
0.884596586460248,6.2033703912461
0.49520295439288,12.0577429266126
0.411237087100744,12.5297925724279
0.0135159480851144,12.9627442008597
0.808157287538052,10.0712834592216
0.827130648540333,7.31275084263451
0.242943690856919,10.2067227812351
0.533484298503026,11.2243480459533
0.964942017104477,2.6077960915811
0.418303673388436,11.9920210624193
0.680051567731425,9.10339629124405
0.219161863438785,9.38574324937553
0.673454774077982,6.86334268060272
0.635725036030635,6.53362188336107
0.72306830342859,8.55323471209223
0.0291941629257053,11.4810905438727
0.641863608499989,10.5090596708638
0.454297744203359,11.0919605073503
0.298425687244162,14.7003915034924
0.974389394046739,7.40039421010726
0.761125493329018,7.49807036465082
0.621602339204401,7.52247047553937
0.11466908431612,13.2952694947391
0.249876052839682,12.9996127834052
0.0302356334868819,15.7898597953287
0.316139093134552,9.75310141977993
0.790286997100338,8.5265116846049
0.546777697978541,12.0238303436029
0.434930135728791,12.935632330351
0.48806943395175,8.90398270030764
0.932635466801003,7.15429196809805
0.137432328891009,13.5106309081702
0.097029444295913,14.4031553563753
0.734200678765774,10.0403945255108
0.992432800820097,5.40852625599326
0.635570051381364,6.53216963481614
0.0817693672142923,11.9141276346008
0.867567390203476,6.43821526115972
0.947378349024802,6.23417215148018
0.150032394565642,12.3921369316419
0.338650344638154,11.2656787430459
0.703993113245815,11.3335982158469
0.833765313727781,3.93926798904784
0.66781992604956,7.62929728658489
0.62486221594736,11.0344472193326
0.677323383279145,11.5238312948932
0.995736132841557,6.86447799740458
0.148147662403062,15.8645168676983
0.231338984565809,12.8639280058775
0.639698086306453,11.6646819488566
0.845868775155395,9.07291457581338
0.982539227930829,6.58523455565267
0.903949780389667,9.28938579086521
0.723602518206462,5.84687111323709
0.0703266700729728,14.943326090193
0.264395233476534,13.116909332774
0.785922295879573,10.5101254056464
0.379490970401093,13.2600367253759
0.732091246405616,8.41776521093371
0.85892925853841,4.48145673523298
0.13185706268996,15.1800990143661
0.789181727450341,7.81121527637469
0.987043647328392,6.67843903463192
0.797900127945468,6.31721313714623
0.0304557085037231,13.0171075366892
0.551378918811679,7.13069311930996
0.878126838244498,4.05413097259036
0.831786575959995,5.91161109744741
0.245604511350393,13.1717380327877
0.350526477210224,13.2805277485102
0.468563037225977,10.2831751065572
0.371222172630951,9.12765420326873
0.417788315564394,8.1531174452228
0.8471499690786,4.31085345410455
0.855404411209747,9.62798278901729
0.494804584188387,7.42241972476755
0.275638752616942,13.8549840859798
0.88947819173336,9.41451300994367
0.000709994463250041,11.9056279429654
0.493593393592164,10.2525672538399
0.44082207698375,9.42564469068141
0.757513219723478,7.35289148517926
0.567221171921119,8.87658023730859
0.961067689815536,4.94603608151978
0.56385149108246,11.7214255911468
0.161448679631576,14.6957261437865
0.204131657956168,13.3879959678729
0.379202906507999,14.3605898094134
0.108174863969907,15.8513529149105
0.332292215200141,10.3041754737489
0.822092077229172,7.8748328421922
0.655331659596413,10.6820775470304
0.177141591906548,11.0102461122298
0.0988331332337111,14.4984674788473
0.832765035331249,8.36098919282129
0.29895121534355,13.9860164731638
0.140628731343895,10.3715595949886
0.551948460750282,11.8609534226502
0.488577954703942,8.41884252825694
0.665244492003694,8.40202115194637
0.485662722028792,7.80775273704595
0.396316963480785,12.4701084375774
0.902457972755656,6.72679814034258
0.37305268459022,10.0237177243217
0.168781719170511,13.2882689734315
0.663131956476718,9.04342323744921
0.902367734583095,2.77205321364585
0.927982135443017,6.16102346437083
0.995860761264339,2.48959139162918
0.278546703746542,14.5341461279711
0.937057630158961,8.08846158526149
0.785672005964443,5.78907510853015
0.770319576142356,5.69568618246938
0.0449624783359468,10.8757545584594
0.36427912930958,12.8717878624746
0.753073868341744,8.61717850806039
0.863434388302267,6.99372382352019
0.410073048202321,8.46884812178156
0.818246544571593,5.61606237829624
0.777994349598885,6.79370489296621
0.573868677252904,9.41172911741686
0.446442543761805,11.8303669172973
0.678658643737435,9.01178431820965
0.51889301254414,10.4682892768716
0.437766491202638,9.71805186462461
0.182427841704339,13.4375732406872
0.0580791933462024,13.48656459514
0.209794096183032,10.163794123255
8.66793561726809e-05,18.2991283852344
0.965484396321699,2.13178369363798
0.189037000760436,12.3156823520891
0.399288366781548,10.4810078396953
0.997980541083962,6.73251625893448
0.795936628943309,8.53844194899585
0.312808878021315,8.7822858936139
0.890388166066259,8.63978559742582
0.908487174892798,4.76865735884536
0.0970862489193678,16.9007319077487
0.87566183344461,5.42816927253251
0.683571127709001,11.2900546032367
0.183160404674709,15.256256164769
0.0130427393596619,15.2630922624991
0.727727356832474,7.87220792563524
0.255250475835055,10.785238168549
0.027844798984006,10.9958412837314
0.30967836570926,13.8584429566445
0.786654502851889,8.39916233333618
0.813620390836149,9.20265758365027
0.0606516895350069,10.4482570506063
0.293914927402511,11.6213864129464
0.0843232378829271,12.3090705676725
0.844394814223051,8.76921063974052
0.867960993666202,7.08250761645058
0.645715125836432,7.19372488274911
0.915119054261595,8.20342814883102
0.307989745866507,11.5892961303981
0.470078933984041,9.38115415198899
0.701828930526972,8.2677546180099
0.197743871482089,12.6567909930315
0.371789109660313,11.5184865411246
0.688459060154855,10.9551653677787
0.237771990476176,11.4498031662896
0.652240384137258,8.65167536876813
0.110930983442813,14.1685273677058
0.978622985305265,8.60544108444057
0.978570169769228,6.04893069264697
0.839373083785176,9.57707005712131
0.274330823449418,11.2022723067212
0.134485548362136,15.7503646107255
0.609176983358338,12.0423201814241
0.410586138488725,8.28971755738426
0.267664997139946,14.8204826782709
0.111477791564539,11.3348813858489
0.306784190237522,10.0588426570507
0.942085573915392,7.18500734582462
0.714959279401228,6.6080267689416
0.938251724466681,8.7575182468054
0.746606591157615,10.5885741148023
0.340753061929718,12.6575722029162
0.769976291107014,6.95680063718081
0.391483613522723,9.92003579755287
0.712752712657675,9.10872101196954
0.766302153002471,6.44786002445522
0.952523275278509,4.02944188777542
0.356117857387289,8.81946243225132
0.74595077498816,10.0523477013504
0.453275020932779,12.6375292097311
0.31617707782425,11.2620266456732
0.267168222693726,14.8806822304101
0.834471207112074,5.58763895223369
0.547405964694917,9.61776587216161
0.492672468302771,7.37299627894683
0.360734963323921,13.5988284016038
0.0915361167863011,13.5563755411169
0.220573768485337,12.5271304090092
0.95278022880666,5.29891106969543
0.289012086810544,10.2131778369361
0.0959956352598965,11.7367998001617
0.686309456825256,7.24521970946483
0.908665696624666,8.37337786643285
0.236797608202323,13.6606434459314
0.489235526649281,8.67424296999124
0.381039006169885,8.90471358910673
0.941397149814293,3.38867442290197
0.671247590798885,7.52357252592362
0.408327978104353,9.00958711038858
0.711307664401829,6.86562725082822
0.796504417899996,10.0178915722646
0.861076305387542,5.61773282302233
0.313434502342716,13.6608025235692
0.195129053667188,12.1921315257772
0.896160911535844,6.56390336352171
0.582351076882333,6.55812426195711
0.418096511624753,10.6546650330891
0.787592551670969,5.2375380183275
0.753206818364561,7.22302462310282
0.370410534320399,10.4963060767826
0.622792312409729,10.2130307704498
0.722046538023278,8.46214743452466
0.460447692777961,10.0426157729652
0.648605046328157,10.9963485296117
0.910865597426891,7.21223348996683
0.544399560429156,7.35244031021122
0.4049776813481,13.3397132506304
0.646437325980514,10.874889743103
0.664859814569354,8.52102092029194
0.130510724382475,14.0868938153657
0.597695510834455,11.1693289455795
0.843702788697556,6.05230575020923
0.269629264250398,14.3710328006832
0.11638981057331,10.445655265598
0.0221598458010703,14.6075218795274
0.878341344418004,6.43698162375881
0.666839708574116,7.77899951960224
0.604945360217243,6.8410708719996
0.749945922521874,10.7874147590963
0.161346228327602,13.2779614672122
0.132062901277095,11.6231627532258
0.68874057312496,7.15208269312862
0.615651744650677,7.54796859132355
0.515958312898874,11.5380876322527
0.380600250558928,8.74595637804355
0.615898674819618,11.7184305128534
0.680307040689513,8.57416576739516
0.715040684211999,9.67375819086538
0.345521457958966,8.89034413433032
0.698300740914419,8.4792779293487
0.942353844176978,6.67668328295252
0.903354652691633,7.99413200630702
0.512682663975284,10.3357672175974
0.84897850966081,8.46867416392826
0.877690281718969,6.54489051554081
0.839887430192903,5.035824965285
0.000132384011521935,11.187332136738
0.520356136374176,6.93946247668703
0.896047457354143,5.33158436528427
0.795428914250806,8.06260197852433
0.277375923469663,10.3415752790548
0.681714409030974,9.35928621600511
0.816474572289735,6.64612711924653
0.458042479585856,10.2344277952085
0.735776145942509,8.77222423055091
0.978054762352258,7.1040876075174
0.086335442494601,12.0389842059461
0.0244373977184296,12.9668832301642
Rho_s: -0.800259411564853
Rho_p: -0.79091253515327
IC Time: 0.00999999999999801
