Rho:0
N:2000
0.630256613949314,10.9780863559239
0.819316357141361,13.2332385948769
0.697255025152117,9.18547696067569
0.905385785968974,8.1805467772869
0.19453306356445,10.9378509429175
0.164952594786882,9.01891392373321
0.0895592069718987,10.2352748060139
0.837335622869432,6.5555814841226
0.485484076896682,7.45418040775066
0.904553457396105,7.09571233736568
0.796111196978018,15.9476290344591
0.616602421971038,14.460590530391
0.529864430427551,5.47913464667785
0.914036737987772,6.12294667951577
0.870185344945639,7.99598282093734
0.316441103583202,10.527773353667
0.680362130282447,11.1713276234752
0.946522695012391,14.011232190942
0.751479307422414,10.0743850428869
0.806745102396235,6.67998776598541
0.582871440099552,9.93675268825812
0.825918263057247,12.4121445079056
0.733461213763803,12.0056784437457
0.315957410959527,12.7164528432287
0.882995446911082,9.46710758088
0.122740298276767,5.46306891671851
0.100941082229838,16.8073792768547
0.871630861889571,9.92769512739181
0.190878563793376,7.73690154350679
0.11514012189582,5.65149626146223
0.608460334828123,15.7495243130289
0.512630031909794,11.3908707268103
0.338088412303478,8.94426200578211
0.345373883843422,12.3459847396968
0.707281910115853,13.4817451334957
0.298582020681351,9.28276903656299
0.968018671264872,4.09860042470104
0.517674532486126,10.3601065968918
0.802086882293224,10.0977684577969
0.106626886175945,4.60248869284091
0.531877824105322,10.2788599354747
0.981595258694142,8.40799607573907
0.639654013793916,12.6186912090292
0.262668089242652,11.058919048054
0.851700805360451,7.95870487454799
0.203774752793834,4.18279037440593
0.59836961235851,5.69065417778361
0.0733233247883618,13.2262367337533
0.879805916920304,9.18666934415128
0.206451026489958,8.42722531208988
0.282897769939154,15.0508009259978
0.642866018461064,12.0434155696461
0.727025816217065,13.4693809491891
0.386086366372183,13.3633279744287
0.601505283964798,12.2319542100891
0.614956967066973,10.1036258156137
0.895450426964089,15.5258029116716
0.684648596215993,12.663656553091
0.154129230650142,6.03923806877287
0.0768165322951972,7.0909265464565
0.350802301429212,13.5837605951928
0.464685487328097,10.093435855062
0.999698264757171,14.3825053425843
0.624626210192218,7.62662937466384
0.955158036667854,8.80920843865433
0.0532737437169999,7.1932553816585
0.167087942827493,7.20454357951836
0.527838040841743,12.764901620102
0.0198853637557477,7.38444143887292
0.379985055187717,12.3898205221034
0.0856168561149389,12.3104784606308
0.32287932257168,6.41197146907722
0.0882152547128499,7.5997164983946
0.18898214166984,16.8855327150576
0.414701375411823,6.07997299629659
0.883713734569028,9.35457242596902
0.904540543444455,12.5127531164748
0.99061200232245,15.4640494584688
0.0390616341028363,4.26332769485964
0.340533600188792,8.37313965035227
0.681035292102024,7.99819801932536
0.752734541194513,8.61227841982871
0.75533760804683,7.4693091425402
0.0120044192299247,6.43045899319127
0.326220547780395,9.3317849242066
0.803186940262094,6.71658402730115
0.997369500808418,12.1932246705691
0.21817492833361,12.6219829276163
0.331672050524503,13.1445920868581
0.564635451650247,11.9470535765023
0.545146969845518,7.63995205465026
0.171753974398598,9.06220045446859
0.203024949179962,10.5807108910461
0.505948671605438,9.95559639519626
0.910774652380496,13.6556875673585
0.740934318397194,9.52312119900082
0.184707988984883,13.7824455225199
0.367808764567599,13.0681099726711
0.750257653649896,13.4859415983197
0.828434239607304,12.2667283924022
0.171805755468085,13.389899931027
0.548855404369533,4.64111517365406
0.117877160664648,12.4730998368741
0.960543770343065,8.52828919230643
0.175205025821924,12.0050820223248
0.389713725075126,9.65164031390184
0.984394897706807,9.26222863820214
0.956807534210384,12.3202203172811
0.569396984297782,13.1311239878774
0.395552970236167,9.58130628225793
0.698301183991134,10.9456143899952
0.636120052775368,15.3045615766925
0.300564251141623,13.5494444465756
0.668386560631916,7.4075867876184
0.983862004475668,7.222989628435
0.989751215558499,12.8141300949376
0.769543865462765,12.6812418291776
0.900874313898385,8.5741217842877
0.549039279809222,6.04065205314737
0.0775401089340448,6.81800323101063
0.398913794197142,13.8551512956824
0.218047670321539,12.24328272077
0.303151728119701,13.5531517180748
0.126217563869432,12.5381455951315
0.73604106833227,4.09485065671203
0.836317922454327,10.0050521790435
0.105890317121521,14.2961553825528
0.110560975968838,13.2766670116023
0.827994185965508,6.94664319431066
0.461833364330232,9.99627679149359
0.708076285663992,6.31280753764064
0.117264595348388,9.6025647192152
0.836787809617817,4.31498902813298
0.391998944338411,10.6262092380087
0.80756056541577,11.5691031321152
0.805350246606395,1.18337648075873
0.121433523949236,2.43576924332512
0.167885542381555,6.92684069913086
0.177508325083181,7.07940346088904
0.638814329169691,12.2659655893265
0.647060912102461,11.6503251533279
0.348319221520796,10.8164153922846
0.696293347747996,10.9946143168755
0.404976492049173,16.1782069540931
0.878996088169515,11.5382044637272
0.33971106656827,10.1091579236452
0.218343545449898,11.3745500778459
0.543984579388052,8.47798426978904
0.90860825474374,11.1494640308434
0.628181593026966,6.54355408423784
0.145909249549732,9.52839016114348
0.342963915783912,12.5551927437285
0.553429705090821,13.8117021474239
0.478636892512441,7.90097160684308
0.125441513955593,-0.576074571235729
0.14659287314862,11.1255432943279
0.40443463018164,5.87211575041997
0.825479091377929,7.32507999282126
0.382210704265162,3.41918027866495
0.578387546818703,9.88555577807552
0.405508936149999,13.4879377086165
0.0627053405623883,9.92794577573574
0.935302129946649,9.37323837040764
0.745222509140149,8.82026194538264
0.363372653955594,8.47482212886264
0.386317155556753,13.4550486179774
0.423551172483712,14.4242204098529
0.787452333141118,6.37882282716918
0.0264349866192788,10.2328696036703
0.798934797523543,9.84617806230066
0.754570127232,11.755845369669
0.80301335034892,16.3807580984205
0.820408155908808,12.3416918063815
0.526806835317984,12.5087373034987
0.369699832051992,8.67455463307861
0.261989200254902,8.80632886980688
0.817750565940514,11.4237680371357
0.314997910754755,9.80518075687957
0.937903930433095,16.5898177656483
0.49993344116956,11.5561154813097
0.658534615999088,8.06135423141978
0.963264887686819,5.93797024092423
0.460269106552005,15.274559924838
0.666491507552564,6.96116044710304
0.0673058393877,11.6344959105241
0.40014195907861,12.2566299026292
0.374052657745779,10.3566670871797
0.790382752195001,7.22971066984294
0.357948116259649,9.5888224578311
0.274779915809631,8.10317633354674
0.870719216298312,13.9505165245747
0.92825374007225,10.7153386848292
0.348220798419788,17.1945212334143
0.420513895340264,8.58999473796957
0.987507258774713,11.1155202509351
0.64136027591303,7.1436480736256
0.433578093303367,14.9680884179606
0.342961975838989,11.4141060161618
0.760624923976138,7.37887417361872
0.551262103486806,9.30934581094474
0.277924430789426,9.94785837663711
0.236526695080101,5.28769338944294
0.771138001233339,13.5701290262688
0.0431772721931338,12.0806862159897
0.689810721436515,11.889218797892
0.653038159711286,11.1884385649386
0.756027842406183,9.76222638716922
0.480588134611025,13.9344151703196
0.107703228713945,10.3771500753261
0.704866112908348,7.21907554032791
0.882038749754429,6.71789572564228
0.913696846459061,8.60748350722472
0.878578381147236,10.0169256617487
0.39361277827993,9.28986917801854
0.95316504733637,9.16349603570134
0.997393789468333,6.8249156656663
0.53944663121365,12.4326090816013
0.931830369401723,12.0099933875461
0.730714785633609,13.8931203667383
0.878661561524495,6.48272467466077
0.590220864862204,4.34280517532542
0.174805271904916,9.0888982869435
0.269419653806835,3.24228744209002
0.123127515194938,7.97552168956037
0.103220814140514,8.16493043561087
0.348276460543275,5.65600788220659
0.909212788101286,12.9982793342103
0.861698952270672,6.74916627462857
0.303649308159947,10.5454088510072
0.408985479269177,8.40824747908698
0.75117002427578,7.73317537248082
0.947409260552377,6.73833275515563
0.884320894954726,5.48347447255945
0.0504189196508378,13.0668162797149
0.309050926938653,8.54568170886358
0.564998037647456,13.3696048203759
0.997236197348684,8.96886331549229
0.956552013522014,12.4898755756007
0.287319983821362,11.7574518912779
0.661462804535404,8.66088104857913
0.665034925797954,7.43494629108016
0.821983688510954,8.90918152224255
0.995668577728793,11.6185307059362
0.33142799208872,11.4544725958759
0.0477885722648352,12.8036010971211
0.895977932959795,14.2389593443887
0.340135715669021,7.76514999389151
0.811178142903373,4.52007837482158
0.873810675460845,9.48534143949863
0.80261840694584,7.24750621405145
0.906862693140283,14.1421679061124
0.0750432498753071,10.2344447534071
0.185495868558064,11.113694642477
0.301860129227862,8.74295462231347
0.897267752792686,10.6836860140361
0.34358077053912,12.7863645995174
0.255425635492429,7.69094695113189
0.795943037373945,4.7363610023501
0.517370438668877,14.4388190469782
0.542763205012307,5.43880123488507
0.806239243131131,10.0211131157972
0.415515578817576,16.9776819746721
0.334946411661804,14.6804695189182
0.173784142825752,3.77422316484505
0.0479273274540901,12.5773650322734
0.624146772082895,12.9103379851397
0.93419111543335,11.2728856036837
0.61322280135937,11.0083589150459
0.191806946415454,9.13907310974392
0.794628536328673,13.3516196822223
0.812633983092383,5.94523690691763
0.863056300207973,9.03157345034212
0.463922958821058,13.7080444351116
0.43466772697866,3.13335631360071
0.120682427659631,11.8895123701083
0.0341095647308975,11.784898559322
0.163215498439968,11.6931590904594
0.532793923746794,4.9658564923571
0.307858782121912,4.48680655972595
0.140657091047615,13.9460919488309
0.242980985203758,3.51066305173662
0.19686849298887,7.8422911336646
0.488270053407177,10.4062560330943
0.388930868590251,13.3624982277342
0.585517198080197,6.60754046231552
0.387538207462057,8.62391702380146
0.797081009717658,10.8902422787997
0.759807878173888,9.85846234128922
0.129958833102137,7.85128434500068
0.333112681051716,1.91099048384009
0.557477230904624,6.10337427880588
0.697220783215016,8.35794824638975
0.544692512368783,10.1020817326545
0.134894364979118,11.3313285845353
0.632101765833795,5.57823094097269
0.435910172294825,11.5231958865719
0.870754941832274,10.5941317653696
0.738094000844285,11.5487851362201
0.720990407746285,5.40520539455486
0.419283405644819,9.49884678012489
0.124547543702647,6.99696623118715
0.209443433908746,6.7549918907907
0.867708560544997,7.66542033297651
0.120084719965234,8.36497760472907
0.766087518306449,6.84358627090804
0.671899009495974,7.22684750378988
0.116048626368865,8.12418040107927
0.647340129828081,7.24210413085387
0.857277578674257,9.63729288765004
0.160349334124476,11.6079692488115
0.894464314216748,10.1679559650158
0.147805084707215,12.3183147778836
0.159613991854712,17.4796030895798
0.462826516479254,11.301482568112
0.0608156768139452,8.54169100857918
0.0546937012113631,10.0482776583842
0.905061058467254,5.69033788687731
0.67665056954138,10.9563274945661
0.166151843732223,7.3566718888268
0.460320952814072,5.48990603129994
0.698710036231205,7.84813313399527
0.942746976623312,9.26304707947286
0.804568844847381,9.73697822291689
0.0649395587388426,13.8167045111107
0.258444851497188,11.1405996211201
0.466534895589575,8.81839097670459
0.524971715873107,18.4320267336117
0.0196719823870808,9.86629784445267
0.938543752068654,9.51297978339748
0.962063554208726,15.8754462275659
0.946236076997593,8.35569590000113
0.0172233751509339,12.9361855892291
0.000757288187742233,14.9362130899537
0.992330331588164,8.41560364576126
0.615475494414568,9.74233841760333
0.0379372935276479,8.05323167261939
0.459351557539776,12.6598976805414
0.29033470666036,9.55827261039674
0.780610445188358,13.1464248277157
0.518344099400565,9.79572869406157
0.825805854983628,15.0449383701797
0.74608271731995,12.6854206955391
0.383282629307359,6.47244282657318
0.501163328299299,11.8783480575848
0.21173493610695,10.9281493760722
0.0567080960609019,9.34551251810492
0.42744998796843,9.38433607352601
0.333103941753507,8.51599044068303
0.94644583738409,6.7648366367474
0.893761531915516,9.04487221060896
0.768346601631492,15.1100628392132
0.010874499566853,10.5844266060635
0.0305701203178614,11.5207794964116
0.574913237476721,14.1338476418805
0.570520158391446,7.55446551916488
0.782787838019431,7.68613161934535
0.815062525914982,10.8556878640629
0.430876809637994,5.32880070426979
0.852505484595895,7.11374621733821
0.429808764019981,8.89993326236879
0.984093034639955,11.792778254484
0.670503712724894,9.43029701362098
0.561144777806476,13.6632721941407
0.90078837890178,10.3613717032645
0.841193980304524,8.0049026877233
0.976743392180651,12.0583881023055
0.018045911565423,7.25323234773876
0.621338769095019,11.5940543134642
0.765642046462744,8.98307740329009
0.209555546753109,8.76091261550557
0.877204432152212,10.8561855722421
0.701772751985118,8.69698880830967
0.506608404451981,11.2895451135106
0.899530209600925,8.90973828861574
0.586770855588838,9.14593824935785
0.087449026061222,10.9315653809453
0.829621506622061,5.54469728040326
0.0514294416643679,5.41089403743685
0.340277932584286,14.4928768173507
0.92224358022213,10.2924650587117
0.0403188746422529,9.13114827953035
0.0906542902812362,10.6955728182407
0.113588709617034,8.08152134531284
0.525381276616827,12.9856906721541
0.479965850710869,10.7771662546901
0.343259728746489,14.4797432003483
0.102015065960586,14.7269960346734
0.137749288929626,9.48522483996334
0.485014414414763,9.15138488224301
0.604631005320698,7.07017238325021
0.599793865112588,10.8845404988018
0.464523726142943,14.2402604383599
0.687915660208091,7.42617107561194
0.235996028175578,15.9446167211794
0.160919656977057,9.10797509783653
0.719584022648633,15.2144109147794
0.0154037775937468,11.3348247641257
0.813687784364447,6.27162737912911
0.000539717730134726,9.90363978243704
0.95658209361136,10.1707473340323
0.775972401956096,8.00891818746755
0.783044725423679,9.77665455740685
0.846779538551345,8.41730613664582
0.223998370813206,7.93376968266382
0.933775433572009,10.7248212938138
0.151194996898994,6.61896170659588
0.410492822527885,9.07366117949128
0.1469211129006,10.1624260349838
0.935676508117467,6.89873977822345
0.0578235262073576,12.0059411067312
0.932744297664613,12.2398879349438
0.392826426308602,10.4173545520835
0.527010540477931,11.8567124952612
0.85354860778898,15.4959604708007
0.46656226250343,13.5154847414486
0.640360136050731,7.49570176949608
0.459034200757742,10.008822931597
0.393485507695004,12.4719178895353
0.342482381965965,4.87410839080114
0.234748679213226,9.78236104153416
0.149985104100779,14.5856741140315
0.0969959052745253,7.94388807954179
0.232055905507877,10.5921533883346
0.795627083163708,8.13411389854548
0.782333883922547,9.03839426978596
0.942995423683897,15.6913160740482
0.510615802137181,12.3295868546101
0.97347344388254,10.5435617899929
0.323568432359025,11.6032340361778
0.268368365475908,5.13941575979132
0.267697729635984,14.7016463116023
0.650172551861033,8.80013629209708
0.559782912256196,5.56291081573826
0.607383204856887,7.41138918900968
0.940389685565606,8.66152727696811
0.0260425386950374,9.68823561326271
0.736046444159001,10.1133059341656
0.767661904217675,9.97023698378773
0.487806017976254,10.4735110009918
0.452197012724355,5.58833083119015
0.0108648694586009,4.17250227821466
0.636594675248489,12.1123714597303
0.445284731686115,7.98497902186336
0.772021867800504,7.52337675524639
0.587092184228823,5.20856162507382
0.310726835858077,8.19494642882073
0.785135187674314,10.138585240185
0.106627960922197,8.81792934470011
0.940748400287703,9.59917817307126
0.123475204221904,10.7232103512161
0.185024982085451,10.5322596690036
0.554045031312853,12.459129816035
0.632405744865537,11.7397005634769
0.0207543696742505,4.96816499120777
0.691362614976242,14.8968021584526
0.214507732307538,3.33087694919925
0.604386237915605,7.43015957848601
0.440718217520043,12.7787403461495
0.334315740969032,9.97406745081058
0.439123929711059,4.50673387330137
0.384973959764466,8.73924077654894
0.850035177078098,10.1844412341177
0.269448008621112,13.4540099119612
0.11038033477962,7.82003343896803
0.802632954902947,10.1833984158584
0.205830935854465,10.814032896288
0.549175034975633,11.6995980070259
0.877755473833531,9.26164602700151
0.641261090291664,13.1838399624285
0.733815815066919,6.41096055329199
0.537047662073746,12.076402483449
0.457645589485765,12.729249880017
0.172929290216416,11.5687607376424
0.0890422584488988,9.85342465823592
0.955507496837527,5.97140754152688
0.310480020707473,12.8674377912338
0.24256560835056,11.3312037503663
0.511739868670702,7.81121151377978
0.999278799863532,12.9690519487787
0.408723934087902,9.96850931463631
0.63128214282915,10.0619923649489
0.788064617896453,9.91430797397171
0.173829787410796,14.0862143657555
0.224077962804586,8.36470336030601
0.532472513616085,9.6987680693991
0.204224733868614,12.8131517198626
0.199944138759747,9.30840346079157
0.903048094594851,6.18200227013539
0.631978158373386,5.56225626566923
0.943564862478524,7.07268992541511
0.149766211630777,8.82832162805751
0.605206883978099,9.88605769552797
0.406702866312116,12.5261246309525
0.894993238151073,11.7029015831681
0.196445007575676,17.252250704236
0.040090600727126,13.027500149196
0.971080435905606,2.31935892461027
0.991977908182889,5.59165942844338
0.493112670490518,4.40444563169226
0.790568287018687,6.53266459893897
0.241213396424428,3.30504039525318
0.305085598258302,10.3449927895359
0.481463788775727,10.2540777392321
0.767585902009159,9.13256151031342
0.501150472089648,6.54252288548074
0.196433284087107,7.62435323776613
0.906414289027452,13.1344764156494
0.795785114169121,11.0293508734904
0.95319885481149,8.0774725762103
0.44010652648285,8.18278911107882
0.870780779514462,14.1717282880182
0.545275929849595,6.6518350141391
0.204632755368948,12.0860938609326
0.701998377451673,9.64998702769188
0.325796975987032,9.76345300458923
0.95355108147487,11.269554359886
0.556027446873486,7.39380352129763
0.485928878420964,10.3027665954141
0.0136237868573517,7.04899725881805
0.196580165531486,9.74971041804038
0.967535372590646,8.02192309191761
0.553678028052673,7.43940918371794
0.700663496507332,13.4426976382573
0.132944480516016,10.6032553462084
0.694946866948158,13.200708988842
0.971240546321496,7.45881333696719
0.417108151363209,9.2506042435975
0.460855511017144,15.0189913417845
0.632213286589831,9.58950266477986
0.904127016663551,10.4922078200723
0.304544529644772,11.0938493373723
0.365082515636459,10.70551513054
0.722058520419523,8.4889433592031
0.540494901128113,7.03107802158297
0.0527681994717568,13.8302139166052
0.684319994878024,5.35916236784946
0.722658544080332,5.66027920034946
0.0681101861409843,2.97551965489811
0.19822615897283,10.1211640709402
0.168069765204564,11.0474902913854
0.650244916789234,12.785057132336
0.724476452916861,14.6381156568354
0.972347904695198,12.0678038816373
0.345872864127159,9.34196441776295
0.928642030572519,8.04761540347889
0.629407948814332,6.7429196182479
0.676463164389133,13.5614915914078
0.787229791050777,16.7567415719447
0.0107258821371943,5.46443180440012
0.87655288958922,11.860277661658
0.872676372760907,12.0159704514561
0.692466813838109,15.0454523744351
0.200667165918276,13.1033561257592
0.605324734933674,5.98983926590741
0.545325625455007,7.83419298652363
0.994240970816463,12.9507474657266
0.225843596505001,9.6962973247455
0.828487985767424,10.9730150200979
0.949495842913166,9.59857817393782
0.329074336448684,8.70245918374297
0.0708816649857908,8.19088654746616
0.108552081044763,10.5251618057039
0.434704115381464,8.57317865873477
0.974555389257148,9.59384021037791
0.253495132084936,14.6552810654442
0.114055738784373,11.483097443837
0.614413276314735,8.68528448492196
0.984216368757188,10.6262202852269
0.202661958290264,15.4938162579144
0.0961572860833257,8.184662963975
0.473924428457394,6.8053158135291
0.695432296721265,12.6548711219338
0.206886916421354,9.63346862686569
0.877468712860718,13.711091568878
0.348416162654757,10.6330231965877
0.373795026913285,9.61649753800519
0.992732064798474,11.1188898833833
0.495878455927595,5.60202518295758
0.549779641442001,2.58576005116169
0.321579803247005,13.3068188052665
0.603541388409212,12.091903761023
0.218064779648557,10.7219521229671
0.154211156768724,9.19594121373079
0.463684639427811,11.979700685192
0.98453727341257,10.876964221644
0.876538196112961,7.0864138027422
0.694299136288464,7.22806008358918
0.766776775242761,10.3616290603817
0.846870310837403,10.7106304394149
0.457741558551788,9.9086795804123
0.378733376041055,7.84771194633576
0.40169709129259,12.7296623296366
0.407267773058265,9.04507564820137
0.67039674334228,11.7910554647604
0.8953039762564,11.5685215573925
0.795286923646927,7.43516913909406
0.340880223782733,17.3462949430944
0.0789024094119668,9.45199546561676
0.255210558185354,10.0381869729369
0.303760920651257,11.534102928272
0.113681529182941,10.2469506945676
0.1059322997462,11.3110944098864
0.552989650750533,11.4528534020995
0.917324371170253,10.8001252775306
0.358255625236779,13.9609402918115
0.856322285486385,9.76329633273064
0.869982039090246,11.2377902049706
0.620107515249401,12.3132618047603
0.679220685502514,15.1970432070136
0.754836131120101,12.4497827502558
0.104270704323426,5.97259223626383
0.717474336270243,6.24236112109854
0.171550018712878,11.4242158769009
0.621787913143635,6.19141864348021
0.111355560831726,11.0776657766263
0.38884729729034,12.2837549440559
0.154649164760485,9.63300529601133
0.320888552814722,5.72836747637131
0.630543084815145,5.05355697937261
0.437462125206366,7.12230275925953
0.922008992638439,12.9492763695002
0.398525487165898,15.3335344863163
0.827070189872757,12.4736082235208
0.46125553525053,11.9624715558328
0.348494552308694,9.32750361356189
0.235324420500547,11.360350011718
0.0704886356834322,11.9008553109977
0.220216560177505,8.47639910583919
0.951290781609714,8.34823019061145
0.106592527125031,10.2604378459418
0.0977422196883708,7.43026188468371
0.54051981237717,9.53956622985202
0.653604003135115,12.4119476377849
0.364554114639759,12.9602099854602
0.166289496235549,12.1099633592591
0.0643701949156821,11.9630944650276
0.530760814668611,6.52988881610528
0.153511166805401,10.5366211456345
0.220607042778283,8.54933916998029
0.936741178156808,13.8619352067891
0.298536104150116,8.7939728048357
0.97575403098017,13.8339517364123
0.807697440031916,12.476297531836
0.111581032164395,7.71774357739686
0.706735204672441,19.4730795485196
0.59253320354037,14.6600987782641
0.305522236740217,8.30143879824553
0.234342377865687,6.15673237116201
0.433381697628647,12.9844318569533
0.30768422735855,10.1517352682606
0.0248631611466408,12.4316823214854
0.270716437371448,9.23552755529149
0.519007411319762,9.10266056547253
0.225486387033015,8.71734419841246
0.0100961681455374,4.3533977251692
0.853629043092951,12.4562113415545
0.680921143852174,8.14094163542942
0.197526409290731,9.35474704948058
0.993998845340684,8.28381586438648
0.858637147583067,10.7558612114458
0.300452140392736,12.7899626518956
0.755937903188169,7.94199891065849
0.407432687235996,9.33853346687382
0.86414101254195,9.56589431895854
0.121564912842587,7.50238567762408
0.190467569977045,9.75605791324825
0.336723418207839,11.7669069400103
0.232979754218832,9.27981630831458
0.473884878214449,15.6953710752533
0.328426176914945,7.21991003483643
0.0513024893589318,14.1061841376364
0.277795278700069,13.7073767286034
0.569446015404537,10.91367420223
0.515130479121581,13.4501210599124
0.805496906628832,5.61241612105218
0.0279950473923236,5.14808046088124
0.634388813283294,8.55666542695068
0.848343786783516,14.4997532980306
0.128507684217766,2.86330852824136
0.861302827484906,7.78434220215003
0.572700791293755,11.6408519883191
0.613011657260358,14.2409554137269
0.133429423905909,8.4081817614959
0.623860549647361,11.0130768764327
0.741323040099815,10.8544322492624
0.545841575600207,13.4187397312104
0.244723345851526,4.21582482427111
0.436086655827239,8.14834699776087
0.00214007357135415,8.02628308847904
0.186528097605333,12.4730070295737
0.586095045786351,17.4498864149727
0.0516949750017375,5.45488602280556
0.725347568746656,7.55272922923759
0.0668842361774296,6.42461170777094
0.411460167495534,11.7959030552879
0.758213429711759,5.07765199123399
0.740734422113746,0.84239160147628
0.830352146411315,10.5032451402863
0.876040125032887,8.29924297917935
0.68883527466096,8.32547736902498
0.958100818097591,13.8016907525214
0.152549386955798,11.2019351088743
0.563046278199181,10.8936132416603
0.836174669675529,13.6442922727434
0.601512091001496,12.7069833745806
0.638850803254172,7.64146262202191
0.566689171595499,7.78791129877435
0.288543757749721,9.25885844409085
0.344285629922524,10.9471993101878
0.476960966130719,12.7691143141025
0.846617004368454,3.1934896034021
0.996095178648829,6.46332141788136
0.943677494302392,10.8186871735028
0.00759933632798493,8.10280270563591
0.954521691659465,7.38850019496044
0.762873693136498,12.904363377508
0.153023647377267,10.359332957248
0.0408135040197521,8.80027814687911
0.170103786047548,14.7656384720955
0.909943308215588,3.02381495556854
0.840074504259974,15.3154048802728
0.682030675699934,11.3564687306846
0.900861650705338,5.90309258310769
0.443773919483647,10.4753758581588
0.467555371113122,9.64962788196777
0.396981099853292,10.2008950172774
0.22491696709767,0.893886549183682
0.505316985072568,9.86766026425424
0.0576535074505955,11.2404776581268
0.484305200632662,7.95692512936355
0.497217657277361,14.0548193721705
0.367087376536801,6.80044104636043
0.579028939828277,6.88632006850755
0.672998768975958,9.9539794135064
0.544636630453169,11.5307492879776
0.102847989648581,10.9526620324497
0.869752956554294,14.5686022600662
0.665801167488098,10.2390833758147
0.839354443829507,5.50297906381908
0.565361884655431,6.67991198651101
0.906487341504544,9.67595425429315
0.760544351069257,5.61413521872866
0.65319154295139,8.59154999985695
0.365387622732669,8.86684229255082
0.307331779738888,7.45057921871077
0.135695978533477,8.29674231028356
0.949619702529162,13.2430101572617
0.128904927289113,10.940031416191
0.299742842558771,12.9434900715352
0.0144306044094265,3.7930488109347
0.260979221435264,5.53643398131118
0.933196926489472,7.76108136983547
0.9780279151164,4.77168583179743
0.744233479956165,10.1793210921954
0.343901155516505,8.91444580234604
0.271445370046422,12.6042590035572
0.249536131741479,10.5172458866349
0.726627140305936,11.9568449474144
0.255103140603751,11.6747754343149
0.822870509000495,12.7322015726214
0.846521694213152,9.6975374528192
0.901372867869213,14.0758882995333
0.992853304604068,9.38925604576352
0.803812019526958,16.2975339185626
0.203217780450359,6.80313338821808
0.687596204457805,12.4408680643853
0.601842146832496,8.42692554489061
0.163387327222154,8.51956097317844
0.10009556543082,11.2132700227831
0.741560861468315,11.9293871799608
0.743556004017591,12.6534013222426
0.0603493133094162,7.74454866490497
0.641214960254729,9.86192177706609
0.440158433513716,11.8913071443896
0.355286764446646,9.65927223351819
0.821000515017658,13.7721557035367
0.275454686488956,13.3006004470256
0.0179339514579624,9.53806540559187
0.724620215827599,20.0040859222487
0.85024122800678,11.9445363586586
0.0814465859439224,12.3843902733852
0.159738475224003,8.94945012330981
0.208519716514274,13.1063913079292
0.873464355012402,8.34379235537912
0.625017904909328,10.2250193319547
0.237686671549454,4.12882630065113
0.630074945278466,12.2459776139052
0.471276447409764,13.9107806653461
0.686063698958606,13.9178780537351
0.702968820231035,8.34446596651652
0.0307002454064786,6.77579648005403
0.585559081984684,8.12761070352407
0.245049410266802,3.5772117786189
0.761476249201223,15.8235249984514
0.865131106926128,9.7336049920043
0.559442873345688,6.757598012156
0.377728273859248,7.25810394489987
0.174357524141669,9.86189376345224
0.837318991310894,8.60297100656554
0.215787028195336,10.4324803362874
0.493979170452803,6.53159931751106
0.591052831849083,6.09251416697121
0.328264629933983,0.797053140222381
0.758012916427106,12.9325357685599
0.611994398990646,11.5744915806722
0.491467727348208,13.611085537957
0.0678595427889377,7.23054433335237
0.814480757107958,7.91359261447381
0.184318948769942,10.1225007640208
0.265718673123047,14.1731260939749
0.888758555287495,0.00611933523834551
0.0326618663966656,8.98875532228756
0.225834384793416,9.73168705345558
0.607920730719343,12.216161803913
0.866173376562074,13.9133810676496
0.32942729559727,7.67115388324252
0.251601122086868,8.57865358333542
0.353128736373037,12.2554542776358
0.832692958181724,13.8544120216918
0.545727010117844,14.0807612674763
0.344941148068756,4.36832915845275
0.881612814497203,14.08918518021
0.24302661116235,9.78986162746387
0.0602956898510456,13.9676062503013
0.258351604221389,13.1577711966122
0.379218680085614,11.3560490628567
0.670310488902032,4.51665743709039
0.24909636634402,8.54306022827686
0.717208859976381,13.7947160145441
0.62208498455584,8.77615216570596
0.740111330291256,4.92582462382322
0.596735225757584,12.4127374260527
0.59696583612822,9.49678584112617
0.0300661453511566,6.79217560349541
0.433058111695573,9.1829208384287
0.926566641079262,11.5958871567229
0.510091986041516,12.9042437961091
0.0351526760496199,8.86514880031636
0.976288846693933,8.96604573843247
0.437439794884995,8.72189164899397
0.880300260381773,7.99596447621743
0.581165452254936,9.99471279614906
0.20282579655759,11.9625150291025
0.298676047939807,12.9367705315463
0.78590170526877,10.0385498448338
0.455503225093707,11.3002594943118
0.921670428942889,2.9346530977967
0.571683864342049,11.2779450380972
0.394437164068222,10.2861519367683
0.130941855721176,5.43341526165839
0.544309647055343,7.12912663597834
0.808998039225116,10.1028647188772
0.912121267523617,11.2605368314477
0.610896267462522,8.81684435919351
0.74300855002366,12.4316282021445
0.556068912614137,7.62379024079258
0.348598247161135,9.42802343989118
0.604769324650988,5.39630651070216
0.519215021980926,10.8857377044304
0.306502141291276,9.91823292397768
0.915528442477807,11.4129216126178
0.232368018710986,7.18338994940468
0.820242214016616,12.8225977283902
0.0827194382436574,3.29380880255336
0.492419313173741,9.20609399670102
0.473845866974443,11.3696002183392
0.0611477692145854,5.48047695176094
0.604952470865101,6.43326101658869
0.00996972387656569,10.2212394966052
0.346324502490461,12.9914462552849
0.266698114806786,13.9307041413009
0.405316631076857,5.35284427403171
0.563492247834802,13.3759498453775
0.575942858820781,10.5517596469421
0.445097773335874,7.05628039726558
0.066668625222519,10.6747129057986
0.553565383190289,10.0308376646443
0.345316792605445,9.84289578161005
0.00209902506321669,7.15366269884299
0.619523616507649,6.33355392427819
0.810640797950327,16.0258032873863
0.0636852935422212,15.4639556438352
0.382850567577407,10.2917753403514
0.828479496296495,10.2063699749076
0.363872324349359,9.43503887388492
0.212698162766173,8.92428088552283
0.972294326638803,5.18199870151052
0.773011829238385,13.485538714915
0.806031162152067,8.2296484901808
0.634464639937505,13.4346356507592
0.304816129850224,13.1234873626749
0.789989944314584,6.97700409141023
0.0785556002520025,9.90127793212278
0.849160104524344,11.6510608531671
0.0155799307394773,8.77482351733871
0.115528152789921,13.9548064812216
0.109418059000745,5.14169874570475
0.267558614956215,13.2905985861045
0.936420820420608,10.6073934729211
0.962133482098579,9.18166553179204
0.506074448581785,6.02262269204359
0.46714746998623,8.03411359685776
0.476240245159715,6.01140717011658
0.270539109827951,9.09405225212838
0.724113745847717,11.3948906028301
0.738467207876965,2.16285839315487
0.545462118694559,13.9679894137433
0.649579832330346,11.4470599800323
0.969400834292173,10.1984818986306
0.895627482794225,12.6112303750704
0.657306070439517,14.0142680966775
0.777363965520635,10.3291686019847
0.648073496762663,16.245991528672
0.679878109600395,13.6389282603683
0.787135382415727,7.88597562581054
0.403692235704511,7.52668987992572
0.54927088925615,13.5942333984863
0.944374265149236,11.9869276854838
0.938173784641549,14.9605297904017
0.124995605787262,16.9695667053541
0.693843842484057,13.3645633095773
0.319679039996117,9.35241527146108
0.49335227208212,12.8468609932522
0.162839165888727,13.295180632511
0.585599683457986,12.5651795649384
0.502214904641733,9.04624105956329
0.708043487509713,9.58672115105367
0.826829804573208,7.37813683285842
0.0160499906633049,7.69282759273695
0.986680474830791,5.22942637445973
0.0068598163779825,12.2591898381437
0.0733279085252434,3.88620332106621
0.352412778884172,11.6741270515004
0.221105522941798,8.84093383854939
0.361899375217035,8.65165203440599
0.294345233822241,14.4437085163328
0.995707358932123,11.1436514208321
0.839921733364463,8.030330565276
0.0641246677841991,7.26324837361919
0.185845669358969,12.6396456687651
0.947129477281123,11.8954446398082
0.273476284230128,8.68065412379439
0.505311862332746,9.34051856007543
0.366496306844056,8.6564948084823
0.0247238907031715,8.84373025586973
0.352325320476666,9.04777923299779
0.36432820931077,7.16498541967767
0.368771149078384,18.2715014938544
0.471153721213341,7.12565856195636
0.710076269926503,11.0744188308011
0.458152964245528,15.8226442388957
0.404385138535872,7.24438130030389
0.130874719237909,12.3838015235046
0.98767307959497,10.7999984568041
0.668158220127225,14.6675426547733
0.890499564353377,12.6599662659407
0.627132356865332,10.5788712225416
0.935063710901886,10.6984972829565
0.00371306110173464,9.18836161067969
0.291586185339838,5.01143477348029
0.57629701634869,10.5577233678564
0.282013971125707,10.7022590736152
0.136419832007959,14.6540657039609
0.314046918414533,5.6132923990691
0.814820056315511,3.69399115581238
0.0558614325709641,12.6009785100799
0.163390283007175,11.4447582672593
0.0561353035736829,3.24868359714025
0.338854623259977,16.006894696721
0.881413992727175,7.37388265169441
0.775867781369016,8.84667566817529
0.910939594265074,16.5748682152577
0.398060773033649,10.2003931974134
0.943984990706667,13.7019616320814
0.081800997024402,2.76278556689699
0.537586620077491,14.6772073631262
0.415209057973698,8.15326645336402
0.675568922422826,9.8990087386422
0.319345578318462,6.57820637613308
0.25602415157482,14.0723625080302
0.862181513337418,13.0599095397177
0.435367521829903,13.6793840573551
0.0935200313106179,9.82618004318395
0.907611217815429,4.58787072537532
0.0274722138419747,11.7634720052912
0.371807128190994,6.9122275891896
0.734810777474195,10.0141191472146
0.926309411181137,7.87881556240393
0.806407112395391,6.55338881407174
0.842279282165691,11.1608825169896
0.399671433726326,8.18453675861071
0.275171517161652,14.4406468409205
0.0620957205537707,5.52815198898208
0.739356900332496,9.98712313495187
0.60513608250767,12.7826736014692
0.306247902102768,4.30531302898334
0.200339540606365,11.1771030216578
0.37734973221086,5.52204670350411
0.0102617493830621,6.80508568455823
0.335062938509509,12.146886110965
0.865559256402776,9.46618123580952
0.359427117742598,6.31378891966003
0.989534543361515,11.363068517441
0.36737296404317,11.9509794026035
0.887017357628793,7.00836616615371
0.343991758301854,12.1358025699459
0.0370454981457442,10.0277428911907
0.204636641312391,9.52932495839809
0.167741974582896,14.3232000393958
0.480796347139403,8.85514445752691
0.698287431150675,6.26090085017798
0.583434699568897,8.63445270164474
0.131706289481372,10.0005823931416
0.795147025957704,9.45595588444966
0.723014504183084,8.69239470544165
0.250002487096936,8.08620021210337
0.860743563622236,11.5248701947233
0.878748098155484,16.6895166423936
0.85730597935617,8.55385456993493
0.134619991760701,5.53537439212366
0.32750934921205,9.4179388052952
0.0764099473599344,11.5659369740571
0.52698738547042,11.0028607073849
0.392174331936985,12.0579016883441
0.870884179370478,8.6848613728008
0.75615804689005,10.591489234519
0.789677112363279,8.72334544289672
0.652861436828971,15.3311414625368
0.618214405374601,10.7179143666219
0.699754018802196,1.54930754818099
0.120838789734989,9.03722848319345
0.599606144241989,9.37143790796545
0.142612282186747,9.89174747121553
0.547552345087752,6.81566950065586
0.166563505772501,9.00620620293804
0.724939522333443,11.0529559031682
0.0780070167966187,9.96373097030907
0.797924366313964,12.256940434941
0.860015643993393,15.4664249586642
0.0263641369529068,12.0912081650674
0.493927145143971,16.5468913321875
0.809578935615718,9.06359931466895
0.371237968793139,6.38918200023856
0.876877645263448,8.15970641657115
0.375544145004824,6.22817238998666
0.77319771097973,5.0863679558326
0.850747402757406,6.82076204702352
0.193520715460181,8.93185731299532
0.72038596519269,7.87475087452801
0.361334041925147,7.95767291602009
0.206440151901916,12.2404555602247
0.863902572076768,14.07508845947
0.214582955697551,12.1305396672506
0.921917273430154,14.5830765927392
0.135591414291412,5.98921271869877
0.321523755788803,12.0799216214775
0.928210969083011,9.46113309714741
0.782263580011204,18.1557037699198
0.282317285658792,6.58566882201466
0.991476438241079,9.08552767344701
0.132200774736702,10.6805128722509
0.167631334858015,7.87993245899098
0.305845748865977,12.801826667533
0.300160036887974,8.42311097071926
0.532289971830323,11.1090553007148
0.827334805158898,7.44675327342035
0.585442036390305,5.76819190800425
0.507581416284665,10.2554353196116
0.240443315124139,7.44644540112978
0.601869419915602,3.69752584986077
0.343886557500809,12.0115648308177
0.0639769681729376,5.40038998765527
0.278282952262089,6.4282895167139
0.778748457552865,9.81367160581808
0.620453499490395,11.4105709487977
0.805619040736929,10.1601850051369
0.504914213437587,8.60797320505796
0.506847620010376,14.6070809519251
0.469784130575135,11.9522921716514
0.441074471920729,14.5673784596332
0.754944511922076,8.53200384788913
0.152722130529583,9.09662545939474
0.850261744344607,13.4991966136296
0.603151928633451,9.21897875963877
0.914068235550076,9.45914853536447
0.269453002372757,12.2388099750042
0.997533455258235,11.0106831881021
0.877058789832518,6.30928160668153
0.413640588754788,13.0425323317671
0.292077559744939,7.43767976996184
0.800981144187972,9.96545043587942
0.957516001071781,13.7982750073287
0.0215378999710083,12.2795032194073
0.157597265206277,12.1944075540987
0.0279585369862616,3.86161748730698
0.878703409340233,10.8354008579533
0.705837812274694,11.959443422
0.81928526237607,8.9937110388466
0.890586086548865,9.12790516380682
0.872716288082302,13.9178481499285
0.915217634290457,13.4522771404785
0.064486380899325,5.61535078680179
0.84653441910632,7.51082233653722
0.788780527887866,14.7999362968785
0.553727616555989,10.3629393795956
0.462516686879098,9.21185034441474
0.098182930611074,17.1125605459176
0.861833585193381,9.12312904846486
0.307191396830603,10.3591863672317
0.108799364650622,12.0463580060168
0.778510793345049,14.4244695011082
0.307863077148795,12.889654673909
0.609624945558608,8.57559768133742
0.968360879691318,12.3824219786097
0.262488039443269,7.35633591977743
0.302042097551748,11.5793632863718
0.767699997639284,9.52803440845942
0.410441913176328,7.07088643376505
0.761006834218279,10.8742760962769
0.427694384008646,13.3459349922924
0.538624105975032,14.0663324270991
0.25829317024909,11.1629342377248
0.653384970966727,9.49718194855417
0.621075484436005,9.47198563441099
0.697039580205455,8.18479474493772
0.839300161693245,9.76269028208678
0.693031170405447,13.9532016683465
0.938534643501043,9.32358197180464
0.723202660214156,8.02096520604729
0.642797995125875,6.43967366170275
0.179554860806093,4.49780578270434
0.349409876391292,13.8845317393028
0.13849843852222,4.38809401358863
0.0386213846504688,11.2277037370104
0.482078184606507,7.27597867775174
0.224911580327898,10.7544365761975
0.0925614857114851,10.1017781361919
0.921057951636612,12.2731985990582
0.256725683575496,12.6955493877287
0.552302772179246,6.85479197359278
0.209707210538909,10.3273968992452
0.553259186446667,6.69931578929912
0.7567084627226,7.80089516605755
0.375231966143474,4.44273276910006
0.752190368715674,15.4310196610655
0.768397351261228,7.6304679356471
0.850233149016276,7.52205348345031
0.0403373285662383,9.69137936384699
0.374162220163271,11.7861250865004
0.0198527954053134,7.56106430911085
0.170788607560098,10.9516119743787
0.523891078308225,11.6623535610764
0.701809459831566,14.2043800181003
0.440549983642995,17.5987930481432
0.756153942551464,6.70402524984678
0.177382696187124,7.94366959670769
0.41120059019886,10.0421311761856
0.938648669281974,8.94393790292121
0.995593645842746,9.89559541116246
0.77601189375855,10.7780985736865
0.461016370449215,10.4671299468548
0.324150725966319,10.7828425047721
0.865132933715358,9.9501325700827
0.966363800223917,4.86714623954152
0.56091532856226,13.6181363166657
0.504278795327991,6.68990644377132
0.727238531690091,10.0233162722494
0.0238427391741425,4.9382124818737
0.0907360380515456,13.0886147478874
0.0864255388733,16.1318787265508
0.898138229735196,12.4192409807864
0.0109261141624302,13.3514237203395
0.2458896713797,9.86711372524942
0.390609032241628,6.99227767898619
0.475133167346939,5.40908631299748
0.979369763284922,14.316618177063
0.209371052449569,12.5099409822226
0.224899684311822,6.75421531947267
0.321132327895612,5.48967339359438
0.880726534407586,7.84445212609908
0.175264589488506,7.44090538515732
0.162348773097619,11.677747871663
0.758511746069416,14.4590421120937
0.034108268795535,10.4810378930693
0.37738000205718,13.2973574645282
0.425469776848331,15.5908260958121
0.200277007883415,6.72986293928986
0.947535356273875,10.341432704794
0.975535102421418,11.087835615073
0.640912235248834,6.70497929418218
0.24486644519493,11.7171977509608
0.37943586637266,10.715770670727
0.346033422509208,18.3866523086236
0.880012592067942,11.0738086012523
0.65480651310645,7.75889281530915
0.193298765690997,6.85830320758086
0.438529045553878,11.4709476411359
0.686267548240721,8.05086104771623
0.503460235893726,4.8078069322332
0.904004622250795,11.7739117371037
0.461490293964744,16.4570644409501
0.182771178195253,8.5911438103249
0.373011485440657,11.7003157750885
0.945416215807199,13.5620423611536
0.613577172858641,11.3314681296119
0.446859672898427,8.80680411212644
0.647306608501822,10.7158087226844
0.0547777509782463,12.0813042184923
0.998241013847291,8.9834491583721
0.87890273029916,12.9022216262481
0.615349562373012,10.6597312870766
0.418828055495396,7.55061874419295
0.343115751165897,10.1565634080718
0.85931963310577,10.3267736606278
0.625857658684254,13.4598962399817
0.811504067620263,14.199098666556
0.445600425358862,13.4491500026276
0.252701891353354,11.5719099545544
0.246481646550819,8.20311339158057
0.952566110529006,7.43312181218131
0.415047945221886,8.91511762708083
0.570196939399466,9.27692644021198
0.578714748378843,11.8694009777726
0.665824807016179,12.3396106512368
0.9614913451951,13.8211578602139
0.288822505855933,10.3190576761765
0.367036480922252,11.5441995813189
0.127185190562159,8.41278856286482
0.488038423936814,8.23246649739384
0.0556973270140588,12.2254801750689
0.561836938839406,8.89872746030988
0.369726824574172,10.527321943459
0.274464554386213,12.1238161795703
0.939690076047555,10.9438529360568
0.975572948576882,9.89658672639416
0.0583213830832392,9.05031440543225
0.380590426037088,15.5493581050164
0.984963258262724,11.960616208265
0.028964179335162,8.48852803531796
0.276419865200296,7.89904970401774
0.0476062011439353,8.41371811173756
0.386037547839805,11.5366724506476
0.533654073718935,9.91119970354914
0.337595626479015,10.0842733476795
0.547787415329367,2.69974356493428
0.66365899820812,6.70367653720155
0.197720304131508,13.0352073579261
0.648405105806887,6.9519799472045
0.715604873374104,7.62058228610705
0.752882176777348,12.4366557924511
0.704719607485458,8.9446493816005
0.261954042362049,7.31496732623086
0.802747080801055,7.80455590085377
0.802849865751341,11.5324576864025
0.404259986942634,15.196066633244
0.597855083877221,15.8156272063864
0.117639312287793,11.1536601043879
0.144568799994886,8.68511857976902
0.319818302523345,12.7929054435661
0.742346698883921,12.5959612384353
0.786309632938355,9.6079318265374
0.909058534074575,9.70516054806476
0.148656288161874,11.260436139534
0.267906151246279,9.0556581029778
0.638402347220108,11.0394752326998
0.959485009079799,15.5512787578015
0.557917166734114,15.5699420492452
0.506816377630457,12.8273755336929
0.657445420743898,10.4422294543517
0.585728773847222,10.3822264252612
0.294479996198788,8.36291592993979
0.975280175916851,11.4492979387806
0.284594539320096,4.75071795593253
0.805490381317213,13.7720194116133
0.153367299819365,6.45894020714693
0.854142154101282,7.3363398813823
0.827732267556712,13.2200617394644
0.346387968864292,6.23361141078185
0.813169463537633,7.18246439909599
0.729714562417939,7.96580273791455
0.0214246902614832,6.84588581229206
0.931649048347026,10.6215085711381
0.907556760357693,9.85809390034452
0.584819780662656,7.43182371603252
0.460975176189095,7.64944038397376
0.180804224219173,11.7778903789621
0.814465005183592,9.16018216424877
0.830580155365169,8.28146636174033
0.289682924048975,4.96999712655801
0.345547836972401,9.55584571299335
0.985068639740348,12.4068608826847
0.0434832321479917,6.82041883650368
0.460224614245817,9.60935665368431
0.436290757264942,7.85901337619241
0.287991971941665,8.07884470283589
0.218064764048904,10.6969220420203
0.953654564218596,12.9545810510125
0.284358678851277,12.1995411586472
0.23844876489602,11.5810788683633
0.939160060370341,9.07648444360025
0.547765320632607,8.78960772907286
0.39299806766212,10.9271446355022
0.517303224885836,13.4977674378023
0.54451453499496,11.8886720146788
0.253315518610179,9.96129325183984
0.0807042869273573,8.31925628527901
0.747281906660646,9.57016812734116
0.125166277401149,9.59478497627792
0.151350434869528,12.0745167446369
0.937662421260029,9.83373427876071
0.967117350548506,7.25540334351041
0.284630397334695,6.02171362978148
0.089727990096435,9.51391359277402
0.0210821437649429,11.2339174720059
0.662262828554958,9.44220296091571
0.692785528255627,8.88666291933269
0.468055518809706,13.102619238603
0.722604896873236,4.92491288800982
0.66944896732457,12.6216800419382
0.225451276404783,7.09909449537557
0.143222828162834,13.5489015535676
0.0892419749870896,2.07618240644735
0.400181491859257,11.0623746054792
0.951395416399464,9.17017869016924
0.903492468874902,11.1026440110379
0.574340484337881,9.82568168924439
0.340720919426531,10.5104898057439
0.781466019339859,9.37303763075379
0.618659243918955,7.50972469689351
0.739928737282753,3.21824676447322
0.659114203415811,14.3181992370147
0.93461138010025,14.3989957240356
0.499179223319516,5.9901869517292
0.428747966419905,9.07297235003181
0.834731051232666,9.84901615680665
0.737685343949124,10.3119472206175
0.547193851089105,10.2319715821212
0.680529575096443,14.3926299035641
0.198333392152563,13.8111250049477
0.675391098484397,10.6307722816324
0.470550787402317,12.6163932617153
0.915084205335006,7.14623610473521
0.21655502426438,10.5138600338441
0.282067767810076,12.9988398354157
0.519496021792293,9.97871822262186
0.198740668362007,9.5668451141804
0.051160933682695,10.7088244884474
0.406822965713218,5.5778892347956
0.932738384464756,11.5146284607248
0.929308225633577,8.06617959721193
0.670397232752293,12.1581615178361
0.360350159695372,11.9203612566387
0.360079700825736,9.02802022542615
0.0902871110010892,9.74534615972893
0.492052940651774,11.8023710144696
0.643575760768726,10.7561093076133
0.967433099634945,9.82368621402651
0.96580144809559,5.81807928966753
0.729921588674188,13.7324873674812
0.643729766597971,8.64743141527379
0.711962029105052,11.7429815731603
0.528305200161412,8.50579703634676
0.942140456056222,7.71245315510358
0.817210144596174,14.2685904354331
0.286208952777088,7.32572127367396
0.0695507845375687,10.4442929392409
0.315296585671604,8.98258977218558
0.740188915282488,14.8694103625007
0.973753979429603,9.18332197277246
0.110160734504461,7.66519483785374
0.53119699540548,10.0931686054348
0.564014066709206,7.15257820185241
0.493090550415218,14.456310104322
0.125489169731736,9.6643017324538
0.986981528811157,13.0913543354635
0.13744402397424,17.8205052498904
0.6379384547472,11.0665243655943
0.860956288641319,9.34887848743663
0.216950703179464,7.50544349721112
0.208497710991651,8.06455355944751
0.468398558208719,7.98029115896075
0.678669712273404,11.5073486187094
0.383632907411084,9.91152999805642
0.334901785012335,13.7227492418941
0.673975660931319,17.0108069983795
0.517996330745518,8.60103167879779
0.667083634529263,8.40631011801557
0.615974015323445,7.68225157402364
0.570809069089592,13.5110444366083
0.682330248644575,12.6105022262919
0.117167778080329,7.63043202225447
0.969146761111915,5.5470751575662
0.331812377786264,13.60997042237
0.0468519479036331,6.88691642325918
0.51283455081284,10.5516153826143
0.123537125997245,17.2774796398611
0.77169132605195,5.31480949824208
0.319510573055595,11.2072870978127
0.32155429222621,11.5462611880793
0.501803560648113,8.08273091599429
0.323284025304019,10.3986617539608
0.675777336815372,10.848402831982
0.863348548999056,6.10909966140524
0.0975318932905793,5.2507549869188
0.131782498443499,7.26343761708554
0.492142787436023,10.3086525624192
0.342275030212477,10.4206509352653
0.7982248053886,14.074226791038
0.910424413625151,9.95176841762923
0.337632502662018,7.86142760986296
0.937310601817444,7.41967829857166
0.801733358995989,13.3235248102139
0.0826902112457901,7.79507082338292
0.340315528446808,6.17528916908763
0.110196594614536,10.7503740036292
0.702268425375223,16.3477345389113
0.0298208575695753,11.0630541153573
0.994626711355522,5.56275858658709
0.644795380765572,15.9164329649273
0.152722129365429,9.33218590672763
0.142819486092776,13.393264144366
0.0835888681467623,8.26230009724925
0.558639965485781,8.38935453894017
0.908663833979517,12.9843009941164
0.813114711549133,10.5403976797818
0.419034439139068,7.57935947494274
0.594899605726823,9.58340054740643
0.11547106388025,14.2317824368923
0.969010746339336,5.13627538670732
0.7697761899326,13.2484233444306
0.795145459473133,9.58161517721879
0.570269628427923,9.94882965964704
0.449303483823314,10.8117573856691
0.249770299065858,12.2353662900668
0.231732140993699,12.653589794588
0.653833477990702,10.688172884055
0.621823342284188,9.44958320039211
0.164296312490478,10.7257814275606
0.279958029277623,11.8636011875469
0.798199823359028,6.11654399346632
0.650780502241105,11.4254979250593
0.459067593328655,13.6369448021214
0.216136320726946,6.80170746792222
0.803358026314527,8.44376375211223
0.496331043774262,11.2126098303547
0.964832131983712,12.623556078917
0.113301537465304,8.67173776576004
0.386822271626443,13.4890857686388
0.495144801214337,10.3052024666346
0.293634817237034,10.4853848772251
0.472277791006491,5.81249490774014
0.731768946861848,10.7145957768152
0.973945454694331,11.1650226602024
0.623198878020048,12.6715038403801
0.245063339360058,7.47597177856291
0.620522764511406,12.1683592704307
0.570110179018229,11.9500381086503
0.574922069674358,15.7033019870816
0.509882238693535,8.81861021689409
0.935448912438005,14.4576463233759
0.466269064461812,9.43173868921812
0.303391785128042,10.0755851719821
0.565610600635409,12.1916399883476
0.346258511533961,8.07494244928241
0.168007308384404,11.2740451251489
0.465484587009996,10.0501348586045
0.0121335219591856,7.53737979511808
0.937448412645608,14.1340817628733
0.316568406531587,8.49506916405262
0.259988859063014,5.43951508666889
0.0536189298145473,11.0027377442371
0.322752175154164,7.98802338732304
0.158378949621692,9.37928507811047
0.523891508812085,11.1635770172604
0.963862842647359,4.31063355945819
0.635542130796239,14.2519614341154
0.91151897679083,11.445032658584
0.0937806498259306,9.49550581355911
0.10611773445271,13.6676343433718
0.354246408911422,9.7564608236051
0.787768039386719,11.9710674610594
0.633537923451513,7.3091345240391
0.5840028738603,8.57177979497001
0.415199788520113,14.5907721580562
0.636188915930688,10.2746455466347
0.913302802247927,14.1719242338708
0.613910048967227,12.0237759219589
0.333755187457427,7.63298983422232
0.885406851070002,6.43742208047596
0.327743695350364,17.85490111628
0.513005529996008,8.88222881863339
0.918303550919518,11.0092132003545
0.783868943806738,8.80623232810593
0.192697184160352,4.85627293291019
0.899145668139681,14.3947342825134
0.156211669556797,10.6300958985659
0.545769959921017,10.948221705481
0.903141758637503,8.85762358599983
0.0470443852245808,13.1621983707812
0.947531531332061,10.9535201767249
0.440947596216574,7.80524209742022
0.10676033119671,9.81864851572823
0.629658837337047,8.38528978328571
0.0591355639044195,6.507495156252
0.286172481952235,11.16088085493
0.501785589149222,13.608642200695
0.859667814103886,5.77370233598235
0.0954619061667472,10.9345190886898
0.168198540108278,9.14818076949275
0.137069267919287,13.2832300639264
0.951355175115168,10.5978381949536
0.108990987064317,9.79351902966856
0.33520354423672,11.1992540275239
0.880498969228938,8.25119822750194
0.525494610192254,12.2964686211564
0.641433572862297,11.1146849993125
0.410881725605577,4.59347421013159
0.053123720921576,10.6184727110043
0.849969692761078,7.48626438480748
0.738032471621409,5.97067316512989
0.366304504452273,12.7980446652165
0.678906040498987,14.1510815253071
0.820466308156028,10.4490002765186
0.970619607949629,11.5348607275421
0.331445205258206,10.4117738968541
0.661207316908985,9.39883106536677
0.702166673028842,11.4417308049589
0.436788104008883,9.55802781105777
0.581028488464653,12.4054181789011
0.537779277423397,8.60332392958121
0.0216708553489298,10.8035472086123
0.151329390937462,2.88206632131346
0.943632019916549,2.03967966052233
0.766724677989259,8.40596481811196
0.768348080571741,8.09302084947065
0.669141751714051,6.6341921692734
0.510047876974568,4.01454305915375
0.163925899891183,10.5366839617247
0.765600035199896,10.7589683242517
0.532172551611438,8.9100796649749
0.0436193647328764,8.46051067586057
0.0646995808929205,3.52706805181952
0.571195153286681,11.7885469860713
0.49999525770545,10.8486183393475
0.887916149571538,8.40170481693043
0.909649674547836,12.456673225396
0.949835432227701,7.92575846610992
0.744860400911421,11.6490780490864
0.687262686667964,10.4749205341399
0.0514560732990503,10.7289839424923
0.796463554026559,10.7143297781079
0.84249497205019,8.8386525423675
0.0667199033778161,7.68376748803501
0.375113801797852,6.53052888286359
0.73005727189593,7.02835912804792
0.243698843521997,11.0570770513884
0.065349081531167,11.0227324665558
0.0109571616631001,15.5752393645379
0.969586774241179,16.2473315546991
0.786810213001445,10.8829158313655
0.281026987126097,10.4439590159304
0.7639997061342,13.1482244844542
0.188134112395346,15.632953001672
0.478087178431451,5.7267702451038
0.931764504406601,10.2219748840753
0.157789620338008,7.9428403037308
0.510117032565176,10.6058803660866
0.297400126932189,13.0996574068105
0.210432229330763,6.6468296918075
0.99792029033415,7.82158174299182
0.285576197318733,14.9368437815563
0.986082950141281,18.9206591602537
0.25625652144663,6.86604151158098
0.412585086654872,8.34098958018074
0.675096116960049,7.90509634775404
0.102968765422702,10.3022190816846
0.79467179835774,10.1467084720302
0.58897387702018,12.0002008721542
0.959908792050555,6.07634018751106
0.829291964415461,12.5228544193157
0.179675542749465,9.78868793590557
0.375713019166142,11.7334901555207
0.526912846602499,5.49217167616028
0.314159950008616,7.499156854391
0.521003439323977,9.64201815027891
0.321974452119321,4.15706506551325
0.388172077247873,6.76072795276264
0.412579899886623,8.57081432182034
0.836112027987838,10.10460660539
0.625532871112227,10.1197004260785
0.909602232975885,4.76850890953202
0.491901906905696,3.86259608132661
0.834593092557043,6.49793844274638
0.78811946650967,10.4602965810084
0.17842523008585,4.91114796965243
0.413386464351788,11.4767449810042
0.378795756958425,7.48575705662532
0.237770934123546,9.39851204107154
0.368556365836412,12.2397241793972
0.273341824067757,13.205422792657
0.7792490250431,8.82160416969847
0.303163554286584,8.85346884071066
0.420931125059724,11.631802719084
0.419753114692867,8.83530301882529
0.585049220127985,10.7241694578203
0.938665219116956,8.79324926752854
0.219845226267353,9.83211276614635
0.48071099515073,14.1704638616533
0.517052177106962,12.9297076578771
0.295370241161436,11.4183445389225
0.618265139870346,11.0670794090753
0.85709331324324,8.42022954954394
0.217952119652182,8.87336701016863
0.339059490244836,10.948185515006
0.667748702690005,14.0013011749975
0.0771828964352608,12.0176338147733
0.657432622043416,10.3683081880307
0.702535413205624,12.226567970045
0.941527758724988,7.54003197567212
0.335109002422541,10.7497349647066
0.873640954028815,11.7964997538704
0.888491874560714,9.17352900306235
0.682210732251406,7.20510494620015
0.781743050552905,15.1492724338992
0.440647802315652,8.15448210953311
0.951568045420572,9.70788576031014
0.620908504817635,7.74270986588314
0.957867942051962,11.5137274685101
0.840124571463093,8.56245696801148
0.844125752802938,3.79780013852317
0.0626273765228689,10.05113698974
0.838478953111917,9.50981569425111
0.236348999664187,8.34175354113
0.50738067063503,11.0171781865556
0.683128314791247,11.9769922474219
0.576592473313212,10.5699068239479
0.122928510652855,11.4835030663101
0.236344878096133,10.6841973253157
0.590942590730265,11.5668124544436
0.37241502222605,13.5061076811746
0.862029390642419,8.03711358828392
0.653554597403854,10.7447467548248
0.572831323370337,9.30766314677655
0.454454420600086,6.01322501897358
0.41220122622326,11.0459297355029
0.630816235672683,11.9057378440697
0.0326265706680715,12.1084603219513
0.802595213055611,10.7254846107681
0.577652950771153,5.37843698270434
0.941124593606219,10.8075145260359
0.263992825755849,12.119548081237
0.535482340957969,5.85766382076985
0.430212905630469,5.08315890204686
0.427957355510443,11.6522258891032
0.429293507710099,11.6991768410249
0.643983345944434,7.11476828267235
0.967724439920858,8.42558010745045
0.819134877761826,8.01084844547924
0.647188836941496,9.75698160150045
0.802601723466069,10.9781967542742
0.612222276860848,10.369030798169
0.399052748456597,13.1701877532186
0.607806547777727,10.7721159570898
0.308360505150631,13.7655565267447
0.508264618460089,8.77979692460816
0.260696840006858,11.4850490224328
0.664455955848098,7.18687896443044
0.0104182104114443,12.5904222065939
0.56693152943626,17.8058807011583
0.833526429021731,8.79215440917469
0.772273956099525,4.48538198394402
0.929080792004243,10.7904106825227
0.445828085998073,12.7556631746501
0.479310222668573,3.41842055303099
0.594333048211411,5.87394556346183
0.198504631407559,11.5247345826792
0.139723727246746,8.34264457140931
0.192767993314192,8.99303070266922
0.2410704116337,11.5821775513069
0.115169810596853,6.19749323060032
0.897345973877236,14.4118612018881
0.176518931053579,6.9265533573518
0.244868156500161,6.7091137479509
0.89878113148734,9.71933113751183
0.746240713866428,5.35021628403236
0.868896862491965,6.4249325545057
0.343323463574052,8.92737501816758
0.118255699751899,12.1489330805674
0.0188410095870495,13.2675608250552
0.404159494908527,11.0226926777545
0.522179045947269,2.05633805282573
0.775157389231026,13.5142893890693
0.29810510831885,5.91216733172316
0.328705366933718,12.5059201183466
0.0419099875725806,16.1675088261924
0.935600062133744,12.1220670036746
0.874229239067063,6.5670103366751
0.62100852583535,10.6817575627491
0.130218348698691,13.3835297041135
0.872182526160032,13.5451757714137
0.985693268943578,8.83824898202689
0.691606183769181,9.5142399282971
0.315342192770913,7.3579461320305
0.234317470341921,12.0266188286461
0.860625986009836,11.0083985871862
0.469420398119837,14.7110171373242
0.661958928918466,8.52058638525427
0.245194824412465,5.61826370911437
0.973359099589288,8.60026996986168
0.369236851343885,13.1461513990724
0.927096304949373,8.41406478051301
0.66423184168525,6.7590018543043
0.481998413568363,8.40619385977448
0.666467064525932,6.93896350999722
0.476357949431986,12.863914809668
0.0577950079459697,4.91626539771026
0.570504654897377,9.16023931155094
0.147982652066275,11.3085122524484
0.184286575065926,8.44287779380923
0.522557669086382,6.57065192351112
0.0716900147963315,11.5038606155391
0.416728681419045,15.095723180751
0.453286283416674,13.3072427429519
0.513428360456601,15.5054601590546
0.883985095191747,9.7420112177243
0.417878991924226,12.1838276590995
0.835390458116308,7.94509790739327
0.22742181760259,15.5038550393481
0.184717047726735,9.06501679740416
0.628983401926234,6.54929802663061
0.744897202355787,8.77562513528195
0.82194197922945,9.57257718418063
0.632796860998496,9.84629347303691
0.714570437325165,7.91460913869965
0.311474787304178,12.1366115401121
0.730820658383891,15.1169406526184
0.40989751694724,9.2970114610122
0.0218230858445168,11.8365339539721
0.762046488700435,9.60140798111085
0.58714782516472,3.44369990943082
0.240965600591153,11.9202618224826
0.999412051402032,7.86027294693844
0.91160150943324,9.63640670689834
0.193329699803144,7.24024895040576
0.807031261036173,14.126683575469
0.978057597065344,11.8537473255205
0.279800471616909,11.4935272940476
0.441036835545674,10.3709694141236
0.804754697717726,11.0392535168152
0.966221351642162,10.5878729448115
0.978343139169738,8.81937587613712
0.221635933732614,11.1711205493953
0.160969576099887,12.0822144160028
0.620589069789276,10.2214883716545
0.892532091122121,11.5475974930515
0.527450600638986,8.15967341733933
0.274624063866213,5.88140993705741
0.591702365549281,13.9234101482762
0.38875419087708,12.2055541147223
0.264458165038377,14.2074567523609
0.331450821598992,11.8432048551536
0.768890354316682,9.38888936141008
0.794576728018001,9.13758666977233
0.257171069737524,0.131938515422014
0.937769699608907,5.40857566528936
0.480560333002359,16.25932127171
0.779367381939664,6.58178100965186
0.409658255055547,12.2098355561625
0.89113537967205,5.40381658351374
0.996429985389113,8.29348625532107
0.496543335495517,7.82144313266043
0.662180435378104,11.5086142596017
0.678634252399206,5.65279743977357
0.242790424497798,15.1081343418749
0.940838198177516,8.17288834845892
0.16048623342067,12.1621692577379
0.00175773724913597,4.94299273649383
0.267232421319932,12.752061847986
0.117409423459321,11.5619124070737
0.503506563603878,9.658494779215
0.0174482108559459,12.7188734863826
0.667379275895655,11.1575209227647
0.0604135931935161,14.5953652927428
0.460269536357373,12.4979032555487
0.00241352384909987,10.1030058807867
0.0600429358892143,10.1988736729636
0.0821072775870562,4.52472679474719
0.790959579637274,6.76855813582664
0.16633165278472,9.87720954633587
0.650897427694872,9.4937994054688
0.076626286841929,10.9319578312381
0.0272740831132978,14.3489396963585
0.29014280391857,11.2291529325096
0.522427070885897,8.92178339274187
0.965990024385974,3.96734051793924
0.250624478794634,9.46083968522318
0.392883807420731,9.68791823819564
0.428439557319507,11.5578366562718
0.756485866615549,14.454178362902
0.0443204005714506,10.5527130768123
0.0875167588237673,8.80570724915691
0.41058653104119,2.41447297849132
0.777889441233128,9.22398296550234
0.601189218461514,6.37129149115177
0.192228154977784,10.480450483024
0.039992778096348,11.8123976231865
0.744637512369081,13.083314357067
0.969401040347293,4.82059136552416
0.832992316689342,9.50168598845403
0.670038585318252,8.20387298598757
0.591315071331337,8.45135129002231
0.5853178629186,14.286387745381
0.878928184276447,12.9686792846391
0.812867006985471,11.2320739799647
0.940319749061018,13.2938823324348
0.353223781799898,11.9917079975976
0.59048517444171,12.1923759914968
0.63646846730262,11.1095557655012
0.117630558554083,6.33792481987702
0.196066765347496,13.1341455935389
0.501268203370273,0.72687052507964
0.738273691618815,3.22382824996639
0.937706243945286,13.18644075783
0.425026333192363,9.0048889170443
0.00772801390849054,12.2707232953403
0.642332540825009,11.3160220804679
0.193097829353064,10.2842549850458
0.660219589946792,9.57612797917276
0.49656971776858,8.9786876164494
0.132267934503034,10.5056503150319
0.763615040574223,9.00280115574555
0.438700615894049,12.42611230341
0.93431477737613,10.5187539299271
0.74549472425133,7.64213311903956
0.347059965366498,12.4460551580459
0.497155337128788,11.2525734244686
0.658565680962056,10.257157722952
0.0723599572665989,9.04069706793049
0.89524866710417,12.0753552805332
0.344708188902587,8.66022086910429
0.794308523647487,7.89170884730864
0.593503563664854,11.8444211669658
0.073296973714605,15.4256500877888
0.477092238841578,8.45155909842151
0.436293294420466,12.611483308294
0.185396205168217,10.7242305561919
0.00856269220821559,10.8372752517377
0.95277037192136,9.84490218278221
0.000529002863913774,9.94540423407223
0.535567231709138,8.31282281892899
0.992030357243493,11.2433987083796
0.484130951110274,11.8514992803335
0.139959378633648,9.58982137635757
0.956793978344649,9.50428991449164
0.933327934006229,8.27010201743689
0.65040332195349,8.37962771296626
0.99272071942687,10.0961576769214
0.123140279436484,15.3084266314588
0.465359003748745,13.3060725038523
0.491486140759662,11.9827451519141
0.021761633688584,10.6616159083922
0.489864553092048,11.626684268521
0.708833023672923,8.1836879154549
0.0728288062382489,13.2041581188507
0.287203381070867,14.318749186984
0.0882931216619909,8.43322239804694
0.790216717869043,9.82814122656188
0.598558503668755,11.2800036941157
0.0703655290417373,16.7758677471347
0.776290799491107,17.6793686319711
0.117061476921663,8.30243094299013
0.0691257352009416,12.1204655309727
0.467599250609055,9.24859994541107
0.448418300366029,11.4018254952821
0.639614320360124,14.3932807397324
0.604957861592993,10.6517829416239
0.219429109245539,5.57864812571812
0.768280643504113,12.2920761110646
0.00958735635504127,10.3222283818798
0.825056332396343,7.2201783916036
0.959604839095846,7.93821370982455
0.80682093440555,6.08936142418476
0.75881139212288,9.564865876912
0.0880750918295234,14.9796529715889
0.503655267413706,12.402342112003
0.00554302637465298,11.8707308002451
0.228332058992237,11.0607237898585
0.883550460916013,5.90877227918149
0.195356279611588,10.4284448201108
0.601018702378497,7.60081578906019
0.750555510865524,5.89431844037192
0.860567864961922,13.8602969877066
0.337138767587021,11.8289230047178
0.412743855500594,11.1075367814889
0.855893259635195,11.2692843592171
0.167297309730202,10.0298669015897
0.532804099842906,9.44849351229735
0.459722308674827,7.36716476009908
0.459945192560554,12.0261937908604
0.922831231495366,9.12574057792376
0.441332997288555,1.9643287905386
0.859203175175935,12.6357513023637
0.474081412889063,11.0240603402452
0.697391988243908,9.86658655476824
0.667399053229019,6.46825371043086
0.617638532305136,8.62637849363323
0.975531376898289,8.41382394288878
0.795944191748276,7.13351972651651
0.34579509915784,9.21785408617878
0.868473379639909,8.72131953482765
0.581424956675619,14.6469564955241
0.857099072542042,12.0998529254788
0.640805427217856,12.9628520493019
0.209907686104998,6.30543213612748
0.730402464512736,8.73355001641051
0.676838475745171,9.99800945790003
0.956739341374487,7.47980900422302
0.297379431081936,10.1857711642064
0.517078389879316,12.3315575076408
0.747458803001791,10.8322173876555
0.0323209026828408,16.5990418250769
0.316548144677654,10.9977982955534
0.762978627579287,15.695360736386
0.237680986756459,10.8832210942135
0.61253954609856,13.6293526785396
0.760601347545162,8.2106328141985
0.0561583307571709,12.9272908792494
0.728097759885713,12.2423053411504
0.215019531780854,9.15257034651569
0.250817322172225,4.7774050923834
0.762605411466211,9.85229539127165
0.980132568860427,11.6250282366398
0.596445512026548,10.3585827192707
0.447814878076315,6.89490087640227
0.991770643508062,7.69878202066524
0.30383264250122,11.3629135259279
0.405980691546574,12.2806321441094
0.577115027001128,8.09178540170518
0.287887208163738,8.46812447743714
0.124261745018885,11.1751175840822
0.0900740725919604,8.57721026799462
0.920937607297674,13.27541073225
0.947249764110893,9.46657774824931
0.49560475978069,4.57859557769072
0.968388900160789,6.8675541404967
0.264593477593735,7.5882096612511
0.158600924070925,8.35120105928739
0.602824751520529,10.1875367605782
0.400916239013895,14.1116518115393
0.694221039069816,11.3503049446799
0.639162208419293,12.4328175749628
0.605440894374624,12.1201318716874
0.926334719872102,12.1773201167386
0.0897264815866947,9.56631838778762
0.971081047318876,14.6910384748825
0.498603632440791,9.29571639849848
0.916670046746731,8.87724242697915
0.455140062142164,10.9417424256439
0.346590648172423,12.0013481594608
0.224680197425187,12.5094711046388
0.384729960700497,8.76237284428546
0.292389980517328,6.28108790787164
0.511295588454232,15.4112256011211
0.270004556747153,10.6782249725798
0.298524318495765,13.4314078055
0.94449127628468,9.94377971900673
0.0354290076065809,10.48898052024
0.406367476563901,10.5432921829047
0.947261567926034,10.7738128651155
0.63349065836519,8.34994759446492
0.647979984525591,6.30634475838083
0.112909639952704,10.8577361652622
0.842632501153275,12.8488416564796
0.341232724487782,7.61764345615917
0.819726287154481,12.8398412869432
0.0885194388683885,4.0589607889955
0.303261257940903,7.92739337817617
0.980931025696918,12.311618463929
0.980021977331489,5.93938394472757
0.674664871301502,10.5458772785168
0.956706536002457,10.0666634304401
0.720549353165552,8.32815464212734
0.624688618117943,6.50668175334931
0.332656858954579,6.35703351658722
0.0645413133315742,9.14349036993709
0.130816319724545,10.2856366228515
0.724860529182479,10.8387323582076
0.889695425983518,7.42062305453858
0.0187832985538989,15.8568350114945
0.173994167940691,9.39661693077212
0.229118929244578,11.8980474766214
0.863773377379403,11.155578457409
0.738632556283846,4.14426782082813
0.803898546844721,10.290684357178
0.0547577503602952,13.1607302088099
0.945261457469314,10.1219525673953
0.545562389772385,9.53898021139787
0.28961956477724,9.99961322332941
0.144018101273105,12.370181195074
0.716164442477748,9.17589142902537
Rho_s: 0.0068778872194718
Rho_p: 0.0159951483871028
IC Time: 0.0199999999999996
