Rho:0
N:1000
0.682289758697152,0.427869082428515
0.952614111360162,0.77293347613886
0.289466219488531,0.47221389785409
0.475124805467203,0.984176912810653
0.496027682209387,0.281719379359856
0.28894323320128,0.537859540665522
0.857012528693303,0.416293448535725
0.106822135858238,0.751503267558292
0.238161761546507,0.143173936288804
0.749728662427515,0.796871492639184
0.374230896588415,0.7530479633715
0.92859631148167,0.0153695044573396
0.107873114058748,0.113951532403007
0.250968604115769,0.152071343036368
0.138989523053169,0.306012927554548
0.39474231749773,0.855700208805501
0.807576520135626,0.808825688436627
0.593326206319034,0.495255092158914
0.989723052596673,0.264857972972095
0.776227846974507,0.817603850504383
0.623562236083671,0.820959894452244
0.651286246487871,0.845316051505506
0.101797258947045,0.736341755371541
0.881998083554208,0.1716294339858
0.713234863709658,0.692741878330708
0.136878421530128,0.333305182633922
0.322876552585512,0.951942692277953
0.291524340864271,0.425915583968163
0.791117883985862,0.438256472814828
0.480223524617031,0.170103349257261
0.81714772619307,0.538472523912787
0.204146273666993,0.363012303598225
0.113376488210633,0.688456623582169
0.913346806308255,0.735236150911078
0.500487110810354,0.0369057147763669
0.484670051140711,0.387229618849233
0.323941485723481,0.375509803649038
0.211647437652573,0.26924667856656
0.874812790658325,0.12906797695905
0.120016080094501,0.384799139108509
0.200362284900621,0.116642574779689
0.886263092048466,0.844525300664827
0.369803111534566,0.507202279288322
0.0475463117472827,0.843533225590363
0.78567521343939,0.687157922191545
0.751141501357779,0.368577617453411
0.711067448137328,0.257145875366405
0.259205415146425,0.822720656404272
0.13831013138406,0.780097286216915
0.234069583937526,0.776411940576509
0.264465869870037,0.0489929120521992
0.0406222511082888,0.646350701106712
0.637732028961182,0.820061501115561
0.872513469774276,0.395925096469
0.69667700631544,0.489531446248293
0.643000246956944,0.394849474774674
0.828767863102257,0.30736753763631
0.79905154928565,0.670086670434102
0.374613069929183,0.375998708186671
0.154531054897234,0.984804061241448
0.919130562106147,0.639347432181239
0.94356601103209,0.918354660039768
0.844267933862284,0.0926715256646276
0.413968562847003,0.336370177799836
0.484024378471076,0.832776566268876
0.229520946973935,0.0485526302363724
0.167021176312119,0.897218730067834
0.618611242622137,0.908523464342579
0.0290134481620044,0.0248735637869686
0.286160972202197,0.154660182306543
0.129083500709385,0.872776445234194
0.78010383201763,0.563137916382402
0.875266029499471,0.917661245679483
0.732047946890816,0.569395294645801
0.473297567339614,0.471441817237064
0.749944352312014,0.365397184155881
0.599968136055395,0.758379731792957
0.781876469962299,0.040742025943473
0.736372173763812,0.616477556759492
0.2735286061652,0.471478209365159
0.977396528003737,0.635165421292186
0.158187010558322,0.0295346684288234
0.232213750248775,0.829550862079486
0.648081112420186,0.521405945066363
0.436453217407688,0.147311281878501
0.579468230484053,0.154468719149008
0.422194503480569,0.543429698329419
0.911700256867334,0.0611276214476675
0.437977184774354,0.122125724796206
0.496201423695311,0.81908040586859
0.877134485403076,0.172101848060265
0.0576221491210163,0.109023832483217
0.848571871872991,0.480471637099981
0.133697137469426,0.0111166110727936
0.264849128667265,0.57417141017504
0.150768905878067,0.316244931891561
0.688616764731705,0.690237957518548
0.0456798246596009,0.127554456470534
0.616700939368457,0.321805486921221
0.0837067225947976,0.784124191617593
0.894933686358854,0.511034871684387
0.144294455647469,0.56958195543848
0.437513222452253,0.192401392385364
0.23906978033483,0.0264467753004283
0.608195384731516,0.214047652669251
0.868332316633314,0.0358127609360963
0.745909305755049,0.360474388347939
0.28730917070061,0.126503669889644
0.257938806666061,0.651301821228117
0.866670357296243,0.567413851385936
0.116607942385599,0.647460498847067
0.374109365977347,0.00607591541483998
0.466709072934464,0.363616014597937
0.868308158125728,0.231711669592187
0.525946317939088,0.221077281981707
0.0583536783233285,0.639544892357662
0.451424744445831,0.872534419642761
0.16035111178644,0.913883242523298
0.189467664575204,0.621168814133853
0.880817088065669,0.611315394286066
0.746965181780979,0.943830583244562
0.217998748878017,0.922153999097645
0.873340067220852,0.332177778705955
0.787480761529878,0.427104004658759
0.798661602661014,0.544577137334272
0.300937672378495,0.422914576716721
0.891044412739575,0.326743750134483
0.0814712492283434,0.307852164842188
0.785283268895,0.712137662107125
0.827110666083172,0.67648055171594
0.0923080621287227,0.32029426144436
0.665102082304657,0.294616273837164
0.351472038542852,0.919142129365355
0.981573925353587,0.814847343834117
0.755409085424617,0.286300471518189
0.0434153880923986,0.422921995865181
0.627885593334213,0.817597088869661
0.263774362625554,0.765182079048827
0.380906849401072,0.35725738061592
0.0117229970637709,0.506295725004748
0.395927052013576,0.442894374253228
0.507518890546635,0.916690107434988
0.164311228087172,0.368649147916585
0.417514342814684,0.392350161448121
0.910253755981103,0.542846344178542
0.0608366958331317,0.069228655891493
0.0618416804354638,0.56229645293206
0.0581324375234544,0.682133683701977
0.96346579445526,0.709028987679631
0.54968073265627,0.546287631848827
0.439979704795405,0.52341218222864
0.696761265397072,0.583878689678386
0.688335594953969,0.748445355799049
0.185720489360392,0.895035909023136
0.0127856896724552,0.145698660751805
0.627748606493697,0.454694717889652
0.813640961190686,0.867828256450593
0.127994938986376,0.461868090322241
0.305450345622376,0.650268080411479
0.327329332008958,0.653227597940713
0.957438006997108,0.12170646362938
0.988015904789791,0.791801722953096
0.779780520359054,0.256968321045861
0.492843207903206,0.928093657596037
0.260947397444397,0.541565167019144
0.886469746939838,0.271638921461999
0.984284460544586,0.814145368989557
0.107269722735509,0.410549298394471
0.658852363470942,0.186342516448349
0.263179847970605,0.746431326726452
0.282300218939781,0.985329645685852
0.727295418037102,0.229634039569646
0.878044806886464,0.626473268261179
0.567684505367652,0.235977988224477
0.46154410392046,0.840040557086468
0.562325040111318,0.954499067505822
0.208143286639825,0.959736585384235
0.0460524877998978,0.826444219332188
0.338582232361659,0.684030876494944
0.739437313983217,0.518428947310895
0.70019460725598,0.449446995742619
0.460830860305578,0.945177343441173
0.667494287481532,0.802356097847223
0.638654454611242,0.875091254943982
0.791223843581975,0.720991810550913
0.967706717085093,0.500273010926321
0.183183328714222,0.475774082820863
0.684019323205575,0.522836542921141
0.188891814323142,0.131813369691372
0.0666549857705832,0.605456944089383
0.575986659852788,0.268247100291774
0.33971779118292,0.864501892123371
0.69439004547894,0.332680094521493
0.414811408147216,0.95616916869767
0.744157474720851,0.39143993309699
0.157169358804822,0.658175054937601
0.305924857500941,0.609408735530451
0.294601027388126,0.954777443083003
0.30467407614924,0.135318703018129
0.573681775480509,0.47067706566304
0.191471100319177,0.272022715304047
0.597237915731966,0.0494295116513968
0.897071384359151,0.462217496475205
0.336721344618127,0.218394667143002
0.840000083902851,0.76000956306234
0.417633726028726,0.676315780030563
0.155347365885973,0.93778482126072
0.254190106177703,0.65930987149477
0.10699470131658,0.979474756633863
0.908447213936597,0.0985576761886477
0.100633250083774,0.0951477908529341
0.119668890489265,0.0362159544602036
0.778616304742172,0.130920545430854
0.165537400171161,0.82960535841994
0.0408757384866476,0.3858149391599
0.656683186767623,0.676635368261486
0.109226179309189,0.318986122030765
0.680969107430428,0.312257163459435
0.373531977413222,0.709383668610826
0.71247614454478,0.0391484219580889
0.55081073846668,0.812092909356579
0.796400936553255,0.813309482531622
0.53868649690412,0.380859825992957
0.327303246129304,0.675984436646104
0.102097281254828,0.810960656031966
0.00431713135913014,0.98269188310951
0.0679799225181341,0.453025138936937
0.426012949319556,0.798231420572847
0.207566215191036,0.56957957544364
0.626253734575585,0.807227173820138
0.807484281016514,0.92380893137306
0.0824808934703469,0.529908101307228
0.968010124051943,0.0513093406334519
0.0705625149421394,0.902253784472123
0.721074120374396,0.790844797389582
0.970886452356353,0.852416445268318
0.633584217168391,0.329922236502171
0.607102024834603,0.730453480500728
0.0851609101518989,0.805917044868693
0.757422872819006,0.278379469877109
0.0937120686285198,0.368125391192734
0.803373084403574,0.256364178843796
0.126467172522098,0.455888248514384
0.501483407570049,0.144703965401277
0.246917792363092,0.191067429725081
0.229004800552502,0.586990311276168
0.336209872504696,0.81520396983251
0.297168880933896,0.0675449084956199
0.0269868923351169,0.528583853505552
0.0353695899248123,0.264076286694035
0.261925155995414,0.814108530292287
0.7781379125081,0.51970780803822
0.752977885073051,0.529128240887076
0.105192901566625,0.542073453776538
0.949736056150869,0.60658698156476
0.974320431938395,0.195476495893672
0.919047059724107,0.956869333051145
0.315512077882886,0.733368563000113
0.80985744157806,0.577067328151315
0.651112465653569,0.88165715103969
0.300927372416481,0.580888036638498
0.853258171118796,0.430034782039002
0.544390791095793,0.517542867222801
0.980831339722499,0.136550402035937
0.545920250937343,0.634888855973259
0.497596578206867,0.242895513772964
0.658871837193146,0.771667480235919
0.143323791678995,0.681401310488582
0.912838633637875,0.681945249671116
0.0379963736049831,0.651202381821349
0.794814663240686,0.123369814129546
0.97163230064325,0.433634137269109
0.976238308241591,0.808003232814372
0.868946311762556,0.574739885982126
0.971165804192424,0.194154766155407
0.163711330154911,0.454216609243304
0.45934658870101,0.53563674679026
0.37610529223457,0.443543812260032
0.0502971496898681,0.087833329802379
0.916276578092948,0.486272039124742
0.573629428399727,0.169663828797638
0.427647996461019,0.12503292481415
0.302168150199577,0.67526712291874
0.0456418748944998,0.209570039529353
0.350294636795297,0.0258158049546182
0.986752939177677,0.0296718829777092
0.728260736446828,0.676017523510382
0.633871288737282,0.751514743315056
0.01844148687087,0.639364128001034
0.364429946057498,0.547314001945779
0.972447278676555,0.06268569547683
0.618059162283316,0.432881286367774
0.294490900356323,0.344351265346631
0.285629934631288,0.58496255823411
0.306122784735635,0.61681194906123
0.920599345350638,0.592440383741632
0.136240418534726,0.744277687976137
0.278269330505282,0.400860390858725
0.911757824709639,0.385069893673062
0.332035878673196,0.170876196585596
0.943993220571429,0.225845388369635
0.487220178591087,0.290898482082412
0.979719176422805,0.448340411065146
0.141078555723652,0.093673529336229
0.993019794812426,0.740843154722825
0.768373731290922,0.118206489831209
0.422362021636218,0.706391085870564
0.986712484387681,0.81959790084511
0.133636315353215,0.490982610965148
0.332315294304863,0.622512242291123
0.307176224188879,0.810661783674732
0.439457553904504,0.128464548615739
0.34405785985291,0.65777649031952
0.374808860244229,0.173562223324552
0.988176946295425,0.615872009890154
0.3652635270264,0.764112427132204
0.889465023763478,0.973263387102634
0.810660770395771,0.767776871565729
0.137899911496788,0.797615552553907
0.297249197727069,0.220725477207452
0.213785515865311,0.769056817749515
0.580013234633952,0.321415018523112
0.808453081175685,0.74110764847137
0.414055114844814,0.313615724910051
0.552078492939472,0.524392659775913
0.800688439747319,0.515634485287592
0.128173369914293,0.294405449181795
0.257461554603651,0.54432588769123
0.222109857713804,0.879280392080545
0.125082955695689,0.187195010017604
0.768100234912708,0.556016018381342
0.643056798260659,0.571589563740417
0.656894664512947,0.294807839905843
0.999664549948648,0.834250260610133
0.0326904240064323,0.215438566403463
0.646953880554065,0.0242216426413506
0.588472204050049,0.163537120213732
0.868780983379111,0.303190426202491
0.109254127368331,0.174879098776728
0.252752572763711,0.76868632575497
0.481168649625033,0.179088715463877
0.0290359479840845,0.884943233570084
0.452797999605536,0.116562478477135
0.258608430624008,0.281827912200242
0.883389440830797,0.58307719300501
0.557031842879951,0.924165072152391
0.183406249852851,0.13569089025259
0.820512106409296,0.823129539843649
0.436289791483432,0.497569669503719
0.275121797341853,0.737460848409683
0.197582820663229,0.123481918824837
0.57525881845504,0.489622036693618
0.347648125840351,0.911152042681351
0.28257134789601,0.215622758492827
0.00859336578287184,0.00208648294210434
0.910696745384485,0.328812040854245
0.991949921706691,0.602788673248142
0.989079834893346,0.765407505910844
0.596761008258909,0.129277166211978
0.70949365128763,0.724569775862619
0.404516667127609,0.339732913067564
0.186966715380549,0.784590330440551
0.216308542294428,0.853945563314483
0.211873025400564,0.0603909597266465
0.87999109714292,0.910878175403923
0.631779917515814,0.701873079873621
0.994208224583417,0.677997949998826
0.947269423864782,0.870042845606804
0.820547265699133,0.267407939536497
0.406118778511882,0.0570362859871238
0.925897381035611,0.949379056924954
0.027986615197733,0.170052289264277
0.454109640559182,0.577248925110325
0.125857728300616,0.336638298351318
0.76574554364197,0.223682764917612
0.617421263596043,0.894821641268209
0.702523577492684,0.335908392444253
0.833700596122071,0.867131392238662
0.484270308632404,0.250346040353179
0.288396516349167,0.813698772108182
0.0285359306726605,0.454373042332008
0.679096430074424,0.0558907883241773
0.159041533246636,0.802167864982039
0.913373141083866,0.689433957915753
0.964069568086416,0.521422914462164
0.109216529410332,0.128028484294191
0.598930868552998,0.881304698297754
0.103964787442237,0.249829814070836
0.697452811757103,0.979974879417568
0.827594022266567,0.398462445475161
0.51355666667223,0.476372446166351
0.686468531377614,0.542502837721258
0.37156487442553,0.089590365299955
0.222958511672914,0.29753479664214
0.58684490993619,0.860416278475896
0.108125911327079,0.35804723133333
0.656596617773175,0.997712408425286
0.173259809147567,0.827008270425722
0.936310853343457,0.539640192408115
0.655919654062018,0.832157082855701
0.810647119069472,0.578320493455976
0.730700853047892,0.884829102316871
0.828019704436883,0.98851370671764
0.452363372314721,0.654128077672794
0.938741080230102,0.304814892122522
0.876059572212398,0.850019679404795
0.59949554130435,0.0737102425191551
0.0890516845975071,0.629295621067286
0.708548340480775,0.170028008287773
0.415515401633456,0.385752791771665
0.456179786706343,0.157624813960865
0.378631944768131,0.35732503933832
0.0885077523998916,0.102602804778144
0.271905189845711,0.735266268253326
0.528064572950825,0.289164519170299
0.873506457544863,0.371559518156573
0.809339779661968,0.296991988783702
0.225731678539887,0.400526077952236
0.143454022938386,0.0380901352036744
0.690343029098585,0.0237060093786567
0.358266420429572,0.770394621882588
0.950706529431045,0.976631399011239
0.430378802120686,0.871370506240055
0.425963289570063,0.730063315015286
0.613925341051072,0.406269093742594
0.219049005303532,0.209793490590528
0.575860396958888,0.440251209074631
0.680733187822625,0.799421035684645
0.65891653764993,0.239949353970587
0.84758953563869,0.0599532581400126
0.0933767317328602,0.799859034596011
0.169170266250148,0.0739008001983166
0.440209867432714,0.92626073374413
0.755519889527932,0.335722581949085
0.380233851959929,0.808252186281607
0.160521636717021,0.113868916640058
0.312144292984158,0.659887219080701
0.871987883001566,0.325736245606095
0.297628328669816,0.834720025537536
0.064696931745857,0.71594007499516
0.493055645376444,0.161653882823884
0.967331875115633,0.974686299450696
0.189170104451478,0.594619987532496
0.681876562302932,0.951233200961724
0.367634776979685,0.667026533046737
0.777512231608853,0.626454360317439
0.824844268150628,0.0816176617518067
0.141430538147688,0.994775616563857
0.0675974336918443,0.914450246840715
0.697772310348228,0.244413149775937
0.827288790838793,0.124701117398217
0.171075204387307,0.370448520639911
0.700675633503124,0.683156928513199
0.445381412049755,0.391570696141571
0.956051123794168,0.388586341869086
0.30890528159216,0.355195360258222
0.187326026149094,0.815504926955327
0.569278774550185,0.649397364351898
0.588043186115101,0.187681396491826
0.9945380135905,0.00551122380420566
0.0877694506198168,0.430346232606098
0.816228884039447,0.0247729851398617
0.415903315879405,0.154126171721146
0.650634645251557,0.763332004891708
0.278077918337658,0.463475136086345
0.210568653652444,0.16102636558935
0.386104963719845,0.0264898904133588
0.356011708499864,0.457817186834291
0.713173235068098,0.542345811612904
0.750772510189563,0.775309209479019
0.190561895491555,0.650428935186937
0.563346379902214,0.212269060313702
0.646864651702344,0.0831583035178483
0.462334526469931,0.766193799907342
0.555778208654374,0.256765205413103
0.0430876843165606,0.845568867400289
0.211869901744649,0.822096702875569
0.567488761618733,0.847831156803295
0.382342332042754,0.782793384743854
0.750138811767101,0.193556669633836
0.449257040629163,0.35544071928598
0.0590337563771755,0.586754839168862
0.276214599143714,0.0887273361440748
0.31700829602778,0.0297758658416569
0.0771424872800708,0.7085793283768
0.572125624399632,0.572047774679959
0.0528585782740265,0.992013365961611
0.245202189311385,0.0701511851511896
0.607681870693341,0.256220059236512
0.75732256215997,0.765941386111081
0.409768039593473,0.10167977027595
0.00377233256585896,0.552517680684105
0.623652978101745,0.852944066282362
0.403965305071324,0.0423774258233607
0.456711390987039,0.40089631290175
0.453128418885171,0.0186818251386285
0.077294364804402,0.372763891704381
0.0501920476090163,0.796793158631772
0.126700198976323,0.777039368171245
0.664831625530496,0.728882335824892
0.543747488642111,0.236047780606896
0.856428067432716,0.541660528164357
0.573663565330207,0.742629092186689
0.992368636187166,0.420216631144285
0.497883837670088,0.7534096960444
0.0406682780012488,0.546676771016791
0.71694582584314,0.374879334587604
0.0670423910487443,0.094854902010411
0.964648538967595,0.632670407416299
0.7113862184342,0.114335166988894
0.56761276605539,0.340997183928266
0.483906666049734,0.881503430427983
0.505781774176285,0.466847069561481
0.690949124516919,0.362415338633582
0.0359726427122951,0.840564042795449
0.239215645939112,0.56468639546074
0.164048811187968,0.896033405559137
0.0832470171153545,0.83947443892248
0.638524448731914,0.52996059297584
0.520846162457019,0.126679869368672
0.922108319588006,0.203177619725466
0.203594368882477,0.801860928302631
0.14991543837823,0.784196269931272
0.337740772170946,0.691040350357071
0.514468677807599,0.786086195614189
0.290368460584432,0.0506908551324159
0.0334459031000733,0.0169088346883655
0.529837020905688,0.474390972172841
0.671557774534449,0.383137222146615
0.227808365598321,0.60174794960767
0.464800075627863,0.238678510999307
0.635342179099098,0.492392626591027
0.781973448349163,0.511115841334686
0.762663651490584,0.31919429032132
0.883704855339602,0.699792829109356
0.529697231715545,0.749267840059474
0.634756244253367,0.486704592593014
0.0604173564352095,0.844768860377371
0.0713161355815828,0.433791357558221
0.190040718764067,0.881980108795688
0.655498162843287,0.142703889403492
0.912008529761806,0.685646529076621
0.506499169394374,0.163711827015504
0.632352535845712,0.154724646592513
0.41923470236361,0.558312812121585
0.252898956416175,0.649014592170715
0.759770786389709,0.224922887748107
0.827818366000429,0.478198764612898
0.714583331020549,0.226287469267845
0.0583958514034748,0.0147596627939492
0.853061503963545,0.827008371939883
0.698578130919486,0.389917689841241
0.591439490905032,0.896247166441754
0.293407395947725,0.442073226207867
0.423584965988994,0.734336934052408
0.480694237397984,0.275119268102571
0.958967822836712,0.185737951193005
0.812005111947656,0.838836132548749
0.484690176555887,0.2388714349363
0.190228266408667,0.740080130752176
0.82243083207868,0.0711699922103435
0.910080677364022,0.567349472315982
0.568621362792328,0.230375179788098
0.160080652683973,0.326665353961289
0.459598088869825,0.556036965921521
0.500321427593008,0.212704032193869
0.383944084635004,0.968562203226611
0.315116466255859,0.891490993089974
0.872938189189881,0.490501683671027
0.681999592576176,0.257779730251059
0.51213171496056,0.699692124500871
0.93837666627951,0.333933468675241
0.962729395367205,0.248097359668463
0.669796777889132,0.925388373900205
0.929179246537387,0.408799291355535
0.99406384350732,0.892575195757672
0.432375596137717,0.39164803083986
0.840958043467253,0.267759202746674
0.0506178333889693,0.319108714582399
0.981793333776295,0.269895902369171
0.757246003951877,0.460102189099416
0.476523424498737,0.493533371714875
0.0089105311781168,0.718393698334694
0.82247856981121,0.0950819859281182
0.840885164216161,0.784853524062783
0.3644944941625,0.746307622641325
0.124975849175826,0.222496302332729
0.887423060834408,0.970282474532723
0.430061848135665,0.462520213332027
0.888373505556956,0.722244275966659
0.327959711430594,0.541311251232401
0.159202307462692,0.822350927162915
0.477964049903676,0.554434981895611
0.411081827012822,0.10257774987258
0.883390732808039,0.999251903733239
0.363856133306399,0.754856419749558
0.163605371722952,0.0481463267933577
0.291882145684212,0.0277341103646904
0.288836711551994,0.728345991112292
0.634922348428518,0.379989952081814
0.767196353757754,0.123905585845932
0.0439124598633498,0.0654913417529315
0.624298038659617,0.77576309046708
0.50057938368991,0.533242924138904
0.806614510249346,0.11735365842469
0.972522579366341,0.905860959086567
0.689805957954377,0.868596181506291
0.720248220488429,0.0510953138582408
0.302478305529803,0.762072201352566
0.759258471895009,0.196908156853169
0.86923891492188,0.876209224108607
0.00784146459773183,0.981922946637496
0.590112081030384,0.634513836354017
0.684296830324456,0.06942591490224
0.93472197977826,0.329766624374315
0.518854612950236,0.749997873324901
0.336530799046159,0.268648174591362
0.633604687871411,0.355137360049412
0.539461597800255,0.942396761616692
0.470910222502425,0.22607496753335
0.0257239281199872,0.772573379101232
0.726372321601957,0.354600477032363
0.12659700657241,0.327594324713573
0.584650525357574,0.0746297733858228
0.99829559889622,0.914466605056077
0.341822195099667,0.050781981786713
0.164519488811493,0.595719674834982
0.933630594750866,0.513107000151649
0.0632883883081377,0.583666112041101
0.268116070656106,0.64429694856517
0.239233691943809,0.714360008016229
0.732245259219781,0.33542671520263
0.862283214228228,0.587128194281831
0.704024008242413,0.539665126008913
0.528935444774106,0.952922566328198
0.214059819001704,0.187477122526616
0.649421323323622,0.817466205218807
0.748152783373371,0.413393397117034
0.55485347751528,0.947598014958203
0.429242637008429,0.0676221016328782
0.37856121477671,0.344076230423525
0.521663999883458,0.969583272701129
0.856659965123981,0.991023737704381
0.162908669793978,0.348993833875284
0.155400990275666,0.0677517333533615
0.0611142448615283,0.182888829149306
0.58880794304423,0.680937559576705
0.313355818623677,0.92218182887882
0.776083200005814,0.862035403028131
0.862868866650388,0.597369278082624
0.582251526415348,0.783496944932267
0.0957657382823527,0.64415835775435
0.351668450282887,0.741474172333255
0.982381931040436,0.870190887711942
0.09682796895504,0.0671971016563475
0.744430352235213,0.737470433115959
0.316052577458322,0.984624777687714
0.705101408995688,0.29679142171517
0.134833408519626,0.657411827705801
0.264805415645242,0.428727086400613
0.543976963497698,0.417904502945021
0.245715215569362,0.287268701242283
0.454291117377579,0.613574290880933
0.420387634076178,0.0807573257479817
0.970324603840709,0.0316500193439424
0.876470512943342,0.148553434060887
0.73079319903627,0.873379020486027
0.504909652052447,0.988496187608689
0.760540071642026,0.0318262649234384
0.429636779474095,0.692831123014912
0.739633008604869,0.0670939479023218
0.791648650774732,0.725961037212983
0.783590676961467,0.8926581221167
0.94152018497698,0.406980720348656
0.397000550525263,0.682017741724849
0.118210260756314,0.152414700482041
0.84977797139436,0.116599407978356
0.966343811247498,0.575582467019558
0.345443805214018,0.824562948197126
0.330312026664615,0.250666060950607
0.754398513119668,0.413754766574129
0.786590727278963,0.985495037864894
0.161309940041974,0.735616083955392
0.910536563489586,0.443925036583096
0.0507240733131766,0.44491213792935
0.484917555935681,0.484193979529664
0.224435592070222,0.510659114224836
0.339047379558906,0.249224813887849
0.477131243329495,0.34703331743367
0.592857783427462,0.0220628855749965
0.616609460907057,0.0244634533300996
0.435805199900642,0.914365547941998
0.675703858723864,0.955784980906174
0.220164196798578,0.918888428714126
0.865808128612116,0.311886972049251
0.193577003199607,0.168389851925895
0.670956762507558,0.322888050461188
0.539688871009275,0.718440792756155
0.46051128860563,0.0585790756158531
0.0575300471391529,0.219633193686604
0.670225843554363,0.41295354324393
0.723187240771949,0.0226354643236846
0.564200995489955,0.0988803189247847
0.292225283570588,0.0697947994340211
0.773927704663947,0.629846190335229
0.602416390785947,0.928670976078138
0.710846783127636,0.00827558664605021
0.845172403845936,0.178885431727394
0.439483680995181,0.836329473881051
0.484787504654378,0.326532486826181
0.221984351053834,0.0900088688358665
0.755225240951404,0.141671870136634
0.642943293787539,0.344981413800269
0.00604415219277143,0.590013918234035
0.182809821562842,0.672117560403422
0.270072102779523,0.21604969073087
0.106285967165604,0.703061103122309
0.842585789272562,0.788729147985578
0.389679544372484,0.221983218798414
0.8311794961337,0.659031738527119
0.0279287337325513,0.509400605456904
0.163936612429097,0.921622691210359
0.67153830290772,0.0391432766336948
0.921838540118188,0.504741334356368
0.137261888477951,0.943547322880477
0.284022722160444,0.353222755948082
0.742289948742837,0.778336729854345
0.457614036509767,0.884696405148134
0.976650835946202,0.326589649543166
0.202278977725655,0.0213456253986806
0.322605677414685,0.0173252238892019
0.469928679522127,0.850591068156064
0.0699284097645432,0.962592258118093
0.434912990545854,0.394925824133679
0.93735321983695,0.118504787096754
0.96719800774008,0.898793609580025
0.889450913062319,0.999459694139659
0.839304238324985,0.524436031933874
0.272294923663139,0.153434879379347
0.421473651891574,0.90437831915915
0.146556890103966,0.0476830489933491
0.537862510187551,0.913082853890955
0.752910113427788,0.589313492178917
0.0129215877968818,0.475819498766214
0.538898654747754,0.708392220083624
0.581869809655473,0.871736485511065
0.421602824004367,0.355164601001889
0.691965515725315,0.384434965671971
0.604514122242108,0.613888879772276
0.555036704055965,0.803669472690672
0.916532893199474,0.708173344144598
0.0669172492343932,0.265713716158643
0.024606822989881,0.263051335001364
0.0617918018251657,0.657083374913782
0.975191655103117,0.512460668571293
0.834137206664309,0.574428113410249
0.856310319853947,0.307817184133455
0.0482885527890176,0.57425125874579
0.278779478743672,0.14807884930633
0.590650632511824,0.388431160710752
0.390566312242299,0.163946297951043
0.937393801752478,0.422090657986701
0.649083566619083,0.431056800298393
0.262555491412058,0.517965475795791
0.196826323168352,0.470935229677707
0.881136920768768,0.0548317995853722
0.275020060129464,0.0194530170410872
0.202756620477885,0.211555860936642
0.484324153978378,0.318750250153244
0.154774478403851,0.61895018350333
0.35877180006355,0.0454674970824271
0.822131792549044,0.0895771589130163
0.502205449622124,0.332430706359446
0.334180922014639,0.0653721105773002
0.812799326144159,0.0130487107671797
0.685358285438269,0.93122496502474
0.353427628055215,0.552443450316787
0.746462032431737,0.839039948768914
0.851477538235486,0.392140300245956
0.968396689044312,0.87659179745242
0.70621226541698,0.687639787560329
0.839557954575866,0.832621162990108
0.836258874740452,0.40121900732629
0.433880319120362,0.853868701960891
0.205420147860423,0.799462241120636
0.350003215484321,0.0776954980101436
0.235639672726393,0.859365618322045
0.452826655004174,0.745453748153523
0.409517762018368,0.10217809304595
0.203197314869612,0.780232204357162
0.260688150301576,0.390944614075124
0.403770443983376,0.76586803724058
0.906012126710266,0.802040989976376
0.515318952035159,0.601786271668971
0.854833436431363,0.21900461637415
0.355215818155557,0.903141536284238
0.17274202266708,0.738664983073249
0.777423038380221,0.430689828237519
0.773139587137848,0.564810666022822
0.341911159688607,0.711012209067121
0.0500946280080825,0.494778705528006
0.723555972333997,0.255051122745499
0.953263752860948,0.262683576904237
0.740795817691833,0.495810052379966
0.207473854534328,0.445169094018638
0.286889138631523,0.686996346805245
0.80080808326602,0.756082258420065
0.100975035922602,0.0346720751840621
0.316669323947281,0.656207496067509
0.522580414544791,0.861783751752228
0.568880558013916,0.794758943142369
0.0334471657406539,0.178685450926423
0.333238853840157,0.95824524667114
0.184379475191236,0.318305180873722
0.475380359217525,0.859029419021681
0.12275952193886,0.188562534982339
0.671451050788164,0.236217704368755
0.618014460895211,0.570399601245299
0.65082245785743,0.680879470892251
0.562597241951153,0.638320849975571
0.51800938649103,0.249508299864829
0.596477841027081,0.59374312707223
0.422250549541786,0.0488000097684562
0.910677699372172,0.914550572866574
0.337159105343744,0.65237739845179
0.4588266487699,0.426851505879313
0.220164033584297,0.207345973933116
0.80941160954535,0.364661119645461
0.892448352649808,0.787365659605712
0.530091094551608,0.67337791621685
0.902641413034871,0.438353379489854
0.412919661728665,0.969433741178364
0.00597123522311449,0.20935315056704
0.894870637916028,0.804477966623381
0.850662703625858,0.316204468254
0.926919552264735,0.055018154438585
0.702534875366837,0.665242130868137
0.33880119305104,0.775378880556673
0.965401972876862,0.364793255925179
0.723645383724943,0.222754566930234
0.560122567461804,0.946393912890926
0.279826185433194,0.708734790561721
0.648294402519241,0.497457350837067
0.471335512818769,0.762676369166002
0.4626822816208,0.60159859014675
0.0297410821076483,0.960373984416947
0.226027848431841,0.203821680275723
0.864125093445182,0.778690388193354
0.985816414933652,0.398611427517608
0.999581901589409,0.585637910058722
0.183305588550866,0.629406271502376
0.163175868103281,0.941222715657204
0.83674085047096,0.514928322983906
0.627457194030285,0.110392299480736
0.660106798866764,0.163065591827035
0.575166058726609,0.934363479260355
0.081839004997164,0.251763178035617
0.946050606900826,0.230015519540757
0.21979083865881,0.554636999033391
0.747034235158935,0.653486500959843
0.515750191407278,0.327888915780932
0.925499249948189,0.774721351685002
0.721480049891397,0.294329075142741
0.689674798864871,0.467155914986506
0.0666660468559712,0.137132747564465
0.134652897017077,0.821297507500276
0.814483902649954,0.431195293320343
0.142720023635775,0.349560839589685
0.18743369425647,0.186371101997793
0.637401673709974,0.321490301284939
0.175972542958334,0.675307559315115
0.874442984350026,0.853939235908911
0.21584681305103,0.927026808960363
0.957317707128823,0.150376402307302
0.73040898074396,0.239794508554041
0.899046826642007,0.0677082426846027
0.0617096442729235,0.983923406805843
0.994899098062888,0.440286002820358
0.246971462620422,0.104148883838207
0.0281044347211719,0.68674036487937
0.816832437878475,0.929592858534306
0.674344192491844,0.0889500866178423
0.0329775067511946,0.807065437082201
0.657794795231894,0.0228395068552345
0.552294612629339,0.595389241818339
0.587749085621908,0.974442976759747
0.599853352643549,0.0109778617043048
0.932387231849134,0.340106942225248
0.604416662594303,0.364525793120265
0.613217017613351,0.442450869595632
0.533974759746343,0.296972048934549
0.770168731221929,0.320553476456553
0.0398135224822909,0.982505590422079
0.921729529509321,0.0672426561359316
0.199473780812696,0.483185632387176
0.151802424807101,0.314298188546672
0.77754242811352,0.846402476541698
0.315806280821562,0.704028131673113
0.0790572233963758,0.1014414136298
0.538572538644075,0.828317917417735
0.476608668919653,0.326986029511318
0.00324329314753413,0.536354169016704
0.215432187309489,0.0655383376870304
0.362895413534716,0.866691244067624
0.704608712811023,0.698125994298607
0.837573533179238,0.896060242317617
0.701393574709073,0.840594373410568
0.15509299794212,0.346384804463014
0.682568206219003,0.321455896366388
0.359151408309117,0.492381351068616
0.603226679377258,0.341910183429718
0.689948863117024,0.587027312722057
0.0288556579034775,0.954830308211967
0.0616533821448684,0.21882539242506
0.924715491943061,0.425481477286667
0.165356674930081,0.889077582629398
0.36163793085143,0.0102718758862466
0.8634862548206,0.564160336041823
0.340346405282617,0.738513738149777
0.183190329698846,0.0244688258972019
0.242088962811977,0.993282180046663
0.863322690594941,0.864834338892251
0.0747737837955356,0.336054548621178
0.0906862367410213,0.365058082854375
0.0457530554849654,0.558338714763522
0.113653504522517,0.525543615454808
0.373361497186124,0.81688861339353
0.345406162785366,0.780218246160075
0.227305313805118,0.30487702274695
0.00373753579333425,0.860747611615807
0.11164294462651,0.451989223249257
0.699929455760866,0.351758941076696
0.953270388767123,0.392944333143532
0.106271613156423,0.944173360941932
0.989441635319963,0.00952771632000804
0.967092374106869,0.799291787436232
0.513070127461106,0.99072507256642
0.459808820625767,0.00213211611844599
0.988063658820465,0.212840555468574
0.769319266313687,0.714332377305254
0.58916993602179,0.220672135939822
0.989779193419963,0.790586296468973
0.977097212569788,0.277927169343457
0.268843959085643,0.980465951841325
0.77022428996861,0.819070941768587
0.0275933567900211,0.635931850643829
0.495434866519645,0.789128458825871
0.205348279559985,0.826050841715187
0.193679884308949,0.0491910171695054
0.485932959942147,0.863673119340092
0.0676280907355249,0.89471461600624
0.75884935958311,0.726640607230365
0.474828266305849,0.483345477376133
0.308570914436132,0.580640409141779
0.00710767507553101,0.0797313782386482
0.363184013403952,0.643817089730874
0.917342925909907,0.427466337569058
0.086751842405647,0.582070679636672
0.0119048901833594,0.135067701106891
0.809795756824315,0.537432686891407
0.196671007666737,0.368909849552438
0.908009551931173,0.118615739746019
0.608297436265275,0.214310186682269
0.871839775936678,0.342639348004013
0.667643170803785,0.214892312418669
0.787631263025105,0.353209521388635
0.398144497303292,0.560572647955269
0.713916924782097,0.153671958483756
0.295374131994322,0.416290444787592
0.192520699230954,0.289545384701341
0.434773113345727,0.346336107468233
0.790809377096593,0.00779267190955579
0.965980287641287,0.0691432873718441
0.510088949697092,0.977755996631458
0.369717753957957,0.338378038955852
0.547235753852874,0.720008957199752
0.913982143625617,0.435313796857372
0.918506701476872,0.529824444558471
0.24366458132863,0.371114319190383
0.830898564308882,0.857763100415468
0.754896174650639,0.696546986466274
0.455162685597315,0.0681260323617607
0.704556437209249,0.716879067011178
0.477325946791098,0.433903843862936
0.679373342776671,0.0278705679811537
0.552564708516002,0.782764787785709
0.618091790704057,0.654254822758958
0.330665783723816,0.325991682941094
0.165606843307614,0.797241505933926
0.242433144710958,0.723256193101406
0.0994188892655075,0.00210424279794097
0.0583741969894618,0.247501539997756
0.909466542303562,0.80215953127481
0.351686887908727,0.130069166654721
0.932128033367917,0.322475184919313
0.517881252337247,0.683655033353716
0.213262973353267,0.621935685165226
0.0162937159184366,0.617694379296154
0.558129295008257,0.641231484012678
0.380289174616337,0.906705229310319
Rho_s: 0.00191875391875392
Rho_p: 0.00123210532325594
IC Time: 0
