Rho:-0.8
N:1000
0.206436974462122,0.814572754316032
0.124942161608487,0.822967134648934
0.293273170478642,0.767996557755396
0.37577968603,0.589823432266712
0.8463468356058,0.079799564788118
0.529204759048298,0.758840002585202
0.518625381169841,0.634139189030975
0.237854489823803,0.664494719589129
0.326318135019392,0.915968347340822
0.914945214986801,0.428522165399045
0.416248277528211,0.459500721422955
0.344641395844519,0.876631503226236
0.865154354600236,0.0237839666660875
0.316040397388861,0.48273378633894
0.523118615848944,0.479498225264251
0.291604112600908,0.731867495924234
0.0384093888569623,0.934128027409315
0.687075084075332,0.41788459289819
0.774222902022302,0.241286519682035
0.472171796718612,0.34997523506172
0.214126811362803,0.57342667854391
0.637116616591811,0.314646997256204
0.625413808971643,0.628742704167962
0.400616502854973,0.624072592472658
0.582698850892484,0.701928755501285
0.327368650818244,0.360520671820268
0.919807240366936,0.130933613050729
0.340134720085189,0.359315449139103
0.788057131925598,0.0340277880895883
0.15012612589635,0.691959753632545
0.238523373380303,0.538048647111282
0.417861331952736,0.513879114063457
0.0667300471104681,0.982979645486921
0.113256716635078,0.990254374686629
0.370740447891876,0.271407360443845
0.123137964401394,0.661944513209164
0.59600068628788,0.179085727082565
0.339103497797623,0.88866643467918
0.310323390876874,0.34656118741259
0.702061467571184,0.619541954947636
0.635687056696042,0.220857063774019
0.634876525960863,0.536029581679031
0.214905861299485,0.959243055433035
0.939319360535592,0.079766915878281
0.700371886370704,0.226096615195274
0.978316442808136,0.280587566783652
0.0256972569040954,0.979720206232741
0.590319673996419,0.374820549506694
0.899508459959179,0.248257986735553
0.456174235325307,0.538699392462149
0.581432937178761,0.274339166004211
0.101958261802793,0.901666708989069
0.207358330255374,0.618035277351737
0.132360236952081,0.920895088231191
0.284706488717347,0.602773271268234
0.0476317629218102,0.902139880694449
0.129952061222866,0.893456340301782
0.981675026006997,0.00347521319054067
0.728249005042017,0.422441563103348
0.308915655361488,0.7581934586633
0.0883446184452623,0.99036705843173
0.897429477423429,0.0762731679715216
0.102467314107344,0.799458405235782
0.252157035050914,0.410118799423799
0.209530601743609,0.837178766261786
0.186142472550273,0.596721222391352
0.114889209158719,0.615493582561612
0.957343885209411,0.0270963944494724
0.648023918503895,0.107360132271424
0.334084034431726,0.766239280579612
0.976367506431416,0.0123756856191903
0.909553105710074,0.134846766013652
0.715568019310012,0.230245605576783
0.342163689434528,0.800453302683309
0.991487304447219,0.17412547650747
0.752539332024753,0.123074608854949
0.446056468179449,0.622360804816708
0.89486921671778,0.125880208332092
0.107137217884883,0.555781891103834
0.762022010050714,0.387355534825474
0.429124001879245,0.618309998419136
0.642545906128362,0.209258470917121
0.717291193781421,0.0853415203746408
0.340430552139878,0.889451811090112
0.34621331654489,0.81511794985272
0.832795755239204,0.0895147721748799
0.751738702179864,0.073330181883648
0.445525503484532,0.788794602965936
0.566479364642873,0.12522323615849
0.835995299043134,0.147210453636944
0.787364816525951,0.183758908649907
0.791093946201727,0.101145238382742
0.0270872151013464,0.943881643004715
0.481721223564819,0.366059285588562
0.716611944604665,0.411647849483415
0.104630680754781,0.799145530210808
0.774880000390112,0.56897034891881
0.705963059561327,0.11223850119859
0.518788970308378,0.289070973405614
0.808731816941872,0.163177153328434
0.928963772254065,0.058834447292611
0.502883013337851,0.64868543529883
0.0258240764960647,0.905231516109779
0.292404644656926,0.796408268855885
0.293760487111285,0.744158063316718
0.654143693856895,0.252875653561205
0.933450176613405,0.370790498098359
0.530447569675744,0.772474910132587
0.405212297802791,0.713784170104191
0.33563464670442,0.807655376382172
0.886895302450284,0.353217900265008
0.518316371366382,0.79456424806267
0.520404884126037,0.630556870251894
0.747105040587485,0.211326593300328
0.795411827741191,0.058302424615249
0.383748434018344,0.296309840399772
0.423848164500669,0.455934093799442
0.86395989661105,0.238398875342682
0.18431529449299,0.961705983383581
0.415697196265683,0.512547485996038
0.867540137143806,0.0495244015473872
0.10749787488021,0.615791884949431
0.684900607215241,0.154893962666392
0.436045848531649,0.499385968083516
0.373598710866645,0.375685781938955
0.397903127828613,0.853977578692138
0.194228509673849,0.861998633947223
0.6329403182026,0.192084937822074
0.441303288331255,0.202322034630924
0.951413698960096,0.415718301665038
0.647482908796519,0.221837761579081
0.843872751109302,0.225892975693569
0.434074159013107,0.825345088494942
0.271711764391512,0.461930007906631
0.293060312280431,0.427493775961921
0.367279686266556,0.533804016420618
0.0934458281844854,0.720392815535888
0.139824191108346,0.696551801403984
0.0771647908259183,0.924712309148163
0.150451194960624,0.983636260731146
0.591776471817866,0.644420573487878
0.978682204149663,0.0674716292414814
0.119050747249275,0.918021847493947
0.02833855105564,0.959973477292806
0.149006851250306,0.9260594767984
0.533944532973692,0.710567267145962
0.483974275412038,0.712195962201804
0.00378161785192788,0.994664780562744
0.977312044939026,0.284357379889116
0.430092631373554,0.252682934980839
0.199512038147077,0.540819774847478
0.44205461954698,0.845393157331273
0.952299158088863,0.119015030097216
0.798217562260106,0.319569238927215
0.947710787411779,0.373407205333933
0.445834421319887,0.720992085756734
0.213357927510515,0.959763204213232
0.358319599879906,0.343399553792551
0.15772023005411,0.574408623855561
0.16522159287706,0.516996751073748
0.90630364138633,0.44612205051817
0.508634972618893,0.237645644927397
0.17218881379813,0.966504149604589
0.909844217589125,0.0358032798394561
0.241231605410576,0.821948001626879
0.2755190981552,0.685621179873124
0.453287245240062,0.711793379625306
0.0185284996405244,0.9338264958933
0.419952732743695,0.318999250885099
0.346310174791142,0.32240577111952
0.53147078701295,0.25147473346442
0.852012724149972,0.129644557833672
0.0680136457085609,0.694035452557728
0.198740990832448,0.751797014614567
0.386647125007585,0.876492951298133
0.85052441759035,0.0891075318213552
0.569757154909894,0.708371949847788
0.0278260004706681,0.724984753178433
0.00652039772830904,0.997302921488881
0.0305606897454709,0.874140871455893
0.74848149321042,0.342961302958429
0.331602866062894,0.744348041946068
0.721005545230582,0.2479280999396
0.657906916923821,0.167659941595048
0.0178649595472962,0.712537439772859
0.0276763308793306,0.89705870882608
0.826834985055029,0.425404287874699
0.957567485282198,0.0819135229103267
0.0625090980902314,0.938839053967968
0.511956698959693,0.809417100856081
0.91560469288379,0.012300220085308
0.815558552043512,0.396019086707383
0.94424271164462,0.0426647302228957
0.745236412622035,0.54684812319465
0.637578976107761,0.235076268436387
0.569738010875881,0.135634358972311
0.310942941810936,0.332394153112546
0.135312551865354,0.981558318482712
0.907241655513644,0.207808301784098
0.050605817232281,0.987242437200621
0.980930468766019,0.149171177297831
0.223274204647169,0.616809907834977
0.414701503701508,0.574029660085216
0.268584472825751,0.663449453888461
0.50087559199892,0.8274002361577
0.847969821887091,0.228627105709165
0.0493210924323648,0.983043234329671
0.771183755714446,0.0604000214952976
0.285879120929167,0.649054915411398
0.618087252834812,0.622270928462967
0.3283442244865,0.453869533725083
0.243366344831884,0.822278403211385
0.192658801097423,0.959916628198698
0.0888712902087718,0.989644784014672
0.238391600549221,0.600587839959189
0.661419309675694,0.212695365073159
0.606707548722625,0.641617503715679
0.43074761191383,0.322321293409914
0.979983258992434,0.00451791542582214
0.77801378746517,0.160154341021553
0.556478654500097,0.167619531974196
0.197679887060076,0.469336838694289
0.262688270537183,0.848719013156369
0.248209536075592,0.892398011405021
0.228741693776101,0.886849067406729
0.207008111523464,0.567456390941516
0.883576361462474,0.363561776699498
0.202231260482222,0.594541822560132
0.228979466948658,0.920159527333453
0.604191551217809,0.381295821629465
0.826284502400085,0.138502933317795
0.0821855312678963,0.738211415009573
0.594264033716172,0.555845742113888
0.20405441778712,0.687582647427917
0.509277238510549,0.817326844669878
0.317646941170096,0.430566637311131
0.782124436460435,0.26789224287495
0.276203417684883,0.66089996160008
0.176158916437998,0.871900502592325
0.0313790289219469,0.995438890065998
0.0367171883117408,0.621861970517784
0.53665106324479,0.261839741142467
0.0565567559096962,0.975077397422865
0.550708330003545,0.2714950426016
0.0391426687128842,0.904566517565399
0.527234941022471,0.6863732135389
0.990482532186434,0.0699543585069478
0.654095782665536,0.242476192768663
0.555435854941607,0.656882591545582
0.751034006476402,0.261727272765711
0.94651424488984,0.0649820356629789
0.460343752289191,0.5486788416747
0.762103819288313,0.373759514885023
0.179818318923935,0.464665092295036
0.111666595796123,0.98812812869437
0.140158938709646,0.58233184623532
0.976334193255752,0.0852957484312356
0.741894526174292,0.314069414045662
0.887102804379538,0.0293513068463653
0.83725206926465,0.241425757994875
0.337502242065966,0.82827495643869
0.787236816016957,0.493622036417946
0.0409564122091979,0.654066174756736
0.369775022612885,0.887711939169094
0.637961022788659,0.0915720209013671
0.50357552501373,0.833421518560499
0.368114943848923,0.824146788567305
0.635774429189041,0.174794636201113
0.472942902240902,0.378475819248706
0.263424643781036,0.425521360710263
0.219563903752714,0.746922389836982
0.5512889707461,0.207677726866677
0.737604810623452,0.150088728405535
0.066131193889305,0.906721056438982
0.880812106654048,0.475594418589026
0.175432251999155,0.717068168800324
0.147460498847067,0.537656276719645
0.116750626359135,0.826999810524285
0.0612659885082394,0.666748191928491
0.947120618307963,0.153280021855608
0.23174566635862,0.780369696673006
0.123847008682787,0.681174385827035
0.696266452316195,0.289571038912982
0.00123381661251187,0.919284709962085
0.269547027070075,0.517050109570846
0.224938187748194,0.815986547386274
0.269229084951803,0.835608925670385
0.135465187719092,0.949885839130729
0.930348461959511,0.0879224424716085
0.937035901006311,0.425952724879608
0.0323406604584306,0.995861090952531
0.624512361828238,0.150812446372584
0.355000520590693,0.802101151319221
0.184764068806544,0.918835628777742
0.690216555260122,0.189290630165488
0.547373680630699,0.425438054604456
0.854518256615847,0.172430905979127
0.249010527739301,0.728926510550082
0.675816103583202,0.232383375987411
0.439670799532905,0.60487162345089
0.135709821246564,0.929804372601211
0.900649570161477,0.276892718626186
0.415539632085711,0.838069248013198
0.529635304119438,0.5746402698569
0.516295451205224,0.769733650609851
0.489277512766421,0.31517145736143
0.630404036492109,0.166782099520788
0.0183623938355595,0.891012457432225
0.488913350040093,0.686441008932889
0.940239993156865,0.0249010236002505
0.112647770438343,0.937817629193887
0.931889325147495,0.404080112231895
0.407832633238286,0.729093366069719
0.794797160662711,0.328992719994858
0.737303098663688,0.406976233934984
0.796530998079106,0.194141265936196
0.215247943764552,0.471983443479985
0.344708508113399,0.620387452188879
0.794103479478508,0.0484666081611067
0.674764824099839,0.118756993440911
0.683106383308768,0.0593755028676242
0.189008254325017,0.570599903119728
0.363417562562972,0.56228615809232
0.955300429137424,0.35761272883974
0.517389238346368,0.40116269653663
0.774864818900824,0.0589347640052438
0.396224656375125,0.706407291581854
0.432325853966177,0.48437948175706
0.850305765168741,0.108616412384436
0.360223530558869,0.838116781320423
0.926653197035193,0.0927882681135088
0.565464362967759,0.720812939107418
0.395334425847977,0.355551869375631
0.834505359409377,0.548718829173595
0.531358720501885,0.570776217617095
0.110185629455373,0.966199416900054
0.498117956565693,0.477790862089023
0.418862384976819,0.328075153054669
0.0314036090858281,0.633946654619649
0.357484160689637,0.526116207940504
0.180509750032797,0.574207109864801
0.666825777385384,0.446596227586269
0.856002835324034,0.121977068949491
0.369250529212877,0.805329787312075
0.111182048683986,0.704628805397078
0.985402842750773,0.248365406179801
0.032041123136878,0.993622391251847
0.774292916292325,0.408833231544122
0.0601267903111875,0.863749924814329
0.125508654862642,0.726915169274434
0.424261658685282,0.826168617466465
0.786224178038538,0.465072265360504
0.244711995357648,0.591395748313516
0.583218556828797,0.454769219271839
0.328261978691444,0.492263070307672
0.571837164461613,0.159260284854099
0.332983798347414,0.773152385139838
0.335702087963,0.343041490064934
0.735182251781225,0.07316410751082
0.864016395062208,0.450620336225256
0.692055807914585,0.375533386599272
0.503784962464124,0.479428864317015
0.51729850191623,0.719438597094268
0.41806992306374,0.587776241125539
0.68812843458727,0.141614082967862
0.0145136138889939,0.970378932077438
0.288834111765027,0.389944492373616
0.313500703079626,0.602545830886811
0.34041744004935,0.319953582948074
0.609978722408414,0.276509040035307
0.0610754922963679,0.994968267623335
0.515453856205568,0.611238230019808
0.366694663418457,0.522296028677374
0.776291671209037,0.392122709657997
0.533011011546478,0.191969136474654
0.806179570034146,0.249418613500893
0.0452503655105829,0.68584764120169
0.44715307536535,0.361029102699831
0.507705176016316,0.32157431752421
0.786784610012546,0.0297463329043239
0.173247075174004,0.537317383103073
0.857173894764856,0.0440608018543571
0.915923012420535,0.0112406846601516
0.12109409738332,0.775239414535463
0.0070892374496907,0.752552222460508
0.660959684289992,0.598251001676545
0.945059889927506,0.125462507363409
0.253486598143354,0.755241746315733
0.589984707767144,0.15402083331719
0.336683442816138,0.741336831124499
0.656081119086593,0.328491379972547
0.599839553702623,0.589244989678264
0.146389994537458,0.856048058019951
0.881070750532672,0.0771540200803429
0.8159794525709,0.0442478987388313
0.0937830999027938,0.869447521166876
0.54741359106265,0.750278480583802
0.21101208939217,0.573294080095366
0.839626763248816,0.443241504952312
0.381643905304372,0.660695428727195
0.864146871026605,0.233512008097023
0.0927780042402446,0.744699087692425
0.0172246105503291,0.897433527279645
0.490194557700306,0.192879287758842
0.670979026006535,0.0729343313723803
0.574991270899773,0.497636207379401
0.290739305550233,0.885827352292836
0.176838973537087,0.869640605291352
0.0451986053958535,0.724522029748186
0.869764340342954,0.403700787806883
0.556513789808378,0.706591105088592
0.922267122659832,0.148768605198711
0.225020825397223,0.807981942314655
0.996832707896829,0.343535796739161
0.586367240175605,0.660056828055531
0.770929615013301,0.389165312517434
0.275394579628482,0.715377861633897
0.0818273464683443,0.680336674908176
0.98114123265259,0.234914166852832
0.361545575084165,0.265296231489629
0.637598366709426,0.183480655541644
0.780126461060718,0.246333091985434
0.230093420483172,0.505896050250158
0.0774849089793861,0.894767085555941
0.665946850087494,0.181662352988496
0.167555280961096,0.855210891924798
0.336068725446239,0.78617896232754
0.253066960722208,0.683961849426851
0.315326491370797,0.689012761460617
0.791185325942934,0.0500960114877671
0.791568818967789,0.0468895379453897
0.385350364493206,0.325559552758932
0.587680105119944,0.681058118818328
0.957827161299065,0.00751863652840257
0.0873609131667763,0.98747320799157
0.7424545311369,0.344830807996914
0.0996771426871419,0.889732480747625
0.39512961381115,0.531663213623688
0.412295546382666,0.274207173381001
0.4800621625036,0.522772556636482
0.39626234699972,0.642163197509944
0.0980013448279351,0.969658311223611
0.349435575073585,0.670484293019399
0.368727749446407,0.868348234798759
0.511939914897084,0.333248236915097
0.967190342256799,0.282537464750931
0.469449274474755,0.757998198037967
0.628546482650563,0.087912984425202
0.916708744363859,0.0947557555045933
0.812242464628071,0.212885706685483
0.192737225443125,0.893935552798212
0.427486213156953,0.222432559588924
0.520024988334626,0.581504322821274
0.125531142111868,0.940330638550222
0.980093845631927,0.25671107461676
0.184945620363578,0.925739323021844
0.1431582972873,0.534895992605016
0.426543142879382,0.289332861080766
0.912356789922342,0.305943649960682
0.706997339846566,0.465658059110865
0.366075490834191,0.600278672529384
0.746862249914557,0.486502911662683
0.301207171520218,0.597914238693193
0.115750964265317,0.727370031410828
0.512818892719224,0.463126367423683
0.461565564386547,0.423530360916629
0.478933743201196,0.389776464784518
0.511654775124043,0.293380118906498
0.285192654235289,0.923133926000446
0.307610001182184,0.805819163098931
0.627214275533333,0.72316928813234
0.729335718089715,0.11946354387328
0.15536995511502,0.510255001019686
0.242032876238227,0.829657729016617
0.271574483020231,0.74968951777555
0.211338412947953,0.457919593434781
0.686434218659997,0.204007677966729
0.192232318455353,0.841042715590447
0.61762921884656,0.378184516914189
0.337618528166786,0.855449269292876
0.968485923716798,0.0363735514692962
0.0196615089662373,0.951826358214021
0.0700938829686493,0.713707833085209
0.349162235157564,0.80021126405336
0.354864571010694,0.793641307856888
0.219164005713537,0.617184132803231
0.151128845056519,0.868982755346224
0.120231145061553,0.895812261849642
0.611624848097563,0.428495852975175
0.69323387183249,0.0723341288976371
0.689485309179872,0.596154151717201
0.194286705926061,0.643376747844741
0.0389569473918527,0.929958043852821
0.24559352779761,0.666557737858966
0.797159263631329,0.112048716982827
0.00522794690914452,0.919962279731408
0.272450037300587,0.818215163890272
0.205697655910626,0.732137035578489
0.843342851381749,0.0860960995778441
0.884508710820228,0.0224731729831547
0.639370674034581,0.68770834361203
0.876853165216744,0.297682608943433
0.795477284817025,0.163527267752215
0.128702996298671,0.830131091410294
0.644777624169365,0.685482084751129
0.419737848220393,0.354895617347211
0.538038475206122,0.571057881461456
0.413030235329643,0.70906649902463
0.841299553867429,0.371715659974143
0.577551443129778,0.377724544145167
0.755596292437986,0.0495358356274664
0.734593961387873,0.075862719444558
0.327482744818553,0.856565775582567
0.284207353368402,0.666785258799791
0.989287707954645,0.141502386657521
0.335424762452021,0.870944174705073
0.797809791518375,0.463441258296371
0.469099565641955,0.804271108005196
0.537507225293666,0.667981734033674
0.735076140146703,0.31351511226967
0.781540886033326,0.266093409387395
0.568726406199858,0.182820219313726
0.901735180057585,0.252372059738263
0.648056881502271,0.671801627147943
0.978078905725852,0.338880353374407
0.663797194603831,0.454689512960613
0.672187000978738,0.343419842189178
0.0743029788136482,0.994678049115464
0.942997932434082,0.0176347580272704
0.692792478017509,0.317550922511145
0.556694504572079,0.763086488936096
0.577682760544121,0.353677213191986
0.0406927689909935,0.987667276291177
0.652845419943333,0.0751269806642085
0.0130838297773153,0.996803184039891
0.607570240274072,0.408396771643311
0.832492902176455,0.0625625743996352
0.623339824611321,0.646209658589214
0.516275692731142,0.340717142447829
0.830497702816501,0.161392674548551
0.392068977002054,0.872560665942729
0.824443408753723,0.03177659236826
0.882871416397393,0.346836097305641
0.934600047767162,0.179603264667094
0.233468842925504,0.96512119518593
0.0182303986512125,0.719285762635991
0.588199453894049,0.609377615852281
0.10540676722303,0.905905411578715
0.205169517314062,0.922320317244157
0.868004789343104,0.521908474620432
0.668135758023709,0.0598007442895323
0.292633168632165,0.839750675018877
0.889703132677823,0.351738541619852
0.242758517386392,0.74733282905072
0.813936329912394,0.373620219063014
0.406634629471228,0.731659135082737
0.488119625020772,0.331292952876538
0.531170999165624,0.782973678316921
0.101152541814372,0.833044515457004
0.0394837621133775,0.846717448206618
0.705486376071349,0.493641447741538
0.574665733613074,0.33007233357057
0.508235870394856,0.677101653069258
0.966085546184331,0.0270037082955241
0.825590178137645,0.0467377996537834
0.231095950817689,0.417817821726203
0.399464939488098,0.48116234363988
0.899818515405059,0.243933776393533
0.794054768048227,0.0545495981350541
0.567232637898996,0.496569897513837
0.115317891584709,0.763188819168136
0.109750470845029,0.931795120472088
0.334771271562204,0.830105645116419
0.304142497479916,0.913490076549351
0.251865004654974,0.867361380485818
0.544716044096276,0.626603343291208
0.631586424773559,0.576366383349523
0.115733252838254,0.627167096128687
0.790040767984465,0.450149190379307
0.167944537010044,0.965772500960156
0.237965015228838,0.444387139752507
0.0780203258618712,0.901071016211063
0.809263292234391,0.205749511485919
0.717397140339017,0.142205477692187
0.238676100270823,0.456673911074176
0.923199133947492,0.0195497679524124
0.390244227601215,0.449723125901073
0.212761774426326,0.925258100731298
0.115980021189898,0.661156641086563
0.788470861967653,0.239421188831329
0.572342536877841,0.123311097035185
0.973420132184401,0.165683703729883
0.34283011755906,0.38091431860812
0.306345189921558,0.896415104391053
0.55065971869044,0.407873512478545
0.700400413013995,0.449289054842666
0.401242084335536,0.263182112248614
0.701904192334041,0.568900192156434
0.943770625861362,0.0274786029476672
0.602062142221257,0.378752478398383
0.670148266712204,0.0997603475116193
0.105835776776075,0.606809830991551
0.201952236937359,0.532225632341579
0.616716901538894,0.393982766428962
0.644940558122471,0.18740380066447
0.296120582614094,0.745977908372879
0.638797836145386,0.266637024236843
0.564439527690411,0.36286969226785
0.656466281041503,0.685036548180506
0.313977909972891,0.76831758604385
0.525257607689127,0.679367890581489
0.494668201077729,0.838875320274383
0.977811285527423,0.0355279059149325
0.834442929597571,0.208609336521477
0.103900606743991,0.965989500517026
0.375092711299658,0.847340341191739
0.37682463391684,0.720935503253713
0.363283333368599,0.788067051675171
0.750842818757519,0.52461944334209
0.521116746356711,0.690820505144075
0.0134618100710213,0.631685141706839
0.155994070693851,0.700785984285176
0.421591687714681,0.595366372959688
0.814330777619034,0.395099882269278
0.421506431186572,0.811236991547048
0.15386548358947,0.885601436253637
0.213883777149022,0.7964046751149
0.767926312517375,0.03447011904791
0.226819545729086,0.91703304159455
0.800678220344707,0.468983556609601
0.686977629549801,0.135041682515293
0.875684227095917,0.480636764783412
0.599106929264963,0.304262275807559
0.453213930595666,0.351063259178773
0.769985728431493,0.385409103473648
0.920017753494903,0.0616346183232963
0.639783513033763,0.0815791345667094
0.775567443342879,0.447366630425677
0.773625207366422,0.350218363339081
0.239263041876256,0.870930881705135
0.901862497441471,0.123873139731586
0.203310295240954,0.916391714476049
0.768531731329858,0.202547838678584
0.269147513434291,0.46164404717274
0.701307453215122,0.197647087043151
0.559744177386165,0.226187215652317
0.273358672158793,0.873272604541853
0.0910830209031701,0.931839949917048
0.658376714913175,0.305460970615968
0.205346546834335,0.915744506753981
0.535541833145544,0.348851392744109
0.1028357015457,0.742902850732207
0.347714582458138,0.642726336373016
0.300550109473988,0.864047505194321
0.41797151346691,0.847745075821877
0.067880334565416,0.642612793017179
0.126714724581689,0.70296221319586
0.232141964370385,0.860003618057817
0.697953711031005,0.48259772034362
0.111615932080895,0.867513903882354
0.947354840114713,0.287963610840961
0.141422350658104,0.895487293601036
0.761022282065824,0.252544139744714
0.675660161999986,0.143710561096668
0.163753422908485,0.712226354284212
0.202921778196469,0.901927766390145
0.576742330566049,0.217194058466703
0.704385141143575,0.384218777995557
0.980252738809213,0.0261130384169519
0.124191573821008,0.660513827344403
0.273144738283008,0.439489282900468
0.128745415015146,0.5235837304499
0.867876211879775,0.209130258997902
0.854818906635046,0.0919926892966032
0.129031899617985,0.960010647308081
0.658016307046637,0.231450648978353
0.61550983809866,0.104841277003288
0.938927271869034,0.0462002663407475
0.225645563798025,0.432082041865215
0.451648946618661,0.796418616781011
0.884217253420502,0.163999481126666
0.5613520052284,0.204411627724767
0.348748081596568,0.716688737040386
0.12446105456911,0.738707006676123
0.884771164972335,0.125958537915722
0.81508408812806,0.0845861630514264
0.606307460460812,0.259379964089021
0.998390628956258,0.282454073196277
0.622277311282232,0.499143395805731
0.993678269675002,0.0031014468986541
0.777284711832181,0.122248380444944
0.0802663993090391,0.908450454007834
0.437868047738448,0.588086007162929
0.938858873443678,0.268221478676423
0.567217542324215,0.423565799603239
0.36895697703585,0.530587037559599
0.609387256903574,0.681262364145368
0.0117590955924243,0.927963478956372
0.16715166461654,0.967314366716892
0.159062552731484,0.905958898831159
0.140330176334828,0.987432155292481
0.408320410177112,0.785196150420234
0.0925622347276658,0.638799862936139
0.628371790749952,0.487892994191498
0.415813938947394,0.82393327797763
0.719253690680489,0.17366706347093
0.73783288965933,0.49442538106814
0.689826044254005,0.345230016624555
0.261778780259192,0.376363769173622
0.60264173685573,0.319983524968848
0.155483742011711,0.931934057967737
0.583253568271175,0.366652639582753
0.0341490912251174,0.739769618026912
0.753549048211426,0.291488425340503
0.0639954705256969,0.735505112679675
0.462184748146683,0.585304309614003
0.904182568890974,0.112998692551628
0.255542343948036,0.955536477966234
0.965025242650881,0.366621820954606
0.383062331937253,0.482835887931287
0.261223175330088,0.471292335307226
0.0587397215422243,0.788120824377984
0.887323655420914,0.0274567643646151
0.47395485965535,0.341801130212843
0.979184399824589,0.287521234247833
0.520552207482979,0.511811130912974
0.277710559777915,0.36985173355788
0.639349658740684,0.113680147565901
0.811977547826245,0.488578665303066
0.542279567336664,0.499419121071696
0.0407099621370435,0.860182019183412
0.196680486900732,0.579353794688359
0.928537963889539,0.0618550849612802
0.813200279138982,0.436631747055799
0.0911649912595749,0.813887836178765
0.518857270712033,0.419847773853689
0.429386103292927,0.643333532381803
0.0363032082095742,0.98190749832429
0.498917526565492,0.265107260784134
0.572663792874664,0.612450811080635
0.125927736051381,0.822909170063213
0.307641825871542,0.922559050377458
0.386280888924375,0.326276622479782
0.576365545159206,0.242744500050321
0.343061548657715,0.681587636470795
0.381730485474691,0.770587278530002
0.910772778792307,0.111560005228966
0.120885024778545,0.569472284289077
0.0828731392975897,0.644126206170768
0.89747460372746,0.019166152458638
0.274534158175811,0.839049170957878
0.0630796896293759,0.921588679542765
0.217668168013915,0.928935107542202
0.734382076421753,0.11543907574378
0.90571846999228,0.161247732816264
0.61804123269394,0.342558128526434
0.484509755391628,0.360479878960177
0.301503368886188,0.780114743160084
0.652185136452317,0.403254142496735
0.464060431346297,0.308270632522181
0.180222529219463,0.85734389256686
0.457141694845632,0.852510540280491
0.119443024974316,0.85276356828399
0.762727446155623,0.196213028859347
0.707692608237267,0.348377653164789
0.578904710011557,0.122401104308665
0.206619476899505,0.9668257269077
0.821995299775153,0.0591288732830435
0.523802747717127,0.557251935359091
0.473876947537065,0.440650626085699
0.465235181851313,0.367007018066943
0.967596891336143,0.0546488431282341
0.101725473999977,0.628641731804237
0.946569194784388,0.0122662135399878
0.708318439777941,0.300100565655157
0.512179078068584,0.66650684340857
0.588564053410664,0.632025468163192
0.663200396113098,0.352776367915794
0.623274640180171,0.668350780149922
0.50536646367982,0.693593466421589
0.704794055083767,0.232884573051706
0.705579059896991,0.202021830482408
0.090472333598882,0.784284836612642
0.247739404207096,0.741494512418285
0.85876791132614,0.418929301202297
0.548748467350379,0.433647617232054
0.255624185781926,0.532786959549412
0.0950649217702448,0.975997954839841
0.688267650082707,0.606714738765731
0.918616264360026,0.0716337547637522
0.907895527780056,0.0135401324369013
0.543083921540529,0.227652761852369
0.334789443993941,0.466172392247245
0.281336475629359,0.401238948572427
0.597457034746185,0.265913866460323
0.729002317180857,0.109037528047338
0.825689967721701,0.095349706010893
0.0374619264621288,0.722979481797665
0.425275741843507,0.668851014459506
0.577475927770138,0.21427538478747
0.659864061977714,0.449116310104728
0.635700230486691,0.599158376222476
0.647723720641807,0.365502575179562
0.650171163491905,0.527183591388166
0.774645781842992,0.109337257221341
0.300847036065534,0.728034387342632
0.840406659524888,0.225256912177429
0.500022335443646,0.802193972514942
0.255141448229551,0.812968163518235
0.966810884419829,0.113029507920146
0.797046768013388,0.578634730773047
0.140663231024519,0.730137597071007
0.493378318846226,0.378630955703557
0.575456500286236,0.592607155442238
0.859208297217265,0.0459736394695938
0.76730945170857,0.163504616590217
0.641319286311045,0.585956782801077
0.202053928282112,0.440037050051615
0.490824807435274,0.545801406027749
0.289901856798679,0.491487286053598
0.893052469938993,0.17649399721995
0.646362168015912,0.313909054035321
0.917506345780566,0.0601656450890005
0.314817180857062,0.754575990140438
0.0586352772079408,0.6638577086851
0.384505424182862,0.327169159660116
0.869362501893193,0.281659933971241
0.506563188740984,0.587108980165794
0.166083848802373,0.785843822872266
0.679744568420574,0.171945738838986
0.667032658588141,0.124292289139703
0.899032892193645,0.104686330538243
0.554790624184534,0.712829214753583
0.721415220526978,0.132657221751288
0.95528180943802,0.00662372005172074
0.903994784457609,0.257583161117509
0.441551841562614,0.239892768906429
0.421799908624962,0.849636468105018
0.269943453138694,0.613411602331325
0.562410349259153,0.238083260133862
0.175608324352652,0.897539103403687
0.251814434770495,0.863403660012409
0.245410443982109,0.897125139599666
0.761802486609668,0.566226963186637
0.620951074874029,0.580342513741925
0.990607235347852,0.209118559956551
0.95662372908555,0.333040073513985
0.256202548043802,0.849568082485348
0.42364783002995,0.487321137217805
0.57371349260211,0.319845202146098
0.17909290175885,0.78347179107368
0.762446562992409,0.607799213379622
0.891962019726634,0.186299805762246
0.878278130665421,0.506310935830697
0.40920441551134,0.324064183048904
0.454605198465288,0.532547655515373
0.7884262339212,0.553736748639494
0.238892032764852,0.498392765410244
0.166367129655555,0.972308861790225
0.461634831735864,0.484402560628951
0.22325500450097,0.570520939771086
0.175642662448809,0.940730030881241
0.651236400241032,0.625905209919438
0.674345395993441,0.440533672692254
0.837743606651202,0.24524197797291
0.483587160240859,0.275654861470684
0.111795148113742,0.920735930558294
0.275798615766689,0.380678792949766
0.0240787912625819,0.788146926555783
0.895346253411844,0.428597222547978
0.634838361991569,0.156049333279952
0.651111991843209,0.325357338413596
0.109112514415756,0.580770917236805
0.36491304053925,0.390858405269682
0.518902739044279,0.477947435341775
0.845669908216223,0.0263408690225333
0.29160625860095,0.646665802225471
0.995683737564832,0.0735945196356624
0.269498226465657,0.945732745807618
0.517685570754111,0.62833214760758
0.875243291724473,0.0641266403254122
0.663708920124918,0.463607147103176
0.507244573207572,0.373111693188548
0.667057718383148,0.46397351869382
0.0377141942735761,0.769364157225937
0.135134883224964,0.723938420880586
0.677965372335166,0.0732068633660674
0.527954606572166,0.291531611699611
0.526384837459773,0.787049024598673
0.213685429887846,0.574949213769287
0.656436810269952,0.391178474528715
0.932124699931592,0.0377483298070729
0.311802072217688,0.917202861281112
0.492135315435007,0.260161410784349
0.772878795163706,0.262513313442469
0.208633888047189,0.919303085422143
0.955316109815612,0.00568452966399491
0.152491475455463,0.722894388716668
0.320062688551843,0.731802062131464
0.156779709504917,0.971908609615639
0.468607796588913,0.315256522735581
0.0121451392769814,0.688240341842175
0.155909212073311,0.956296097952873
0.382363556418568,0.279998355079442
0.858396584633738,0.460478005930781
0.657954298891127,0.253521784907207
0.19824553723447,0.700979355722666
0.982955566607416,0.0310943489894271
0.306567166233435,0.821477079298347
0.316496977815405,0.554705928545445
0.0965462427120656,0.963081228081137
0.610287790186703,0.324035475961864
0.200113746570423,0.758165617706254
0.573459674371406,0.729503582930192
0.535656007006764,0.262619998306036
0.907609638059512,0.191862483276054
0.35799596994184,0.637540114112198
0.563005581032485,0.535249969223514
0.732944938121364,0.154940414940938
0.461451003327966,0.404741478385404
0.208946859231219,0.459715091157705
0.649433782324195,0.374453163938597
0.0384936558548361,0.995890543796122
0.348514319397509,0.867355156224221
0.360649262787774,0.748249697033316
0.0380590895656496,0.988934747409075
0.686177599010989,0.132589423563331
0.114259460708126,0.813618747750297
0.164220866048709,0.974933831486851
0.783983658766374,0.406380400061607
0.149299129843712,0.692797758616507
0.482883284566924,0.819488843670115
0.635843683499843,0.685360395116732
0.396400690544397,0.307546905940399
0.651063571684062,0.468062586849555
0.167191120795906,0.72377053136006
0.856706987600774,0.42304672091268
0.388626188971102,0.475264024687931
0.721382801886648,0.453469216823578
0.0880869100801647,0.849710121750832
0.347817857982591,0.286609114380553
0.825520916841924,0.185892791487277
0.192522783065215,0.849368556868285
0.94617732684128,0.180550068849698
0.584828601684421,0.523741134442389
0.939605104038492,0.076644403859973
0.509949719533324,0.745945450151339
0.843894576886669,0.0623963973484933
0.0562146061565727,0.875672976486385
0.903772935271263,0.131225869758055
0.395967485150322,0.536483607254922
0.707401799270883,0.196176401805133
0.451266205171123,0.442463720915839
0.261533810989931,0.693538265069947
0.356095853028819,0.729329578112811
0.99703427683562,0.128812625538558
0.120783343911171,0.636314582079649
0.0611795277800411,0.724211117718369
0.0900645472574979,0.842580145923421
0.212396483868361,0.959971911273897
0.66904470953159,0.16482938406989
0.94476216728799,0.230425467249006
0.169280703412369,0.923928992124274
0.19522054027766,0.651868633460253
0.263621140737087,0.688462937949225
0.0537951653823256,0.907945178681985
0.484644004376605,0.738676928915083
0.628384678857401,0.228531852131709
0.0786330415867269,0.954138762783259
0.419763082172722,0.31688046362251
0.237360249040648,0.86268776236102
0.152826173231006,0.979261206230149
0.849851738195866,0.445809077704325
0.551671209279448,0.318204853916541
0.169002132024616,0.953782252036035
0.153563902946189,0.555086879990995
0.481402293778956,0.780290624592453
0.0640388487372547,0.599753649905324
0.990759695181623,0.333205992588773
0.562137552071363,0.57587310904637
0.639668676769361,0.0985427352134138
0.128544023958966,0.973152439342812
0.182021086802706,0.676204337039962
0.859478180995211,0.0542081566527486
0.458435935666785,0.798517599003389
0.771607227623463,0.455259163863957
0.732859439915046,0.0576104545034468
0.372067793738097,0.411677868105471
0.884394965833053,0.136283105006441
0.66168955178,0.43250844720751
0.613749072654173,0.129820309579372
0.220868794713169,0.690678279614076
0.678231990197673,0.530441290466115
0.585207759402692,0.707042559748515
0.085481284186244,0.989942848682404
0.427265075966716,0.720528420293704
0.50733131589368,0.627918161451817
0.933017071802169,0.0428125073667616
0.209762045415118,0.892591070383787
0.655289803631604,0.223389400169253
Rho_s: -0.802008214008214
Rho_p: -0.8016672828415
IC Time: 0
