Rho:0.5
N:500
0.66359161795117,9.11444139772217
0.855403285706416,8.69793248390176
0.555848822928965,6.90329444132667
0.315071978839114,11.9317905505775
0.85077567701228,9.78388890517361
0.550133506767452,10.2255759509156
0.209487238200381,4.66587337652923
0.00786750623956323,6.89801266419163
0.741781214484945,7.205396870247
0.316454725107178,12.4296625643937
0.130624424666166,10.6655130467596
0.261470396770164,8.87484768851444
0.353056527208537,8.2650770195112
0.653110556071624,11.054208747551
0.914324836106971,7.58128292850113
0.0381927478592843,10.677357773453
0.790930421091616,13.1025691342767
0.405847635585815,13.5695137758282
0.946138626430184,13.4593022730786
0.36174462386407,13.3569751821996
0.626866780687124,8.14191329673849
0.582007077289745,10.1468447178986
0.636334703303874,7.52741054106261
0.352794287027791,6.00197353879586
0.872007234254852,13.908121378686
0.168028967455029,9.54518969335358
0.930719135794789,8.60575192435553
0.160907696234062,7.45978473303836
0.32621385040693,9.54862043098015
0.219337081536651,6.52146331264249
0.608126663835719,9.00677353013339
0.55805879062973,8.1877059439825
0.781763191102073,14.1880936173088
0.783823151607066,16.7043882149707
0.41933576692827,7.41009928996231
0.102474370738491,6.48621822848842
0.67734309611842,8.68460098163595
0.439778910484165,8.11662943998922
0.396051270188764,8.54482539802843
0.194481753744185,8.52876322712351
0.515797715401277,12.7472064873978
0.821438625222072,7.86120026504704
0.663631396368146,14.6031128513946
0.682418386684731,11.683912437093
0.230500157922506,11.6082353855319
0.603994604898617,6.30383616570616
0.611967656994238,10.42374839418
0.575843024998903,10.6775310286634
0.124855529516935,6.23423740405407
0.607609718339518,6.07550962764221
0.881014979211614,12.544842795044
0.871780980145559,11.6064709623618
0.117052943445742,4.13241551265053
0.518869516206905,5.80618726985368
0.747904947493225,9.51848573509367
0.940828121965751,11.8207404938669
0.488116981927305,10.1377928745667
0.209202211583033,10.0869319377057
0.316464931005612,10.9828218918344
0.203083905624226,9.64275030928079
0.236738831503317,6.28088822381372
0.409275693120435,12.6072896813304
0.35472087841481,12.3831103484056
0.119377567665651,3.61295133673569
0.521171810338274,6.75716901016274
0.215671895071864,11.8775322380475
0.238663877826184,7.54785703138637
0.302429349161685,12.5082282225868
0.0856080786325037,4.21504112481755
0.0278727035038173,1.92615008274528
0.894760793540627,12.4441744767709
0.698264649603516,8.93272872166208
0.273793128086254,11.9392875499592
0.372453645104542,11.1171547213127
0.486748771276325,5.9455636137556
0.878103618277237,9.43225604621042
0.956824901746586,14.7230354802981
0.583015078911558,14.0718910273299
0.0626501610968262,6.94879471178827
0.0275721854995936,4.31396790465757
0.00536124082282186,9.41563144639976
0.406429291469976,7.07488206979282
0.297561530256644,10.3653151497542
0.572768626501784,10.7717754397998
0.151499749394134,6.3036746987966
0.849170392844826,9.96757449080348
0.786873959936202,8.07030059394031
0.579086398473009,7.11796448700837
0.0869980356656015,8.37830726354359
0.0253211639355868,10.1113948050604
0.947669885586947,14.3056363308411
0.180474582361057,5.32127726761045
0.0879398095421493,3.98412361672646
0.680638132384047,8.0198418961471
0.872358636232093,10.6037926120275
0.582895261002705,10.4950721083931
0.179293858353049,5.87739981240099
0.0892384469043463,10.9573551552786
0.256861572852358,11.5135464887295
0.949456559261307,9.51653397285338
0.22829175577499,11.4418911401086
0.639668728457764,9.26672420401337
0.199044045293704,5.79683066459172
0.313607786782086,10.8543339557958
0.367589059052989,9.44851955362462
0.895521280122921,7.9727203693007
0.0491959098726511,10.1157696343338
0.70491778710857,9.68311340643807
0.460803872905672,7.0495165582292
0.597419117577374,7.13197551165187
0.100985991070047,9.44406813698469
0.707169729284942,8.89600382054307
0.729713324690238,11.7874760567319
0.445360901067033,6.77130954039074
0.641226599458605,7.65187326880132
0.599995184922591,8.51689511550876
0.0714489673264325,6.62263844993001
0.463185257045552,12.060308633083
0.901053803740069,14.223502741432
0.94315735809505,13.7619391341156
0.744834902929142,10.7336965781266
0.0995489449705929,5.78705727298106
0.575581151992083,11.523643685273
0.423388373106718,9.12757851922979
0.840488817309961,7.22835147606853
0.853662544395775,10.3164966020595
0.290690964553505,4.52795474092787
0.530629468150437,9.72193750454795
0.208813544129953,6.73888944810743
0.547157906694338,12.157525530064
0.433025497477502,12.350625240159
0.345592497847974,12.6295662049376
0.114311529556289,3.46592083905967
0.633045303635299,7.08462554284266
0.781904556322843,9.47754366119408
0.117144035175443,5.07929834319401
0.0168995084241033,10.796575632008
0.532357424497604,11.2666171709977
0.928883807035163,9.88625319493616
0.814348245970905,7.09725695230135
0.527928330004215,12.2550375671836
0.332758678123355,4.97787550428517
0.962669054511935,11.4294994475869
0.490529391216114,5.48112359902927
0.84014544589445,12.2413155194098
0.951669842237607,9.17237508101562
0.752769227139652,13.7853047322236
0.828351469011977,11.6245614697386
0.718665974214673,16.1605385904025
0.410492321942002,13.5992088534977
0.433371860999614,11.9245526239544
0.7533902998548,15.1783125038097
0.699313664808869,9.20428196961616
0.0234139123931527,10.0888482238048
0.939415130065754,9.41120019879856
0.441086947452277,6.56133440652673
0.666157595347613,7.46890741086791
0.637000457849354,12.6365407394041
0.38815140305087,9.15637287185899
0.0765011641196907,6.91403908202173
0.572515127016231,13.9524439065206
0.43583521200344,12.5290886937496
0.0959207583218813,6.82733146923463
0.392682353500277,10.3720764179122
0.766207971144468,14.6568862895321
0.74812207906507,8.71749321648227
0.267233018763363,4.4651931641598
0.0739244648721069,6.79197798455541
0.848056854214519,7.46303662614546
0.823269133456051,7.5714195711434
0.122883862350136,7.08412228538616
0.705162234837189,11.0515401763837
0.577543466351926,8.1747638990661
0.846103723859414,11.011780135092
0.984024566598237,17.8994142726544
0.184079676168039,9.23147699400552
0.820295511512086,14.1154559934802
0.238991440506652,8.91831931308329
0.600759572349489,13.1864539373834
0.458078983006999,8.6738033480292
0.895679409615695,13.2698595572643
0.42920629424043,7.5064106057952
0.602660910459235,10.4090697134429
0.0966580091044307,7.44401297902092
0.0245465505868196,6.83452115528704
0.506244896212593,10.0981988950725
0.38359052548185,8.97284440603479
0.43152837944217,7.11407001791478
0.84921101317741,14.6252451198974
0.221335789421573,4.47749552023843
0.89565475913696,16.3759564400411
0.174532715696841,6.90010406598485
0.346590064931661,7.33964328060371
0.934124320978299,7.87116960118844
0.281217779498547,6.70437177356177
0.324305272428319,9.49165702803788
0.837831709999591,13.3534111389998
0.396162224467844,5.8886247793777
0.133429234381765,8.55928062961596
0.170470722950995,6.49705407883874
0.930742467753589,16.5344985687176
0.642430053791031,6.16032322515936
0.493876901688054,10.6913368124441
0.946950543206185,17.5774038424443
0.355581370182335,6.54608570274637
0.308908534236252,9.55429116616646
0.681375663727522,7.74431142440041
0.664613408967853,8.27396539573104
0.760573103791103,12.2843545769592
0.215540021657944,7.84972318900372
0.428984435508028,10.4252032477095
0.251789928413928,6.94339782632518
0.0641267560422421,10.6935481680881
0.568685311358422,9.42076904666189
0.703988312045112,11.6252049913058
0.110849068500102,4.14347885989508
0.981254033045843,14.5053253623306
0.193692554486915,10.5340158899664
0.265085946535692,5.45528369976983
0.77477611717768,16.2256872882437
0.23850089055486,5.85189898901552
0.962540703592822,20.305174663059
0.895168989198282,10.9707752577812
0.283800614299253,11.3352879092672
0.0567724213469774,5.68918441020965
0.398063317872584,12.168605031324
0.0944537033792585,11.7521403632538
0.0180650216061622,6.52481917939501
0.907975349808112,14.0293538918693
0.907344511011615,11.2741387559332
0.119538323255256,10.2346490113159
0.44705516169779,6.51246315965776
0.852865798166022,15.3224797226065
0.33576065255329,8.61233357521331
0.51080169621855,9.74193079231203
0.527499533258379,10.2584397353279
0.890646893065423,7.86832638628098
0.334297213703394,5.93149095392064
0.917647391324863,10.7460194792934
0.688061437336728,11.3836277695552
0.103648844640702,5.67735048317523
0.206587358377874,4.24631560003261
0.848951822379604,15.0737967551631
0.100484249414876,3.29511906436382
0.399253435898572,12.1460347370685
0.315273945219815,7.89452500311401
0.856513509526849,8.50131059947214
0.748644770123065,10.631213125585
0.983962719095871,10.1181561778261
0.256282217334956,10.4757083860699
0.928077703807503,13.7423740609377
0.696769135072827,8.1841240209032
0.28707464155741,5.35892564015805
0.795459963846952,13.7629811621269
0.0836984082125127,9.39620200702413
0.722197205759585,13.0051405199239
0.811916833510622,14.6943042261953
0.415373140247539,8.96935177595253
0.0596831198781729,11.3013902710369
0.974316045641899,13.2666917511448
0.315418730024248,6.47729934131729
0.205596708226949,6.26590596118867
0.478944043628871,10.3283370040651
0.230882954318076,10.8860038155587
0.131348193157464,9.36941449483304
0.3129524406977,5.13458942486106
0.16761815850623,3.38635196281665
0.0132245013955981,6.36453845291564
0.691181688336655,9.95580163344342
0.697865617694333,14.5345117760155
0.805655755335465,15.3652386601084
0.693601878127083,9.14466927295947
0.847746023209766,13.4229257677762
0.235020461026579,7.14207071135809
0.371093669207767,5.46001356827845
0.00195664376951754,7.86018818858864
0.640831713797525,11.9313121926975
0.434325600741431,13.9066891742403
0.141160879982635,5.51591696907111
0.34374312334694,7.18527680819782
0.692909483797848,12.9784272726117
0.0132822415325791,7.259003149542
0.418665098492056,10.8560164478372
0.256080528255552,4.95520480079925
0.0527350050397217,7.20216121302737
0.905289881397039,14.6105546110192
0.113467909628525,11.826944401138
0.548348001902923,11.4977240400636
0.955203501740471,12.0821241159633
0.0649371175095439,6.23637682728486
0.503654362400994,9.48741551805725
0.592675769235939,10.0395381090771
0.253953877603635,10.7837240461899
0.532111220760271,5.65173121870617
0.757582139456645,9.64440601716769
0.335043690400198,6.01323129580019
0.657575473422185,10.349070060602
0.626159116858616,11.4496609675807
0.291363717522472,5.91359473372151
0.894962650490925,17.1869944555289
0.565204957732931,6.10081919381797
0.603067230200395,12.6636987466898
0.627827862743288,7.58784835673339
0.81773673533462,12.1157716024644
0.118717304430902,7.98830944613382
0.5082822968252,12.3789080381299
0.374989157542586,9.04712829880271
0.156086890725419,4.53905913188142
0.309133964357898,7.31071703825129
0.517122288933024,13.8126559598753
0.789159727981314,16.1193559243453
0.743949468946084,9.35827452947238
0.416545248357579,7.13018528684648
0.966304177651182,12.2195644247479
0.742945356760174,15.096701485748
0.867576954420656,13.7710592611015
0.86679191282019,14.040543240681
0.826905901310965,12.8576742533744
0.612191761145368,12.2658259155427
0.318320297636092,7.95594834597463
0.89342839200981,8.73799789183744
0.446439313469455,8.94595145553594
0.636572811752558,6.84165493457412
0.790986761683598,11.2558066965704
0.697588625829667,11.0321860304344
0.991291634505615,14.7182300991565
0.562808103626594,10.7031040220176
0.934147965395823,16.0959121025489
0.620682633249089,9.44357828511356
0.351094539742917,9.13783718248387
0.240589612396434,7.16438290303466
0.772467350354418,10.700422617382
0.210782609414309,5.70827125585713
0.224520419724286,11.2306968698636
0.086754193296656,7.85438383588297
0.187153591308743,7.76234161237915
0.926546850940213,10.4572962074496
0.0911487881094217,11.887717753741
0.719804634107277,11.3499480656957
0.553263566223904,8.87218802709168
0.650088936556131,12.4792505286448
0.614002386573702,7.35934437618678
0.872382008936256,15.0808257275822
0.123404805082828,5.3281341863343
0.616392641793936,5.96573429691694
0.270966090261936,10.4738185574398
0.821319894399494,10.2981597092781
0.851744753774256,9.2480023473634
0.944182436680421,18.0911275215659
0.527640765300021,5.72306706965035
0.322223586728796,11.9725829962729
0.73816469241865,13.6196270435869
0.28786509600468,10.0910040379329
0.410740793915465,12.4315678322526
0.918914352776483,13.9673823739925
0.315240755910054,4.72901772482423
0.605296441121027,6.52156410465243
0.422544523142278,9.70137215690417
0.478770561981946,9.25325168590694
0.106205072486773,8.83837209119755
0.667308622039855,9.39274051621942
0.222328772768378,6.86134121791211
0.176393131958321,12.3282161446883
0.473398391390219,9.63684678029396
0.0535401694942266,10.1061796167
0.800849608844146,14.9923465626884
0.802609218517318,13.5285367775652
0.290497612208128,9.05734382261738
0.443009003065526,11.2038758257155
0.101175567135215,7.46239809478851
0.424478746484965,10.1290381718524
0.290170648600906,6.51142539110054
0.14363634865731,9.60329299703671
0.425696670776233,5.39418758038914
0.941638513002545,13.2406493118634
0.262563551077619,6.26207344574772
0.049514883197844,8.98423991000135
0.0521893943659961,7.84955507294575
0.38043500832282,8.21969989892334
0.442669180221856,10.6446651377847
0.738088223617524,8.07094781802622
0.702202420914546,14.6365913151527
0.074288806412369,9.52100334157675
0.523884952999651,8.42196709828322
0.299704782897606,9.6568453815614
0.506108588539064,8.89499627991324
0.690656455932185,8.92206414357914
0.532275476492941,12.9007612367952
0.947473123203963,9.13228609798157
0.178274614270777,9.01811096785106
0.936679852893576,17.9971064749491
0.437389293452725,6.23449689831133
0.394990850239992,11.4265935184906
0.358052744530141,11.2822494268326
0.210787751013413,10.4807886132845
0.300864388700575,9.87941194764666
0.74787985952571,6.68844971172825
0.482031227555126,12.5471923820921
0.0959292144980282,11.3639089434604
0.242778707528487,11.8660319862523
0.057700342265889,8.89282563214028
0.633486311184242,14.0009167051721
0.209028043085709,9.59011951020755
0.529485287377611,6.34828068600835
0.529426723718643,9.39098747686539
0.165321824140847,8.57168254506442
0.303062427556142,6.35099458079505
0.0393577362410724,5.51221692221411
0.401192167773843,13.6882115408535
0.244432845385745,5.19086455668785
0.554085479350761,14.4258510419047
0.959500563563779,10.6809279581814
0.680814438732341,12.3877545343831
0.381283930037171,9.23782259159756
0.218352872179821,7.07615586380036
0.177058751229197,10.8678223818391
0.555487735429779,8.60254693332298
0.0467446269467473,3.77909681989243
0.476931190118194,7.40678799132288
0.749242395162582,7.75437274047846
0.765374748501927,15.8238794272979
0.279854801483452,6.56767502278524
0.0776231659110636,4.30228707573354
0.960552864475176,8.75388333703829
0.0392263755202293,11.6673632811268
0.549807943869382,7.30835532416486
0.596207484602928,13.9112826040475
0.737290064338595,12.5327123081372
0.781836467795074,9.31041406120594
0.975454224972054,19.6993704090995
0.789354810025543,10.0296385535503
0.865697428351268,11.281081748536
0.180473701562732,5.4630156946229
0.796756099443883,13.0869168171477
0.62738560535945,9.17558770202498
0.26563895563595,9.56067803292601
0.549337370321155,12.0225959268253
0.870447644498199,11.2165114296867
0.721275919582695,12.1780219999655
0.604079890530556,10.5428018654321
0.0918323285877705,-1.41910257657818
0.210769027937204,6.73899504390054
0.32863919227384,8.63135043802678
0.403698811307549,8.09920168663682
0.704274573596194,12.4062985001691
0.573262965772301,7.83958909273452
0.881542323855683,9.56748363046679
0.585954588605091,11.4579476985195
0.811846411088482,8.42340700315096
0.770160749088973,12.3429623258367
0.783074295148253,14.1402976802666
0.76884696399793,12.2243987575547
0.991570116952062,17.0594623606397
0.697029943810776,10.32413085699
0.917453506728634,13.5530802281484
0.595311876386404,12.5014410978633
0.997375399572775,15.4467667305566
0.267693195492029,12.7463816234908
0.124107003910467,8.40592378428075
0.260876146145165,4.28012505560674
0.416034042136744,9.68363779253901
0.132444919319823,11.5863025367156
0.238206631038338,8.06618178371029
0.652491862652823,6.96582206184087
0.65096838818863,14.0304145280476
0.767317776801065,9.53076801224399
0.661243013106287,8.72549999065702
0.247107811039314,10.8128419561482
0.761820009211078,8.84308457669718
0.107669537654147,9.17595875306223
0.666204178938642,11.3244553767807
0.349145053420216,10.594332454317
0.897909791907296,11.1765239468916
0.026601483579725,10.2193491224468
0.833789166761562,16.890628053796
0.408170534763485,11.1382705069234
0.394791962811723,8.44559408368002
0.372183070750907,8.62198608487859
0.237464631441981,5.05385207264588
0.556749198585749,6.15433874493966
0.235605102032423,12.5326736339109
0.204543667146936,9.56694084546232
0.506364486180246,9.73712344995389
0.149673509877175,8.93720486750916
0.530121114570647,6.68144821294576
0.78183840541169,13.6999013673763
0.668164846487343,11.4880161591922
0.914741782704368,16.7051612654636
0.88877041474916,14.4157250906588
0.38518791901879,10.5933340095687
0.685294055379927,11.5454654889656
0.938609756529331,8.08150591572795
0.26457767165266,11.3917880843692
0.829203720204532,15.5159545051617
0.575850520282984,13.5679698213564
0.356383687118068,6.53232020952161
0.892041457584128,17.0456045124713
0.536002947716042,11.9208478429478
0.163073900854215,3.13581503838058
0.819017405156046,16.9207122065747
Rho_s: 0.514985707942832
Rho_p: 0.545937044087728
IC Time: 0
