Rho:-0.5
N:500
0.649332832079381,0.714673743350431
0.412624493706971,0.282002788735554
0.914179029176012,0.00124756013974547
0.763611365808174,0.306592812063172
0.364971268922091,0.83693924266845
0.957605018746108,0.689924678066745
0.911356263794005,0.492473467253149
0.772076554130763,0.437225501053035
0.619053483475,0.764366850024089
0.253358162939548,0.901568514062092
0.698720525251701,0.161901301704347
0.804364333162084,0.365824770880863
0.873580179177225,0.181956209009513
0.783129249233752,0.596214635763317
0.585598266217858,0.496250272262841
0.250978787662461,0.947880477644503
0.870783504797146,0.525610644370317
0.271929497364908,0.767298566177487
0.274159726453945,0.84799604001455
0.924015393247828,0.129058882361278
0.442049557808787,0.646055220160633
0.625202767318115,0.0656106173992157
0.922195596853271,0.169182276818901
0.431214726297185,0.275494995061308
0.300463797990233,0.962034914875403
0.0527850438375026,0.690777088748291
0.623136819340289,0.0781785335857421
0.210047442000359,0.424482542090118
0.822192394873127,0.317859730450436
0.374398256884888,0.829699839232489
0.718964249826968,0.186118451179937
0.97533280798234,0.315091996453702
0.25633584195748,0.940391586860642
0.834170608315617,0.0249497250188142
0.399879542645067,0.831439417786896
0.0158347538672388,0.97462544334121
0.549349268199876,0.922550518764183
0.167491579195485,0.322114917216823
0.620839131763205,0.455834846477956
0.789901311974972,0.066742081893608
0.0298225760925561,0.963601317023858
0.0493527727667242,0.984555794624612
0.341149528743699,0.250971572939306
0.787352336570621,0.693224277812988
0.678447750164196,0.215011392487213
0.277172051602975,0.228122871369123
0.189680892741308,0.885066625196487
0.861619777278975,0.231005023699254
0.0527086385991424,0.677886224351823
0.50535863917321,0.82126688817516
0.516704935114831,0.386597679462284
0.351762752048671,0.804403667803854
0.787304957397282,0.150740617420524
0.928701343014836,0.0298467718530446
0.534954314818606,0.729505399940535
0.469799932325259,0.361814248375595
0.155997748486698,0.986789977876469
0.0886595933698118,0.985248225042596
0.642127920873463,0.102705415571108
0.366808843566105,0.60333027667366
0.798250999068841,0.756350342184305
0.181602942757308,0.42575306002982
0.57528090570122,0.543699131114408
0.0989781762473285,0.283686099108309
0.828702004859224,0.365115949651226
0.212599364109337,0.24327042279765
0.594733983976766,0.872342686168849
0.932463788194582,0.608118256786838
0.890556646510959,0.751188070280477
0.963596984278411,0.220504665747285
0.578690079506487,0.227089326828718
0.220820560120046,0.956382152857259
0.0221422223839909,0.999367154669017
0.0190377510152757,0.974833345972002
0.949590834090486,0.343884364934638
0.332160205813125,0.676302398554981
0.443693187320605,0.684281737776473
0.760803622892126,0.107538455631584
0.128333097789437,0.941498346393928
0.0223640741314739,0.371097407303751
0.730322963790968,0.388223826419562
0.514119375962764,0.283739249221981
0.625316379126161,0.250076411990449
0.635596011998132,0.175617532338947
0.110724353929982,0.877464636228979
0.883485381258652,0.0238394546322525
0.298808358144015,0.747444054111838
0.225366762839258,0.982864205725491
0.274977175053209,0.372142618056387
0.921027211472392,0.395265179919079
0.83974240347743,0.694343627430499
0.115054480032995,0.278981277253479
0.765891417860985,0.435715433675796
0.150424595689401,0.229726755991578
0.365932524902746,0.958709038095549
0.147944256430492,0.320655303541571
0.205550831509754,0.907963151112199
0.00249584042467177,0.941704263677821
0.789720163913444,0.822338147554547
0.133721953025088,0.958523269975558
0.463727756403387,0.217602429911494
0.477742755785584,0.514752058312297
0.941623773891479,0.051030493574217
0.11072522145696,0.313623941270635
0.906261545838788,0.562082967720926
0.995491343550384,0.595038871048018
0.774866099702194,0.298911826917902
0.859782681101933,0.509653759654611
0.520419678650796,0.113337719580159
0.650123647879809,0.255201265914366
0.444007306126878,0.252392665250227
0.70466381451115,0.673048152122647
0.326702262740582,0.94176776218228
0.0191748761571944,0.411321515915915
0.25847094738856,0.641103698173538
0.497353279497474,0.54422943550162
0.626801647478715,0.655737337190658
0.795527331763878,0.535559825366363
0.958857701160014,0.0340675092302263
0.70762857189402,0.331367166945711
0.453768817242235,0.162127509014681
0.134974628221244,0.976622322108597
0.0246698930859566,0.894464075565338
0.170473593752831,0.815654096892104
0.590542363235727,0.40455677639693
0.129053396871313,0.38057457190007
0.367843374842778,0.16379926353693
0.581977345747873,0.433420102810487
0.648531518643722,0.084414592012763
0.464440057985485,0.178004017332569
0.276285575237125,0.898801643168554
0.216714697424322,0.487835709471256
0.358122429344803,0.244158463552594
0.0773660792037845,0.99784679687582
0.286403018282726,0.293493690434843
0.425629468401894,0.429573359666392
0.627053996548057,0.0553922196850181
0.32627641200088,0.30017190054059
0.586023911833763,0.887480809120461
0.728188585257158,0.572616714518517
0.83969736029394,0.0314960200339556
0.980152593227103,0.421598693821579
0.487715706694871,0.0933326766826212
0.105692819925025,0.586211280198768
0.324804847594351,0.460497820051387
0.840681997127831,0.634618540527299
0.0637196435127407,0.90346941887401
0.448958447435871,0.883750492706895
0.252077614190057,0.252038277219981
0.80843800609,0.640283315209672
0.00710684177465737,0.776097327237949
0.655542574124411,0.0488177670631558
0.971489614574239,0.160094094229862
0.604728331323713,0.433838441735134
0.0827747378498316,0.651428507640958
0.446902608964592,0.823151247575879
0.74786468828097,0.829004424158484
0.684108610032126,0.4389217288699
0.489944727160037,0.651781686814502
0.593886448070407,0.732294066343457
0.963420437881723,0.0357527339365333
0.682669548550621,0.106361686019227
0.279402813874185,0.810239372309297
0.802008491707966,0.701821962604299
0.759442763635889,0.0350981992669404
0.314026769949123,0.18630872038193
0.11344451457262,0.98771881731227
0.804093788610771,0.0256444930564612
0.274632109096274,0.941228559473529
0.535815880866721,0.71802606806159
0.253651375882328,0.228532233508304
0.484366588992998,0.868855641456321
0.140628086170182,0.408466934226453
0.765840121312067,0.211589665850624
0.972125271335244,0.217918310314417
0.820677529321983,0.460405274992809
0.630919855786487,0.2916341626551
0.3134053805843,0.414863982470706
0.899543186882511,0.396282610250637
0.531397744547576,0.64610256603919
0.409041909966618,0.954728095559403
0.555882490472868,0.138744005002081
0.00885211816057563,0.811691065784544
0.560423574410379,0.5733988576103
0.195043690968305,0.491450465749949
0.408301557647064,0.872336563887075
0.717881815740839,0.153176558436826
0.0348742795176804,0.883091377094388
0.272730652010068,0.975916287861764
0.876947820186615,0.372898733709008
0.858753766864538,0.571670091478154
0.655316471122205,0.119081777054816
0.902770455926657,0.192191821755841
0.840254936600104,0.151771624572575
0.888647278305143,0.341288959374651
0.639474482974038,0.136964985402301
0.231203103205189,0.329065787838772
0.283476104494184,0.630802622297779
0.120063215726987,0.758445280604064
0.428719048621133,0.597657568985596
0.437801530817524,0.43366055842489
0.272185341455042,0.176171343540773
0.433474836405367,0.753006453625858
0.575219561578706,0.64594836323522
0.531949580414221,0.70958498143591
0.946876605739817,0.218443789053708
0.173055131686851,0.383537238230929
0.446518294280395,0.86267164722085
0.844951061299071,0.0842163383495063
0.0588792799971998,0.698077013716102
0.515964664053172,0.784692819230258
0.626275076065212,0.425898264860734
0.529968161834404,0.838223819853738
0.172058176016435,0.663290996337309
0.000311188399791718,0.845715418923646
0.48140767798759,0.618914231657982
0.814853332005441,0.21169168362394
0.741524416254833,0.577278054319322
0.716544724069536,0.814346228726208
0.478640442481264,0.262923166155815
0.515313385985792,0.0889152223244309
0.262231854256243,0.263379357289523
0.692223326070234,0.603514096932486
0.96612344798632,0.521927140885964
0.769606226589531,0.820324748056009
0.15161155979149,0.502352320821956
0.463897557230666,0.395136643666774
0.0907230277080089,0.729073919123039
0.16436130926013,0.789801700506359
0.0976524844300002,0.500086775282398
0.22115000966005,0.926556767662987
0.25327455252409,0.430546664400026
0.600466833682731,0.220860321773216
0.234523298684508,0.681725826812908
0.729589055059478,0.249049470061436
0.0207341818604618,0.985540155088529
0.725866161519662,0.816967712715268
0.769035915378481,0.105967237846926
0.559560892404988,0.244005299638957
0.361868201522157,0.922887611435726
0.627002453198656,0.133108359295875
0.379935625940561,0.559590952470899
0.00928784441202879,0.993797624716535
0.543850086862221,0.184523430187255
0.771325228968635,0.170357642695308
0.0334735275246203,0.570364266633987
0.905505106318742,0.537663228809834
0.0224452260881662,0.964675184106454
0.528241156367585,0.459828046848997
0.952778933104128,0.386270072776824
0.230534033617005,0.610165277030319
0.571934553794563,0.570588877424598
0.9699001617264,0.743670740863308
0.421450020279735,0.91205759649165
0.771561744390056,0.42512631136924
0.0739481770433486,0.979637162992731
0.1486044107005,0.667660109698772
0.137202498503029,0.778459305176511
0.197717171162367,0.356827636249363
0.795504946261644,0.587771967751905
0.382313305744901,0.761979181086645
0.361874594353139,0.281202847370878
0.711600374896079,0.398310951655731
0.686055913800374,0.231632819864899
0.925949402386323,0.403435530606657
0.118611721554771,0.379709925735369
0.961735487915576,0.433892988599837
0.298905073432252,0.772400537971407
0.603034467203543,0.795462950132787
0.824288659496233,0.726178033743054
0.726755696348846,0.43408810487017
0.187183456262574,0.841266192495823
0.167424363316968,0.362259509041905
0.375997721450403,0.525173281785101
0.49092215532437,0.426056786440313
0.0221554825548083,0.565821182215586
0.743208930362016,0.0951888880226761
0.636052770540118,0.265269320225343
0.425078522413969,0.893802911275998
0.133234174689278,0.512978550279513
0.106029563816264,0.441983707481995
0.405361886136234,0.180590216536075
0.577026763930917,0.836368492105976
0.759508822811767,0.187442033551633
0.6752929831855,0.378641256131232
0.160566823091358,0.957910319790244
0.910892988555133,0.203342975117266
0.792995176743716,0.306398484157398
0.935020647477359,0.748169505037367
0.656010499456897,0.667261864989996
0.402835358167067,0.413938905810937
0.781293604057282,0.133244375232607
0.478853372624144,0.417878866195679
0.692806104198098,0.103860438335687
0.357756627257913,0.584659515647218
0.25453939079307,0.879850505152717
0.447019470622763,0.945695651229471
0.406119483988732,0.878274985589087
0.253036567475647,0.905430983519182
0.209949990967289,0.521182886324823
0.0625798217952251,0.36753516853787
0.893406486604363,0.677781477570534
0.474963310174644,0.806397222680971
0.150537163484842,0.871836512815207
0.579847819171846,0.134169233031571
0.30991142638959,0.712681410368532
0.259952698135749,0.916403044015169
0.443185325711966,0.107650987571105
0.595574098872021,0.124589460669085
0.292532368795946,0.834189638961107
0.275058651110157,0.385586071526632
0.652485543396324,0.58490709704347
0.676789555465803,0.181045509874821
0.686454857699573,0.473322834353894
0.487435364630073,0.115321049466729
0.69424548256211,0.497603689087555
0.70527607970871,0.189829713199288
0.815887976437807,0.0417579365894198
0.849580487469211,0.0546649717725813
0.333238503197208,0.533297243295237
0.874584828270599,0.646990432403982
0.48764951294288,0.578760649543256
0.737628794973716,0.627725642640144
0.892374888295308,0.0135699508246034
0.737083152867854,0.48678253730759
0.57456294586882,0.202780344523489
0.128917737398297,0.632504866924137
0.700514120748267,0.288624534616247
0.827289904933423,0.491055518388748
0.694288474274799,0.431070324731991
0.682533010840416,0.140165220014751
0.731429310981184,0.135372306453064
0.348467486910522,0.381171617889777
0.120844768593088,0.281023529125378
0.443956394214183,0.302652573212981
0.176343347411603,0.848256349097937
0.0793713559396565,0.247242894023657
0.0799092098604888,0.989962277701125
0.962187279481441,0.0529229894746095
0.190273377811536,0.267072468996048
0.690968552371487,0.114914915990084
0.863780030049384,0.271796645829454
0.507366496836767,0.910258990712464
0.515005330555141,0.54793740902096
0.706626053433865,0.110611035954207
0.928526128875092,0.0881696762517095
0.182055802317336,0.233738266164437
0.00802795542404056,0.699481386691332
0.968952068826184,0.0124559383839369
0.824533327482641,0.780669995350763
0.434647924732417,0.300531212240458
0.234091639053077,0.559995363932103
0.876233734190464,0.0774340936914086
0.364107158733532,0.277928649680689
0.00974369724281132,0.703259669011459
0.776725779054686,0.817458376986906
0.619576939148828,0.0754754052031785
0.53512091957964,0.679188953246921
0.528589993016794,0.0753089471254498
0.642996403155848,0.837710343301296
0.221315367845818,0.530246099689975
0.217705842806026,0.945458776084706
0.85456869378686,0.249010156141594
0.524903453188017,0.139497482450679
0.164695295970887,0.40070769097656
0.545080628944561,0.506444442551583
0.850118846865371,0.0406306604854763
0.371864649001509,0.442335370229557
0.753496697172523,0.343769995728508
0.454810901312158,0.335920537821949
0.217514640651643,0.940716366283596
0.770611417246982,0.749768312554806
0.144799596397206,0.887269047554582
0.54942838801071,0.266688876785338
0.791552044916898,0.190621648915112
0.2830748364795,0.346785003552213
0.561036491999403,0.0856357039883733
0.0470600130502135,0.719905531965196
0.457150440663099,0.687947076046839
0.133763762656599,0.84689542488195
0.149128023767844,0.221766663715243
0.938219932606444,0.0101353598292917
0.679887793259695,0.843282026937231
0.791240728693083,0.799965070327744
0.0196303753182292,0.331836137222126
0.743716178461909,0.670246510999277
0.929730433505028,0.630823045503348
0.998035909375176,0.513721481664106
0.348061777884141,0.948598050046712
0.886552699608728,0.703273300081491
0.0696472523268312,0.830675476929173
0.306153065757826,0.31593242730014
0.0506822331808507,0.621206841431558
0.359842901583761,0.433812061091885
0.411148980027065,0.946805075975135
0.836416060570627,0.254754930501804
0.259138615103438,0.354355494724587
0.0680969653185457,0.795005188789219
0.0161044243723154,0.75039524352178
0.662380748195574,0.832779941381887
0.63273038319312,0.556756391655654
0.379113872768357,0.409491654718295
0.105363686336204,0.72152507212013
0.506030411226675,0.859127643052489
0.816610962850973,0.037837385898456
0.172705623321235,0.935677890665829
0.344223721185699,0.511382882017642
0.145153333432972,0.80239692912437
0.931487512774765,0.00712703191675246
0.589560305932537,0.597366872942075
0.502406353130937,0.520668363431469
0.792304419679567,0.540508972480893
0.0413173423148692,0.987816831795499
0.805587968090549,0.796363057568669
0.689520057989284,0.163481530034915
0.331371973501518,0.434588286792859
0.347881950205192,0.370852845022455
0.227245096117258,0.257992607774213
0.73919073282741,0.42522792215459
0.10837842291221,0.832546439720318
0.285876141162589,0.170910287415609
0.416282522026449,0.789720129221678
0.694247183622792,0.477083537727594
0.435294833267108,0.58816991513595
0.315833391388878,0.912271371809766
0.0560061414726079,0.935609125299379
0.207319779554382,0.962514734594151
0.918719152454287,0.676029802532867
0.753137891180813,0.167000330518931
0.568200459936634,0.893646391807124
0.423274589003995,0.941755769075826
0.257243420230225,0.17665614746511
0.380975598935038,0.501798166194931
0.0292629399336874,0.768347177654505
0.185556156560779,0.498997290851548
0.0287095964886248,0.82886107894592
0.955127695808187,0.351543308468536
0.764785739593208,0.679068857338279
0.206158480606973,0.626073962310329
0.342538705328479,0.262491047848016
0.765302621060982,0.806983698392287
0.249115700367838,0.49647101899609
0.462053784169257,0.724367218324915
0.320331902243197,0.169976179022342
0.668916571186855,0.0788480320479721
0.332585551310331,0.687510713236406
0.967108038021252,0.113846204476431
0.0650009906385094,0.351031849626452
0.887894737301394,0.0390785075724125
0.796938604209572,0.742637941148132
0.315121518913656,0.856653700815514
0.547560844104737,0.290527442237362
0.172909511020407,0.707484838552773
0.410265562590212,0.386505080154166
0.18096381588839,0.844230952206999
0.736904494464397,0.396310557844117
0.331580387661234,0.906020395224914
0.673731499351561,0.44093803409487
0.796965081943199,0.542434962466359
0.117056242190301,0.296365494374186
0.799239740008488,0.0710513736121356
0.778405150864273,0.699591425945982
0.149513622745872,0.753759742714465
0.155734150903299,0.572713430272415
0.991682980209589,0.472295635612682
0.505470289848745,0.512158646946773
0.45558034745045,0.197988868225366
0.0713336113840342,0.325582419056445
0.980640603927895,0.0759228519164026
0.954466230468825,0.737128816312179
0.880045058671385,0.56885389238596
0.763637515250593,0.0740723989438266
0.840897473506629,0.136300640879199
0.395152595825493,0.409402814228088
0.472205043537542,0.220935048069805
0.565652984892949,0.350552833871916
0.017816623672843,0.968143092468381
0.645691104466096,0.125325434608385
0.744005150394514,0.0562678042333573
0.879654163727537,0.0997823546640575
0.326726811006665,0.851294278167188
0.849183147773147,0.176091922679916
0.493146547582,0.347505147336051
0.392976112198085,0.538605687441304
0.734210229013115,0.86099418415688
0.845020432723686,0.694688657997176
0.97819726774469,0.709409017348662
0.39427840244025,0.728395974030718
0.145228763809428,0.510953658726066
0.133177378913388,0.7648279981222
0.510385454166681,0.164504260756075
0.922328210901469,0.4620104462374
0.836968238698319,0.48682785523124
0.981240412220359,0.652501321397722
0.557563248556107,0.0919909283984452
0.50787191442214,0.0977299632504582
0.891096327453852,0.202756210928783
0.340950098820031,0.155110109364614
0.103878727648407,0.893818544456735
0.226937630213797,0.389704943401739
Rho_s: -0.431284029136117
Rho_p: -0.431334776570471
IC Time: 0
