Rho:-0.8
N:2000
0.163719046860933,12.0045901443574
0.625611477997154,9.47738431043591
0.577139459550381,6.52136294774841
0.632104482967407,10.6673671883828
0.853666106471792,8.52908499866062
0.227848349371925,11.671628156391
0.118502530734986,10.8127223795174
0.0176561034750193,13.5156166983996
0.855154087534174,8.01265139369926
0.171708984300494,13.9474675253884
0.523549027740955,8.61901971347799
0.53992653824389,12.0917112969989
0.0207220790907741,13.7984074953615
0.648694746661931,6.83731513835509
0.704901357879862,9.44680435324298
0.414836686337367,8.23686202072613
0.982308926526457,8.25314426843648
0.160611674189568,14.5807819841353
0.659351117908955,6.77102672056851
0.638431899482384,6.87901893828144
0.705345013411716,5.37713694393306
0.657852817326784,9.55617900406666
0.0153225304093212,12.2886692744111
0.814819990890101,8.40378235388792
0.475314710754901,8.10128821134253
0.351032044971362,10.3335616551006
0.94134049769491,8.51134891191062
0.94741859450005,3.42972313303034
0.799483997747302,8.0656555454874
0.620291047962382,9.50979628167736
0.960429381579161,5.01169275420251
0.255115122301504,13.5083000484954
0.185941702220589,12.9353773749164
0.177651623962447,11.5419094764224
0.587134547065943,9.7013523829621
0.324626983609051,13.1909605721564
0.303940431913361,9.19003160605383
0.831980825867504,7.75389203131976
0.201555759413168,14.8731398794926
0.289524025749415,11.782237464841
0.594896582653746,8.64638893041606
0.110691264271736,10.5786684782942
0.712945128092542,7.4402091615117
0.578514067921788,7.15884064761219
0.0452362699434161,13.0440601487188
0.859457248356193,8.35736304097682
0.0792048170696944,14.9945696132242
0.876482237596065,9.73364463179812
0.195828805211931,10.3451743717544
0.550743625499308,9.36687167187875
0.10452344128862,11.8790382134921
0.73498491034843,6.11546792480757
0.574993536807597,7.16572286064884
0.44737141742371,8.85286371513013
0.916148396208882,9.2438635348818
0.451580033404753,7.94741648874974
0.265231841942295,12.7394317915314
0.633643263485283,9.10138675361452
0.0430265308823436,12.3399488214704
0.760970369447023,8.02138069813599
0.172529207775369,14.2327863235478
0.147528701461852,11.9995143838034
0.56949332752265,11.9388906448979
0.329911675537005,10.5218232866523
0.681379484711215,8.26501401659531
0.0697052804753184,11.8220111293637
0.827287073247135,5.40232257923082
0.50224428018555,7.9518756621977
0.785277308896184,6.20755023752899
0.64401461626403,6.55147425251782
0.363821065053344,9.10258171685244
0.209943159483373,11.4465734171751
0.00906041101552546,16.6589897225804
0.536790961865336,9.98598196483976
0.936621196102351,6.26388377151448
0.475110457511619,10.8600401725235
0.416848622029647,9.19322305082532
0.970595763297752,5.27543589172094
0.158264447003603,11.5464247902662
0.401603148784488,13.7447631574716
0.7502718383912,8.34654455291097
0.141376578016207,15.9203585934098
0.592341220937669,8.6706074293388
0.494860786944628,12.0719489713385
0.658403808483854,11.33369667484
0.387690397212282,13.4546928738451
0.521590512013063,9.38782462464169
0.125066886888817,11.3351077294017
0.563086942536756,12.4455816908418
0.133682911517099,11.1752333184073
0.407705805031583,11.9896901017749
0.465251772664487,10.4715992073217
0.187191064003855,10.4834999588621
0.399515045573935,12.902592146582
0.721303703729063,9.94711951133776
0.962674219626933,6.69066213449227
0.771334092365578,6.21042782724068
0.0625010160729289,17.4789657409956
0.144840681226924,13.8127532074992
0.707908909535035,11.0764130765929
0.321131850127131,9.00135329334122
0.160463229985908,12.1324902043124
0.877038231585175,9.4820924951599
0.565415188670158,6.61986594526742
0.545973554719239,11.0798441375598
0.289637316949666,8.84355173219397
0.252662647981197,11.2885151602214
0.336790210800245,13.0693879228439
0.401022501988336,9.85785799980873
0.757109343772754,6.40541758361884
0.159190880367532,14.1300923640458
0.228692437754944,10.4145558792998
0.140767233679071,11.6485299266626
0.596710398094729,9.2545715032758
0.846848610788584,9.67109950537317
0.613673286745325,7.46640430288453
0.285027368459851,12.8886681912843
0.901346120750532,7.55137180013744
0.945359768811613,6.07340138033503
0.29650139180012,9.31812408124405
0.270628877682611,9.97362127610195
0.618613781407475,9.99818849611454
0.78376453416422,4.56468645721962
0.632813291158527,7.37690272408949
0.774744651280344,10.1387972879023
0.872920446563512,3.84746638145626
0.454049294581637,7.6193919959499
0.131868352880701,10.1278123247772
0.733277904801071,7.40866460895067
0.197144510457292,12.9297918043296
0.581102006603032,6.93614295572523
0.752410489367321,5.86573764308878
0.337094266200438,14.5142822148261
0.0909471840132028,12.2466315146366
0.263078394345939,9.07568681659743
0.0135396155528724,15.3317020033371
0.789440035820007,8.13112867523453
0.291266855318099,9.06223381289215
0.422049553832039,12.5042794193114
0.611551667097956,9.79374465193961
0.983210110338405,5.35055216114424
0.385913679376245,9.48585679325001
0.718646852998063,11.0618572945255
0.56568068312481,6.7240359792393
0.647707567084581,6.12064658717809
0.490742048015818,7.32418733936337
0.393082013586536,9.5705624700842
0.337469749618322,8.72061858063238
0.967127004172653,8.6127335457693
0.0855467454530299,11.7880393516142
0.716290200129151,8.80450961412959
0.845408837776631,7.83933444559795
0.451244492316619,8.35707581899869
0.198320127092302,9.60879553881758
0.183592184912413,14.7995388765963
0.816098581068218,4.19251510548965
0.0863865003921092,10.5357301536273
0.235168640967458,10.7978957285263
0.881347800604999,3.99959616499309
0.530611410271376,12.071758006267
0.13146125827916,11.8198864822344
0.0722172595560551,18.3335833569313
0.532690610736609,12.1325172471495
0.389871129766107,13.8431680969916
0.207971241557971,12.6497879738109
0.47857100283727,8.65205521894827
0.828616195358336,6.17783614448586
0.649269049288705,11.6970712098825
0.766073750564829,6.126141610295
0.577618919545785,10.9316530113287
0.462943201186135,11.4410154861414
0.0690098505001515,14.1105988607267
0.938469621818513,6.35063778738886
0.946877358481288,8.76269932787062
0.586563406279311,8.29559526303741
0.771945611340925,5.61249610789867
0.838768733199686,8.26494946636297
0.775094182230532,8.03566141624805
0.908982485765591,6.89248736989874
0.573820197954774,10.4243686054066
0.29213150870055,9.81623004895928
0.117482819827273,14.5483825211597
0.58339767716825,11.6296109481436
0.851633508456871,6.76308631037754
0.49452789966017,10.4571352375525
0.373123849043623,9.8919368695255
0.736132751451805,7.53451404406533
0.0296125251334161,13.5599873654423
0.890693579334766,8.85620072314272
0.265776538057253,10.7051598381248
0.373687593499199,12.6197595731438
0.853084557456896,5.01085641021216
0.426516884937882,12.8543336042696
0.332724436884746,13.0510833153052
0.77555766957812,5.44590388739832
0.221625869628042,12.6597577583135
0.887398024322465,6.62406484065173
0.182567651383579,13.168304932762
0.36209368170239,8.40295446626084
0.361965790390968,8.79053356982046
0.681070844875649,10.8004729686637
0.40825942158699,13.3851735758027
0.855219303863123,9.47857076609582
0.155994640197605,14.7295448870683
0.394834035541862,10.0896946114742
0.0854767907876521,10.5000090063729
0.960275942226872,7.98431214935993
0.0405213683843613,19.088950887004
0.413204680662602,11.9793466414913
0.132708665216342,15.1297797517618
0.560410561040044,7.91671270380332
0.208043638151139,10.2698919414607
0.565515821333975,10.9799423796554
0.155209939694032,12.2580371694662
0.584862783318385,9.67157065347006
0.923306574346498,6.07124328452575
0.782476003514603,5.28226015302556
0.439197462284938,9.74153691651134
0.316018157638609,14.3704927583006
0.959874943597242,3.98170382073206
0.519110615365207,8.73932947965984
0.110919329570606,13.8290894502459
0.372528800042346,13.2911814096794
0.856300498126075,4.65735939407475
0.334938412765041,8.9168825043941
0.431054533226416,8.26331379907125
0.224244880257174,12.0406847302789
0.571394368540496,9.04726559770002
0.841221132548526,6.81335502128533
0.602828556671739,8.67344186771703
0.140953597147018,12.5543633968955
0.667547368910164,9.98273567869022
0.493604274932295,8.47081315363648
0.105051703751087,10.8941946304027
0.800617535598576,6.24704218790306
0.334267192985862,10.7816357268369
0.412951429607347,9.9360530079848
0.787163287866861,9.52247320958021
0.0962041944731027,13.9162886871377
0.92553466046229,8.86387112673531
0.770485426299274,5.9808308666124
0.167937423568219,15.8092150622395
0.858555612154305,9.08009249383216
0.0117628499865532,12.255144582398
0.666365590877831,6.81744173358409
0.972281272755936,7.55881603223718
0.519046085653827,12.5244628186635
0.351346130482852,13.1315072785556
0.567428891314194,8.38495195248653
0.777804972836748,7.9524457351473
0.523668150417507,8.05438907036335
0.811043178662658,10.2687825660186
0.596314083086327,9.89947449625321
0.297208712203428,13.5512081256235
0.308860269607976,8.55944945918703
0.673346275929362,6.2649747661147
0.782014966476709,8.57015109490101
0.220459759933874,15.5306035584238
0.658453860552981,7.40550068114163
0.323296437272802,11.6826626536092
0.738547516288236,6.39670004058878
0.0689335963688791,14.5621201081422
0.923922337125987,4.08284557886999
0.868930176831782,4.90769014371895
0.0529653683770448,11.1256950940423
0.377810555743054,12.4435215852015
0.934292771155015,6.21208931302202
0.240466612158343,14.9409290903296
0.254044369561598,11.3521184318577
0.480700033716857,11.8392152742465
0.472933307290077,12.620245864486
0.903283896390349,3.19727062091706
0.684067473514006,9.2512176120349
0.538938181241974,12.5092342135506
0.764534108806401,10.074166863494
0.554860582575202,9.37931541871753
0.770721951499581,8.07844618309852
0.627934603951871,10.9289455094864
0.0367434341460466,15.3002454726812
0.0342763112857938,11.20933584729
0.393883198965341,10.2750891490584
0.3748773727566,10.7211086430784
0.39110832568258,10.0921272166054
0.406381284585223,10.333597821941
0.191661907592788,11.9967586479658
0.898850442841649,3.92079736763264
0.296685204375535,12.4865150804458
0.697089993162081,9.71944945221012
0.865321111865342,6.82160566748338
0.698241487378255,10.787979602113
0.520548198837787,11.6001989395371
0.390084485290572,8.36463518605531
0.605460635852069,11.3502639197137
0.736402372829616,7.85017585407217
0.232686392730102,13.4472983852273
0.21917786472477,11.3190228772343
0.999187087407336,5.1045333659299
0.671186733990908,9.28074204899902
0.200385174714029,11.3030051443589
0.756609129486606,8.15544459229802
0.647275696042925,6.59875504534296
0.762069083983079,10.6538163155321
0.999904858414084,8.5782453176022
0.119154216488823,16.411415256201
0.0869588246569037,12.093402829053
0.194893162231892,12.15466500998
0.321999713778496,14.6023480019563
0.912034841254354,8.41726269078068
0.754957298515365,6.3432863900431
0.595249864039943,8.3207558047517
0.446004993049428,9.8525920611554
0.855880751973018,7.20517709602402
0.2800442869775,14.1768853843413
0.831551351351663,6.25640556840966
0.440739688463509,11.4222054851116
0.211522717028856,14.4506523280375
0.254325716523454,14.2033369940953
0.00313081708736718,14.1925059530057
0.329365028301254,13.3559153631785
0.74302305537276,10.3405903315762
0.0633938587270677,11.0154718890813
0.559028969844803,9.41089014365185
0.841945159249008,6.28657886480051
0.364952605217695,12.1253311114664
0.42975737224333,8.20872357188971
0.34779815049842,10.2026597807987
0.550997170154005,12.1614168985683
0.157443168805912,11.3237560290018
0.286726848920807,10.3861853396681
0.285760181257501,12.508001974947
0.895371815189719,6.81723474593987
0.148824522970244,10.6955364965457
0.373311023460701,8.80166612312714
0.397736102342606,9.47732671908596
0.6477899805177,10.0852826330949
0.166240390157327,10.806642881871
0.285814977716655,13.8644026825833
0.588211393216625,7.66513243855647
0.532410654937848,11.0771561743769
0.567384280031547,7.16448223481928
0.136082173557952,11.7504281405323
0.211950881173834,9.71718419138385
0.616097666556016,7.37388774313435
0.560303444508463,8.45937273059108
0.12785434932448,14.0770705185725
0.743827092461288,7.18129904147655
0.946145596913993,8.7639996160902
0.58116027712822,10.9184045287304
0.0448014254216105,10.9920836857845
0.682345877401531,6.2374142153259
0.257049395004287,10.5523928837926
0.894755853107199,3.31209720574961
0.17154593532905,11.9726478480747
0.460092991823331,10.5065317059416
0.0043253127951175,15.8362150141622
0.706147455377504,5.48605589037316
0.537128976546228,11.4941111619773
0.552344246767461,9.97666938744859
0.583642794750631,10.032870721079
0.108338409801945,10.5131554778454
0.288727322360501,11.5829846051597
0.538995000999421,7.73741233728457
0.45491235377267,13.2381979654859
0.341106957523152,13.5912474201114
0.625187197932974,8.654443755298
0.871126296231523,5.03952491850696
0.204572662012652,10.0431417166539
0.0413680635392666,14.2783140740853
0.533584409859031,6.85147389749408
0.489283181726933,9.0822942749008
0.0975335934199393,15.9286065155888
0.663514806888998,8.96581672319324
0.984807878732681,2.41583550153603
0.126975497463718,16.9416968580916
0.70204042410478,6.14460048218746
0.85750484932214,9.0589339388214
0.213732362259179,11.2262230001393
0.344271280337125,10.9147021434798
0.249018674017861,14.7632668952426
0.189795556478202,10.8842026181115
0.0277753388509154,11.209016379215
0.861985852010548,5.09922948760487
0.45658688689582,9.37506350985809
0.139155118260533,15.5651180428024
0.318038104567677,12.7736382413498
0.946509000845253,7.71158669091426
0.17186750844121,15.6472799894507
0.508529760641977,7.86512921539715
0.769439612748101,7.9572675008118
0.364259287016466,9.43908925491163
0.956356639508158,1.26974069581599
0.297919066622853,9.05464519918724
0.871200709138066,8.8560335256305
0.239072668133304,13.3832660860279
0.0911350988317281,10.5644551326429
0.1844584539067,15.9615413503109
0.472853748593479,11.205085325601
0.948728162096813,9.19053460844973
0.248944484628737,14.8982459077908
0.308993450831622,9.49615865542183
0.187892006710172,11.6930726285697
0.129007349256426,11.0550749726084
0.424463621806353,10.9253458204174
0.226697144797072,10.9802493591308
0.00535849248990417,15.0113601144485
0.44775023474358,11.8129401373746
0.51488695666194,7.31042912433249
0.0650322029832751,11.6183529172391
0.290341598214582,10.5632851684943
0.0573555442970246,10.7536645385883
0.639408661751077,8.96968195431245
0.0618073439691216,11.9644305608047
0.481816271552816,9.48215953874685
0.56079344288446,12.1355922329488
0.394284179667011,8.76431155914773
0.164024603785947,14.5484413373466
0.947387037333101,4.65086971835216
0.485116485971957,11.133553847234
0.501247270265594,7.10370053351071
0.999529403401539,8.24917880440157
0.880840861238539,6.1638963511949
0.464419327443466,7.55078805071957
0.0835204091854393,13.4002429883833
0.272433920530602,10.5747442535693
0.637350656557828,6.72525314722436
0.960267209680751,2.5483721751074
0.685838477453217,10.9048398045993
0.996547926217318,6.82750557309459
0.188736194977537,15.0639719915736
0.225941851502284,12.6940403636327
0.943602107232437,8.32729449198814
0.72468588524498,6.11626002918288
0.902843263233081,8.48732171714045
0.994932559784502,7.84856627110603
0.826674435986206,9.06393295440298
0.637023690855131,8.4341732312336
0.196615505265072,15.7171016384343
0.51593974372372,9.70282266372676
0.698112525977194,9.99916483973005
0.35466015082784,13.316986060186
0.575520978309214,11.0509142847624
0.276503410888836,10.5968248830267
0.87809372972697,9.52553106722082
0.647587876534089,7.60217609792559
0.827667258679867,8.39676855619328
0.292371762450784,11.4008877977182
0.953893842408434,6.20833863655039
0.82084144372493,5.67926949684261
0.249525555409491,9.24928749117852
0.184721069177613,16.0860952972534
0.107901356415823,13.4474512424622
0.767199692549184,5.97520430260005
0.443609358510002,12.595010085
0.967216884484515,5.35997386819631
0.626800841651857,11.8403521248408
0.305142018012702,11.3449811539099
0.293944179080427,9.67043582805352
0.889169188216329,7.95872162478679
0.0260754951741546,14.6019707683554
0.162758697522804,11.6109746711612
0.105127510847524,16.8643171556234
0.390401430195197,11.3123527799837
0.0519441110081971,16.4285547349555
0.920138047309592,5.9984034633314
0.421657192753628,13.605013450722
0.143324770499021,15.0399154799512
0.728461327729747,7.97871339786751
0.395669714314863,12.169262883516
0.539783640066162,12.0584858823716
0.832796190399677,8.24298145297209
0.93591983593069,5.92156583785423
0.276714415755123,13.719898160195
0.675971815595403,11.1773049213399
0.704787862254307,8.5615672298949
0.819987807888538,4.01830840731998
0.746331635629758,11.0148302350543
0.918467987095937,9.49252944822793
0.381015078630298,10.6148798877254
0.0921568581834435,13.1950703984444
0.591090888250619,9.31115284135742
0.242004121420905,14.4104542948437
0.471229283837602,11.1938223247945
0.770100109046325,8.53900175469328
0.120772778755054,11.3993147902369
0.438921395456418,13.4142736515756
0.38881547562778,8.9622400858451
0.249262136407197,15.10338269872
0.112778624286875,11.5298213212977
0.655127163277939,9.73613000759227
0.870320278918371,6.40928704537605
0.709513694280759,10.1344135163894
0.888381827156991,3.6029711789257
0.224026090931147,9.82276019041831
0.914025626145303,7.12735859645453
0.25802274630405,14.5495050073622
0.0309103517793119,15.5423129638201
0.00215132115408778,11.347252678384
0.635169654153287,9.02741730849949
0.436473642475903,10.2225278462841
0.978659819811583,9.09603446390712
0.48806266952306,10.2896411139608
0.331436490872875,10.3156207118065
0.920807190937921,8.72545725229714
0.405931576620787,8.99171357206007
0.132219413528219,11.4238296655523
0.0747476380784065,12.6678419227926
0.764132832176983,6.35210010800199
0.999847169965506,3.92546504176845
0.120000176131725,11.7143331686611
0.717867347411811,6.59220497915382
0.677522390615195,7.34309265998457
0.160709934076294,14.1588176133343
0.329396059503779,12.8249346468266
0.854811598546803,5.88564020127016
0.346527046291158,12.591988639784
0.702339456649497,8.42298621697993
0.94443775061518,4.28462271122174
0.657496095634997,11.1104882962432
0.0953329890035093,12.2819804901714
0.59947006823495,7.06884180241335
0.258129943627864,11.8239663615875
0.508528249338269,7.46330319289808
0.166534956311807,12.7416055434247
0.560498526319861,10.0644926558218
0.31368303229101,10.3481321170338
0.418413165025413,12.4810756341387
0.756643512286246,8.56807121721079
0.938974672229961,4.92351023135624
0.901536948280409,7.7697469581202
0.521239775232971,8.03180590145483
0.525590209523216,11.0047627315843
0.00806275242939591,11.8300144640862
0.693340475670993,11.1753442167191
0.133350973948836,13.0116509914475
0.196425845613703,13.4384283803138
0.257549495203421,10.3675626652706
0.0674858246929944,11.0778554534066
0.428389017935842,8.51378018098888
0.875027612084523,8.52804370673709
0.0991428999695927,11.4364003689055
0.0422987951897085,12.9212683368315
0.0343631061259657,12.6078573116945
0.317032614955679,12.7124567598725
0.0668364239390939,15.3731751368452
0.231479915324599,11.9967004348743
0.155236444901675,12.4862388235039
0.979993816465139,8.34117748360629
0.435800395673141,11.9992422449382
0.957299476256594,2.94149263284255
0.786160190822557,9.67731596643825
0.546285966411233,9.48954088323685
0.364504445111379,9.21372635332834
0.687633726280183,11.3033497627477
0.699039992177859,7.53648056799329
0.995851706713438,3.38567768873035
0.0768599999137223,17.8722849130757
0.661083942977712,10.5974642868658
0.371526737464592,10.0170142671348
0.617498118430376,11.2145259416558
0.832656959770247,9.66852309622208
0.737370632821694,9.66887219610254
0.907183613162488,6.33026780097044
0.565984943881631,11.1209730959726
0.0719704017974436,13.8705255137916
0.627524909563363,8.18889383692504
0.0273282572161406,15.6371340866419
0.289338933303952,11.9543682722379
0.8481896428857,7.17549830641762
0.949986637569964,8.33825532789418
0.221187131945044,14.3365403757562
0.0682212533429265,10.6813685854633
0.178551410790533,11.4231910438922
0.658758167177439,7.28220608056669
0.557450510561466,9.48057522444751
0.59527560020797,11.1478626890672
0.634967177407816,7.60941112953791
0.839265719754621,6.87409108464793
0.792252567829564,9.22536711236231
0.0982786468230188,12.8999656788625
0.179092888487503,12.6742660819824
0.83754772040993,4.7206367559
0.9343547669705,8.60303222224685
0.59014147031121,10.8253093913807
0.820744764059782,8.57895137574305
0.21129475091584,12.9280159838534
0.0225909370929003,12.0305477053831
0.931858938187361,3.83247313492898
0.88563434407115,8.98108584216621
0.130565312225372,10.0582091524254
0.534202151931822,10.889229769546
0.863656298955902,4.27875129271823
0.0278401304967701,12.9532844963162
0.605390959186479,8.18120322872149
0.601751970360056,9.83731362870107
0.982646504417062,8.90679757179601
0.0558554036542773,15.580816865203
0.352231620578095,10.1445031349442
0.955657795071602,4.69116498476173
0.611441145418212,9.84171874491097
0.266667027259246,10.4311355829413
0.376246596686542,11.4269585402495
0.893195607466623,3.56107262471982
0.0839691862929612,13.3626230091137
0.310052440268919,9.76004230411317
0.763020958052948,6.02808589917893
0.619143067859113,6.7666692454811
0.605227106017992,7.28090424632826
0.0714184558019042,15.4363020909721
0.591823790688068,9.66050963092067
0.18863743240945,12.8868881486787
0.9008734296076,6.02059179013033
0.07318907068111,12.1574889811478
0.512236035428941,10.1073730765024
0.112053661374375,14.1475970255109
0.142218733904883,12.8308576425474
0.371367322979495,10.0394895181684
0.924009361770004,2.47200516809355
0.839650595793501,7.2580510078011
0.305105059640482,12.2013703031517
0.498763473238796,9.20862218254154
0.955763035686687,5.00641876346448
0.777042351895943,8.80603569948983
0.526006014319137,7.81629326769741
0.588258373085409,6.93260800532318
0.206799309700727,14.0328708978177
0.917996645905077,8.71529617501901
0.121161077870056,12.8209630597977
0.762685404159129,5.94915516417104
0.465691182762384,7.61666944882633
0.635791018605232,11.4377949934828
0.416500429157168,7.97895942747807
0.139338872628286,17.0256274800364
0.986150428419933,4.74166583765377
0.956693060696125,8.22298861552643
0.982291474705562,7.24867405099542
0.176201486960053,14.0310810439976
0.0540729886852205,17.2779041169347
0.669035757426172,11.3561015825571
0.804336588829756,6.07201218183263
0.636495540151373,7.94091100518997
0.352782565401867,9.0010300043509
0.862697248347104,4.75650772451528
0.432939255610108,12.4305149964917
0.933461899403483,7.16732520167326
0.169863530434668,12.0473781184991
0.836167255649343,5.93753682460668
0.731764285359532,8.17647671272848
0.933800057508051,7.3375471804459
0.76674791960977,6.45846229448916
0.602807970251888,6.5956750092223
0.34301610570401,12.6335079727567
0.018463168060407,12.0050850120972
0.0878447825089097,17.9940332176612
0.69178344658576,7.57620166502341
0.506163228768855,11.7673002465156
0.0218891140539199,12.2013041148759
0.151932107517496,13.2653764326013
0.314548451919109,9.67467541815834
0.773923154454678,4.49810655977354
0.708014097763225,5.30301556715546
0.386626167222857,12.5221282813209
0.956704644951969,3.72228982351836
0.504477696260437,12.0300497791042
0.136258636135608,10.4375501276045
0.272255392046645,14.7320517385397
0.648130394052714,10.35459085401
0.446402468020096,9.45449906939626
0.100174493156374,17.4147731692191
0.397389776073396,9.65509020209008
0.990450029494241,6.06358125061786
0.254352611955255,10.971010265661
0.295789936324582,12.3824747716884
0.187018410535529,12.7709408310968
0.301737186964601,10.0449261381217
0.324750003637746,11.4455685915868
0.186548063531518,11.7766134210318
0.507745878770947,8.55252995156219
0.203838284360245,12.6086516714701
0.920117651112378,5.71656716888476
0.920594485243782,7.42979246620424
0.856488813646138,7.97851667446373
0.721610692562535,7.12685889781794
0.290792697574943,13.6465020529014
0.320107515435666,10.6280864311014
0.0525792667176574,17.4068635480512
0.883517082547769,7.3862600923457
0.386822821339592,11.7098145661876
0.380379482870921,10.3819492677409
0.415672273375094,13.4430623475355
0.904206237057224,8.75604956902888
0.271979746874422,12.2043597359144
0.440797918243334,11.8940932148293
0.555978516349569,7.65634398282967
0.308080107439309,11.0638981076768
0.0462061176076531,13.4659406118376
0.832346454495564,10.1418651961674
0.200133668258786,14.1909811540978
0.852017946541309,4.84790217674361
0.275550473015755,11.2501081151053
0.127096425974742,17.1726843298201
0.812600345350802,6.36211244723758
0.902732573216781,8.96117572207029
0.314341746503487,8.53816457757287
0.0126562607474625,11.9112544231857
0.913475730689242,7.36432253772917
0.0449044883716851,15.4725622409404
0.896358042722568,9.67694476981339
0.948356524808332,8.75700897826319
0.159498469205573,14.6177188977992
0.576913614757359,8.29246051167178
0.43511985312216,12.8962675728503
0.775733208283782,5.52192698128146
0.781151125440374,10.2655115175767
0.710677821887657,8.44431360981943
0.773827579338104,8.54245329931895
0.820157406153157,6.25225899746765
0.805532522965223,4.36623963335263
0.807234456762671,7.11006532981718
0.94727963837795,9.1780875271843
0.438944080611691,10.4477124333063
0.777173345908523,9.43475418029482
0.484530598158017,7.92567825036329
0.57374197919853,6.9459800115707
0.745591642567888,8.57079073249559
0.457279540132731,9.02281285559833
0.578733326401561,9.74744714571021
0.115754247643054,13.3833889993608
0.411342747975141,10.2403093205388
0.331980496179312,8.545140773074
0.0733111819718033,14.9705809205174
0.374563529388979,13.1982065899693
0.608241511043161,9.20285780928394
0.146732891909778,13.9476762042483
0.0562414599116892,15.9658460600268
0.753616144880652,10.7536766725131
0.19126141583547,10.9722207764467
0.0242686397396028,15.1854256040638
0.387823531404138,9.08664019550696
0.844944630516693,5.7536911185021
0.839414743706584,7.08547296873997
0.250668762950227,13.5948914814252
0.151791068725288,13.120901196753
0.859463211148977,6.47102146085258
0.584401520434767,8.36808171381989
0.453250385122374,9.09487202709741
0.773196261143312,8.16137094627354
0.510016322368756,9.94056619260946
0.555486887227744,10.9390836263228
0.0991270402446389,10.6762336802156
0.183801636332646,14.6326369787326
0.507373818429187,11.3217233283676
0.405545773683116,12.3598508892285
0.692476097727194,7.00339798664729
0.20598037680611,11.5483041704363
0.0928337837103754,10.4265738870146
0.563304901821539,8.76072231841975
0.380960351089016,11.2338326886934
0.710086616687477,10.0007673481117
0.268682262860239,9.07762407864937
0.262353523168713,15.0499243770968
0.56735619623214,10.6614919080192
0.833647658117115,6.78089125162094
0.107638401445001,16.1888816396754
0.980822671670467,7.08806361657273
0.942309766774997,5.4994137551575
0.270686766132712,9.40093712814231
0.803770758910105,7.45740562202128
0.860488920006901,5.8236978409368
0.641901893774047,6.80126687370803
0.276371844578534,13.8338567057226
0.640495989704505,10.569432347684
0.183395297965035,13.4760081955167
0.548934575403109,11.9464972966224
0.0197341360617429,19.7350873311008
0.493103110929951,11.7481172121652
0.792325540911406,5.74694926471575
0.125886193709448,11.559369417995
0.908622708404437,7.4484200372534
0.512927981559187,9.01346605981353
0.531265523750335,8.77320444092488
0.186405982589349,9.79352643254095
0.733352372422814,10.2524513303863
0.274193516233936,13.9476361624706
0.825257258256897,5.22750217505912
0.321459457511082,11.7759383538616
0.0484613752923906,12.4960639951396
0.072718717623502,15.1991435145811
0.75878594815731,9.26909142675154
0.666558120865375,7.44775994627172
0.481734751258045,9.00811646711889
0.481634540250525,8.14961915033288
0.171028571203351,13.8018288047397
0.940748025197536,7.56394626184348
0.884690761798993,3.87450314231249
0.0540803852491081,14.2037803067292
0.697843127185479,10.6906985947961
0.203439449891448,11.3902954296519
0.530776002909988,7.87110849779129
0.583713321713731,10.311941703764
0.241927954833955,9.04996449870992
0.570161834126338,12.1943945833118
0.406475996365771,9.77519197534891
0.181586600840092,11.8728031337667
0.581236043944955,7.67929430091912
0.454391063423827,10.9570897525044
0.0284527242183685,16.1764138640879
0.261977821821347,12.4016529760787
0.922958757262677,4.84195416153314
0.577170299133286,9.47856070779506
0.0161677426658571,16.9510033672808
0.922589084599167,4.58373976512194
0.888324497966096,6.77795031533477
0.816012841416523,9.37082696300833
0.947684136452153,5.1579003943961
0.0543322749435902,11.6831337096433
0.284418003633618,11.778003169928
0.150281082838774,12.3272243037729
0.45865456899628,9.53696141716644
0.101150678005069,14.1081384106846
0.438288189005107,11.9011496855121
0.465580278774723,12.9056455878276
0.987844651564956,5.59681395930012
0.14437699271366,12.4779262682318
0.230269227176905,9.2176552371388
0.373018914368004,13.355381939287
0.822486356599256,5.68604813918738
0.416673480765894,11.8003289124537
0.316687698708847,12.0469045562543
0.0636590823996812,11.0507139577578
0.942699739476666,3.4749536753078
0.289443355053663,9.83443210479841
0.997368127806112,3.92013118738691
0.148801557254046,16.1600865373198
0.900290467310697,4.58643956021136
0.482964172959328,9.9626305921937
0.158481897087768,12.0122477647956
0.61812201468274,7.09702048202795
0.831551767885685,8.08799634270954
0.782465148018673,5.73292102154841
0.965817609569058,4.92758091705086
0.923462487524375,9.37622297156365
0.234404926653951,9.5856684250498
0.52664325479418,8.30389328022525
0.815530605381355,6.55102493095413
0.320263557136059,12.1819458598766
0.952481641899794,2.85210224792465
0.958792845485732,9.13884075592822
0.951522294431925,1.977778714816
0.190548055106774,12.2890364548167
0.401118562789634,13.4714253148479
0.0990363911259919,14.1175617699862
0.248436574591324,14.911636235463
0.674190036719665,7.02721068656427
0.938656775979325,5.90895086682681
0.801672691944987,9.87994482681064
0.782178885303438,8.23087649461542
0.518541832221672,11.3811412871378
0.55037684738636,10.8913516200247
0.4950036611408,11.7095818614873
0.633477908559144,11.3811990041151
0.27322575985454,12.8719532962571
0.200045063393191,13.0789910074526
0.171663849148899,15.3139102217466
0.756633609067649,7.81093825597337
0.172441756818444,12.4904687182961
0.1634372016415,13.1632543593149
0.866340247681364,3.9633771865552
0.62733443453908,9.99935211628816
0.738391759106889,6.65196758625635
0.57399476133287,8.80479408895648
0.437682843999937,8.72723907051855
0.590055605629459,10.2947265675695
0.290944923413917,10.3083238209239
0.701176797971129,9.73353434065424
0.933372706873342,6.1576879793512
0.76279648928903,7.9259380719682
0.828492847969756,7.19931982570406
0.236255867639557,12.4689737023794
0.0425739216152579,13.8038103613808
0.443922912003472,10.4691437895586
0.353483608225361,14.3701859403211
0.0698842885904014,11.272429547665
0.173786465078592,10.8996916122226
0.653987396974117,9.41535736810228
0.391016806010157,8.4103928059211
0.010523131582886,17.3574408595978
0.585042252670974,8.99655707929169
0.417960956227034,9.03048309773617
0.882521706167608,8.31279234393465
0.893608602462336,8.58435872333935
0.0884708219673485,14.1911894182272
0.516179628670216,7.56170926721939
0.767782047390938,8.42552970292257
0.501209743553773,9.6363424319705
0.973433620063588,7.7092225481307
0.741057462291792,5.35132637925003
0.447325783548877,12.4725708219911
0.304204586660489,12.7440942824688
0.872580065391958,6.36007130784633
0.908828834537417,7.25692343191657
0.622157889883965,7.07395051881361
0.609052013140172,9.85196090300816
0.539733320474625,7.23016677469667
0.710303178057075,10.1935733842083
0.73608547821641,8.42768038471247
0.669178636977449,11.3772275943227
0.295493695652112,12.0184574568146
0.733976007206365,8.63630095944698
0.442592460429296,13.0207060813606
0.0993645335547626,17.4413870669005
0.463589446153492,12.5423553626248
0.919923149049282,5.90492768384542
0.205853268271312,13.1013730320978
0.427728859707713,9.57299109404049
0.162743457360193,14.1509977592875
0.283548819599673,14.1750258023252
0.199726240942255,12.0685658858054
0.930398778989911,5.22506079997004
0.131213069660589,15.2080461645112
0.925796094816178,8.18569781681433
0.111391784157604,15.8999691155156
0.933615458663553,3.77615274008155
0.147050201427191,13.9380571008708
0.574637823505327,7.88154412835135
0.500731713604182,9.90661450571385
0.704249762929976,8.46580317659097
0.0061085456982255,14.4771466249838
0.474923451896757,11.347668510551
0.193910560337827,13.6191381311428
0.881773530505598,4.08553607183659
0.84176085353829,5.57531842937094
0.965814136201516,7.43788801040575
0.237085563829169,11.6123991962845
0.587146757403389,10.0622766137048
0.0583309207577258,13.0711952447411
0.766762654064223,8.57405508232583
0.584083904512227,10.7737029206707
0.543762979796156,8.21836993069423
0.457780889468268,11.6065683743964
0.101492492249236,13.4965801069105
0.882071312516928,7.98723032079627
0.301642621867359,8.6671373797696
0.914762280881405,7.27078321198432
0.0451357625424862,16.7230789431277
0.507822688901797,11.867363060537
0.859941967995837,8.13904698415969
0.944001491880044,6.57620233699569
0.537673096405342,8.19045812599526
0.3658549527172,11.5887754296897
0.932732384651899,8.0692798365218
0.957993715535849,6.46453814998869
0.860657945275307,5.48072247223247
0.707459764555097,5.66465751868762
0.7720770125743,6.59274969566272
0.739995254902169,10.3731504882453
0.629731023684144,8.49931330199679
0.0412744521163404,12.9903375257737
0.453734830021858,8.05056933930075
0.29034104407765,14.1620393946613
0.448161440901458,8.43491330748247
0.30142753245309,13.8065245047541
0.0584709085524082,10.9375055161173
0.477502763969824,7.24986007049003
0.261617980198935,12.2749248255565
0.197882205946371,10.3514623484837
0.764938820851967,8.17259138175621
0.547194323968142,8.06605026201955
0.342368351994082,10.5183688959135
0.211692339973524,13.3936228252851
0.361678441055119,12.4089164013919
0.560153673635796,8.50078959586067
0.108878694241866,12.3336514409135
0.387791693443432,12.868637622283
0.25410418282263,13.8613364976454
0.574561688117683,10.079546209099
0.231264633825049,9.22238169738831
0.330806765705347,12.9325181830665
0.771773725748062,8.85435506139025
0.802684517810121,6.57303572213346
0.490748790558428,12.097656083285
0.783987162169069,8.39239099737717
0.789490145863965,9.96549800710997
0.616863753646612,6.86910586474272
0.311837055487558,13.9027850955679
0.334619547240436,9.82446572070838
0.0998767123091966,14.4647478122709
0.196593896253034,14.9020695260768
0.298132477793843,13.0963319290514
0.00501259975135326,16.3321171973906
0.82582493731752,5.97991307425089
0.214046168839559,11.2723155864567
0.486164706759155,12.1101315895488
0.726553085492924,8.57161569833156
0.782550278352574,7.01217766781728
0.738150607794523,10.8860306030322
0.191970521351323,14.9653226366531
0.627177494810894,6.91213112949697
0.535517615498975,9.67148751266067
0.554770022630692,6.97239554322455
0.676699372008443,8.34887059598834
0.085544150788337,10.6697622721809
0.579064881894737,11.3218542670987
0.918403988704085,3.49332214857755
0.824011750984937,9.62593129198602
0.454005429055542,8.70834789699763
0.538758938899264,7.44020055597158
0.129939715377986,12.6721261266842
0.498249274212867,8.90482551939151
0.661417774856091,11.1806378459663
0.820394710404798,10.0431038911287
0.729794365819544,8.72931850844964
0.767175696557388,4.98692621858934
0.30036499351263,12.6951679775962
0.739034035708755,9.88430640564376
0.348321350524202,10.7248251997801
0.249092032667249,13.9998959323957
0.136993969092146,10.5834896137547
0.214815120911226,11.3899687525055
0.380153708159924,12.7242336302132
0.45112466160208,13.2156970031439
0.16333988821134,13.9190012740458
0.83910073665902,9.6731464618089
0.596386398887262,11.2607660119757
0.219901526346803,12.0347352995908
0.064844521926716,10.9844044106386
0.946011055493727,8.25558874742397
0.991418777965009,7.0006431155137
0.577936566900462,6.77235297359638
0.850635320879519,8.5168550860171
0.0640226765535772,13.6023775178196
0.416587505256757,9.48899095327808
0.218191219260916,9.25234855568007
0.158473405521363,16.5902213986758
0.190269664628431,15.9867003833973
0.137350833741948,16.3946168685556
0.777834802865982,6.96956982534185
0.164015423273668,10.9268443298175
0.646748379804194,11.4752206586366
0.42562578455545,10.9753841411349
0.465985280228779,12.2571679752732
0.937109717400745,4.32413912340134
0.428881156723946,11.5869516024535
0.282827676972374,10.7673599605669
0.742734937695786,5.31415494364592
0.0602014486212283,12.8787245649932
0.320525283226743,11.4852985550951
0.149838622193784,13.8467963932622
0.623970415443182,10.2495982410916
0.234481850871816,12.026132006176
0.561830172082409,8.25467268642879
0.605882592732087,11.6541969600301
0.185454150894657,12.3676027527577
0.897331515327096,8.08905662199327
0.77676111436449,10.2665148355514
0.991863024188206,3.10358770476253
0.3236069730483,12.4201162652057
0.635792355751619,8.53737120706238
0.615948744118214,10.9341634155577
0.378942113835365,11.3195540332191
0.969410686986521,0.939767168879449
0.582816329086199,8.43475940144407
0.918981089256704,9.30812604305898
0.223369302460924,13.7345511549675
0.494565691566095,9.09902329532975
0.900862760609016,8.05483518375211
0.964322382118553,7.22424115228359
0.218334898119792,10.3028496853286
0.0474405139684677,18.6173747173061
0.75545597425662,8.22775470259934
0.418947369325906,9.59996731458905
0.934584654867649,4.85481227679406
0.972807300044224,4.8973120169768
0.974214827641845,5.59297825211506
0.716109990607947,8.05873159119272
0.730897770263255,11.0309673592999
0.848846223670989,9.58750048484047
0.237610080046579,13.3390343796518
0.544509286759421,12.6025519039434
0.788901943014935,9.22574255373097
0.335546156857163,12.7196816542453
0.110079682199284,15.1088267701536
0.363259202800691,8.53894290539666
0.935148616787046,5.07673390782879
0.120039773406461,11.8205175767831
0.742101579671726,5.1670931840218
0.0298051515128464,15.8300499219782
0.0631975322030485,12.4272263033082
0.532204701565206,7.53036298601518
0.698131579905748,6.87927085432542
0.493967270478606,11.1380124462724
0.529961239546537,9.34828584550299
0.448830586625263,12.8441791565985
0.12556349625811,14.4279821027396
0.596398132620379,7.64106764647047
0.765985528472811,7.48523150457627
0.460224123904482,10.6328937027384
0.579721771879122,9.17277657044372
0.683401532005519,7.19734065252225
0.097918314859271,13.1329391979228
0.619511583819985,10.4881669203762
0.688867104472592,7.22766034197464
0.0706420249771327,11.5582292057663
0.0840043083298951,12.9466274112133
0.273511900333688,11.9542442380185
0.783110475400463,6.16026232470172
0.873266292968765,8.27596411451483
0.603284687269479,10.391565407721
0.099078155355528,11.7926263913333
0.241653316887096,14.0676596346227
0.234347453806549,10.3636996375811
0.19357385369949,15.2565763211887
0.384194193873554,13.082034251327
0.775142780039459,6.43550475610663
0.0508071151562035,12.4513866964265
0.728215146809816,5.4474120833503
0.95108042913489,3.20782216412893
0.823500578990206,8.71216055867625
0.638479308690876,7.09462229541048
0.320185153279454,14.6012903347483
0.741704753832892,6.33367675709501
0.142359348479658,15.6371052233577
0.320543460547924,9.68248974028505
0.881212494336069,7.31465192871295
0.163624191423878,13.3766259590666
0.369049681117758,8.27923447485171
0.127087364206091,13.6223603257555
0.308100049616769,14.8918420290479
0.421115950448439,9.18305218733138
0.0796997551806271,14.3512293107038
0.729115579975769,8.20657224251697
0.054771448019892,14.66042217612
0.540976327843964,7.90109556754825
0.842357189394534,9.84215204184215
0.497126664500684,10.2982745447859
0.371681404300034,12.2405193489739
0.893041855189949,8.88449023396341
0.260626074392349,13.309805468032
0.109737081918865,13.6118486263685
0.906269795028493,5.5702286456289
0.320017368067056,9.81375581392228
0.835519559448585,6.58894540343438
0.503822379047051,12.9848120874968
0.109356795903295,13.0670096875213
0.680732636479661,11.5271899471014
0.372864780481905,13.3514383996554
0.275525237899274,10.8592564364765
0.0307594523765147,18.1434664090541
0.871027763467282,3.55641179905678
0.708772794809192,8.06221389743728
0.313644716516137,9.09522614215962
0.379457194823772,11.6518773798294
0.334610247984529,14.598406615895
0.181744386674836,13.0070525355337
0.789876798400655,6.76779872262364
0.881919966312125,6.13344301489489
0.217855772469193,12.9089193906869
0.283471269300207,12.9433346633926
0.460648664738983,8.87145204332472
0.434641570551321,10.5449287813024
0.453109185444191,12.288972930709
0.80753515358083,7.33240187222797
0.446556565118954,12.6915690348472
0.94434298784472,6.47435794317799
0.338053974788636,11.7368848985221
0.556663984898478,11.3206926273768
0.720097690587863,9.43415731784166
0.716568736592308,5.89448091284202
0.713749438524246,6.57665747096354
0.204948033671826,10.2367977176658
0.78494460741058,8.62172573631118
0.425938743166625,8.55958201040178
0.874971264740452,8.38296249972504
0.660911435959861,6.13209151325938
0.904482960700989,7.06883333193884
0.419598732842132,8.59839644497123
0.420649578329176,12.3963343130164
0.801688320934772,7.16265449255124
0.714416117873043,10.1875157235188
0.564768145792186,6.85200339799301
0.690421225968748,5.78947699834716
0.732822582824156,11.0055050217955
0.534586381632835,12.2157692356412
0.349650469841436,11.6910991784781
0.956735808635131,2.87935339501927
0.0848203070927411,12.1416696506339
0.060583702288568,13.7495590909765
0.916946067707613,9.05370746305583
0.833217733772472,8.4659488927048
0.53363132965751,9.10499268561731
0.551393578061834,12.4406492126716
0.659976651426405,10.556191572214
0.670334408758208,10.7648008266929
0.905063268728554,6.15896328565684
0.416631850413978,13.0656832270893
0.348444749368355,9.16178801112642
0.216391627676785,10.1467907153708
0.919108669273555,6.1488641136101
0.34036672487855,10.7821303840602
0.695047899149358,9.1486208967013
0.670107575366274,6.71417831810067
0.370417318539694,11.3115716890809
0.238936685957015,15.1617220508515
0.819487272296101,5.72017585546583
0.206148402066901,9.46771349627719
0.3631865628995,12.3867357674015
0.0764753324910998,16.250746036377
0.358680870616809,8.77933881459656
0.0512835099361837,16.0007579515048
0.675835879053921,7.73636992161757
0.671849188627675,7.41055460777385
0.913906731642783,7.86113552231938
0.121822571614757,14.1051276290365
0.22756582358852,9.33889973172223
0.798708036541939,8.38447323297351
0.0494720528367907,16.8190888397456
0.506240137387067,7.5400867580019
0.48307100078091,10.0426505136667
0.231981219956651,12.9796862912821
0.3441816738341,10.986772735204
0.169141611317173,13.7169622848562
0.0887459244113415,12.4191719398257
0.24196447362192,12.9575229803369
0.238716380903497,12.0900158889888
0.501960125286132,9.07355024395745
0.780857996083796,4.7929471959524
0.132339986274019,15.700006219707
0.227364465594292,12.9124634336447
0.0484753281343728,14.3141199943906
0.79646352189593,7.89719780609052
0.885317046195269,5.53747692210338
0.123130014166236,14.8086692249554
0.170002665370703,15.9425965325139
0.390116684604436,12.5074838288529
0.113615180365741,13.9323992833862
0.225434275111184,15.5498284107516
0.199088820023462,14.0496321068832
0.540576084284112,11.922344838542
0.201148713938892,11.0128419015789
0.959204726386815,-0.617952866673489
0.12173654534854,10.8282139894889
0.978061024332419,5.20604105011604
0.0557850389741361,16.5101823353138
0.959842785960063,8.9674082052759
0.437607037601992,13.2267664885306
0.649930785410106,7.27491423236703
0.140065572224557,10.2075223568496
0.00262698135338724,12.0769171756352
0.525902661494911,8.26106348561298
0.383859935682267,13.783458650303
0.249742053216323,9.05247015531324
0.383281094953418,11.1514423347471
0.613780007697642,10.8402836315
0.446987356990576,9.68256979416608
0.723159849876538,8.17123421943847
0.146340186940506,14.9728972489057
0.0959676804486662,13.1169521084627
0.00942228944040835,14.6551258907266
0.716476754285395,10.5483069075171
0.00292813614942133,12.4975793414604
0.148922682972625,9.89874593749549
0.9213380694855,6.3212872784494
0.393151528434828,12.4323652646683
0.816192669561133,7.21358087672306
0.953466011676937,3.8894962844726
0.494628285523504,12.2968801577231
0.934290835633874,6.78134639843678
0.515571085037664,9.34227474378579
0.135311424732208,13.4528325937256
0.842056811787188,4.84581891593152
0.400730351917446,8.44745873268665
0.935455316444859,6.94113281269459
0.240184441674501,10.4338730802759
0.649586972082034,9.0883088802769
0.171858806395903,9.76819687602677
0.411162577336654,13.5677296557247
0.174817125312984,9.87526442547555
0.675654285121709,10.8288131581852
0.977013482479379,8.07241246133792
0.69462954881601,9.01857208358068
0.917039710329846,6.49491435636183
0.0558554909657687,15.6946607632081
0.456459179986268,12.8901117941296
0.805538534885272,6.44615945918625
0.630270392401144,9.78991158285865
0.187197348335758,10.6538972958198
0.592919112881646,10.4289007832695
0.573187054134905,12.3067212316601
0.91568372095935,6.20793249228835
0.418803830398247,10.2699257218091
0.707259673625231,5.36600410247371
0.352877178695053,12.5183079686839
0.332076283171773,11.2154216098459
0.602696042740718,6.59378073749157
0.353002840885893,13.2539561940213
0.384014723589644,13.3887838340563
0.658858947921544,9.65659750714955
0.0676791132427752,12.8731110700919
0.429249413078651,11.2560835948747
0.906206064391881,8.17195377692407
0.08546486007981,15.5540390361745
0.37504929676652,8.94084408711577
0.362265517702326,8.65371543072535
0.589953697985038,10.9744499488241
0.237399407895282,11.046271936459
0.446937563829124,10.104441960298
0.707127810688689,8.38709209343059
0.23344654450193,9.95425905634464
0.76118152262643,8.32170324768715
0.13440719502978,13.4987298325537
0.0710076035466045,10.6157757129782
0.86273737763986,6.60896583716034
0.62116173049435,8.15463581741341
0.775065470254049,5.07746765939996
0.65245201671496,9.33363557955445
0.826138274278492,5.31655057402955
0.932457345770672,8.98306305354391
0.494612483307719,12.9051663494705
0.00939389946870506,11.2058406104741
0.768928108504042,10.3377847540979
0.479943458456546,9.78802277528674
0.65405135625042,8.64252913699309
0.552220018347725,9.97986856588197
0.721979022026062,6.44211486706123
0.257484585279599,14.8988797239563
0.360534592531621,10.8106250392217
0.0246585065033287,16.0167323706052
0.248354907147586,13.5662364603116
0.34544344805181,10.4436018454421
0.234299449250102,9.20841948436952
0.415116117335856,10.0043472615343
0.134817414684221,13.3847963289209
0.359949333127588,12.400243260988
0.0478538027964532,11.591165592032
0.220901351422071,13.6304779817181
0.0783227602951229,16.264283944764
0.136640596669167,14.0794015270382
0.84836955065839,9.46699208415713
0.617193045793101,8.81610268486955
0.447877407539636,12.2844430723738
0.396565062692389,11.5988354951994
0.316356090130284,13.0350198603599
0.642462627962232,9.65253720654698
0.0990732803475112,11.9639145023693
0.563054200494662,9.69326977396396
0.359433997888118,13.446176696417
0.359394720755517,9.02650700014778
0.790935003198683,5.70189640783795
0.338374010287225,10.7230320849531
0.390498331049457,12.6538101860978
0.0108537222258747,20.3029233053828
0.921820868039504,7.31025296818113
0.729153315071017,6.81681162380426
0.388077082112432,11.6625608621777
0.285291286883876,12.7077072037529
0.868422510335222,4.45508345758997
0.342758473008871,12.4720605209765
0.167430776637048,11.2361444932075
0.71157555654645,10.3591298650197
0.247741426574066,12.8596083574044
0.00729610351845622,11.2561329705414
0.750336203491315,7.47976926078038
0.582954092649743,10.5132570411807
0.208737106528133,12.7021127781882
0.532011801376939,7.10124480133482
0.537299409741536,8.06059231476502
0.769891941454262,8.05125753178364
0.758294686907902,10.9000758193848
0.535527163650841,8.12037880923989
0.464618445141241,11.5546692029773
0.402743038721383,13.5429291507303
0.391272565582767,10.3236704327672
0.175313703017309,12.4209571633175
0.0641792616806924,13.4820249272647
0.252613859483972,12.4412926067035
0.0578870815224946,16.3012066902789
0.628154441714287,9.98259526814318
0.703176932176575,5.5343030565863
0.917027734685689,9.11091405873838
0.00687235337682068,14.3295554176315
0.089502212125808,17.2901485314768
0.240784954745322,9.95966383551684
0.687300532823429,6.16952625258473
0.265261985361576,14.7556460451671
0.517046604305506,8.56701340784053
0.068562638014555,16.9609952894796
0.857444618130103,10.0411540153785
0.174347114050761,10.6598288906406
0.209854612825438,10.6253924505586
0.930026406189427,8.79995010677684
0.0584669813979417,14.894493883657
0.457911170786247,8.69701549230767
0.772442518267781,10.6850430331449
0.0812058064620942,11.3953779780627
0.916935381712392,7.17787475714483
0.039633868727833,11.643372358632
0.979279739549384,1.55470964548998
0.309013370191678,13.3753676514783
0.285864603007212,11.9688740285087
0.552384007256478,8.26547801931823
0.720061649102718,9.94234322606725
0.83427790668793,5.72149852687458
0.420974499778822,8.05558344403298
0.921434371732175,5.09543709988558
0.612781843403354,10.7312223790162
0.0249775955453515,14.8032221459247
0.729421126889065,6.3254166929915
0.0468436386436224,12.7815985209962
0.7343480871059,7.39705992280776
0.768184800399467,8.52906471887637
0.0133481780067086,11.1317767573873
0.12524569244124,10.5299306777952
0.660209219204262,10.103748670127
0.597052640514448,9.51798584257058
0.582180075813085,8.30704779775307
0.110840602312237,11.5267575922663
0.614023775793612,11.6433143982165
0.544668226968497,11.7434659936562
0.912287316285074,4.98512281906037
0.644437839975581,11.3233262400273
0.928672163048759,6.48774734330164
0.887438908684999,9.37834189533068
0.879131692461669,6.754046987973
0.525648838374764,9.84754641415655
0.00363598321564496,13.3865368907101
0.477532853372395,12.4646867801383
0.832160358084366,4.59998712252023
0.813197265379131,6.04302839060063
0.415511143859476,12.6955523253042
0.437021404271945,13.3238148342428
0.630534332245588,8.04053414845311
0.31111220526509,12.8575278260838
0.917018619831651,4.57841248561806
0.971693600993603,2.95030113275079
0.878882772056386,8.65105576869755
0.549013330833986,10.9415334631475
0.130994253093377,12.7680032729125
0.719844233710319,7.2081502726301
0.58355334866792,11.8717917557908
0.602200354449451,6.46774073384043
0.881487316917628,5.9516233031244
0.699061476625502,10.8821311953917
0.744663537712768,6.54290122582601
0.00145608792081475,14.0306460215442
0.704849072964862,6.00841863832147
0.00196408503688872,19.3518338749003
0.367991351056844,12.8072326197516
0.262014989042655,14.0383872124766
0.242288600886241,12.942150302645
0.763821667525917,5.77214607851954
0.976621042005718,7.80436421366231
0.530045399907976,12.3498787582075
0.508522683987394,8.71451097420311
0.24690526840277,11.1466239546962
0.629968048771843,11.705825117534
0.23696232563816,10.7202612685744
0.478838708950207,9.32243786374475
0.679966161493212,9.85551903322146
0.0521737006492913,14.4463512639175
0.297944862395525,8.97223125999446
0.550086550647393,10.6145929362317
0.736232607392594,8.22957216230701
0.340895284898579,13.7286112573151
0.0246131382882595,11.781459728515
0.542632867116481,7.64012154139939
0.43209840869531,11.5147010555844
0.581857859389856,9.84975995313783
0.283724346198142,10.8970196254138
0.507007685489953,10.729559001795
0.636705587850884,9.91640480836572
0.19907440780662,14.7069871083452
0.124099122360349,10.2058568132465
0.492609773529693,10.5507449206534
0.562380264047533,11.3487936167098
0.669477479532361,11.1561486672087
0.388185994233936,13.7088754047584
0.421285008080304,12.0133015208107
0.642253833357245,7.79576655930429
0.262218036921695,9.6105067522861
0.331253364449367,12.0972415278922
0.879439075477421,9.50335030810221
0.557652222923934,12.2811849856233
0.987794531974941,7.00457477511941
0.642241336405277,6.80826217636992
0.431434361729771,11.3050012101035
0.852759835543111,5.97918146110833
0.975458858534694,6.8534482278215
0.874010394560173,7.19214819554307
0.739255679072812,10.24361238744
0.965996878920123,7.16502999182905
0.0137161836028099,12.95264384303
0.844473186647519,8.26581915683015
0.541443836409599,11.1252611011702
0.228455077391118,13.4382996246116
0.320876422338188,14.1776513759784
0.718608040595427,8.36787410301888
0.401247434550896,9.33704647896551
0.577507527777925,8.66489750662783
0.222319518448785,10.3028808229255
0.988382998621091,4.47093719140025
0.0443318367470056,15.0910299383846
0.891485941363499,6.61763723692431
0.584786820691079,9.3039755424215
0.173954101512209,10.624788821535
0.477289482485503,11.5144515697826
0.459913298720494,8.49269782873774
0.352437291061506,12.3424616526016
0.413405570201576,9.77435326537198
0.24757795734331,10.1798961732801
0.695060533471406,6.69374966466647
0.150821131188422,12.1744448960956
0.582051119767129,10.9826231870625
0.514219096628949,9.5746774582077
0.691341675585136,6.02628943264733
0.576383254956454,11.3298938357603
0.708774328464642,8.9167060525906
0.848420628113672,8.60149035542536
0.499991563381627,10.6959718209053
0.723148558288813,6.66498798168429
0.41982808127068,11.7031051981511
0.731540355365723,7.98991751528122
0.18553099478595,10.9830385827822
0.290081042563543,13.6982902625395
0.647522239247337,10.6799755723721
0.123880396597087,12.3508286877215
0.572684834478423,11.2502911011643
0.449597440194339,8.07872461886046
0.637280912371352,6.67330146049488
0.623745662160218,11.8701215866072
0.700578975025564,11.19882090982
0.226946272421628,9.49605515123712
0.450941098155454,11.386253683876
0.0486888466402888,11.6063619715081
0.74256269261241,10.3296901003424
0.166207492118701,11.9913240904366
0.789775799494237,7.31309286798954
0.855065860087052,4.58262476437033
0.753762828884646,11.004037931626
0.990958461305127,7.39859424002638
0.94143064157106,4.20867921542558
0.391966464230791,10.8721737363195
0.26502054836601,14.978861079683
0.267568779410794,12.110107142987
0.0207030819728971,17.2502526727177
0.869258414255455,5.90927837921111
0.129358803620562,17.1607324812374
0.0975695692468435,13.4061540842876
0.1222972527612,15.0881908910786
0.540206531761214,8.77912849269938
0.414518560282886,8.20684280965391
0.179741960950196,15.429604355463
0.1147268388886,12.1934689575241
0.390101686120033,13.1839407595777
0.0424518408253789,14.225046061088
0.202395383035764,14.4801566192257
0.631830882746726,9.41582976993039
0.255769080482423,9.41661839397292
0.479135351721197,7.55273236476314
0.121909672627226,15.2538102975249
0.337992817629129,11.9154725058047
0.371191761689261,10.9988934449178
0.792099950369447,10.3469549535314
0.426359434844926,9.03240123934683
0.72697093966417,10.8540805718942
0.276106304256245,13.8410720891497
0.628119120607153,7.8907984078073
0.265243523754179,9.9485253798654
0.693946552928537,11.4110741928899
0.596725285518914,9.1890327339249
0.0702868080697954,15.135819739547
0.768389396835119,9.39812640831784
0.755379202542827,7.9431157571888
0.1094719262328,13.531759999691
0.831341931596398,7.09606438495244
0.728318228852004,10.8218490659063
0.545547394780442,10.3480179395922
0.688029999611899,6.89808722765131
0.192543791374192,12.5845442297405
0.916273277252913,8.31161876419568
0.981391211040318,6.79126740445552
0.604715631576255,8.93862190875803
0.651262701256201,9.14782070489744
0.398165693506598,11.6359797965866
0.106326796114445,14.5068348355553
0.909787061624229,8.03553526862777
0.591140557080507,7.795410492317
0.792903096880764,9.65715037131397
0.672930974513292,8.48574984861688
0.495451458264142,12.6029972204065
0.781442620791495,5.09948024451194
0.65630717203021,11.3103724898558
0.971485814312473,8.74246778132455
0.7291339635849,5.69615326854676
0.767322244355455,10.7362102010686
0.709173207636923,9.63296222088126
0.522618252551183,7.3494688379802
0.513237284030765,10.7672270733608
0.287574117304757,8.81520214354555
0.586472645169124,11.9273546923194
0.442371552577242,12.8330629357312
0.370814854977652,8.70937475377679
0.212839083513245,12.2297975228931
0.119858782505617,16.3205444947595
0.792585614137352,9.29987577277355
0.762229124782607,6.90114437739905
0.775517100701109,7.93723052286999
0.381916877115145,11.1688743144319
0.677443129941821,10.1798157307684
0.246483720373362,10.1669365109641
0.45553201646544,12.7982699070371
0.689501916989684,5.94689341729584
0.421882732072845,9.15985016011014
0.60496030561626,8.02287917837961
0.805017662234604,7.65490992462899
0.25968542532064,9.56310488684302
0.900632980745286,9.02904098457798
0.969597508665174,7.75787582223187
0.149637745227665,14.6089818770769
0.446757363388315,8.94258159896119
0.437292573740706,12.2898833908338
0.210852498421445,12.8953142771274
0.963527413085103,5.67347241026143
0.973351059481502,3.77447236566496
0.216021622298285,14.2152777329084
0.132977809291333,10.4334409707502
0.764160175109282,7.24954396313697
0.583001210587099,9.52006347027092
0.606756214983761,11.843343571156
0.864047337323427,6.50952439654823
0.860131522174925,5.61589093679412
0.987792897270992,6.21459826046069
0.738645032746717,7.71581522147669
0.571543087018654,9.64361949902485
0.274633815512061,14.1359055363951
0.769342799438164,7.82697891148593
0.594520144863054,6.85377782846027
0.435487508773804,12.4007422579424
0.115482989465818,11.733798155542
0.821502104168758,7.71170933127973
0.873538275714964,6.31588764220583
0.230347634060308,13.186599479333
0.154010070953518,10.4490281390457
0.00512885418720543,12.5259659615438
0.701162696583197,8.83196646941145
0.899578187381849,6.37439441188646
0.200614889618009,12.1476626635934
0.373519877903163,12.5932208063121
0.0831095860339701,15.2445190973249
0.711608802434057,9.46509350006317
0.820216541411355,8.14647413074349
0.908702125772834,5.26658770777977
0.677374732680619,11.4318343745322
0.632672076346353,9.35338432131253
0.0929977924097329,13.539372922578
0.727143361466005,6.57519892817795
0.648458779091015,8.37267386919815
0.90604345081374,8.41123182433434
0.409252860816196,9.87866659633917
0.705602722940966,5.34883790692819
0.100769838318229,17.0691664345033
0.326499155256897,10.552692642897
0.422591164475307,8.9639783907271
0.67968560080044,6.58280322757469
0.0645377528853714,18.0382270302666
0.965118112275377,6.01117798616756
0.834575098473579,5.00584444261863
0.657484692521393,11.4573343115994
0.929585127625614,6.64082097046758
0.64681574748829,6.98148379457709
0.905593480216339,5.07667905615299
0.249097064137459,14.4076672866012
0.76519714621827,7.70246204657712
0.160908838966861,15.4009040518609
0.262681245803833,13.4813639925703
0.265296598197892,13.1327766375421
0.412060895236209,11.9761737599998
0.973732308018953,6.6562152011335
0.493400088278577,12.8906923045282
0.0115374696906656,11.6401608998458
0.467273776419461,8.17293114048802
0.771877579623833,10.7116992145008
0.257525474065915,14.2469874808361
0.368576143635437,13.9656438573542
0.909459669142962,8.28340528366349
0.787369362311438,9.50721471399298
0.669363052584231,7.94816794310882
0.207779477350414,11.6872348846077
0.468989845830947,7.63048752600186
0.533950333716348,7.8592286900705
0.447566330432892,13.1190530393289
0.4309343167115,12.7351144636774
0.91916893934831,6.25143064503482
0.155731373466551,13.3517906114801
0.203407432185486,10.2843183692117
0.571108324686065,7.04242318883529
0.626611315645278,6.62797833601304
0.316009673057124,13.9374416797748
0.32116918079555,10.1815017277177
0.318562169093639,11.4582538915565
0.671882632188499,8.14099343612131
0.412031652405858,12.9430818928028
0.215625110082328,10.7916272337835
0.263863110216334,9.39584146682282
0.849607655080035,6.0042320592263
0.323302397504449,8.61461333831855
0.395420088199899,10.8972764882896
0.82868254231289,8.80266359450679
0.0945807595271617,12.9681603064642
0.237293218029663,9.32045131769628
0.530646514613181,9.89394519403241
0.462860655738041,10.6080255399022
0.472757262876257,9.30934225468276
0.00520389061421156,16.341833699669
0.64906442631036,8.64605771555932
0.924629718530923,7.26486990871235
0.0476558343507349,15.6619055079125
0.769664163701236,9.98437593258548
0.958645024104044,2.25446588459693
0.79269222356379,5.79750378382241
0.546116415644065,9.00034293333736
0.169745448976755,13.5373632308968
0.17249590693973,11.965625064742
0.169086277484894,10.6813007153418
0.551650810753927,9.97647627933823
0.334034669445828,10.7155351983772
0.0511470511555672,16.3942235654115
0.0303545875940472,14.1046994523719
0.470711301779374,7.88986061559776
0.692746604559943,9.4153499707005
0.80469194217585,9.79324109268892
0.0538245339412242,11.128510484472
0.685129210352898,8.01397609307207
0.437968991696835,10.823713161354
0.530437493696809,10.5566499546697
0.951657832134515,6.81493526634888
0.669722059043124,10.8952494643345
0.841685142600909,9.63701220964903
0.753283482044935,10.0857799815743
0.291007661726326,13.1947190621105
0.230932025006041,15.3344250422112
0.17483177781105,9.83595106802159
0.0557541940361261,13.7020388551284
0.884652227163315,4.77950901068667
0.755443330155686,7.07704322611852
0.654704192420468,6.2645848761086
0.677248967811465,9.55512796477494
0.344428356271237,13.7323121016152
0.577749617397785,7.73423742805111
0.636376403737813,8.03502622607869
0.453023533569649,12.3545918709433
0.287045271834359,13.6819121825922
0.626466469839215,7.11956358040293
0.142527155345306,15.6719229425053
0.433638575486839,13.4252602991294
0.353125624358654,12.8053161321495
0.14573285356164,13.0344970233718
0.467653871513903,10.4406978601241
0.968509334605187,7.93344492151227
0.0093791070394218,11.3723629759033
0.795878253877163,9.11375580292277
0.907500240020454,7.38549590114411
0.132199674611911,13.7676937290113
0.601408085785806,10.7919157410617
0.215299718780443,13.2000117685449
0.111078492831439,11.5645979152568
0.259899796918035,13.0128676571869
0.295947951264679,10.4654298738857
0.293421964626759,10.8738492952591
0.118074346566573,10.680086903198
0.697961519937962,8.45832017906715
0.224973391043022,13.3069887074895
0.540469449711964,10.3675828931596
0.0366650533396751,11.6553761456019
0.232609284110367,9.30711199338635
0.949696808354929,2.17212275213357
0.753389540826902,7.58241391986693
0.269101524958387,11.3936189126794
0.310999037697911,11.8134759549752
0.239087133668363,12.1331968823057
0.653400060487911,11.1067849045545
0.472088321112096,8.56739689914751
0.791720805456862,5.72811796814591
0.991915093269199,4.42954635067571
0.220633206190541,13.0892903338014
0.0831750622019172,11.3342891201423
0.898333035409451,5.88189161967724
0.831898572621867,9.1118623319267
0.616733875591308,11.1267159127313
0.550535014132038,8.98851198379786
0.0531644388101995,14.4912954341369
0.457351409597322,8.4454001591482
0.877620074199513,7.6637294214262
0.989196519600227,8.25661731592676
0.671041050227359,10.4870637302273
0.310302066151053,12.5334818378048
0.916930232197046,4.2238848003895
0.395014754729345,8.24616961264091
0.959086348768324,7.59759841358868
0.269167439080775,9.06835901792983
0.8843783068005,8.65255164674683
0.811007308773696,6.0954860528498
0.36096354899928,11.3590910037556
0.348834950244054,13.2192196654343
0.246065023820847,9.44297324136575
0.457100064959377,10.5002702055181
0.651415314292535,8.57419682314854
0.780755575513467,10.6094730462234
0.24943317216821,11.2798947649099
0.503482128493488,11.2731381430027
0.000608205096796155,14.0452499253357
0.334926218027249,13.3859025594657
0.855531047796831,6.51499947823325
0.618513765046373,9.83010052895953
0.229009756818414,13.5723141642001
0.0421271359082311,15.5105629095843
0.862197883194312,9.55176049065959
0.98574201692827,7.13917540661284
0.236747431568801,13.765195283078
0.197058927034959,13.9884948218043
0.195816696621478,11.9304929658145
0.684287750627846,9.67251183800715
0.0358700517099351,14.999383350773
0.673397291218862,9.21021305083348
0.230071221012622,13.4107444866799
0.634728064993396,9.13610800370759
0.284588150447235,12.1573247939572
0.466039211954921,13.153983719445
0.437530214432627,8.09567573898116
0.325065448647365,14.1309970430707
0.0331003495957702,11.0069032975029
0.121357871685177,14.5496220978526
0.132603613659739,13.2188670192478
0.139936379157007,12.4751737534539
0.0175430371891707,16.7500471781641
0.465299979085103,9.52952036713906
0.662023406242952,7.28777941705037
0.389759386423975,8.46799070079983
0.966398866614327,6.17187825681884
0.316871600691229,12.3898974682087
0.758358040126041,5.62864930802913
0.735869206255302,6.8651842637325
0.538948385044932,8.48787673739873
0.426836614031345,12.4754528991792
0.600976580753922,8.06790175440657
0.17202037689276,12.237097989311
0.215632571605965,11.085501250993
0.158213102491572,12.3082852925548
0.804415569873527,7.79015770694696
0.542565734358504,11.90703682309
0.122664934722707,11.8367597428987
0.847559849033132,6.24582249207199
0.907649230444804,5.25673209568373
0.187938513001427,13.2979584347878
0.897888775914907,9.33662471392009
0.0783271992113441,10.6464183300963
0.170973652275279,13.4503389252402
0.837458135560155,6.50493915586625
0.948893717722967,5.75225088665008
0.88152201846242,9.38810837490529
0.342987625626847,12.9258951764036
0.451775249792263,8.15359269668144
0.602280837483704,10.5461791887764
0.245374832767993,9.38276105482645
0.597739611519501,6.9348354744646
0.250047322129831,14.5037633020412
0.137188313761726,11.6405863359589
0.597013170365244,11.3979907495485
0.488311683759093,9.06044385835519
0.665294658159837,10.4359546411983
0.48730958183296,12.7769784411199
0.920866062864661,5.58418960036223
0.690164561616257,7.40468969489984
0.684543803334236,6.95605048524156
0.405640806769952,8.97678758795383
0.311500943033025,13.6168829677677
0.174327698070556,11.1971718821085
0.826492412714288,10.2269894118191
0.0787722538225353,13.6189018903432
0.60265047266148,9.09114932379054
0.412343925097957,11.8743881761396
0.543511216994375,11.2973052502945
0.577934253495187,7.45456157870074
0.972719245124608,8.06602405427538
0.678256225306541,7.90827126149329
0.561539720743895,7.40577398612751
0.110352851450443,13.0258076227245
0.768721928121522,5.3895654278703
0.0617169947363436,17.2509003892668
0.303943522041664,11.8270154874679
0.520160237094387,12.3833061711446
0.379331406205893,10.7209404103782
0.268712590215728,12.7506959957517
0.684998421929777,6.7959341112324
0.799102708697319,4.90699581699558
0.599267542827874,6.93221448375534
0.769997622352093,8.41896941226217
0.912672626087442,5.33938353484284
0.0602931352332234,11.3542703396216
0.89733483386226,6.51684886591324
0.210106424987316,14.0931629655378
0.394990827422589,8.06613985687533
0.61106000165455,10.6373296094605
0.675353976897895,5.61319218742938
0.090296097798273,11.614506488685
0.669052750105038,8.3003388709937
0.504732896806672,11.6079326534162
0.76343605434522,5.69908646064671
0.53140864870511,6.87240538351692
0.731986430240795,10.1323388299973
0.463752869749442,11.6688774784873
0.773379865568131,7.70848822978065
0.309391658753157,10.5309624706426
0.994183865375817,5.14709586511896
0.635833252454177,8.43096961222804
0.442952347919345,10.5014598552284
0.348241470055655,10.0048637197314
0.425464184489101,7.81681180990191
0.473453652579337,9.52013932503139
0.809681545710191,4.72407656406936
0.268014377215877,11.8158063335604
0.845342596061528,9.63515421105638
0.547072486020625,8.95356560097037
0.435582894831896,8.57753013926154
0.407271022675559,9.60896996739407
0.784024690045044,10.2437734496424
0.355431106407195,10.1117789532023
0.0596688953228295,15.4549536810661
0.185896022478119,11.8756934964454
0.716044161701575,5.6771469078531
0.58207733486779,12.2537683145152
0.347594885155559,9.64955036956202
0.793232286116108,5.45549723881779
0.358154035871848,11.4994991534809
0.041243871441111,15.7543620500381
0.284389425534755,10.2349617328398
0.69878489850089,6.37680358975961
0.0949764982797205,12.9415725388813
0.363736390601844,13.3354317345446
0.561254207277671,7.11108264741247
0.0238903719000518,11.259210015709
0.248826763825491,10.301580899696
0.790514486143366,9.47182275468468
0.333699154900387,10.9783658561848
0.345414945622906,8.84877657213439
0.495080531109124,12.3399671781269
0.525198351126164,11.2609008362983
0.451499422080815,11.2072822661454
0.487715068971738,10.9044169713802
0.751247530570254,7.99938124255894
0.572735115187243,8.96317734132987
0.876785431290045,8.79040061685897
0.897609052946791,8.00033940899641
0.57073200494051,10.8031064337981
0.67167306644842,7.31493843292264
0.98442357359454,3.93522828401777
0.75403004209511,7.25464177941549
0.751365412492305,7.12860699661618
0.245441442355514,13.1441986203731
0.404296869412065,10.1853377055814
0.151821250095963,10.6109691835828
0.728210625238717,10.2266802978205
0.798740280559286,9.29317643836776
0.474627257324755,7.95647761333059
0.836927748518065,9.28158272252932
0.26694646384567,11.278488406371
0.806670679477975,5.13596813599054
0.223213520366699,11.6380750582902
0.235966749256477,11.023955331727
0.669953387230635,9.56790285602472
0.876331978710368,8.27622292940129
0.295130203012377,13.5474244693522
0.785816845949739,6.83677214477804
0.274304806254804,9.26063291585803
0.424631107365713,13.3100533633309
0.528351671528071,12.3249778251039
0.631063624052331,8.48967998086099
0.323204031679779,9.60982631989254
0.990020835772157,2.00487525885477
0.776412078877911,5.29128663342379
0.34340740647167,11.0371929313334
0.503774196840823,10.9009235889032
0.803148894337937,5.1155021449621
0.596461429493502,6.93079654707041
0.0873851422220469,15.4838574334293
0.2968926706817,11.1061560381343
0.14404202112928,11.9099432108302
0.949272165074944,3.30984034851108
0.903353823814541,9.37943568012749
0.712063791463152,7.39194545095001
0.750393137102947,10.6445144474107
0.306254377355799,11.0103652100659
0.58510779752396,7.81047418097205
0.914229005109519,9.22328830136581
0.314612239366397,11.4200416596469
0.534282874548808,7.75083428923897
0.433172620134428,10.437592263923
0.498505163239315,9.70848933874358
0.398439092794433,11.9007560282082
0.896081875544041,9.14589496015047
0.165381057187915,12.594107752549
0.219953307649121,12.0224732087952
Rho_s: -0.800259411564853
Rho_p: -0.79264856716849
IC Time: 0
