Rho:-0.8
N:1000
0.973287776112556,8.72753599570345
0.308803719235584,14.288707265142
0.787639885209501,9.04604009714539
0.0322639006190002,10.8296473041066
0.0999870167579502,10.9331562759005
0.0987542059738189,15.4158876969313
0.887286687269807,4.79372195550406
0.991500339703634,0.851110574630205
0.490544599946588,8.91748895756288
0.365534880431369,12.9953219235419
0.484650580212474,12.766908503647
0.212766871321946,10.382932970827
0.00283698667772114,14.1150494201152
0.359952715225518,11.4050978690262
0.890809181611985,4.55862701954672
0.0346728065051138,14.7336925983339
0.746393541805446,6.15977213875569
0.28434483660385,10.7544893540298
0.539171701529995,12.4879543471947
0.692419817438349,7.09807962384191
0.90619830111973,3.30634128421903
0.311842881143093,12.3168722575873
0.117354511283338,11.9616631824307
0.764205334940925,4.99845242347226
0.390013416763395,8.90524529960581
0.881649139570072,6.34626280391593
0.296476884046569,9.2042869845901
0.0811977130360901,13.7570043020742
0.693387676496059,7.71631256824609
0.332396103069186,12.8775395796728
0.735485424520448,7.65037506163198
0.85366709693335,5.49035501706172
0.986804243642837,8.2851884407285
0.516723943641409,12.3204018055664
0.583292988827452,10.0513270005566
0.817130834795535,7.25927750451699
0.936127696884796,5.91951384263153
0.421079086605459,10.5989532069262
0.978508044732735,4.1426994017018
0.0674686224665493,12.0222904731076
0.790131741436198,10.7073576868198
0.174236853606999,11.852310194294
0.229901741491631,13.5758418837388
0.818638181779534,7.78782392713931
0.173938899533823,10.2509422636344
0.555116534931585,8.04066667161637
0.136604262981564,10.1707240710739
0.750528056640178,9.86833858078455
0.562543384730816,10.0801974090266
0.211900874041021,15.2686406453202
0.149978906614706,11.569744213614
0.932444278383628,6.58085385582391
0.834728512912989,7.44987091108599
0.617121842922643,8.40778975931825
0.311072524171323,8.71248332701037
0.852666204096749,6.90255391916308
0.178019349230453,13.4231777305092
0.548323872499168,7.34688538417369
0.875377308577299,7.68666535368259
0.418234833749011,8.55154691262822
0.670772957848385,7.29029657446464
0.38926200917922,13.4846821188721
0.826328739058226,6.94536517639279
0.373835055157542,12.8520758172161
0.188340765656903,10.6059656962441
0.816307024564594,10.0191234292913
0.277974830707535,9.43449203839966
0.51030355785042,11.4160649586801
0.949816780630499,2.79471826959066
0.864984711632133,9.55287089669731
0.282854276942089,12.9624716687799
0.261368342675269,11.2828254292709
0.595800696173683,8.89535909715037
0.226605937816203,10.7815504660518
0.734363141236827,9.95139470540092
0.723529484355822,6.58367350468288
0.0988501894753426,13.6087880195097
0.627183880889788,8.18979888129173
0.08153240615502,14.9765399329953
0.733337970450521,8.49831494007054
0.693427917780355,8.41125056507565
0.174716268666089,13.7556200551732
0.57484337175265,7.0931786919152
0.225445673568174,11.5498255049731
0.868661039043218,5.89301482046716
0.0496361895930022,16.0095418950668
0.929185778601095,5.64985947272012
0.792765180813149,4.07063830544442
0.37324146926403,10.2136882679897
0.499890328152105,12.8754642436474
0.25459280773066,10.064242819854
0.295584578765556,11.1738936047437
0.860346753383055,7.49803566102037
0.906676256097853,8.8898774386044
0.473698154091835,10.519580056998
0.844861166086048,5.07583270955928
0.0654698985163122,11.2944048433052
0.716289814794436,10.1886500978275
0.318157259607688,8.92157501764826
0.131110768765211,14.7557899432129
0.264950832119212,13.3124336908222
0.802055104402825,6.11886958376882
0.790190808707848,7.38465419031408
0.411587573122233,12.8465548874415
0.6348931430839,6.78359004574929
0.965955935651436,8.29343878677849
0.130182534689084,12.0231374610955
0.783583966316655,5.71408949286971
0.992437469307333,5.63762294102504
0.163481519091874,15.5467425784785
0.58740889467299,6.84185486940867
0.677998786792159,5.72055924647602
0.315257800975814,9.45871718055733
0.564565598731861,7.65290549568008
0.510326843010262,7.78332835817125
0.425004666903988,11.4038048461345
0.0247030316386372,13.513355281533
0.502617880934849,9.91683632038758
0.812439943896607,8.09720751026781
0.306754735298455,13.9230306125463
0.899241272592917,8.93281008566858
0.865796013036743,8.96225965067683
0.0525872886646539,15.7164286411034
0.0574049891438335,12.5042615765875
0.25547140231356,13.4311251971962
0.0502742696553469,13.5176643718067
0.393370951758698,10.2379757554218
0.620382060995325,9.15127508714822
0.476026543416083,8.95394290961396
0.264009419130161,11.9716819701566
0.11509930412285,10.767764786917
0.461932630976662,11.761449727174
0.438032459933311,12.8687652770334
0.615053928922862,9.04934396906227
0.327710238052532,13.4350133306675
0.102067990927026,12.0704625934392
0.512208056636155,12.1318174410485
0.275103932945058,11.6099076900472
0.315394950564951,11.9967960303682
0.398030158597976,11.8383832863176
0.673879420384765,7.62127325963201
0.57837800658308,7.43238832806988
0.585128072882071,7.24596384005461
0.890317221637815,3.32138091338323
0.1381819259841,14.1764212068303
0.918889311840758,6.87897332162745
0.900709702633321,6.96078979769347
0.965338209178299,6.78499958929089
0.976403147447854,8.94542926902856
0.0929772753734142,12.10649474342
0.0289500569924712,17.5118229480785
0.191872703377157,13.1254004619692
0.755235695978627,9.35636738557047
0.123906708089635,11.4373667254604
0.907114597735927,3.81647468959982
0.644666756968945,7.60443258024821
0.907382420729846,3.71298093114179
0.633609810378402,10.4810912139162
0.0895604128018022,16.6766986472965
0.842416464816779,9.24867702470343
0.491683713160455,8.70581953197232
0.928744398057461,5.99579740410583
0.701299231033772,9.71479210507594
0.115762417204678,10.9088653316225
0.628431437537074,6.0996085071501
0.0932143325917423,13.4183627801346
0.274317806819454,9.89171317978016
0.978222866309807,8.26409092558328
0.769679482094944,8.4490393616648
0.0954024211969227,15.7276088073787
0.776160096516833,10.2902584836002
0.615561004029587,10.3541865452251
0.805861003464088,9.63131165242374
0.763150403043255,6.33438860017716
0.167892802041024,11.9345854200603
0.139516869327053,14.8338667652969
0.215323768556118,9.77414187624717
0.613678900292143,10.99335908104
0.248033427866176,11.2530872911405
0.384845468215644,8.65294397623195
0.600278000347316,8.13619930833705
0.416471411241218,8.68364377212904
0.858952364418656,5.939380290208
0.667569989105687,10.5275379747896
0.992720403010026,7.5087521335325
0.13112237630412,12.8013830854278
0.916032885434106,6.58142715921642
0.105047073448077,10.4889358545844
0.910115621518344,5.78173504180434
0.881374533288181,7.122412617811
0.553826584480703,8.05881707653732
0.514930455479771,9.80236948294048
0.660972253419459,5.94741792787992
0.697688936721534,9.82822492323369
0.253304024226964,10.2601192371404
0.185755885438994,15.129070303442
0.530094485264271,11.5530236368791
0.293169892393053,9.25702593136479
0.42128125904128,13.1596514164493
0.0177325061522424,14.8610107764313
0.795057556126267,7.41081810060289
0.282925257692114,10.1584749591641
0.153716958826408,11.9169341718442
0.269518370740116,12.2633124562764
0.621291856979951,8.58285711453502
0.0315170423127711,15.8929700286627
0.360496337758377,12.5431058147596
0.271639668848366,15.0000140145114
0.651097215246409,7.24767476637214
0.987418352160603,1.09014370361889
0.63432391686365,10.075708799539
0.38006463367492,9.0635487762829
0.638727137353271,5.91625764405963
0.137590682832524,13.6537897662117
0.0580994437914342,13.3347601886038
0.53588231606409,11.4190408948576
0.0867096281144768,12.0226113424735
0.0916486424393952,14.6016822417314
0.630483230575919,8.78207907403867
0.638425203971565,9.97887891931429
0.0930482370313257,11.8619803588003
0.305193785578012,11.9635852353176
0.582037378335372,6.48087295336043
0.764331893529743,6.82622266110389
0.216746496967971,13.6244555979913
0.358183894772083,11.8480182295428
0.305322899715975,10.6202274935287
0.325042104581371,12.3507638435877
0.188552973791957,10.4037853735278
0.332015406806022,12.0260208336148
0.984252444235608,5.54855475657051
0.579357301816344,10.461207507864
0.000790268182754517,14.089500481096
0.782987350830808,7.9921893866146
0.811023841612041,7.85194647123775
0.997036413056776,5.71990090219996
0.194149085553363,13.6602722155191
0.88509675511159,9.77453223185092
0.37075975141488,10.6453147990703
0.881446159211919,5.95023858281426
0.282923037884757,14.8243733290392
0.0988826351240277,12.9350526520796
0.197874674107879,12.2352892862861
0.901821768842638,6.61607751094972
0.957175926771015,7.70642074946783
0.40143855358474,11.9741281899601
0.312047704588622,12.255881493834
0.34907474508509,13.5472879164132
0.25427509448491,9.75056856432588
0.222893759375438,10.7854324509914
0.161772775696591,10.1471602077105
0.21995018934831,10.4314643916531
0.0967591388616711,15.1326166402015
0.566587255336344,12.2227464485801
0.102453605970368,12.5727610497132
0.525685413274914,8.29605956747912
0.532667321385816,10.3663855731356
0.444208168424666,10.5433790796978
0.033709431765601,16.6155344607051
0.112578205065802,16.5041119675533
0.379180951043963,9.35928847906351
0.790273800725117,6.94477165528446
0.0071473743300885,11.5131444206938
0.0782063445076346,11.8264210894912
0.973889510845765,5.86051185114064
0.0831423327326775,13.9016705991957
0.594026155071333,10.5854351552309
0.203652597032487,10.5882534011329
0.156787110259756,13.5481929922542
0.197338493540883,11.6607219530187
0.820916991680861,6.03878226772477
0.415708991698921,10.5388074431648
0.41648630448617,8.90218533192012
0.865528793539852,7.6418496805366
0.160616788547486,10.4545880257324
0.172902655554935,14.3398500889286
0.648877348517999,8.45796230112477
0.739660355029628,9.17040481034738
0.435178722022101,8.62376724612874
0.692756538977847,7.94418340338966
0.84082406014204,9.00586337616534
0.544094576733187,10.4553482618587
0.384589500259608,8.68343383236859
0.432971160626039,10.808508946557
0.224719073623419,12.167802512528
0.677582257892936,10.1885654044692
0.157804532442242,10.0991448234086
0.310627090977505,8.82101004651973
0.470260677160695,9.28966212758013
0.208046598359942,13.9610740892916
0.963133901823312,5.50953210229781
0.342622990487143,9.158953210569
0.318941507022828,10.0075912097522
0.983220164431259,4.09941553110249
0.204416973283514,13.7994473826143
0.935644346522167,5.38328559936929
0.591510015772656,11.9800497254569
0.921056801918894,7.34094673668282
0.263860552338883,13.6174256009607
0.026604809332639,11.0090037551944
0.921750579029322,6.59831848702942
0.936072832671925,5.04314271383221
0.369690170278773,9.21767910238963
0.123343798331916,11.2390208974981
0.359472638228908,12.5783233285219
0.691918574972078,11.4647582960717
0.0172214747872204,13.6122912013863
0.999565675854683,8.2566245575465
0.00411469396203756,18.6561868072901
0.869791413890198,5.40926699867684
0.256593388970941,12.7987074142662
0.721104610478505,6.82279592087431
0.757546168752015,5.89254156409325
0.196184126893058,9.8849411613963
0.649756472324952,7.78222371414578
0.910108933458105,9.44439130514658
0.316002239705995,13.9861004259932
0.0131816219072789,13.7324280573574
0.848592484835535,7.25978234913602
0.412691224133596,9.76238017554003
0.890993202803656,10.1613331686366
0.718567081261426,5.09537884743912
0.363221898442134,8.79319931862071
0.701702588004991,7.224577870514
0.497799832606688,9.91070999378313
0.0667588470969349,14.2042561385311
0.968037852318957,9.00563538353785
0.580246041063219,10.2164703500713
0.634539685444906,11.3872466910195
0.216815439984202,10.4273688338223
0.0613141674548388,11.9394698165872
0.735513114836067,9.66298979142958
0.0906944428570569,12.4104873389713
0.917928605573252,7.95668068982655
0.885862207505852,4.36184723096301
0.330063020111993,8.78966221672834
0.13980768318288,14.4964208329535
0.272699013119563,13.1571456963049
0.934080185601488,3.00915891638611
0.463042966090143,10.2078851206
0.499367426382378,12.6195002528184
0.548190514324233,7.8993152676336
0.66320941480808,8.09707770214096
0.713336708955467,6.71334873055454
0.693830135511234,9.65499275671256
0.630449852440506,9.10095147397219
0.0788194858469069,14.3557356644116
0.755159040447325,7.68856454867315
0.242395092500374,9.36753539383057
0.152408085530624,16.0471911732373
0.385208903579041,8.66020051662359
0.999060328351334,6.52524271398077
0.714972188696265,7.74358261429291
0.79534892202355,9.17560783793633
0.395291345892474,11.7009149542772
0.303383032558486,12.0865419945662
0.769278284627944,5.74620616771254
0.894223175244406,8.37540443167584
0.778479126514867,8.78867472116047
0.205405193148181,14.0013150203914
0.294062882661819,10.6671508629674
0.885182537371293,9.36842100957748
0.924309608060867,8.42674920772091
0.319757235702127,9.70688735432018
0.606483488809317,11.2089115727875
0.667898849584162,7.52668708491207
0.0190574899315834,14.8001792914298
0.524715749546885,11.010292832087
0.92366865859367,6.14066992941323
0.96128860488534,7.19712395393769
0.94271905021742,7.19181654475384
0.97963213105686,7.00150628827586
0.733232216909528,9.05535200600223
0.378657494205981,8.10901892873208
0.455241077346727,11.9006092592918
0.518026934238151,11.8597542775407
0.729767045704648,9.36770057375157
0.971265275496989,6.32366418343028
0.729136765468866,6.60307910687993
0.397193376906216,10.8711514301195
0.0173155188094825,14.7157638440109
0.843688919441774,4.28770444110692
0.287283003795892,13.4926950798534
0.595758532406762,9.0732746765507
0.143096840241924,13.6802402645644
0.973026546649635,1.27423936645285
0.983651214744896,8.760181524523
0.342451961012557,12.5839192632966
0.911206386284903,7.86200279037222
0.927942703012377,1.7012114339458
0.0792720846366137,13.6668453006209
0.481003750581294,8.83259343285179
0.333840464474633,13.2046745921319
0.939327033469453,4.24490953944869
0.226371235214174,10.4033682434519
0.0322812355589122,11.9177957565482
0.784523896407336,8.3287700236149
0.758012160891667,6.7021147289701
0.500004909932613,11.1524845412467
0.114306527422741,16.7733337728466
0.582172928843647,9.40057719717232
0.932488768128678,5.27394950231787
0.0438961423933506,11.9460387574988
0.79629173502326,5.22609202300211
0.10238279774785,15.1694989647255
0.115381596842781,12.3004412623845
0.186883345246315,14.4116203368008
0.227541471831501,12.7393850839307
0.993267531739548,8.72862809630285
0.199992968467996,12.2748575793875
0.770912747597322,6.74597009123829
0.745409079128876,7.39242231189939
0.218363270396367,10.4585857865187
0.0177602276671678,12.5165073475335
0.920587302884087,9.61389060642077
0.384305057115853,8.36794318640238
0.21812615217641,14.3717824658652
0.615532854106277,11.0883235652966
0.811029918724671,8.0966076527761
0.575838374206796,12.3003153595535
0.702765858732164,9.83296576179609
0.777181015349925,7.53272351573609
0.677634752821177,9.8803209681612
0.944010057486594,8.10899542495815
0.685467732371762,7.94020917216148
0.0850832886062562,11.4298021819231
0.503318428993225,8.99285200029643
0.564667069585994,10.8788736553691
0.828274899860844,6.15767149901193
0.892547043971717,5.49268057223637
0.768953702179715,6.28951676767182
0.444992067757994,10.6677434670053
0.682054539211094,7.83780072593283
0.980648701777682,5.89032427331552
0.404906521784142,8.65084625389966
0.906610788311809,6.50308650561354
0.100520914187655,13.7718399270275
0.277001979062334,13.1194759531145
0.296994018601254,9.99996381909239
0.024977651424706,17.4211265617839
0.172546601621434,14.9253962124385
0.495824842713773,9.14492718307827
0.665982691571116,5.85856764117437
0.216417434625328,12.9858468387558
0.63192293047905,10.8374938117815
0.594576963456348,7.56625830986954
0.331047431332991,12.4864086167655
0.602051350520924,9.73018492420469
0.575649189995602,11.704204605891
0.0419379738159478,13.2923166873815
0.311328577576205,14.0321686318258
0.818578182253987,10.3078044628368
0.122297617141157,11.0126629051058
0.696529219159856,7.54562043142312
0.730510450201109,6.68766223115559
0.0687303156591952,13.8948414708943
0.130355704342946,11.9570967050316
0.334187433356419,13.5981134347421
0.403639927273616,12.453166206159
0.374808387132362,12.6817374270889
0.349114048294723,10.8211473495734
0.45139493374154,12.5211115330477
0.376884149154648,13.5956363069668
0.0602950530592352,17.1741399111908
0.477201563538983,12.6347266031776
0.395350179867819,8.43731500097315
0.997133262222633,8.8006836577798
0.539451723452657,11.4830886533259
0.56906754989177,9.31766874374206
0.145948075689375,13.210728302009
0.830856431741267,9.88044434322635
0.914667473873124,8.19737095014776
0.548509444575757,11.75867006272
0.438290487509221,10.080145588215
0.934873870341107,5.96484010395833
0.514436977915466,11.2611395131075
0.842011503642425,5.86560902039998
0.173670253017917,15.2182061701733
0.727670187363401,7.42251917500694
0.896008382551372,9.90488508405727
0.185476321028545,11.4145468329859
0.546764926752076,12.4033300540141
0.863294254522771,6.72101314734782
0.351656985701993,8.6247623065002
0.222467596875504,14.4959155851208
0.761020585428923,6.59336759264672
0.114396364195272,12.7150492183776
0.161220460897312,15.6333046689637
0.260601297486573,10.5716122581531
0.819613319123164,9.68010729150187
0.552718488732353,8.83189789439208
0.493964264867827,11.4870250113563
0.526457927888259,9.3740262577685
0.62835018383339,6.55812992704459
0.121667956002057,13.6870780312688
0.594108293997124,7.83938559421545
0.383702270220965,9.95659063207447
0.458403042750433,12.5664771390965
0.0880834006238729,13.1806143037147
0.823725051712245,4.84488954209541
0.520314893918112,9.25611608636217
0.696783650433645,9.48553965527412
0.417832626728341,8.48211750725634
0.262933508725837,12.0291147414732
0.491464121965691,12.0230022500367
0.0783093676436692,17.1391559869563
0.880795319564641,6.52746395724067
0.00712172035127878,14.487681691093
0.308941861614585,12.2839462483907
0.585949723608792,11.7501442043393
0.483519515022635,12.3755880394693
0.112615429330617,14.1635773905181
0.265388250583783,13.3512885866456
0.266001518350095,9.35529530686968
0.114095036871731,14.7385108033997
0.0898577237967402,13.0741120120382
0.139957298059016,11.6557136237445
0.318409720435739,13.2390093290182
0.434833190171048,7.92698306042637
0.160094694467261,11.6567349850743
0.715746640227735,5.70938879501464
0.292906413087621,8.95776450329482
0.0707845583092421,15.9328607662534
0.972706865519285,1.46406751376122
0.888689760351554,7.75999521360851
0.636632380541414,10.9364626350797
0.751948934746906,8.38371778297054
0.891783987637609,9.27457981693693
0.352764410432428,8.27635434981007
0.40913769742474,10.1150581229423
0.276981693692505,9.06487238421097
0.251100882189348,10.6609214176112
0.102596034761518,13.8548707433487
0.139172719558701,15.890697703421
0.25959451473318,12.8012223980579
0.78214176162146,10.1769876483132
0.0223604592029005,11.9478919095048
0.990569621091709,6.73921804683407
0.284699350595474,12.2166979250008
0.882274577161297,9.37956073966758
0.481873492244631,8.77247740253616
0.62786889122799,9.44078851338154
0.829500180669129,9.80496150464537
0.282057039206848,9.78307031086575
0.380682470742613,11.881345868592
0.130188761511818,12.8448422782638
0.206435817293823,11.4922688634662
0.068051558220759,10.6388053313858
0.214335025520995,14.0940255209732
0.992080073105171,7.87764043089314
0.500051689567044,12.942014286725
0.349745678482577,12.7365892536273
0.0396400212775916,13.8210101847291
0.169903200818226,13.202317556421
0.0920847661327571,11.0439326211499
0.468229286605492,12.5716162388257
0.281859747134149,11.2472337908097
0.908083257963881,7.28673889000802
0.046899652807042,11.4780860345661
0.648177099181339,11.4677694494234
0.506049390882254,8.62201496931175
0.495450545102358,7.96522831629511
0.973006709013134,8.90532839051776
0.0413287160918117,13.0906161824276
0.888606312917545,9.68144900990065
0.910549320746213,2.838454698837
0.528562055202201,10.4979653424618
0.36824191105552,12.5013915105328
0.827517125289887,10.4684417987715
0.433772826800123,11.0726929427835
0.783781396923587,6.43053488812877
0.36673169140704,8.08506018647192
0.201408783439547,9.5263233943983
0.785689449636266,4.70625015349463
0.502918637124822,11.6402746695112
0.617670682258904,10.5448153360532
0.863587512867525,7.84956424692741
0.285456121433526,12.7445980067125
0.131435261806473,11.6902107135808
0.976326334290206,1.49271620683703
0.495217095362023,7.35047026157663
0.84156182454899,9.24105733799406
0.482312445063144,10.1694283956094
0.642533533507958,6.83309659467645
0.670195506885648,11.475700308365
0.147846654057503,14.4747914592957
0.382845618063584,12.3211849778452
0.289020890370011,11.8468011303173
0.52040345990099,10.9267908769836
0.327086932491511,12.8979927552481
0.921130697475746,2.78602299252326
0.29482761817053,14.3247367146299
0.192500983132049,15.0689033588367
0.189655670430511,13.0657320767787
0.292705506552011,11.2210383881625
0.374179555103183,13.3968596288087
0.786360166501254,7.91641124241
0.851794969523326,6.64869923821514
0.898559224093333,8.82304594789785
0.893444658489898,9.9224165147252
0.530343478312716,9.92201898070624
0.911186242941767,6.07562497879433
0.108276023995131,11.6993618689254
0.287641511997208,13.015271108672
0.272480762330815,10.2119958152362
0.209617079468444,12.7359185923565
0.590855842689052,10.7441897608496
0.308636765228584,12.7962956596175
0.988161692628637,7.94946855651609
0.954038529656827,4.18825003116452
0.0498993096407503,16.1999135999884
0.407691824249923,12.9862777397703
0.103835176676512,10.3518608417797
0.0187849421054125,13.8230635383582
0.59182260883972,8.56695396366347
0.622510605026037,11.0496483298119
0.896032103570178,5.83970009976106
0.449580655433238,13.0786293381376
0.731283837929368,10.6813560385002
0.449370920658112,7.79230369453414
0.36952281370759,10.3723145392242
0.697461663512513,8.88281961720426
0.981873544398695,2.34108949376938
0.994380475021899,0.289811075849981
0.362175395479426,11.0184865609575
0.220276024891064,15.0289411761564
0.641127579612657,7.34835856055259
0.360606876434758,12.585232289691
0.959371077362448,6.48960872405153
0.677954117767513,9.27268496841665
0.800863197539002,7.79785827398311
0.703465325757861,5.1173771075674
0.389777736971155,10.1911512355875
0.118584580020979,12.8732922345803
0.60942210862413,10.7346443487116
0.804137038532645,5.05683850375672
0.625106872990727,11.4378958011961
0.110470484476537,13.3559972348333
0.142101275967434,16.2901434309157
0.845132131827995,3.93093486882143
0.46642604842782,13.1815869235006
0.738741451408714,10.81719582497
0.580659482395276,8.93148540218649
0.30706507852301,13.7044671483913
0.400128026260063,11.9930606406765
0.818111964035779,4.00622166477981
0.744277726858854,10.044138010981
0.270571674918756,12.709350343905
0.154520566109568,10.3446434641036
0.0417745290324092,16.3715759063182
0.0877044971566647,16.3511063127145
0.528836765093729,10.9594345017376
0.909865886205807,6.49946072715785
0.037814914714545,17.6985185755275
0.407323519699275,10.4391166508973
0.798684275476262,9.73636633523683
0.977551121497527,3.51594813068181
0.994309104513377,7.15800743301978
0.672246431931853,8.45472145271382
0.0238279104232788,15.0926346008325
0.048097423510626,13.8034251996331
0.293749879579991,11.337462281301
0.705045174341649,6.02278721387661
0.326331609860063,12.3022612253452
0.540417945943773,12.2963891064096
0.405104528181255,8.13171120761956
0.702626357786357,6.47072440114602
0.732040564995259,10.6003185815487
0.522752847755328,12.5433792519259
0.0123391111847013,15.4687043973963
0.308714415878057,12.6841808718708
0.702566369902343,9.62442338036042
0.179563763551414,9.83964731411698
0.456227083457634,8.92760980793446
0.00757786212489009,17.9881735393199
0.890982845798135,7.51062517847345
0.194241938646883,13.3064966004805
0.830862822011113,7.89126561738931
0.469800577033311,10.3001313692465
0.218343023676425,15.0603704004961
0.572459836490452,11.2029501885005
0.302426016889513,12.5520696541648
0.366167316678911,12.2147832403899
0.314953500637785,10.3108934484509
0.428696833085269,11.86287924036
0.738474370678887,10.3919479676973
0.0709272734820843,11.0556436841501
0.786737343063578,9.1827140799554
0.195014441851526,11.1807910638433
0.335524791385978,8.90858914000662
0.121100881369784,13.1912457217792
0.303955019451678,13.3496893192946
0.103307622717693,10.7032535878049
0.16085773287341,13.8867943149593
0.21700390917249,9.7517422883619
0.929057482397184,5.19302059020215
0.386424163822085,13.5401587889371
0.878692282363772,9.60870729201827
0.302642734255642,9.4379523329593
0.944853011751547,5.82543352593595
0.0145281490404159,11.8144901892278
0.603683535708115,8.95383608581274
0.77201145561412,10.046240422786
0.581887752283365,11.8810188953424
0.261212329845876,13.7212619096902
0.0735883782617748,11.6525714892818
0.257529948139563,12.2144390694486
0.686414392897859,7.63992144632181
0.577632535481825,7.65140393712255
0.0326233212836087,12.3171558489569
0.813944794703275,9.29564785073484
0.604650287656114,10.1727539138673
0.278093663975596,11.5166737258434
0.495426774490625,10.2764394523369
0.495022584917024,8.4739370577658
0.616485565202311,8.08942026653884
0.621697201626375,7.96522205204119
0.456310531590134,9.55156494810674
0.675704474328086,9.04793919677341
0.479481637477875,12.2649130089927
0.0920351753011346,12.7237796571291
0.59456799691543,7.57082437409468
0.571989122778177,11.8241491376854
0.810975666856393,6.85091451561454
0.300832121632993,11.9984426598141
0.616395805962384,7.18256358431211
0.62876650528051,9.23025894474322
0.0421431679278612,11.1833954473019
0.861603850964457,10.3033298598477
0.991606882307678,3.93029449099764
0.132572578731924,15.5470316608015
0.133124091662467,12.9127101548572
0.10506873135455,15.1856599065342
0.388028496643528,9.6789109356836
0.873332665069029,5.85372669726882
0.327946849865839,12.6930605780269
0.623722527176142,9.33373765961034
0.514356836676598,12.7017347014104
0.751544449944049,8.82798971970626
0.2573175590951,12.8788415003002
0.592000528704375,8.69429889712056
0.827012299792841,7.37526564170245
0.423519151285291,9.73870848920235
0.22760782786645,12.7015118278632
0.372547624399886,10.1616689500911
0.302556595299393,13.0611572773992
0.105057980399579,14.6013817434124
0.163369510322809,12.4659792178984
0.884550062008202,4.25249513329935
0.445025522029027,7.40061239861917
0.303561189444736,12.1394195245867
0.639017266221344,10.4620003714295
0.220871902536601,9.89314560400171
0.758682607905939,7.14964320119826
0.229059617500752,9.48443933823221
0.383639334701002,8.19755672986579
0.0562354961875826,11.2502180126422
0.122471905546263,10.3963842211016
0.732840648153797,8.81879783997553
0.83766510640271,7.5503330354934
0.186128736939281,14.0686434701217
0.527775446185842,9.91221531102349
0.57090902607888,7.48036168363332
0.510792317334563,12.7445642332817
0.800199520075694,8.84275670008557
0.675402160733938,6.10037078944814
0.196128949988633,10.4798805343348
0.0182194688823074,15.76429740794
0.851745721418411,6.01237312297723
0.152409519767389,13.4050700526515
0.833620396908373,6.93407108181781
0.395820257253945,9.93745912290474
0.925317348679528,9.44187620876808
0.878987131640315,6.10046418223662
0.0271003600209951,16.8785183890503
0.481184700736776,9.10911286369641
0.418636464281008,12.7017627785633
0.266088169068098,11.4466379655061
0.381475008092821,11.2184935202648
0.0396153395995498,14.5432217903719
0.895247098524123,10.0956885518673
0.178149263840169,12.4051603987115
0.311417951015756,10.6617638989557
0.580191442742944,7.7843029851746
0.301255026366562,11.1286590559416
0.503243776038289,10.5360420043924
0.605703770183027,11.7072298093604
0.0875487104058266,16.7304429966671
0.621397995622829,9.1600237593673
0.774645680328831,8.81565503759141
0.852525877533481,9.41414469123527
0.305448547238484,12.3603710529678
0.516490601934493,8.7635003105533
0.464247315423563,10.2632316080681
0.914800764294341,6.46540517440219
0.482099185930565,9.20273928280276
0.990739180473611,7.77587283055331
0.149750102078542,11.5702574346461
0.63849535677582,7.67115117146709
0.360915991012007,11.9793569185203
0.297758610220626,13.5570092985285
0.734202151186764,8.30341643245569
0.499324774369597,8.0844898170513
0.545278114965186,12.3369968999883
0.638311543967575,11.9294639494024
0.703703743871301,6.98614188081239
0.712416488211602,6.31122156127096
0.558233543066308,10.409757067723
0.285036438377574,9.80184475025442
0.16087534208782,11.7826750478949
0.908974200254306,7.18001677209432
0.880777793703601,5.92808757974347
0.851724920328707,4.48249670968603
0.82154353405349,4.72811512198757
0.00159922312013805,17.0369120736231
0.489079136168584,11.7728166302631
0.380163671448827,13.1060380459149
0.565573862986639,9.42846839897934
0.76293402002193,6.10673968435828
0.598789406940341,6.40992744770166
0.821729033486918,4.4981634514465
0.386904229875654,9.90442728623161
0.0101277669891715,10.9773673973431
0.340230218600482,13.600422293012
0.977780623361468,6.2094326496981
0.830131378956139,8.56355541357106
0.233347364701331,14.1383697928852
0.663669519126415,11.5107330085801
0.406958382111043,11.756279396726
0.515322929015383,10.7432511464527
0.361252842936665,10.180700347335
0.826246416429058,5.00708412894992
0.46167861064896,8.86728062608048
0.63480723137036,11.0923387173533
0.795926408609375,9.20193040460638
0.146475039888173,10.2595273848945
0.127689850516617,11.2138873895468
0.687721603317186,8.68716488452933
0.241867252159864,10.09423962123
0.869401211384684,7.65030243016629
0.338000550167635,8.57334302084335
0.15897135110572,14.6487840485432
0.0883125478867441,16.8289198168891
0.968700818251818,9.3629000946714
0.422749207122251,9.97615565803725
0.826188403414562,8.68867255986624
0.0151806857902557,11.8579789756208
0.772564219078049,8.45681326679561
0.289688612567261,11.4758690974404
0.140833930345252,10.5166876687746
0.891236962517723,8.23068721690514
0.920768120093271,7.49031370522906
0.471466213464737,9.9663761427879
0.24671007366851,15.1464623430576
0.185328810242936,13.2434228880777
0.941582838073373,8.96154545147568
0.471221587853506,9.3925168652079
0.805583368986845,10.3926272962259
0.759819826809689,7.85460991902196
0.0302118475083262,12.0255735055792
0.0666234572418034,14.7392547471245
0.120504753198475,14.0383600627647
0.695051744114608,10.6289190472565
0.0201081763952971,13.7128058710114
0.218592480290681,12.5473585277435
0.194859037641436,11.0835999019953
0.00519104418344796,12.2465010570164
0.374787969281897,10.1904582022069
0.80927029880695,6.40656112133586
0.244324126746505,12.4031896599465
0.176171637605876,14.7853987477457
0.503796905744821,10.923981869514
0.314439481124282,9.95472633164911
0.208666221005842,12.0033880586569
0.484011018183082,8.94482536247228
0.413392191752791,10.1362096743545
0.312369398307055,11.5251459841431
0.347030566539615,11.4447287148724
0.101520689902827,12.5758033937719
0.990397753426805,3.48475288026043
0.229733370710164,14.0068646978539
0.926954094087705,2.18290152298121
0.937685977900401,4.14906132699867
0.81431493954733,9.85747603953594
0.751107798656449,7.37839481974355
0.30329935438931,12.3060723999021
0.914768730057403,7.91086678764404
0.643163464264944,10.2314270448415
0.944749462651089,5.851311751153
0.816081391414627,3.91266836104112
0.593935922486708,10.0571182051921
0.689791407436132,9.21997087095923
0.663399748504162,6.27551723521911
0.716597310034558,7.10180332535286
0.647182350745425,7.16494798489829
0.380515863187611,10.5607037986558
0.171923329122365,15.1634044686058
0.285658589797094,9.51386082335454
0.395307054044679,11.0553998626312
0.992120115784928,6.67712276105422
0.964254318038002,2.0704699116893
0.638785908464342,7.06331557186917
0.705985956592485,8.7974931760472
0.934076832374558,6.73017913247696
0.770698890089989,9.31388453645613
0.207225594902411,14.2051551333355
0.481454325374216,9.55075551620684
0.776627781568095,9.96644099119536
0.321149339433759,12.0910119473768
0.327603944344446,9.87604636909038
0.138480546651408,11.9380533153196
0.613978940062225,6.8056170359439
0.547693236963823,10.4047226109207
0.741419768193737,7.74871507574844
0.677698005456477,8.65215334679068
0.0501475685741752,13.901289389308
0.802026730962098,9.34823772282521
0.556551466230303,11.3452361562609
0.733028875663877,7.31712928230242
0.83877204079181,9.49918014501812
0.352886988781393,13.3510653052481
0.20077243517153,10.1991362591968
0.863358971429989,7.80814027100556
0.834813358727843,9.9932262548776
0.983711348846555,8.21756349132424
0.907817869912833,8.87438443168899
0.936405521584675,9.28631878119843
0.567127573303878,9.49261929167769
0.165673881303519,15.3012415095486
0.45562048535794,10.8391261168776
0.142994151683524,11.9887721193802
0.887318059569225,7.78628096229515
0.770547678694129,5.67825213430029
0.247243275167421,13.3077990065762
0.0871217399835587,11.0852919589761
0.589534087805077,6.44603315553866
0.176328534027562,13.4514176288073
0.627621859777719,8.62570906833704
0.674853947479278,8.94480101741202
0.512979840394109,8.74398665150237
0.245189195498824,13.2761493299443
0.414613135159016,13.1127268998675
0.5858388626948,6.60895600548641
0.137582200579345,15.0959030193395
0.922941256314516,4.13198901021776
0.705302504356951,5.65561431171815
0.123233976075426,12.3538046603861
0.488041646312922,8.17127943649482
0.160298174014315,15.4925610717624
0.104418012546375,10.7686494315646
0.805931782349944,9.2246180033396
0.949488064274192,3.43851514723513
0.35245639947243,11.0639645530769
0.423903947463259,12.8702741047148
0.145689923781902,10.2158223945058
0.952403619186953,3.79518179258622
0.608633622061461,11.4366967877508
0.978331237798557,4.88730773506367
0.159599442500621,15.0230387524284
0.912242410238832,7.84948198729018
0.476826135069132,8.47451506027024
0.397800964536145,8.08058929164389
0.73348281159997,5.65204023717883
0.425216980511323,8.30198658024412
0.154215673450381,15.7357006316734
0.213429247727618,10.805960254458
0.675558752147481,11.4139658930122
0.600497753825039,11.6637104302789
0.712370560970157,9.54799980391028
0.943193677579984,9.43643330744067
0.512324953451753,8.35694384183529
0.185390790225938,10.4397311552058
0.529439041856676,10.1119403682915
0.647074017673731,10.6303734651826
0.217634068569168,15.0777714562069
0.799464452778921,8.04512630389675
0.292173944646493,9.15385919535386
0.540124601218849,8.33832045408393
0.47576215933077,8.44613124431783
0.762917297659442,9.37904834119542
0.197967241285369,10.2693394259978
0.917937735561281,6.18141484122745
0.664759951876476,6.01703014682699
0.736125527881086,7.385350347905
0.944656311767176,4.40223907682259
0.118554503424093,11.2255962769534
0.395488775800914,13.2018955748148
0.42917301109992,7.62573790741726
0.677819993812591,10.8734979052891
0.786549784010276,10.3752163339081
0.571953197475523,8.50940854803673
0.570225580362603,8.12280958032222
0.982357553439215,8.27352856552575
0.973813319113106,3.59979639539239
0.760128322755918,9.7010968199101
0.495971403550357,12.9960843561348
0.870875121559948,3.49747526767622
0.248616689117625,9.60299245381114
0.435316535644233,9.96286087328607
0.825864423532039,4.50370249677898
Rho_s: -0.802008214008214
Rho_p: -0.792094279729725
IC Time: 0
