Rho:-0.5
N:500
0.163719046860933,10.4223429486012
0.625611477997154,6.14037495169437
0.577139459550381,7.43844831690907
0.632104482967407,12.7008228010478
0.853666106471792,6.47504234545317
0.227848349371925,11.1554008103871
0.118502530734986,13.3277697711821
0.0176561034750193,11.8953209565066
0.855154087534174,5.51565755481773
0.171708984300494,8.69664703975245
0.523549027740955,10.8019783733258
0.53992653824389,5.75066758509218
0.0207220790907741,15.1835926660375
0.648694746661931,6.13881486895652
0.704901357879862,9.04062812276439
0.414836686337367,6.02948566138658
0.982308926526457,8.34678871923122
0.160611674189568,13.2337323247088
0.659351117908955,6.65211696585554
0.638431899482384,12.9286270976198
0.705345013411716,9.65627548688724
0.657852817326784,9.83073361978159
0.0153225304093212,15.210538970651
0.814819990890101,12.2554880612804
0.475314710754901,8.59845666203569
0.351032044971362,7.98283974909926
0.94134049769491,10.6273109090805
0.94741859450005,11.8222713916122
0.799483997747302,11.4028125159554
0.620291047962382,7.82750139692138
0.960429381579161,7.4366282379889
0.255115122301504,7.86868696537695
0.185941702220589,12.9532874757012
0.177651623962447,10.9334593693046
0.587134547065943,9.16999038294792
0.324626983609051,7.7681670000214
0.303940431913361,8.27661468182616
0.831980825867504,9.6829074043228
0.201555759413168,10.0582517738675
0.289524025749415,11.85447293147
0.594896582653746,8.18198210144685
0.110691264271736,11.6379366047316
0.712945128092542,5.80898047532685
0.578514067921788,9.38513645554857
0.0452362699434161,12.1024827654143
0.859457248356193,10.3950605721237
0.0792048170696944,8.7967686418401
0.876482237596065,8.84120712826837
0.195828805211931,9.72581563686468
0.550743625499308,10.4275495879397
0.10452344128862,16.0457643962921
0.73498491034843,7.1068965846758
0.574993536807597,13.2906842436918
0.44737141742371,9.01778986891881
0.916148396208882,11.0793545810997
0.451580033404753,7.45236984941654
0.265231841942295,13.0088413827578
0.633643263485283,9.50993799014696
0.0430265308823436,13.7994762539434
0.760970369447023,9.14784971978233
0.172529207775369,12.4078511265169
0.147528701461852,13.553918090218
0.56949332752265,10.5640000967224
0.329911675537005,9.95960411896616
0.681379484711215,6.61997156997622
0.0697052804753184,14.2315659141097
0.827287073247135,9.59979274369863
0.50224428018555,5.63248640529421
0.785277308896184,10.2005034157811
0.64401461626403,5.94930460111059
0.363821065053344,9.52945996188715
0.209943159483373,14.2522795868517
0.00906041101552546,12.348223881821
0.536790961865336,9.9102192334762
0.936621196102351,10.7234115337701
0.475110457511619,9.17198850060717
0.416848622029647,11.1888448808095
0.970595763297752,11.8465914304645
0.158264447003603,7.47220161119213
0.401603148784488,7.96097284385901
0.7502718383912,9.48689717770993
0.141376578016207,15.47489627444
0.592341220937669,5.18025240639995
0.494860786944628,8.11838093670621
0.658403808483854,9.65335632785203
0.387690397212282,9.11513967463761
0.521590512013063,12.8446786036764
0.125066886888817,8.01743458364634
0.563086942536756,12.7402384664936
0.133682911517099,8.86730738339136
0.407705805031583,8.2823194908156
0.465251772664487,6.13944986807965
0.187191064003855,9.1659386112165
0.399515045573935,9.21967244792624
0.721303703729063,12.5846513761423
0.962674219626933,10.0588295081918
0.771334092365578,12.5537474721099
0.0625010160729289,11.6006794090572
0.144840681226924,9.08476866514031
0.707908909535035,9.1629552212113
0.321131850127131,11.2272289140078
0.160463229985908,7.53731736535573
0.877038231585175,5.86410759479691
0.565415188670158,7.47656841438738
0.545973554719239,7.62261913357866
0.289637316949666,12.1481616369365
0.252662647981197,10.7809951198838
0.336790210800245,12.2880447720357
0.401022501988336,10.5839789402406
0.757109343772754,6.84322059532475
0.159190880367532,11.9151854954603
0.228692437754944,9.74168280579163
0.140767233679071,14.7769439414546
0.596710398094729,7.88866058114669
0.846848610788584,11.2912863575091
0.613673286745325,6.28244348483484
0.285027368459851,8.5719614645628
0.901346120750532,7.16631969211938
0.945359768811613,1.62689213550465
0.29650139180012,13.0449691129531
0.270628877682611,8.83143178358524
0.618613781407475,11.5571028233203
0.78376453416422,11.8365735817565
0.632813291158527,5.45401233776144
0.774744651280344,12.2669000403022
0.872920446563512,5.42571041243143
0.454049294581637,12.3252825535828
0.131868352880701,14.2862611153027
0.733277904801071,4.390757838255
0.197144510457292,13.9543874509476
0.581102006603032,12.0577402052521
0.752410489367321,5.93755984143266
0.337094266200438,10.471020485121
0.0909471840132028,15.7188653615054
0.263078394345939,15.2465936437636
0.0135396155528724,11.4674625502812
0.789440035820007,5.22835136839769
0.291266855318099,8.34812097888439
0.422049553832039,7.81736955172386
0.611551667097956,12.8170426783826
0.983210110338405,11.5160242743758
0.385913679376245,12.662558358786
0.718646852998063,5.18045462448564
0.56568068312481,9.36743667742989
0.647707567084581,9.64763979424652
0.490742048015818,14.0874201332717
0.393082013586536,14.5458250211162
0.337469749618322,7.66651276254912
0.967127004172653,6.12573313464851
0.0855467454530299,12.205964158621
0.716290200129151,11.04170297214
0.845408837776631,4.10012026977817
0.451244492316619,8.6906353550529
0.198320127092302,10.6822775752447
0.183592184912413,11.5086435582936
0.816098581068218,10.7771398083078
0.0863865003921092,12.6065471796423
0.235168640967458,7.7980545893501
0.881347800604999,11.4779250078333
0.530611410271376,11.7661920468618
0.13146125827916,8.05263568765685
0.0722172595560551,11.3667425512149
0.532690610736609,11.5651094224627
0.389871129766107,13.3568956501665
0.207971241557971,7.5983109683441
0.47857100283727,10.2261519693504
0.828616195358336,11.7180349223382
0.649269049288705,10.6035453025129
0.766073750564829,12.4871667899324
0.577618919545785,12.2545347241781
0.462943201186135,10.6370569153414
0.0690098505001515,11.246269620031
0.938469621818513,1.34838189485356
0.946877358481288,8.56626121822677
0.586563406279311,7.75933836988617
0.771945611340925,5.19924682580794
0.838768733199686,2.60839806242698
0.775094182230532,7.15716802083368
0.908982485765591,7.27378790236544
0.573820197954774,11.8072635023705
0.29213150870055,11.5306306095463
0.117482819827273,12.6692202336949
0.58339767716825,9.56680113427583
0.851633508456871,6.56183494147507
0.49452789966017,6.72310277296969
0.373123849043623,10.2992857303477
0.736132751451805,5.95444611726497
0.0296125251334161,8.50405324956693
0.890693579334766,7.18862476802608
0.265776538057253,14.2681135610656
0.373687593499199,12.0266443533107
0.853084557456896,10.7371765285083
0.426516884937882,12.5655022550145
0.332724436884746,8.81585849172211
0.77555766957812,10.195700966682
0.221625869628042,9.00775514626894
0.887398024322465,4.82616680641619
0.182567651383579,14.2423887220495
0.36209368170239,6.71822543782487
0.361965790390968,10.5865635901152
0.681070844875649,12.3571900492432
0.40825942158699,10.5303585579766
0.855219303863123,11.3545387114683
0.155994640197605,8.40903845620897
0.394834035541862,14.0956349599259
0.0854767907876521,8.60913536389635
0.960275942226872,4.73514788405434
0.0405213683843613,8.83043065751336
0.413204680662602,10.8007014351847
0.132708665216342,10.7320139989614
0.560410561040044,10.7855751526338
0.208043638151139,9.68192216451355
0.565515821333975,6.34252086052198
0.155209939694032,9.95948522199199
0.584862783318385,5.18732609833388
0.923306574346498,9.6027379906144
0.782476003514603,10.1394826775971
0.439197462284938,7.18207775379417
0.316018157638609,13.9532453398839
0.959874943597242,9.39123962142179
0.519110615365207,9.59573253774036
0.110919329570606,10.4984835159391
0.372528800042346,9.10937596109372
0.856300498126075,5.13896986928504
0.334938412765041,8.87220301491246
0.431054533226416,13.4514505834036
0.224244880257174,10.6342068870021
0.571394368540496,9.07927988849786
0.841221132548526,7.82571811529432
0.602828556671739,6.49239327512182
0.140953597147018,13.0051634879957
0.667547368910164,7.13588601310689
0.493604274932295,5.86342435883856
0.105051703751087,11.7471365152522
0.800617535598576,2.9542265016013
0.334267192985862,14.5928644357696
0.412951429607347,9.36810617860583
0.787163287866861,11.9299923150159
0.0962041944731027,16.8086940195232
0.92553466046229,9.07521894883827
0.770485426299274,6.55715110590744
0.167937423568219,12.1986459735138
0.858555612154305,7.73809656476193
0.0117628499865532,17.149626931356
0.666365590877831,11.0490001801965
0.972281272755936,6.63797446638019
0.519046085653827,6.53578977225717
0.351346130482852,12.7863647023933
0.567428891314194,13.5562148318739
0.777804972836748,8.33404909911081
0.523668150417507,11.5270484615194
0.811043178662658,8.78726353295739
0.596314083086327,6.85249335131835
0.297208712203428,6.81742293715998
0.308860269607976,13.0390410468642
0.673346275929362,8.49627091700397
0.782014966476709,10.5089415842645
0.220459759933874,15.8015210159387
0.658453860552981,9.36106767650585
0.323296437272802,6.62883148114986
0.738547516288236,5.28171693211343
0.0689335963688791,11.093469219696
0.923922337125987,6.31013207763899
0.868930176831782,7.95515699042968
0.0529653683770448,10.3689099899492
0.377810555743054,11.7361342078904
0.934292771155015,5.54025441543878
0.240466612158343,9.32633371696857
0.254044369561598,8.67525569660414
0.480700033716857,10.0554534369565
0.472933307290077,10.8917624022336
0.903283896390349,10.3366048534525
0.684067473514006,12.4290093432123
0.538938181241974,14.1832479777743
0.764534108806401,8.21166639487453
0.554860582575202,13.5630622814163
0.770721951499581,11.2490068317176
0.627934603951871,10.9731612066496
0.0367434341460466,10.348849729724
0.0342763112857938,17.9192656409881
0.393883198965341,8.08822071757076
0.3748773727566,10.1930093324959
0.39110832568258,8.95013760923029
0.406381284585223,11.9129626759001
0.191661907592788,13.5432092034875
0.898850442841649,9.02839547130156
0.296685204375535,14.1120332140153
0.697089993162081,10.4131667095923
0.865321111865342,7.54726826732975
0.698241487378255,8.99688594025792
0.520548198837787,5.29317900691067
0.390084485290572,13.2781020086921
0.605460635852069,5.8799213823983
0.736402372829616,8.33496516226642
0.232686392730102,14.5531080562935
0.21917786472477,10.0972339658514
0.999187087407336,9.60692230481022
0.671186733990908,6.07416550616781
0.200385174714029,14.9341722579721
0.756609129486606,11.8939704236
0.647275696042925,9.50629267057844
0.762069083983079,9.49331228935399
0.999904858414084,10.0336724625384
0.119154216488823,8.34283398633994
0.0869588246569037,8.43910241720425
0.194893162231892,7.94721782982125
0.321999713778496,10.117122482824
0.912034841254354,9.73358504121394
0.754957298515365,12.5428331999717
0.595249864039943,10.2808972063392
0.446004993049428,7.37236464854674
0.855880751973018,6.87523845379623
0.2800442869775,12.3416373213109
0.831551351351663,12.1770694749012
0.440739688463509,11.2371982223607
0.211522717028856,14.5041716544338
0.254325716523454,14.1544565488885
0.00313081708736718,14.2977046861748
0.329365028301254,7.8528733561388
0.74302305537276,11.1110395565651
0.0633938587270677,15.8401091633925
0.559028969844803,10.3695067088538
0.841945159249008,9.67813059494944
0.364952605217695,10.075329535128
0.42975737224333,14.5325028712955
0.34779815049842,8.07575062211174
0.550997170154005,5.53248876391339
0.157443168805912,10.9759152269954
0.286726848920807,8.19074214695532
0.285760181257501,10.6967168604504
0.895371815189719,11.0933688190498
0.148824522970244,12.2676734961133
0.373311023460701,9.8718535927533
0.397736102342606,13.6390600280941
0.6477899805177,6.68828834430916
0.166240390157327,14.7678423503995
0.285814977716655,6.84835302715102
0.588211393216625,10.901656682858
0.532410654937848,11.1526168278144
0.567384280031547,9.74084574872316
0.136082173557952,12.0752800383755
0.211950881173834,14.7233886377959
0.616097666556016,5.52009478509648
0.560303444508463,7.27199437095231
0.12785434932448,8.8665433208058
0.743827092461288,12.328260370909
0.946145596913993,5.00191239978644
0.58116027712822,5.34074579224141
0.0448014254216105,12.5716409485704
0.682345877401531,7.06573628419434
0.257049395004287,12.0866391045482
0.894755853107199,2.27512338009643
0.17154593532905,9.0539392337023
0.460092991823331,9.13717139425457
0.0043253127951175,12.1559496850558
0.706147455377504,10.6837267437017
0.537128976546228,8.17949080489045
0.552344246767461,8.59911426350317
0.583642794750631,5.43817933150883
0.108338409801945,13.7832076121164
0.288727322360501,12.7028513963149
0.538995000999421,7.89701740053441
0.45491235377267,10.0463485839378
0.341106957523152,9.36876717176613
0.625187197932974,10.4892085384153
0.871126296231523,7.05026527709631
0.204572662012652,9.14699695108637
0.0413680635392666,15.1605182221649
0.533584409859031,7.05752944664798
0.489283181726933,13.0883970449869
0.0975335934199393,10.8492313985388
0.663514806888998,8.14959028879839
0.984807878732681,9.14476210657167
0.126975497463718,8.19946338547872
0.70204042410478,6.41055385246505
0.85750484932214,4.83529674876149
0.213732362259179,14.2175901792163
0.344271280337125,14.1973033595057
0.249018674017861,13.4160168394496
0.189795556478202,12.9136271829095
0.0277753388509154,9.11392385785569
0.861985852010548,9.94813363697376
0.45658688689582,7.85796597755061
0.139155118260533,10.0055023920441
0.318038104567677,11.0906413619923
0.946509000845253,7.40927346439107
0.17186750844121,8.42994692095737
0.508529760641977,12.1845362974712
0.769439612748101,6.3337903559763
0.364259287016466,12.5847168136534
0.956356639508158,4.11895781919417
0.297919066622853,9.60017051986852
0.871200709138066,10.8058105249554
0.239072668133304,13.9328605753733
0.0911350988317281,17.2081388898871
0.1844584539067,8.91403895567284
0.472853748593479,5.77871803284599
0.948728162096813,8.63662927414014
0.248944484628737,7.52777039754691
0.308993450831622,9.43982974476584
0.187892006710172,7.59418948872666
0.129007349256426,11.9495140720614
0.424463621806353,13.1450308289227
0.226697144797072,10.3056554356189
0.00535849248990417,11.3682575929394
0.44775023474358,6.91545394673636
0.51488695666194,8.97144442891412
0.0650322029832751,10.6444298215499
0.290341598214582,14.8570911041472
0.0573555442970246,13.4366658692112
0.639408661751077,6.55253003615202
0.0618073439691216,16.6045637792084
0.481816271552816,12.5430015492801
0.56079344288446,10.2255172834985
0.394284179667011,12.1946862523259
0.164024603785947,16.3106725739698
0.947387037333101,8.92890929996878
0.485116485971957,9.9624271184649
0.501247270265594,10.2532040187781
0.999529403401539,10.553482205481
0.880840861238539,2.48256753366876
0.464419327443466,13.194029346075
0.0835204091854393,13.8710764067369
0.272433920530602,8.92008367941704
0.637350656557828,7.33518531931695
0.960267209680751,5.05001714998715
0.685838477453217,9.43743472051267
0.996547926217318,10.8967494961089
0.188736194977537,9.83096025079081
0.225941851502284,8.47067932885743
0.943602107232437,11.864116286062
0.72468588524498,6.78878779085279
0.902843263233081,10.1925675409894
0.994932559784502,5.4145801212866
0.826674435986206,4.79174673056144
0.637023690855131,7.01043623300653
0.196615505265072,8.68694041068576
0.51593974372372,6.11948649195716
0.698112525977194,7.7573365691747
0.35466015082784,14.7794774748647
0.575520978309214,6.17493319065453
0.276503410888836,13.8594495951206
0.87809372972697,10.3557276950901
0.647587876534089,7.56756700879133
0.827667258679867,8.38778284941652
0.292371762450784,9.13563002088226
0.953893842408434,11.2448556813428
0.82084144372493,4.95157568868391
0.249525555409491,6.89431419872414
0.184721069177613,13.0125788744775
0.107901356415823,8.08856304065636
0.767199692549184,11.3823451083571
0.443609358510002,11.6494094035493
0.967216884484515,1.73283200274166
0.626800841651857,4.97122001238909
0.305142018012702,14.469339699402
0.293944179080427,7.09615343924828
0.889169188216329,11.9057806241402
0.0260754951741546,15.2245929641691
0.162758697522804,9.87265764790113
0.105127510847524,9.86184501062589
0.390401430195197,14.6832518460128
0.0519441110081971,15.1105099255866
0.920138047309592,6.79066233442917
0.421657192753628,8.28456112808306
0.143324770499021,12.1589801460237
0.728461327729747,8.54925797658212
0.395669714314863,14.4279631472033
0.539783640066162,6.52155584293423
0.832796190399677,8.71842236317998
0.93591983593069,4.08209796324901
0.276714415755123,7.51180421633285
0.675971815595403,9.04447190286935
0.704787862254307,13.1174862641965
0.819987807888538,7.33318835379984
0.746331635629758,7.32634454290087
0.918467987095937,9.02717384985561
0.381015078630298,9.09112140098483
0.0921568581834435,7.71740953253275
0.591090888250619,6.32168653652552
0.242004121420905,13.8596330284364
0.471229283837602,10.4540765165469
0.770100109046325,10.5577273070582
0.120772778755054,16.3352815983605
0.438921395456418,8.52189932681641
0.38881547562778,6.99774453743231
0.249262136407197,14.2443578943263
0.112778624286875,9.52442378512818
0.655127163277939,5.89385425347692
0.870320278918371,10.0920279656459
0.709513694280759,10.4350582368596
0.888381827156991,8.54368758555858
0.224026090931147,7.85167590090978
0.914025626145303,1.06942146774508
0.25802274630405,6.88862269324035
0.0309103517793119,16.1608636191108
0.00215132115408778,12.9743336847704
0.635169654153287,8.86209249769777
0.436473642475903,6.68260894587645
0.978659819811583,7.40559524220107
Rho_s: -0.431284029136117
Rho_p: -0.467720416923364
IC Time: 0.0200000000000005
