Rho:-0.8
N:500
0.66359161795117,6.91403908202173
0.855403285706416,4.52795474092787
0.555848822928965,6.90329444132667
0.315071978839114,13.7423740609377
0.85077567701228,5.4630156946229
0.550133506767452,9.56694084546232
0.209487238200381,9.68311340643807
0.00786750623956323,13.9524439065206
0.741781214484945,5.32127726761045
0.316454725107178,14.1402976802666
0.130624424666166,15.8238794272979
0.261470396770164,11.887717753741
0.353056527208537,10.3164966020595
0.653110556071624,8.89282563214028
0.914324836106971,3.29511906436382
0.0381927478592843,17.8994142726544
0.790930421091616,8.44559408368002
0.405847635585815,13.6999013673763
0.946138626430184,6.73899504390054
0.36174462386407,14.1154559934802
0.626866780687124,6.86134121791211
0.582007077289745,9.2480023473634
0.636334703303874,6.51246315965776
0.352794287027791,8.71749321648227
0.872007234254852,7.86120026504704
0.168028967455029,13.9673823739925
0.930719135794789,3.38635196281665
0.160907696234062,12.3789080381299
0.32621385040693,11.6252049913058
0.219337081536651,11.011780135092
0.608126663835719,7.46239809478851
0.55805879062973,7.58128292850113
0.781763191102073,9.54862043098015
0.783823151607066,10.349070060602
0.41933576692827,8.96935177595253
0.102474370738491,12.2195644247479
0.67734309611842,6.68144821294576
0.439778910484165,9.11444139772217
0.396051270188764,9.96757449080348
0.194481753744185,12.4441744767709
0.515797715401277,12.157525530064
0.821438625222072,4.53905913188142
0.663631396368146,11.3639089434604
0.682418386684731,8.93272872166208
0.230500157922506,15.0737967551631
0.603994604898617,5.96573429691694
0.611967656994238,8.94595145553594
0.575843024998903,9.63684678029396
0.124855529516935,11.7521403632538
0.607609718339518,5.78705727298106
0.881014979211614,7.09725695230135
0.871780980145559,6.52156410465243
0.117052943445742,10.4807886132845
0.518869516206905,6.75716901016274
0.747904947493225,6.51142539110054
0.940828121965751,5.70827125585713
0.488116981927305,10.3653151497542
0.209202211583033,13.9112826040475
0.316464931005612,12.6072896813304
0.203083905624226,13.7710592611015
0.236738831503317,10.6037926120275
0.409275693120435,12.9007612367952
0.35472087841481,13.5695137758282
0.119377567665651,10.2584397353279
0.521171810338274,7.22835147606853
0.215671895071864,15.1783125038097
0.238663877826184,11.5135464887295
0.302429349161685,14.6105546110192
0.0856080786325037,11.2306968698636
0.0278727035038173,11.3352879092672
0.894760793540627,6.84165493457412
0.698264649603516,6.36453845291564
0.273793128086254,14.3056363308411
0.372453645104542,12.2843545769592
0.486748771276325,7.08412228538616
0.878103618277237,4.95520480079925
0.956824901746586,7.45978473303836
0.583015078911558,12.0225959268253
0.0626501610968262,13.2666917511448
0.0275721854995936,11.8775322380475
0.00536124082282186,16.1193559243453
0.406429291469976,8.83837209119755
0.297561530256644,12.544842795044
0.572768626501784,9.72193750454795
0.151499749394134,11.6082353855319
0.849170392844826,5.68918441020965
0.786873959936202,5.07929834319401
0.579086398473009,6.83452115528704
0.0869980356656015,14.0293538918693
0.0253211639355868,16.7051612654636
0.947669885586947,7.16438290303466
0.180474582361057,10.4572962074496
0.0879398095421493,10.9707752577812
0.680638132384047,6.26207344574772
0.872358636232093,5.8886247793777
0.582895261002705,9.39098747686539
0.179293858353049,11.0321860304344
0.0892384469043463,16.7043882149707
0.256861572852358,14.4157250906588
0.949456559261307,4.14347885989508
0.22829175577499,14.9923465626884
0.639668728457764,7.35934437618678
0.199044045293704,10.7837240461899
0.313607786782086,12.6636987466898
0.367589059052989,11.2558066965704
0.895521280122921,3.61295133673569
0.0491959098726511,16.5344985687176
0.70491778710857,6.96582206184087
0.460803872905672,7.86018818858864
0.597419117577374,6.73888944810743
0.100985991070047,14.6943042261953
0.707169729284942,6.23423740405407
0.729713324690238,8.21969989892334
0.445360901067033,7.76234161237915
0.641226599458605,6.48621822848842
0.599995184922591,7.205396870247
0.0714489673264325,12.6295662049376
0.463185257045552,11.8660319862523
0.901053803740069,7.74431142440041
0.94315735809505,6.89801266419163
0.744834902929142,7.46890741086791
0.0995489449705929,11.9245526239544
0.575581151992083,10.2981597092781
0.423388373106718,9.74193079231203
0.840488817309961,4.13241551265053
0.853662544395775,5.85189898901552
0.290690964553505,8.50131059947214
0.530629468150437,9.51653397285338
0.208813544129953,11.4880161591922
0.547157906694338,11.1382705069234
0.433025497477502,12.3282161446883
0.345592497847974,14.0718910273299
0.114311529556289,10.3283370040651
0.633045303635299,6.16032322515936
0.781904556322843,5.9455636137556
0.117144035175443,11.1765239468916
0.0168995084241033,19.6993704090995
0.532357424497604,10.594332454317
0.928883807035163,4.72901772482423
0.814348245970905,4.28012505560674
0.527928330004215,11.4579476985195
0.332758678123355,8.06618178371029
0.962669054511935,5.39418758038914
0.490529391216114,6.79197798455541
0.84014544589445,7.18527680819782
0.951669842237607,3.77909681989243
0.752769227139652,9.47754366119408
0.828351469011977,6.94339782632518
0.718665974214673,11.2038758257155
0.410492321942002,13.5992088534977
0.433371860999614,12.0821241159633
0.7533902998548,10.4090697134429
0.699313664808869,6.68844971172825
0.0234139123931527,16.890628053796
0.939415130065754,4.24631560003261
0.441086947452277,7.75437274047846
0.666157595347613,6.15433874493966
0.637000457849354,10.42374839418
0.38815140305087,10.6655130467596
0.0765011641196907,12.7472064873978
0.572515127016231,12.1157716024644
0.43583521200344,12.4296625643937
0.0959207583218813,12.5327123081372
0.392682353500277,11.683912437093
0.766207971144468,10.0395381090771
0.74812207906507,5.72306706965035
0.267233018763363,8.63135043802678
0.0739244648721069,12.7463816234908
0.848056854214519,4.21504112481755
0.823269133456051,4.47749552023843
0.122883862350136,12.350625240159
0.705162234837189,7.89452500311401
0.577543466351926,7.41009928996231
0.846103723859414,6.54608570274637
0.984024566598237,8.09920168663682
0.184079676168039,13.2698595572643
0.820295511512086,9.04712829880271
0.238991440506652,12.1460347370685
0.600759572349489,11.2666171709977
0.458078983006999,9.23782259159756
0.895679409615695,7.13018528684648
0.42920629424043,8.89600382054307
0.602660910459235,9.17237508101562
0.0966580091044307,13.1864539373834
0.0245465505868196,13.7853047322236
0.506244896212593,10.1290381718524
0.38359052548185,10.4757083860699
0.43152837944217,8.42340700315096
0.84921101317741,8.87218802709168
0.221335789421573,9.41563144639976
0.89565475913696,8.69793248390176
0.174532715696841,11.9313121926975
0.346590064931661,9.73712344995389
0.934124320978299,-1.41910257657818
0.281217779498547,10.2346490113159
0.324305272428319,11.5863025367156
0.837831709999591,7.9727203693007
0.396162224467844,7.86832638628098
0.133429234381765,13.1025691342767
0.170470722950995,11.5454654889656
0.930742467753589,8.40592378428075
0.642430053791031,5.45528369976983
0.493876901688054,10.8128419561482
0.946950543206185,8.54482539802843
0.355581370182335,9.14466927295947
0.308908534236252,12.060308633083
0.681375663727522,6.01323129580019
0.664613408967853,6.52146331264249
0.760573103791103,8.1877059439825
0.215540021657944,11.9725829962729
0.428984435508028,11.3013902710369
0.251789928413928,10.8560164478372
0.0641267560422421,17.1869944555289
0.568685311358422,8.57168254506442
0.703988312045112,8.52876322712351
0.110849068500102,10.677357773453
0.981254033045843,6.94879471178827
0.193692554486915,14.6365913151527
0.265085946535692,9.35827452947238
0.77477611717768,10.3720764179122
0.23850089055486,10.1157696343338
0.962540703592822,8.87484768851444
0.895168989198282,5.93149095392064
0.283800614299253,13.6882115408535
0.0567724213469774,12.3429623258367
0.398063317872584,12.5326736339109
0.0944537033792585,17.5774038424443
0.0180650216061622,13.4229257677762
0.907975349808112,7.54785703138637
0.907344511011615,5.79683066459172
0.119538323255256,15.3652386601084
0.44705516169779,7.52741054106261
0.852865798166022,9.17558770202498
0.33576065255329,10.6935481680881
0.51080169621855,9.70137215690417
0.527499533258379,10.1113948050604
0.890646893065423,3.98412361672646
0.334297213703394,8.97284440603479
0.917647391324863,5.46001356827845
0.688061437336728,8.60254693332298
0.103648844640702,11.6245614697386
0.206587358377874,9.54518969335358
0.848951822379604,9.23147699400552
0.100484249414876,10.4950721083931
0.399253435898572,12.4792505286448
0.315273945219815,10.6809279581814
0.856513509526849,4.4651931641598
0.748644770123065,7.20216121302737
0.983962719095871,4.31396790465757
0.256282217334956,13.5285367775652
0.928077703807503,7.08462554284266
0.696769135072827,6.10081919381797
0.28707464155741,9.01811096785106
0.795459963846952,8.84308457669718
0.0836984082125127,15.0808257275822
0.722197205759585,9.36941449483304
0.811916833510622,9.39274051621942
0.415373140247539,10.0296385535503
0.0596831198781729,18.0911275215659
0.974316045641899,6.28088822381372
0.315418730024248,9.41120019879856
0.205596708226949,11.2165114296867
0.478944043628871,10.6446651377847
0.230882954318076,14.6031128513946
0.131348193157464,14.040543240681
0.3129524406977,8.55928062961596
0.16761815850623,9.60329299703671
0.0132245013955981,13.3569751821996
0.691181688336655,7.40678799132288
0.697865617694333,10.7336965781266
0.805655755335465,9.64275030928079
0.693601878127083,6.77130954039074
0.847746023209766,7.84972318900372
0.235020461026579,11.4294994475869
0.371093669207767,7.87116960118844
0.00195664376951754,14.7230354802981
0.640831713797525,9.52100334157675
0.434325600741431,13.4593022730786
0.141160879982635,11.3244553767807
0.34374312334694,9.68363779253901
0.692909483797848,9.64440601716769
0.0132822415325791,14.223502741432
0.418665098492056,11.6673632811268
0.256080528255552,9.25325168590694
0.0527350050397217,13.7629811621269
0.905289881397039,7.95594834597463
0.113467909628525,17.0456045124713
0.548348001902923,10.6913368124441
0.955203501740471,5.67735048317523
0.0649371175095439,12.5014410978633
0.503654362400994,9.49165702803788
0.592675769235939,8.91831931308329
0.253953877603635,13.908121378686
0.532111220760271,6.34828068600835
0.757582139456645,6.52481917939501
0.335043690400198,8.98423991000135
0.657575473422185,8.1747638990661
0.626159116858616,9.44357828511356
0.291363717522472,9.43225604621042
0.894962650490925,9.26672420401337
0.565204957732931,6.35099458079505
0.603067230200395,10.8860038155587
0.627827862743288,6.56767502278524
0.81773673533462,7.31071703825129
0.118717304430902,13.0051405199239
0.5082822968252,11.8207404938669
0.374989157542586,10.631213125585
0.156086890725419,10.5340158899664
0.309133964357898,10.4252032477095
0.517122288933024,12.5290886937496
0.789159727981314,10.1377928745667
0.743949468946084,6.30383616570616
0.416545248357579,8.68460098163595
0.966304177651182,5.48112359902927
0.742945356760174,10.6775310286634
0.867576954420656,7.83958909273452
0.86679191282019,8.2650770195112
0.826905901310965,7.84955507294575
0.612191761145368,10.1468447178986
0.318320297636092,10.5933340095687
0.89342839200981,4.30228707573354
0.446439313469455,9.31041406120594
0.636572811752558,6.00197353879586
0.790986761683598,7.07488206979282
0.697588625829667,8.14191329673849
0.991291634505615,7.14207071135809
0.562808103626594,9.88625319493616
0.934147965395823,8.07030059394031
0.620682633249089,7.58784835673339
0.351094539742917,11.054208747551
0.240589612396434,11.2822494268326
0.772467350354418,7.11407001791478
0.210782609414309,10.5428018654321
0.224520419724286,14.6252451198974
0.086754193296656,13.7619391341156
0.187153591308743,12.2243987575547
0.926546850940213,5.3281341863343
0.0911487881094217,17.9971064749491
0.719804634107277,7.98830944613382
0.553263566223904,8.08150591572795
0.650088936556131,10.0869319377057
0.614002386573702,6.62263844993001
0.872382008936256,8.72549999065702
0.123404805082828,11.1171547213127
0.616392641793936,5.51221692221411
0.270966090261936,13.0869168171477
0.821319894399494,6.26590596118867
0.851744753774256,5.13458942486106
0.944182436680421,8.93720486750916
0.527640765300021,6.56133440652673
0.322223586728796,13.5530802281484
0.73816469241865,9.53076801224399
0.28786509600468,12.5082282225868
0.410740793915465,12.5471923820921
0.918914352776483,7.44401297902092
0.315240755910054,8.27396539573104
0.605296441121027,6.07550962764221
0.422544523142278,10.7460194792934
0.478770561981946,9.51848573509367
0.106205072486773,13.9066891742403
0.667308622039855,7.11796448700837
0.222328772768378,11.3499480656957
0.176393131958321,16.3759564400411
0.473398391390219,10.1061796167
0.0535401694942266,16.2256872882437
0.800849608844146,9.59011951020755
0.802609218517318,8.51689511550876
0.290497612208128,11.6064709623618
0.443009003065526,11.4418911401086
0.101175567135215,12.8576742533744
0.424478746484965,11.0515401763837
0.290170648600906,9.87941194764666
0.14363634865731,14.5053253623306
0.425696670776233,7.13197551165187
0.941638513002545,6.70437177356177
0.262563551077619,10.1181561778261
0.049514883197844,15.096701485748
0.0521893943659961,14.1880936173088
0.38043500832282,10.0981988950725
0.442669180221856,11.2741387559332
0.738088223617524,5.65173121870617
0.702202420914546,10.7031040220176
0.074288806412369,15.5159545051617
0.523884952999651,8.37830726354359
0.299704782897606,12.1780219999655
0.506108588539064,8.92206414357914
0.690656455932185,6.53232020952161
0.532275476492941,11.9208478429478
0.947473123203963,3.46592083905967
0.178274614270777,12.9784272726117
0.936679852893576,9.12757851922979
0.437389293452725,7.5064106057952
0.394990850239992,12.2413155194098
0.358052744530141,12.4315678322526
0.210787751013413,14.4258510419047
0.300864388700575,12.2658259155427
0.74787985952571,4.66587337652923
0.482031227555126,12.168605031324
0.0959292144980282,16.9207122065747
0.242778707528487,14.6568862895321
0.057700342265889,14.7182300991565
0.633486311184242,11.3917880843692
0.209028043085709,13.5679698213564
0.529485287377611,6.90010406598485
0.529426723718643,9.13228609798157
0.165321824140847,12.6365407394041
0.303062427556142,9.56067803292601
0.0393577362410724,12.3831103484056
0.401192167773843,13.8126559598753
0.244432845385745,9.39620200702413
0.554085479350761,12.4062985001691
0.959500563563779,5.05385207264588
0.680814438732341,9.44851955362462
0.381283930037171,10.7717754397998
0.218352872179821,11.4496609675807
0.177058751229197,15.3224797226065
0.555487735429779,7.85438383588297
0.0467446269467473,11.4977240400636
0.476931190118194,8.1841240209032
0.749242395162582,5.35892564015805
0.765374748501927,10.4738185574398
0.279854801483452,10.2193491224468
0.0776231659110636,11.3836277695552
0.960552864475176,1.92615008274528
0.0392263755202293,20.305174663059
0.549807943869382,7.33964328060371
0.596207484602928,11.7874760567319
0.737290064338595,9.15637287185899
0.781836467795074,5.91359473372151
0.975454224972054,8.60575192435553
0.789354810025543,6.3036746987966
0.865697428351268,6.47729934131729
0.180473701562732,10.700422617382
0.796756099443883,8.42196709828322
0.62738560535945,7.46303662614546
0.26563895563595,12.3877545343831
0.549337370321155,10.9573551552786
0.870447644498199,6.23449689831133
0.721275919582695,8.61233357521331
0.604079890530556,9.20428196961616
0.0918323285877705,10.2255759509156
0.210769027937204,11.4265935184906
0.32863919227384,10.8543339557958
0.403698811307549,9.55429116616646
0.704274573596194,9.17595875306223
0.573262965772301,7.259003149542
0.881542323855683,5.19086455668785
0.585954588605091,10.0888482238048
0.811846411088482,4.97787550428517
0.770160749088973,8.11662943998922
0.783074295148253,9.42076904666189
0.76884696399793,8.0198418961471
0.991570116952062,7.65187326880132
0.697029943810776,7.5714195711434
0.917453506728634,7.0495165582292
0.595311876386404,10.796575632008
0.997375399572775,7.30835532416486
0.267693195492029,15.4467667305566
0.124107003910467,13.2406493118634
0.260876146145165,8.6738033480292
0.416034042136744,10.8678223818391
0.132444919319823,16.1605385904025
0.238206631038338,11.826944401138
0.652491862652823,5.87739981240099
0.65096838818863,11.281081748536
0.767317776801065,6.23637682728486
0.661243013106287,6.82733146923463
0.247107811039314,14.0009167051721
0.761820009211078,5.51591696907111
0.107669537654147,14.5345117760155
0.666204178938642,8.73799789183744
0.349145053420216,12.2550375671836
0.897909791907296,5.80618726985368
0.026601483579725,17.0594623606397
0.833789166761562,9.6568453815614
0.408170534763485,11.9392875499592
0.394791962811723,9.95580163344342
0.372183070750907,10.32413085699
0.237464631441981,9.48741551805725
0.556749198585749,6.49705407883874
0.235605102032423,16.0959121025489
0.204543667146936,13.6196270435869
0.506364486180246,9.78388890517361
0.149673509877175,13.3534111389998
0.530121114570647,7.07615586380036
0.78183840541169,9.00677353013339
0.668164846487343,8.89499627991324
0.914741782704368,8.62198608487859
0.88877041474916,8.07094781802622
0.38518791901879,11.9317905505775
0.685294055379927,8.75388333703829
0.938609756529331,3.13581503838058
0.26457767165266,14.0304145280476
0.829203720204532,9.44406813698469
0.575850520282984,11.523643685273
0.356383687118068,9.05734382261738
0.892041457584128,9.13783718248387
0.536002947716042,10.9828218918344
0.163073900854215,9.56748363046679
0.819017405156046,10.0910040379329
Rho_s: -0.794389449557798
Rho_p: -0.78291975363781
IC Time: 0
