Rho:0.5
N:2000
0.321220333920792,0.721608685562387
0.359507963526994,0.7977765139658
0.403840681305155,0.16359166521579
0.968086393782869,0.276301397476345
0.4058279665187,0.262957912636921
0.525903880596161,0.314465237781405
0.970370235852897,0.873062925646082
0.56157528120093,0.348010591696948
0.0976341073401272,0.240179625106975
0.647926753386855,0.258336941478774
0.0549041915219277,0.669640705222264
0.0590613402891904,0.0526524495799094
0.773426306899637,0.795563294319436
0.804293855559081,0.744677636073902
0.672880588565022,0.947192399064079
0.380436107516289,0.724712367169559
0.62286605197005,0.394947415683419
0.192796184448525,0.0549277390819043
0.66981230606325,0.359127022093162
0.739861193113029,0.871973343892023
0.143136750208214,0.185762029606849
0.833674342837185,0.206259343307465
0.843342963140458,0.915415508905426
0.233006278285757,0.779653155943379
0.812887435778975,0.935422904090956
0.219508202048019,0.549342293757945
0.327672083629295,0.0876119292806834
0.83266347553581,0.410327777499333
0.258362174034119,0.294680930208415
0.627420245436952,0.284392152912915
0.649707895005122,0.248067050240934
0.346961879171431,0.247210236266255
0.277136463904753,0.374072702834383
0.00146728567779064,0.198348833946511
0.460968571249396,0.0814451456535608
0.273265721974894,0.530152259627357
0.60704373428598,0.586838888470083
0.254897488746792,0.597074580611661
0.0616686260327697,0.00446105003356934
0.426584983477369,0.103116592159495
0.33421992440708,0.283524189377204
0.631741396617144,0.686454731039703
0.259945360943675,0.115852712187916
0.0844890915323049,0.0848397326190025
0.00977159501053393,0.534858654020354
0.222351517993957,0.0290896242950112
0.651153861079365,0.909052961273119
0.838648122735322,0.503334153909236
0.189730790676549,0.690663201734424
0.130098056746647,0.449632041621953
0.116851898608729,0.311647777212784
0.769130153814331,0.878806567750871
0.75642011477612,0.68305322364904
0.406427302397788,0.873440946219489
0.530363006517291,0.249743351945654
0.5848597753793,0.63249649386853
0.34555584541522,0.510972202755511
0.923830743413419,0.996972000226378
0.531941925175488,0.171128524467349
0.925594969186932,0.617008948232979
0.762407582486048,0.289321366231889
0.467674439074472,0.258410770213231
0.492993090301752,0.231859057210386
0.878931753104553,0.329039680073038
0.247107869246975,0.0587035603821278
0.71159113640897,0.627487640129402
0.297436289954931,0.762300280388445
0.409569301176816,0.677976842038333
0.780737181426957,0.629658621037379
0.515286131063476,0.373818011488765
0.0455506870057434,0.323410615324974
0.409632170340046,0.298773057991639
0.974197787232697,0.640611978014931
0.0257568939123303,0.292765787569806
0.885886285686865,0.992926133098081
0.419085240690038,0.640559284714982
0.208201354369521,0.443052609683946
0.878477790160105,0.629706095904112
0.357696256833151,0.106204806128517
0.561864632647485,0.23266526334919
0.79279374750331,0.279666458489373
0.095943666761741,0.0125355625059456
0.211277282563969,0.573759131832048
0.950141520472243,0.703260575886816
0.267203925177455,0.182245851261541
0.707672201097012,0.639922260073945
0.495241868775338,0.881370374234393
0.605157998856157,0.85320025566034
0.676738744601607,0.40827823500149
0.0677393083460629,0.621295339660719
0.31342371343635,0.670991844730452
0.816002305829898,0.753814031602815
0.878713954938576,0.283058257307857
0.326731217093766,0.307427024934441
0.713572610868141,0.151373103493825
0.814036930678412,0.806647563353181
0.14912727707997,0.177910026162863
0.548426480730996,0.927406281931326
0.55740974820219,0.128646466881037
0.277596066705883,0.438962436746806
0.995041354792193,0.570286964764819
0.579018953954801,0.670691937906668
0.541598022915423,0.130822350271046
0.905889866873622,0.419781260425225
0.0516828950494528,0.159017079276964
0.417887646937743,0.403900671284646
0.617542717605829,0.518871211213991
0.400055635953322,0.292208045721054
0.0241959758568555,0.507335299160331
0.0299948451574892,0.00195222278125584
0.417978452518582,0.284833184909075
0.915625336812809,0.774077755631879
0.836320488713682,0.359695873223245
0.0573890355881304,0.234699601773173
0.252071682363749,0.722898192005232
0.591884456807747,0.609291361412033
0.899791288888082,0.845001833280548
0.922692713327706,0.733418797841296
0.804418039275333,0.622642836766317
0.44786835112609,0.835182602051646
0.507530204486102,0.273674387019128
0.0977789049502462,0.0156660345382988
0.913811976322904,0.674100289586931
0.43794357101433,0.876775634707883
0.105587810277939,0.0774632000830024
0.871675858041272,0.936113683506846
0.912628181744367,0.487973870942369
0.128905079327524,0.139676578808576
0.523494534892961,0.179442530730739
0.159395571099594,0.283725618151948
0.383288820274174,0.138333382550627
0.693654581205919,0.460643649799749
0.355908395722508,0.379005236318335
0.920230280142277,0.664580475538969
0.986934724496678,0.591979482676834
0.768715272424743,0.781307970872149
0.64687961502932,0.410042425850406
0.679007173515856,0.134124480653554
0.922505467198789,0.448393526952714
0.782428656239063,0.684290640987456
0.238018477102742,0.794222552562132
0.0692000798881054,0.282022974919528
0.50345132406801,0.365756432525814
0.611851435154676,0.801326264627278
0.0722945043817163,0.181517818942666
0.644812991609797,0.622997297672555
0.91567029687576,0.899314756272361
0.880893768044189,0.934007489588112
0.00256672408431768,0.0355757696088403
0.359541690675542,0.132233310025185
0.564657914917916,0.173365877941251
0.874259010655805,0.47867716755718
0.604551251977682,0.846665803110227
0.519485277822241,0.889304598560557
0.0779146121349186,0.067510194843635
0.734651004895568,0.757686963072047
0.640931471018121,0.689289465546608
0.476114596938714,0.350694848690182
0.961347966222093,0.462689991109073
0.50167064415291,0.397142037283629
0.880543495295569,0.218099751044065
0.18523281160742,0.0672997510991991
0.878319570794702,0.295410706661642
0.301528235431761,0.852382949786261
0.0647227170411497,0.292036177357659
0.784052347065881,0.839161281939596
0.0765109558124095,0.129489615792409
0.846860744291916,0.589809265220538
0.597576801665127,0.71014668350108
0.610122163081542,0.204227569047362
0.768505494343117,0.757428720360622
0.150162026751786,0.563889009179547
0.898696089629084,0.983265250921249
0.18860482564196,0.608337679645047
0.17542124632746,0.0653888245578855
0.0425050035119057,0.566356769530103
0.195028976537287,0.0602148009929806
0.973970974097028,0.992193430196494
0.627629593713209,0.838541433913633
0.920825493754819,0.992580607766286
0.838958538370207,0.883685637731105
0.301629071589559,0.0395439451094717
0.451523678610101,0.384508377406746
0.348215924343094,0.774555378360674
0.362436235416681,0.0576427010819316
0.472193746129051,0.813252509804443
0.170670514693484,0.424381478689611
0.650685376022011,0.396980092627928
0.520012947265059,0.324008978204802
0.5790495632682,0.255462835542858
0.685021329438314,0.828202734701335
0.174049043795094,0.0285092326812446
0.531420398969203,0.850940632866696
0.634286038810387,0.191640022676438
0.621127917664126,0.355928210308775
0.379326724912971,0.856996491551399
0.783833307214081,0.961154634132981
0.816498358966783,0.959388529416174
0.200212265131995,0.437357290647924
0.181716808117926,0.226068415213376
0.0849137634504586,0.0128130095545202
0.167480899486691,0.135239122668281
0.996451307088137,0.867444669362158
0.972580318339169,0.863862951751798
0.720903292996809,0.749124761670828
0.198824666906148,0.0700897371862084
0.486141539178789,0.674344883533195
0.100699442438781,0.0817763134837151
0.284910976421088,0.350059336517006
0.856923792976886,0.540496323490515
0.331620675977319,0.307476822286844
0.905581514583901,0.660717476159334
0.397972716251388,0.631214912282303
0.0115761263296008,0.284452002262697
0.968081752303988,0.888635623501614
0.0970777447801083,0.242865361506119
0.074615805177018,0.542504313169047
0.195990515174344,0.0203099411446601
0.136008934350684,0.362840872257948
0.690513425739482,0.219992585713044
0.0522801326587796,0.0101626336108893
0.322020107414573,0.260814187582582
0.822924074949697,0.303833654150367
0.621485990937799,0.2501691209618
0.302632986335084,0.581744751194492
0.167692807968706,0.321607696823776
0.15957838203758,0.192247799132019
0.422980775823817,0.194027048302814
0.0378540698438883,0.495974540477619
0.984960068715736,0.676930441753939
0.624886416597292,0.726612112717703
0.692030068021268,0.413441512035206
0.744496384169906,0.349606911418959
0.347518885275349,0.617513902718201
0.0785520279314369,0.238915920024738
0.40854130871594,0.319872512482107
0.637819449417293,0.511614854214713
0.817292128223926,0.294212073320523
0.0731363673694432,0.00356685603037477
0.252019557403401,0.465719822328538
0.896400745259598,0.929902681149542
0.671186825959012,0.668573620496318
0.505775328027084,0.794915216509253
0.253297700546682,0.636216650018468
0.738442523870617,0.752632596064359
0.235076495679095,0.505689612589777
0.0401737603824586,0.101022980175912
0.611398341134191,0.825022065313533
0.739587173331529,0.69813084602356
0.0304157380014658,0.0961828453000635
0.217416441533715,0.0297514954581857
0.376787290908396,0.482027717633173
0.475436788983643,0.114215623820201
0.0930838019121438,0.0273925990331918
0.387840120587498,0.0886257090605795
0.358006764436141,0.0953334202058613
0.606354451039806,0.60019868449308
0.491501046810299,0.822614816715941
0.508291668258607,0.820826022420079
0.430836420273408,0.632170107215643
0.0801661692094058,0.199741214048117
0.316256861900911,0.531110837589949
0.991267426637933,0.362972100963816
0.450552982045338,0.229686404811218
0.653700653929263,0.856825608527288
0.680107514606789,0.961735921446234
0.488332639448345,0.337666091276333
0.915370041271672,0.504927537869662
0.167764527490363,0.730253376765177
0.171591888181865,0.473643752047792
0.936305087292567,0.899238582933322
0.332892403937876,0.813375310506672
0.21490161633119,0.29453923064284
0.949036585632712,0.355589384911582
0.342935165157542,0.219153748592362
0.0337159808259457,0.461220843018964
0.26535159163177,0.727526526199654
0.294820962706581,0.0592270076740533
0.561317379353568,0.362248006742448
0.234008454950526,0.0217565572820604
0.762231333181262,0.325107230339199
0.885897520463914,0.93044615117833
0.782419648952782,0.455396212404594
0.351730942726135,0.780418315902352
0.709545399062335,0.813053922960535
0.0658846895676106,0.491615949897096
0.830163937760517,0.214130102889612
0.73060398362577,0.719742623856291
0.643492810893804,0.336538119241595
0.239896312588826,0.791194420075044
0.66543795610778,0.756700961152092
0.421792031032965,0.226762629812583
0.668840510537848,0.916180107975379
0.63649233058095,0.763393156928942
0.0312661544885486,0.735985929844901
0.77940369118005,0.983968636952341
0.0173700221348554,0.109043965116143
0.879965533269569,0.520676975138485
0.852705489611253,0.974941149819642
0.460417719790712,0.217719558626413
0.301935117458925,0.223896080395207
0.897427568212152,0.504370768088847
0.164371932158247,0.109635495347902
0.979430094594136,0.903100571129471
0.141480901744217,0.169303664471954
0.947611511219293,0.963487973902375
0.340033147484064,0.282665247097611
0.967147539835423,0.799822381930426
0.270068543497473,0.771288314834237
0.31771826907061,0.0836516267154366
0.673186240950599,0.919729838613421
0.0507029555737972,0.584834194509313
0.921505678445101,0.413643516134471
0.62363866250962,0.883249213686213
0.0771306587848812,0.733746026875451
0.0155638260766864,0.0503810511436313
0.32203301996924,0.744056732859462
0.311737748561427,0.800781332189217
0.131886999122798,0.153309691231698
0.643038591137156,0.638250854797661
0.587690439540893,0.80950120720081
0.581486938754097,0.454585359431803
0.883722512982786,0.876586091704667
0.284662791760638,0.126491269795224
0.835994758177549,0.873090880224481
0.542448187014088,0.871098089497536
0.487946840701625,0.3291817153804
0.0183474947698414,0.543392481282353
0.813620087690651,0.719320542644709
0.531133480602875,0.640720426337793
0.533440059283748,0.112410369561985
0.904276090674102,0.99780588503927
0.972420243779197,0.5762881974224
0.31119935773313,0.133895984617993
0.234981621149927,0.722435330506414
0.101521669654176,0.0786321174819022
0.181337188696489,0.522085845703259
0.59293200680986,0.740326013648883
0.741014627972618,0.422017922624946
0.25088828173466,0.554274445399642
0.199588380521163,0.190682780696079
0.596712931757793,0.90402142633684
0.318185554351658,0.197346677770838
0.208663541125134,0.177103719674051
0.0719896038062871,0.242965963436291
0.786039700964466,0.20898155705072
0.787311949301511,0.819387554191053
0.161090163048357,0.0612597451545298
0.0451683369465172,0.671025921124965
0.570298654725775,0.789595641661435
0.92823923076503,0.998299778439105
0.123602019855753,0.212723721284419
0.180050734896213,0.107993263751268
0.892976356204599,0.585521750384942
0.408483289647847,0.65045067272149
0.627862211316824,0.914069986669347
0.3059588491451,0.794765379745513
0.93004139396362,0.981556127779186
0.466338466620073,0.186575440457091
0.0348060904070735,0.284822061425075
0.737921725027263,0.902665061876178
0.695211598649621,0.975024031009525
0.206317314412445,0.497182710794732
0.227929358603433,0.167596189538017
0.648759783711284,0.625194663181901
0.152943189954385,0.753057774621993
0.553624166175723,0.750192679930478
0.530569499358535,0.876652783015743
0.689695892855525,0.318149071885273
0.0528650884516537,0.137970844516531
0.762850048020482,0.411427521612495
0.188878590706736,0.271239797119051
0.229155897395685,0.0367095679976046
0.732123942114413,0.61978492862545
0.145439627580345,0.132452028570697
0.0946495560929179,0.289439530577511
0.292848756769672,0.197988736210391
0.352043200982735,0.249304306926206
0.1958507837262,0.193236827617511
0.360571171157062,0.524693753104657
0.633836979046464,0.542777671711519
0.0500320738647133,0.501037027221173
0.860477372771129,0.874238466611132
0.878115846542642,0.640317160170525
0.801254734396935,0.910914201755077
0.381995361065492,0.835511141223833
0.0967006105929613,0.135137984761968
0.663828056072816,0.92148856096901
0.237272523809224,0.103713681921363
0.714965610764921,0.748346814885736
0.216102892532945,0.817553542321548
0.418432938633487,0.142933481838554
0.261975770816207,0.169052708428353
0.0305310252588242,0.368909537559375
0.739746473263949,0.638447812758386
0.692226798506454,0.18354731425643
0.000344187254086137,0.202036181464791
0.296139204641804,0.59037856082432
0.222916928818449,0.0337168881669641
0.635278235422447,0.239051947835833
0.74101499770768,0.35968338418752
0.322121303295717,0.654712433228269
0.57479943218641,0.822837494779378
0.911415230482817,0.780303778592497
0.454344097757712,0.792954883305356
0.0861974151339382,0.432821421418339
0.643005994847044,0.63313518743962
0.63148664101027,0.197790844365954
0.611569435801357,0.701342082116753
0.447310937801376,0.403656646609306
0.966888376045972,0.344463867135346
0.600642948411405,0.746130562853068
0.48110815230757,0.250918501056731
0.390785814262927,0.722100900718942
0.698512353003025,0.377857452491298
0.302754878764972,0.457737987395376
0.530350839719176,0.158785282168537
0.492238786770031,0.890072989510372
0.536881896667182,0.217869044048712
0.925628050696105,0.599557947833091
0.116444477578625,0.60001289495267
0.559392956551164,0.191582082770765
0.630221215076745,0.555940126534551
0.178604259854183,0.0962505720090121
0.156220396747813,0.188467285828665
0.658057019812986,0.83273817691952
0.424952537054196,0.293298064731061
0.224229663144797,0.0755741610191762
0.635253392392769,0.947387220803648
0.495759268989787,0.553212861763313
0.773870175471529,0.697830133372918
0.476770042208955,0.654533646535128
0.00177811528556049,0.682873432058841
0.787007072707638,0.261017136042938
0.900841922033578,0.94900654326193
0.0174605404026806,0.0558877885341644
0.12621085322462,0.715095475548878
0.365694291191176,0.259526873473078
0.390954828821123,0.343220901908353
0.206900081830099,0.143803562736139
0.0539962674956769,0.261710604885593
0.645697072381154,0.534647307591513
0.730259172618389,0.265658140415326
0.430397239280865,0.11105725588277
0.633702578488737,0.789804643485695
0.196361008565873,0.216242679161951
0.901262362487614,0.951283936621621
0.0975658313836902,0.323809250956401
0.261933687608689,0.811908435076475
0.615698557114229,0.154464334715158
0.123862876323983,0.0153388427570462
0.279061658075079,0.0471376336645335
0.67911073518917,0.898397687356919
0.6718580131419,0.400678955717012
0.106276006205007,0.437244777800515
0.860009150346741,0.96953301760368
0.709907624870539,0.15011763968505
0.479985954472795,0.0778584810905159
0.668719822075218,0.864707399392501
0.718127281637862,0.480275111738592
0.799944071099162,0.54591476963833
0.816842393483967,0.617458921158686
0.19935996318236,0.0984907816164196
0.0618295853491873,0.321927642216906
0.592975998297334,0.802994203055277
0.371730461949483,0.803193836240098
0.0748070671688765,0.389708393719047
0.878497516736388,0.688143411651254
0.602210924960673,0.645287296036258
0.996863377047703,0.531565718585625
0.686115426011384,0.558065750170499
0.456523976055905,0.141496224096045
0.355468794936314,0.634625734062865
0.35956574510783,0.163924374850467
0.4836796449963,0.787907603662461
0.173026931704953,0.274753986857831
0.771712872665375,0.666827335953712
0.304517902433872,0.757214849116281
0.254056304926053,0.817696983460337
0.241458343109116,0.811639188788831
0.183737815124914,0.565555151086301
0.493845985271037,0.57240030891262
0.335397534072399,0.388950651278719
0.406077760737389,0.849417306482792
0.871322994818911,0.813172617694363
0.827082284027711,0.45367963402532
0.0974419724661857,0.311318740481511
0.608419210650027,0.636262299260125
0.530646069673821,0.879525882424787
0.824007609626278,0.622138322796673
0.480475111398846,0.848084063734859
0.641260028351098,0.841012550983578
0.254270088626072,0.524924793746322
0.930485024116933,0.90242030331865
0.759089038241655,0.97988335066475
0.534042818937451,0.744582731509581
0.444614619482309,0.840076723368838
0.864255220862105,0.311672731069848
0.456325409002602,0.884463590336964
0.159361623460427,0.222514757420868
0.994953393237665,0.422749946825206
0.479207612108439,0.137831325177103
0.130918911658227,0.583320606034249
0.80032238853164,0.934618131956086
0.0118506529834121,0.598762554116547
0.298088759416714,0.0470502716489136
0.0376795257907361,0.733958020107821
0.173115708399564,0.102993032662198
0.660867308964953,0.685471137519926
0.342043206794187,0.169736378826201
0.347778681665659,0.112710308283567
0.980390830896795,0.920404658652842
0.868769588181749,0.722545977681875
0.949307470116764,0.946338770911098
0.353576731868088,0.494157234439626
0.881564341951162,0.86365298810415
0.709147611865774,0.677829436259344
0.817548925289884,0.441621682606637
0.0660479140933603,0.092410652898252
0.582263411721215,0.245330377714708
0.21961190062575,0.103155727032572
0.262242953758687,0.554991583572701
0.6315898289904,0.817328388569877
0.801742657553405,0.909426778322086
0.505596762057394,0.82948486530222
0.868982675950974,0.322993400506675
0.941428229212761,0.548021923517808
0.318936584051698,0.854587564943358
0.229601467493922,0.339397260220721
0.121691811364144,0.0359114236198366
0.430475977482274,0.592960713431239
0.604267787188292,0.415393630275503
0.909990804037079,0.962251230608672
0.835152317071334,0.853740180842578
0.770028888247907,0.260565941687673
0.543811365962029,0.854699828429148
0.678118027979508,0.215580999385566
0.750893102493137,0.701274737017229
0.813236924353987,0.885308812139556
0.646147685823962,0.505647255340591
0.570539658190683,0.751823061145842
0.504609269322827,0.667432942893356
0.357031709048897,0.641117923194543
0.123241072753444,0.796660927357152
0.718866544077173,0.346269825473428
0.739693874260411,0.536731471307576
0.494032362475991,0.354456782806665
0.455716991331428,0.112970540765673
0.627973912283778,0.848160817055032
0.96981727075763,0.603584951255471
0.680129971820861,0.846773034427315
0.718586417613551,0.48808303149417
0.752131206681952,0.503673414234072
0.572282344568521,0.9015089829918
0.697557845385745,0.319617380388081
0.009644785663113,0.0247423779219389
0.992317707045004,0.775303209898993
0.540557998931035,0.144431788707152
0.918147374643013,0.822953426279128
0.786954847862944,0.962875318247825
0.33053186093457,0.0775387845933437
0.677456533536315,0.597286666976288
0.249663630034775,0.350805880036205
0.504117707023397,0.149434665916488
0.0160724443849176,0.000101683661341667
0.242443911498412,0.752468966878951
0.94765134062618,0.465575848007575
0.729260572697967,0.607909975107759
0.465310406405479,0.380670030368492
0.0599225533660501,0.01653214963153
0.0156224183738232,0.0349228454288095
0.502259219065309,0.624838912161067
0.00791437644511461,0.253182224696502
0.726899363333359,0.828562187030911
0.0523789958097041,0.495642800815403
0.516394374892116,0.479577240766957
0.714944164501503,0.560285951243713
0.744515685597435,0.185886518331245
0.337570186238736,0.355410883901641
0.731103693135083,0.368889051489532
0.957069406751543,0.667893554084003
0.547474009217694,0.254721273900941
0.00397514039650559,0.131798691814765
0.469244400504977,0.69983674120158
0.459967716597021,0.804575179936364
0.188768762396649,0.146317846840248
0.350897274911404,0.871949124149978
0.999218120239675,0.998164431424811
0.653290455928072,0.220557112013921
0.82149724313058,0.21704242285341
0.872386639937758,0.613719575107098
0.873042268678546,0.831297684693709
0.536029755370691,0.161828768905252
0.658734955824912,0.517290239688009
0.569112526718527,0.129038707120344
0.580924068577588,0.838779488112777
0.303734229179099,0.626089932629839
0.0161823318339884,0.403029228094965
0.811828526202589,0.377541928552091
0.0901629235595465,0.290446166414768
0.855854661669582,0.629229824757203
0.977431636769325,0.897452632896602
0.819770819041878,0.952512033982202
0.0640229533892125,0.517631738679484
0.562586852815002,0.632635260699317
0.36941961850971,0.2507371136453
0.133763877674937,0.182727016275749
0.898818336892873,0.715218824567273
0.580834432505071,0.812353461515158
0.00474159047007561,0.452687441837043
0.131940109655261,0.753417993197218
0.415442752186209,0.197246175026521
0.966785173164681,0.31783433095552
0.880063401069492,0.615083441836759
0.710153803694993,0.148783372249454
0.927957521751523,0.654862621799111
0.748908811016008,0.41604438284412
0.208247723290697,0.0179824645165354
0.400970144895837,0.214980900287628
0.578691790578887,0.721208597999066
0.277024152223021,0.0451263864524662
0.841064034961164,0.519120581680909
0.696546932915226,0.760018515167758
0.237320677610114,0.500637930352241
0.92694255290553,0.583515222417191
0.33530587144196,0.661697433330119
0.181224443484098,0.742334788898006
0.107332652667537,0.515414030523971
0.221216918667778,0.808871081564575
0.137721680104733,0.248017257079482
0.419787251390517,0.758477947907522
0.248897548997775,0.130978012923151
0.185832826653495,0.0216835534665734
0.0378541967365891,0.0352408832404763
0.307773057837039,0.205655865138397
0.605226277606562,0.274564556078985
0.63682607980445,0.857760337647051
0.88062582234852,0.424835684942082
0.719842735910788,0.196408434072509
0.327858455013484,0.716476222267374
0.736871574306861,0.593124443897977
0.744390936568379,0.205770439468324
0.752190818544477,0.276101229712367
0.963714913930744,0.573118867352605
0.518525092629716,0.769818835658953
0.552267877850682,0.864366220543161
0.659039828460664,0.264580877497792
0.650738566648215,0.75116434879601
0.952048605307937,0.516057779313996
0.756844165967777,0.608213410945609
0.89945892104879,0.264275122433901
0.331239260500297,0.499475798336789
0.578916189493611,0.472356103826314
0.042799060465768,0.546680310741067
0.572633246192709,0.148635652847588
0.45846022083424,0.103121523279697
0.763668182073161,0.927034385036677
0.611124165356159,0.35862693679519
0.174202346475795,0.189046645304188
0.227041305974126,0.319253262830898
0.563337506726384,0.143795221112669
0.306757292244583,0.0847677565179765
0.374196006916463,0.693689450854436
0.0289270677603781,0.250854027457535
0.11660001357086,0.011095471912995
0.0625578605104238,0.46740163420327
0.132980154827237,0.551027638604864
0.0221330563072115,0.393329045502469
0.487303767353296,0.631127069005743
0.441343724727631,0.481304297922179
0.876375936437398,0.499812208116055
0.73409224092029,0.428454329026863
0.40619126544334,0.311485471436754
0.345699583180249,0.266182306222618
0.607796676224098,0.882237453013659
0.119250717340037,0.345429332461208
0.530598858138546,0.46315593435429
0.772981048328802,0.685718804365024
0.651603313861415,0.935827988898382
0.903309035580605,0.247936113039032
0.970094398828223,0.825881756842136
0.167152775917202,0.148251552134752
0.564834902063012,0.291090325685218
0.860932192532346,0.634411115664989
0.640341564547271,0.516806101193652
0.728907021461055,0.390259828185663
0.211221514968202,0.488044269150123
0.647862708196044,0.22714077308774
0.109501054044813,0.755968041019514
0.526833303971216,0.186047553550452
0.72530851396732,0.468990704976022
0.264681889209896,0.215905164834112
0.1529648846481,0.060206601396203
0.0448105267714709,0.317499556578696
0.135460652876645,0.0463953700382262
0.155209814663976,0.769649809459224
0.186353933997452,0.661669557448477
0.754337311256677,0.386023792205378
0.688996825367212,0.759652171516791
0.32761210645549,0.172920102952048
0.38767955545336,0.754411721136421
0.767870777286589,0.203175114234909
0.579561422811821,0.164406754076481
0.322478721151128,0.259819229831919
0.365871198475361,0.626462945248932
0.325353940716013,0.708451332757249
0.242649320745841,0.243885203963146
0.857435230398551,0.312189076561481
0.572940835729241,0.49292860343121
0.254429558292031,0.107891430845484
0.394901607884094,0.0761525274720043
0.99009793298319,0.975508564151824
0.0362635103520006,0.466162664350122
0.395967813907191,0.462177101988345
0.959528831765056,0.286314178723842
0.059978405945003,0.148393746465445
0.580942530650645,0.346480997279286
0.593503412790596,0.637818852672353
0.439417909365147,0.190795198315755
0.476976882666349,0.40698253386654
0.0695541063323617,0.505913773551583
0.661520093679428,0.714568773983046
0.199788878206164,0.614128229208291
0.270781899569556,0.230402056826279
0.754108369350433,0.98297075019218
0.471529376227409,0.391955975908786
0.368741946993396,0.810747539624572
0.198943093419075,0.407225579489022
0.588115030899644,0.246273721801117
0.0452068063896149,0.0121635899413377
0.89851181418635,0.693600214552134
0.359686685726047,0.145651624305174
0.230981355765834,0.35702447546646
0.0335820040199906,0.283842412987724
0.300038922345266,0.604825301794335
0.829531443770975,0.541453999932855
0.864151964196935,0.489870386663824
0.939338675932959,0.802668649936095
0.152866336051375,0.104622696759179
0.0800729624461383,0.285521013196558
0.54123794590123,0.903485145652667
0.517406576545909,0.503402390982956
0.294494363712147,0.731305490480736
0.778431447222829,0.985646751476452
0.318272660020739,0.476286108605564
0.821633469313383,0.514260337222368
0.58292823843658,0.210104341385886
0.301177316112444,0.296387602575123
0.182981844292954,0.8006688489113
0.910691511584446,0.99227330298163
0.596326718572527,0.274144122609869
0.420246532419696,0.229011609684676
0.833894009469077,0.498542490182444
0.556510537164286,0.613272566115484
0.300178201170638,0.500370602589101
0.597907258197665,0.25977564509958
0.535413246368989,0.437345942482352
0.461983275366947,0.859418637817726
0.763311537448317,0.543786897556856
0.387021410744637,0.513586197746918
0.816995745990425,0.533243298763409
0.855421481886879,0.705759664997458
0.426567510003224,0.569528507767245
0.727925330167636,0.455703287851065
0.936794421402737,0.689613560214639
0.536711112596095,0.53637607046403
0.631210101768374,0.733770472928882
0.771347990492359,0.955962755251676
0.299905750667676,0.450857383431867
0.761676733614877,0.498789877165109
0.104598922887817,0.700998872052878
0.727030598558486,0.876239318400621
0.778570272261277,0.289586619473994
0.896895091747865,0.406279528047889
0.659700791351497,0.676070777000859
0.680069591384381,0.795296889729798
0.959688731003553,0.825397560372949
0.0883494331501424,0.763080671662465
0.817430967465043,0.669521859614179
0.538918150356039,0.81500634085387
0.410534584429115,0.800911613740027
0.857892576837912,0.971446948125958
0.849496382055804,0.576069310773164
0.508560289861634,0.309466870967299
0.549273231532425,0.770725457696244
0.353848632890731,0.1222660462372
0.0648478271905333,0.75437721144408
0.218354843789712,0.255323771387339
0.254722720710561,0.80464997026138
0.00859430455602705,0.000810103258118033
0.330907810013741,0.524412798695266
0.142980868695304,0.566233661258593
0.342687581200153,0.244312662398443
0.527718801982701,0.716389277018607
0.327380856033415,0.861861824989319
0.431115095736459,0.462766172597185
0.104546385118738,0.715726245194674
0.258810376981273,0.0481984275393188
0.444499713135883,0.722519198665395
0.190269456943497,0.633155261166394
0.79162003705278,0.343125111190602
0.080856334650889,0.122609403682873
0.656432471005246,0.810257357312366
0.731799732660875,0.954179633641616
0.782850854331627,0.287975625600666
0.256096782162786,0.148215598892421
0.425301857525483,0.137190985726193
0.532361470162868,0.0946580376476049
0.624915565131232,0.818598139798269
0.188076702412218,0.255160754546523
0.881085462402552,0.610266584670171
0.139872377971187,0.10428931680508
0.123161567840725,0.660258908756077
0.534195952117443,0.860371862538159
0.609782422659919,0.194042729213834
0.494225327158347,0.84570123674348
0.796208821702749,0.966595978708938
0.941001266939566,0.505100009730086
0.927161999279633,0.709351775236428
0.902385695837438,0.270560921635479
0.836811766261235,0.988083332544193
0.694854857865721,0.797046488383785
0.175360024441034,0.347616506740451
0.638026420259848,0.938575428677723
0.541886736871675,0.866409298498183
0.981489847647026,0.975702934665605
0.709523610770702,0.216105828993022
0.767086827894673,0.354789188364521
0.106324916239828,0.543120502727106
0.511483004316688,0.527031861944124
0.570518027525395,0.808859335491434
0.128440096275881,0.585675929440185
0.918601481476799,0.857438320992514
0.463777160039172,0.522474744589999
0.167916713049635,0.196101087378338
0.84559979615733,0.848683545133099
0.0678477536421269,0.0070696456823498
0.858952110167593,0.539073531748727
0.248692797496915,0.744077949551865
0.302236123709008,0.134169091004878
0.424552897224203,0.211657469859347
0.672112778527662,0.820429240819067
0.159198042238131,0.74280748795718
0.919958400307223,0.99145189113915
0.903329595224932,0.738070812541991
0.229286437854171,0.554814770119265
0.201257317094132,0.04263497563079
0.56806698278524,0.438275785185397
0.166991468286142,0.537683756789193
0.852783975424245,0.640121302800253
0.116548724938184,0.122623582137749
0.533554366324097,0.13946183421649
0.672418927773833,0.53857319522649
0.0532169830985367,0.0289841333869845
0.402057151775807,0.726353515638039
0.598272033967078,0.825961761875078
0.659373800735921,0.95930447569117
0.839302712585777,0.647489578928798
0.231902986066416,0.118876819964498
0.392482235096395,0.131250314414501
0.217208381043747,0.469340822892264
0.760248124832287,0.721754237776622
0.240497496677563,0.693611011374742
0.720643786014989,0.570849342038855
0.649456975981593,0.247732501244172
0.535231789574027,0.0959432772360742
0.631846610456705,0.41767373518087
0.948012197623029,0.613347610225901
0.980339290108532,0.849578084889799
0.158259462798014,0.511854416225106
0.319429058115929,0.136073027038947
0.0717154911253601,0.248983521945775
0.116726195206866,0.669383173342794
0.856672214344144,0.435659853508696
0.951325451256707,0.988170167896897
0.741426537046209,0.889195943251252
0.0626017451286316,0.050849033985287
0.667209233390167,0.269175509689376
0.412158656865358,0.0652526661287993
0.986230882816017,0.363783390494063
0.933079225942492,0.543948380742222
0.450741341803223,0.436384489294142
0.515458990586922,0.659068523906171
0.844927088823169,0.989258526358753
0.374845894053578,0.402791500557214
0.119924324098974,0.124520146520808
0.271237456938252,0.402940649306402
0.115533054573461,0.00849845865741372
0.958743449766189,0.353645036695525
0.354793059639633,0.807225248543546
0.914598539937288,0.826015616301447
0.997442988678813,0.665023776236922
0.326209304388613,0.290158205665648
0.249592504696921,0.7674203554634
0.388008559821174,0.303600877523422
0.0693863490596414,0.0467031460721046
0.245553073007613,0.62795730936341
0.555610234150663,0.611112920101732
0.21398429106921,0.600083023076877
0.835375357652083,0.409164515323937
0.216832084581256,0.144462028052658
0.920086106285453,0.819364630617201
0.359283036086708,0.079634411027655
0.759426917880774,0.852151638828218
0.942172849783674,0.821514358278364
0.740605126367882,0.96524068294093
0.10853309603408,0.0755236372351646
0.369768573669717,0.117166620213538
0.0807041181251407,0.197029700968415
0.892790430225432,0.979430776555091
0.103977287188172,0.291030592750758
0.739192391978577,0.286123594036326
0.262711983174086,0.741823009680957
0.424142627045512,0.858301448402926
0.1196309607476,0.362793706124648
0.904335366562009,0.862733070738614
0.986807541223243,0.882326994091272
0.597507390659302,0.653834521537647
0.576732671121135,0.483578730840236
0.33843648689799,0.819155138218775
0.0495984144508839,0.247713046148419
0.105955172330141,0.219161379383877
0.78552506887354,0.551584451692179
0.904637188185006,0.85132678039372
0.00649960618466139,0.500344451982528
0.0557160931639373,0.108355254866183
0.89591592666693,0.791199436178431
0.887099324027076,0.804991066688672
0.547138085355982,0.798991458723322
0.662569445557892,0.604250636650249
0.646953182294965,0.779670960502699
0.0935133525636047,0.44380652718246
0.225076633272693,0.0295075664762408
0.321255024289712,0.434858280466869
0.191511487355456,0.170034812530503
0.796749512199312,0.831288672052324
0.485630632843822,0.127638255944476
0.590610754210502,0.380976261105388
0.372872131643817,0.12749515962787
0.751307320315391,0.550497157266364
0.106310497270897,0.583763127913699
0.737901763757691,0.516023292206228
0.072535031940788,0.549850818235427
0.516738509992138,0.110807309858501
0.804333363194019,0.952142696594819
0.471649313112721,0.874246392631903
0.627235865918919,0.829317200696096
0.524289826629683,0.460816727951169
0.192315336316824,0.382023222511634
0.542823450174183,0.854052323149517
0.26531905727461,0.274128583958372
0.325207464396954,0.391170179471374
0.926714479690418,0.968528828816488
0.456272839568555,0.654246743069962
0.279735301854089,0.732416664948687
0.737424140796065,0.895444080000743
0.362237783148885,0.85552358161658
0.636673928704113,0.432409478351474
0.25701719825156,0.0473884569946676
0.926430449122563,0.839870817493647
0.198571372311562,0.400332147022709
0.943383534904569,0.652793363435194
0.646991490386426,0.509874838870019
0.982685509836301,0.884297005832195
0.597444651648402,0.392962736776099
0.675264267250896,0.39023077278398
0.500729783438146,0.31730129243806
0.736910282401368,0.62130900262855
0.510702989064157,0.148487004917115
0.932090331334621,0.77927278378047
0.370237213559449,0.711070861667395
0.605338350404054,0.190606628544629
0.242572830757126,0.633179544704035
0.0300906985066831,0.00834832619875669
0.101010964019224,0.637666900875047
0.367208410752937,0.802897020010278
0.093418093631044,0.713267715414986
0.188366334186867,0.441898114513606
0.28552091633901,0.249913699226454
0.439860478043556,0.88690416677855
0.400450926041231,0.852711165556684
0.383660824270919,0.0937010459601879
0.633356559788808,0.942450470291078
0.953912909142673,0.366366790374741
0.280997720081359,0.788428767817095
0.891703741624951,0.543191319331527
0.748003919608891,0.504379512742162
0.614443451398984,0.578271150588989
0.479341981932521,0.735903281485662
0.364195311442018,0.107339194742963
0.633206134894863,0.245452138362452
0.731599915772676,0.193188407225534
0.771631497656927,0.636299496982247
0.0617662228178233,0.391938260523602
0.0193963514175266,0.0397213278338313
0.152176702395082,0.0719756006728858
0.191503376699984,0.0650239195674658
0.90117368218489,0.69761178875342
0.41778378887102,0.773710272042081
0.939411973813549,0.712941574165598
0.778201828943565,0.831678627291694
0.434334497665986,0.835315879434347
0.628834584960714,0.273165608057752
0.859405216993764,0.883832742227241
0.141557411057875,0.508149653207511
0.122258781688288,0.115554537158459
0.541302646044642,0.310558026656508
0.5721196080558,0.884130631107837
0.749219904420897,0.756137995515019
0.714941220358014,0.148154000984505
0.84972045221366,0.29034518240951
0.397958107059821,0.598357638344169
0.904347906121984,0.692084711045027
0.998411915265024,0.537193115334958
0.980229415465146,0.690382339525968
0.182415519841015,0.0594327424187213
0.0261604986153543,0.00508967111818492
0.965898644411936,0.43425731966272
0.222696716198698,0.491400544997305
0.762361344881356,0.280008856439963
0.583772600628436,0.172646907623857
0.172268270049244,0.798459145706147
0.394597336882725,0.0577158613596112
0.237218348076567,0.200527186505497
0.724916038336232,0.963602150324732
0.42443210282363,0.139689177740365
0.0692016307730228,0.462768496479839
0.220617081038654,0.0283789003733546
0.487822798080742,0.537672076607123
0.87209589057602,0.857019826536998
0.314984337426722,0.422596568474546
0.412940205074847,0.831020721467212
0.700481754494831,0.929803181206807
0.853428432252258,0.675764665938914
0.836090860422701,0.951734887901694
0.781951414654031,0.948096710257232
0.385770308785141,0.815058150095865
0.913102747639641,0.539252207381651
0.0253145683091134,0.318814721656963
0.673664641100913,0.78007688280195
0.872024068143219,0.939057095674798
0.221167840529233,0.523709965636954
0.846393770072609,0.439646543702111
0.912791152950376,0.908248990541324
0.339892470976338,0.0926288375630975
0.54054345167242,0.241578157059848
0.862308599986136,0.49853268568404
0.271457926370203,0.45968201616779
0.481264490634203,0.373780060792342
0.460188526893035,0.113653916865587
0.805653100833297,0.538900034502149
0.70003550243564,0.276256529614329
0.158516134601086,0.0169250562321395
0.353690885473043,0.0979523330461234
0.591755275381729,0.759805531008169
0.200487400172278,0.649846142390743
0.837806300725788,0.8340832979884
0.661873497767374,0.735615197569132
0.667150592664257,0.776814645389095
0.678465280216187,0.335903422208503
0.971458384767175,0.884494936093688
0.542762337252498,0.642348850378767
0.267954850103706,0.770593057153746
0.251129735494033,0.601469732355326
0.0354670367669314,0.0765511889476329
0.251162089174613,0.431432785699144
0.15573420538567,0.440262287622318
0.0785101815126836,0.00875061796978116
0.845376034500077,0.817743033869192
0.780940578784794,0.802784156054258
0.837448920821771,0.392481213901192
0.595437426120043,0.524107498815283
0.233758100541309,0.68444609339349
0.610114692943171,0.196834919741377
0.928294404875487,0.43057719594799
0.925061132758856,0.688584028510377
0.203858305467293,0.158382951049134
0.125809519784525,0.233579445863143
0.385510635795072,0.8729606308043
0.121659736847505,0.469225720036775
0.102727738907561,0.0968723418191075
0.946252051508054,0.529565487522632
0.485438393196091,0.487418934237212
0.0371035146526992,0.191238672006875
0.17183400108479,0.621422751806676
0.308521144092083,0.0406452086754143
0.773070932831615,0.760227652266622
0.2288792678155,0.26663869805634
0.413436330622062,0.645604932447895
0.140080939279869,0.210026243235916
0.0553702677134424,0.705577287590131
0.551073894370347,0.243290673708543
0.144492585211992,0.682330816751346
0.504234003601596,0.727373901056126
0.27900261618197,0.415532526792958
0.171635526698083,0.631501752417535
0.868705486645922,0.61584061360918
0.76810287614353,0.319765734719113
0.932603724999353,0.979199218796566
0.531895256135613,0.551446609431878
0.700168383074924,0.467977839289233
0.224099159473553,0.562847668305039
0.532233972800896,0.358658374520019
0.469479166669771,0.845192451961339
0.617565363179892,0.786057398654521
0.887361135566607,0.987696548458189
0.889858035370708,0.588722750777379
0.783133905846626,0.264790956163779
0.722212900407612,0.220262216636911
0.877465477678925,0.978271999396384
0.5887846800033,0.814692226005718
0.923905103234574,0.656884194817394
0.474792152643204,0.0938261637929827
0.420837189769372,0.698664766969159
0.651110069826245,0.208799585234374
0.201464219018817,0.293885831255466
0.739748534047976,0.580209543462843
0.0739406854845583,0.0764718800783157
0.00363949639722705,0.224606441566721
0.164488472510129,0.0690849400125444
0.035844013793394,0.00320992525666952
0.348211860051379,0.660836318973452
0.0206689273472875,0.0429331371560693
0.918088608654216,0.529098689323291
0.745856242487207,0.931993403239176
0.666157834464684,0.932879819069058
0.889415941433981,0.91915291827172
0.276076845824718,0.168604133650661
0.945022121304646,0.653210415970534
0.715836839051917,0.871044114232063
0.766300393734127,0.587183403084055
0.178344006417319,0.684693601448089
0.00230070669203997,0.00268144253641367
0.222668120870367,0.303244216134772
0.133397436002269,0.203163192607462
0.77189726405777,0.931570133427158
0.182723321486264,0.687771074939519
0.761493323603645,0.967625899473205
0.181624857708812,0.257345217047259
0.62429684214294,0.934044062159956
0.685335059883073,0.969177264720201
0.52706034318544,0.754266976844519
0.87713790894486,0.418737742118537
0.555140185635537,0.916789117269218
0.84429593407549,0.751415305072442
0.283905554562807,0.648436757270247
0.631233155028895,0.753680876689032
0.692287749843672,0.435772557975724
0.437479296699166,0.427224721992388
0.205849821446463,0.189182904316112
0.91055155871436,0.249407786643133
0.0184616101905704,0.159606989007443
0.955539335263893,0.580766482045874
0.397691286168993,0.257162354653701
0.267319376114756,0.71504883794114
0.3465619108174,0.755131759215146
0.576992639806122,0.923309569014236
0.976830806815997,0.383535124594346
0.585707750404254,0.538071488495916
0.682353611337021,0.485480477102101
0.988999457564205,0.800391409313306
0.447107972577214,0.489406266715378
0.364977137185633,0.427215765696019
0.664179597282782,0.945269784657285
0.475701226154342,0.645906524267048
0.141445054206997,0.802000402240083
0.995201165555045,0.65719276224263
0.812520685838535,0.390998730203137
0.581185124116018,0.117012165021151
0.143964525079355,0.559697770280764
0.0202241777442396,0.0545138381421566
0.373354770243168,0.51902885385789
0.757941209012643,0.772194176679477
0.22866571857594,0.626835888484493
0.865637182025239,0.814179150387645
0.861068093683571,0.329360328847542
0.454635991482064,0.155179600231349
0.10620500613004,0.0366412920411676
0.278944534715265,0.124106811359525
0.0179288452491164,0.561360984342173
0.0373156252317131,0.119051195215434
0.951896060490981,0.998398902593181
0.214954911964014,0.522821373539045
0.668105186894536,0.824869594536722
0.47467539831996,0.537125881062821
0.468876351369545,0.538749663624913
0.542573408922181,0.394027706235647
0.642223344184458,0.904600049136207
0.560333866160363,0.538094540359452
0.212948231259361,0.0867664276156574
0.673874619882554,0.889240875141695
0.513392175547779,0.546554365428165
0.793613994726911,0.198755737626925
0.785905486904085,0.986359864240512
0.601551609812304,0.282765264855698
0.0221939857583493,0.0331624590326101
0.146526861470193,0.375126506667584
0.603081698762253,0.766288409475237
0.583151807775721,0.132561997510493
0.494728093734011,0.848616316216066
0.813124576350674,0.33198830857873
0.958275428740308,0.953503566328436
0.253793105948716,0.0612444938160479
0.715191172901541,0.836943197064102
0.765895050019026,0.608113412279636
0.241668351227418,0.236706598894671
0.257334399735555,0.537626037606969
0.69871643721126,0.92116335243918
0.320798913482577,0.467097283806652
0.389843612443656,0.346399107249454
0.494242632295936,0.823299759766087
0.993464065715671,0.900220931041986
0.892939069308341,0.321136012440547
0.116643002722412,0.418974193045869
0.558633171254769,0.76841394463554
0.0853793590795249,0.763523036148399
0.986149025149643,0.515022013569251
0.52993888547644,0.233899779617786
0.592373637249693,0.883277067681774
0.234310686588287,0.509238056372851
0.118133965646848,0.064787637675181
0.0621577051933855,0.0657068337313831
0.837160322582349,0.900908029638231
0.949326898204163,0.786646236432716
0.324455335037783,0.0554499137215316
0.0786836214829236,0.0038121675606817
0.396889766911045,0.58635220490396
0.0814894917421043,0.618952796328813
0.290775074157864,0.463734217686579
0.10963580943644,0.385527015198022
0.383034349419177,0.856434578076005
0.159888503607363,0.558579028816894
0.464108760003,0.171013285871595
0.148130003362894,0.413434409536421
0.905339329503477,0.559059592196718
0.89503075927496,0.881665492197499
0.752856739796698,0.968276183819398
0.0211064631585032,0.00490182172507048
0.0622532984707505,0.0289465286768973
0.452177090104669,0.817584721371531
0.301816645311192,0.709996759658679
0.464214720297605,0.718841632362455
0.390141684794798,0.240761312888935
0.230198729783297,0.565248386468738
0.0296366277616471,0.676646002335474
0.469631344312802,0.0860474787186831
0.380367790115997,0.207196071743965
0.491349724121392,0.0915745790116489
0.132238968508318,0.0483872287441045
0.907257217215374,0.967746251029894
0.177639450179413,0.446557039394975
0.828768611885607,0.823327446589246
0.949635007884353,0.478039132431149
0.43846368836239,0.101223590085283
0.933787628775463,0.411989986430854
0.447840328095481,0.310618599876761
0.738879234297201,0.51231951196678
0.732419066829607,0.216559724882245
0.911192450672388,0.951446874067187
0.365517121506855,0.260528853395954
0.259971030987799,0.0726718571968377
0.543431727681309,0.764036868931726
0.919214733876288,0.80491032009013
0.902651050360873,0.925919213565066
0.117399195907637,0.0213335047010332
0.334863405907527,0.698052324121818
0.220149860950187,0.550502087688074
0.638598461635411,0.41646226728335
0.97456236439757,0.906892156461254
0.104302511783317,0.0226570412050933
0.235168314538896,0.0471811024472117
0.00672898860648274,0.317165284883231
0.758448189590126,0.407100955024362
0.808889468433335,0.364676986355335
0.69025824428536,0.9194081639871
0.535708286100999,0.177240910474211
0.557568392017856,0.523934263503179
0.315395516809076,0.258940682047978
0.741043376969174,0.56125053553842
0.619848402682692,0.543810099828988
0.107554850401357,0.158904935466126
0.430836573010311,0.792210302082822
0.731203391449526,0.893341447692364
0.567745150532573,0.935406923061237
0.363150626188144,0.476656473474577
0.903613705420867,0.97559700999409
0.890505366493016,0.307144110789523
0.625607354566455,0.720869887853041
0.722462367033586,0.357672441052273
0.751678227912635,0.625044454820454
0.453074308112264,0.222947020316496
0.382982951123267,0.570955974981189
0.0812767520546913,0.345981395803392
0.444975232938305,0.85615745303221
0.59299545106478,0.401689372956753
0.116697731195018,0.0900822866242379
0.52178314793855,0.80817107995972
0.557180189294741,0.288299201987684
0.4425474118907,0.368389996467158
0.0311111093033105,0.0320478023495525
0.543412404833362,0.199136416893452
0.253065686672926,0.81860840995796
0.905350771965459,0.329376750858501
0.969732025172561,0.923303179908544
0.0364639852195978,0.586200690595433
0.756670650793239,0.667908383300528
0.890077900141478,0.77881378098391
0.51837025070563,0.287408568663523
0.684729159809649,0.282844263594598
0.445897305617109,0.490912939887494
0.327851844020188,0.658028555335477
0.965879778144881,0.94180916226469
0.8578642741777,0.470698553835973
0.473500656429678,0.132963215000927
0.228740008780733,0.133734971983358
0.317151007940993,0.146895126905292
0.372397590661421,0.394632415380329
0.655603617895395,0.147480742773041
0.863027470186353,0.386470465222374
0.666605123085901,0.346805288922042
0.789271601941437,0.752137666800991
0.0661254255101085,0.445461116032675
0.209809015737846,0.286376173142344
0.367650329368189,0.80930281127803
0.989651904208586,0.567553730215877
0.299864554777741,0.0839722012169659
0.944260832387954,0.730647535761818
0.0200081968214363,0.597652493277565
0.0891909096390009,0.40324354195036
0.46740745799616,0.543032099492848
0.109308640938252,0.476937057683244
0.860212412662804,0.500779381021857
0.180076587246731,0.232276567257941
0.378562141675502,0.475921836914495
0.38553406810388,0.0814894041977823
0.553962344070897,0.444915809668601
0.934180147014558,0.991007502423599
0.0500371949747205,0.519741976168007
0.108615194447339,0.018659690162167
0.847576998639852,0.937497733626515
0.799519415246323,0.439945580437779
0.602299153339118,0.491967777488753
0.910102721536532,0.91905958740972
0.288570958189666,0.117779554100707
0.256619881605729,0.377949128393084
0.687566315056756,0.222182215191424
0.397924843244255,0.22803502343595
0.765531008830294,0.688564673764631
0.424321962753311,0.0632584691047668
0.0415273506660014,0.602465662639588
0.744914530776441,0.92574661760591
0.389903377043083,0.445173932239413
0.301161278737709,0.288669377798215
0.87711907713674,0.461323882918805
0.967434227233753,0.999247752362862
0.689212265890092,0.818135350942612
0.938787823310122,0.409032877068967
0.263598432764411,0.0621527412440628
0.793037167284638,0.430629621725529
0.956127485726029,0.990450188983232
0.507130471291021,0.746035947464406
0.716666902415454,0.654268561629578
0.343931405572221,0.126474159536883
0.810070331208408,0.978471538517624
0.815665306989104,0.253367361845449
0.324214755324647,0.233782784081995
0.138364341808483,0.390178129542619
0.827234956203029,0.98601299431175
0.104748095618561,0.101893298095092
0.272921451833099,0.555576535873115
0.76770037249662,0.797850207891315
0.0351267070509493,0.235403981758282
0.472193672787398,0.090082781156525
0.0405576997436583,0.29171995818615
0.927545806393027,0.474948577815667
0.458883842919022,0.120238295057788
0.834791813744232,0.977246085880324
0.937676814151928,0.833932468201965
0.19989944784902,0.430994473863393
0.06747642531991,0.73784574912861
0.358359683537856,0.638606335734949
0.0832666615024209,0.192496763076633
0.153627678286284,0.197781395632774
0.032429127022624,0.495189209468663
0.127091362373903,0.681048610946164
0.382234766380861,0.763031448470429
0.881592578720301,0.602437902474776
0.947580784326419,0.871333667775616
0.206580989761278,0.122898092027754
0.170268289046362,0.390989453764632
0.736583843594417,0.973155967192724
0.144106382271275,0.521276820683852
0.604105681646615,0.490210210205987
0.719191393116489,0.883314469596371
0.690648678457364,0.953363668872043
0.974205153994262,0.925354760838673
0.982663489412516,0.848400795599446
0.408027899218723,0.670267610345036
0.0283054241444916,0.184314700542018
0.0422469661571085,0.0960475821048021
0.0341976685449481,0.124618716305122
0.322504275012761,0.681219917722046
0.0371020154561847,0.136168473400176
0.214343429543078,0.0569431874901056
0.313237722730264,0.830247537000105
0.783026483375579,0.289968700846657
0.0938383706379682,0.67872198834084
0.638534529367462,0.746217735577375
0.980826697545126,0.999873452121392
0.922374421497807,0.983519529458135
0.313714985968545,0.558380845701322
0.829889559652656,0.921329604461789
0.216841427376494,0.0399317934643477
0.581313621718436,0.575231818016618
0.914201658917591,0.50359307276085
0.76830993918702,0.979229271644726
0.944398680701852,0.744762523565441
0.928829360054806,0.257015542825684
0.707325708586723,0.15930472058244
0.917203466407955,0.916983337840065
0.762111802119762,0.630768566392362
0.238368428312242,0.116537013091147
0.761774352751672,0.30581619287841
0.166150449775159,0.2752346242778
0.535899742972106,0.714372662594542
0.749557409668341,0.981043918523937
0.679580821888521,0.562617122428492
0.782392114866525,0.698043537326157
0.728091084165499,0.328624424291775
0.117694165790454,0.282586760818958
0.663470270344988,0.786357129225507
0.889743985142559,0.987254490144551
0.63753644679673,0.384508574381471
0.00977634848095477,0.00865177763625979
0.0307628915179521,0.430713510839269
0.152716205921024,0.295785826863721
0.13904517958872,0.569304945645854
0.256546412361786,0.263846838613972
0.674233293859288,0.742900524288416
0.502427869476378,0.504805652424693
0.915396700613201,0.812587446300313
0.200723916757852,0.515046470565721
0.421862260438502,0.790259076748043
0.262388349510729,0.411287089809775
0.541337717324495,0.171138937585056
0.961030634818599,0.306180815212429
0.995446316897869,0.939844565000385
0.893086082302034,0.839141876203939
0.950352482497692,0.936387483030558
0.133358200779185,0.463033752981573
0.834335204446688,0.783716990146786
0.50264815823175,0.465809394372627
0.509643002180383,0.122504267608747
0.317152868025005,0.826915975660086
0.317144765984267,0.430214296095073
0.648517159512267,0.282187789678574
0.118407020810992,0.378182835644111
0.165447605075315,0.0229199996683747
0.858716309070587,0.975764757255092
0.968624575529248,0.486368387006223
0.974281789502129,0.315270127495751
0.208447784651071,0.0829698140732944
0.00286178127862513,0.0637508744839579
0.0297135347500443,0.453572060214356
0.677201022859663,0.504781615920365
0.487015096703544,0.882636571070179
0.589033015305176,0.930997515562922
0.413493774132803,0.221247835783288
0.976815091678873,0.997060327325016
0.691057001939043,0.347634008387104
0.780270955525339,0.714034031378105
0.847351680509746,0.472796936519444
0.244569961214438,0.196841546101496
0.970242095878348,0.679993422934785
0.927485637832433,0.831502699526027
0.126305257435888,0.26677996548824
0.582161040278152,0.804664919618517
0.470820728922263,0.535867856582627
0.314250792376697,0.627533196937293
0.859128287993371,0.70758489635773
0.827896017581224,0.451147585641593
0.175450597656891,0.0807444199454039
0.616993766045198,0.156832346692681
0.726691040443256,0.873816355364397
0.652029623510316,0.278343311743811
0.629910622257739,0.208427460631356
0.927665678085759,0.486678557936102
0.174008598551154,0.387914971681312
0.0201366806868464,0.20062110805884
0.760188573505729,0.64099094341509
0.688797941198573,0.400224903132766
0.424683726159856,0.824419840238988
0.673066855408251,0.474508646177128
0.249759895959869,0.0753250226844102
0.0277730624657124,0.52711996762082
0.96207463555038,0.534364329650998
0.767168280668557,0.437618891475722
0.273953013820574,0.435871780617163
0.0257863902952522,0.460617240983993
0.885018763132393,0.866449806373566
0.439471415709704,0.535611924016848
0.634135127067566,0.682548881741241
0.917378149461001,0.481621060054749
0.0568718824069947,0.250121456570923
0.0836780096869916,0.0981747126206756
0.12897810107097,0.222679214784876
0.178069244604558,0.385041155852377
0.341173185035586,0.653244525426999
0.785060159862041,0.695190896745771
0.131427515065297,0.466836315812543
0.679574405541644,0.934567142743617
0.104058829136193,0.472879196982831
0.0196740147657692,0.714315625606105
0.672298818593845,0.9423497247044
0.659829131327569,0.325580058153719
0.671619050903246,0.287464087130502
0.0496561289764941,0.606907722074538
0.357762367464602,0.0594207476824522
0.647736003389582,0.220086978981271
0.300848989048973,0.356101171346381
0.696219688048586,0.742412960389629
0.211182682774961,0.81068388116546
0.565689286915585,0.599956250516698
0.897567342268303,0.955471395514905
0.84241261985153,0.800339177716523
0.0747458124533296,0.754157277755439
0.680169853148982,0.410604194039479
0.419961450388655,0.0785637020599097
0.593067666981369,0.570887580281124
0.570817406289279,0.155577855650336
0.301649745553732,0.115795221412554
0.661137345712632,0.584230015054345
0.479049538495019,0.608979274053127
0.517125068232417,0.439954215660691
0.225896992255002,0.107457410311326
0.0408524689264596,0.0364888994954526
0.831155387219042,0.64793127309531
0.562829638598487,0.890422846889123
0.698111983714625,0.850182107649744
0.976612384431064,0.628922324161977
0.717321751173586,0.822789731901139
0.149915548507124,0.077189281815663
0.104392827488482,0.0350629196036607
0.957224618643522,0.35950787900947
0.0357749310787767,0.402973931049928
0.967160037718713,0.310303686186671
0.211842759978026,0.428591948933899
0.6900650030002,0.508181917248294
0.715261060278863,0.878725541988388
0.124747653026134,0.12158697610721
0.492143026087433,0.787789790891111
0.611824355321005,0.138646670384333
0.994095274945721,0.877164035337046
0.3714988688007,0.722197612281889
0.461708348244429,0.84982551750727
0.424730786355212,0.791158838896081
0.755964180687442,0.62433133716695
0.381709655281156,0.579634871566668
0.969240641687065,0.321068806108087
0.556456362595782,0.612781336763874
0.453169814776629,0.875389488646761
0.59278273768723,0.693763764807954
0.402804452460259,0.162648851051927
0.453245558775961,0.722472601104528
0.560478599276394,0.899509158916771
0.714456498390064,0.957136812619865
0.806711642071605,0.352213511476293
0.401561187580228,0.860260767396539
0.333782092435285,0.803100348683074
0.995692678028718,0.449898747028783
0.424329864094034,0.525337116559967
0.929616831708699,0.834882971365005
0.931663485476747,0.753642991185188
0.209594189655036,0.288123176433146
0.802489707712084,0.887065231101587
0.818805867573246,0.710391133092344
0.322882695356384,0.537418259773403
0.631060407264158,0.876638945192099
0.431868964573368,0.88326336373575
0.213227622909471,0.244182644877583
0.237705662613735,0.622024266514927
0.697773978579789,0.626577536109835
0.106037459801883,0.484165185131133
0.0501632399391383,0.553832402685657
0.407278613187373,0.81476109335199
0.95114211901091,0.883421059697866
0.577666159486398,0.147213307442144
0.379196623107418,0.475425723008811
0.0851016426458955,0.0592691130004823
0.459981684107333,0.282098069787025
0.186730186920613,0.588193089235574
0.396365320077166,0.67994862049818
0.625664352672175,0.716051764320582
0.196240256773308,0.600312218768522
0.979808820644394,0.834804990096018
0.229829463176429,0.804270791588351
0.493720288621262,0.685358396964148
0.116986735956743,0.576989760622382
0.846450097858906,0.332433654926717
0.845175959402695,0.965152150718495
0.662970387376845,0.18278457946144
0.150444806553423,0.282253673998639
0.462050582282245,0.323293413501233
0.476899488829076,0.859713480807841
0.506596213439479,0.122593700420111
0.311618174891919,0.405292905168608
0.0733273923397064,0.0116763638798147
0.360917235258967,0.729967289604247
0.399811663432047,0.105562491342425
0.266073800623417,0.729676848975942
0.0781692441087216,0.110924209468067
0.73946008970961,0.444447319954634
0.0693177410867065,0.384515043813735
0.241848798235878,0.0456750486046076
0.0975930031854659,0.528396115871146
0.560549118556082,0.535232895286754
0.548470866633579,0.847875322215259
0.646529752528295,0.425790576729923
0.0084903365932405,0.244942907243967
0.678174968343228,0.742765714181587
0.585197119275108,0.844429939752445
0.501185632776469,0.483548021409661
0.46952029177919,0.742610932094976
0.374732493888587,0.491925354348496
0.160204996820539,0.0846080018673092
0.332522448617965,0.319429521681741
0.700576002476737,0.957574632018805
0.573708716081455,0.598623482510448
0.603434996679425,0.171588105382398
0.42574468255043,0.639415829675272
0.410492682596669,0.341947121080011
0.782344361534342,0.248878357000649
0.909585361368954,0.837483759736642
0.179654498118907,0.81230412167497
0.439001189079136,0.874038600828499
0.661842429777607,0.897913295309991
0.693222533445805,0.201722524594516
0.653941114200279,0.37168764625676
0.697609917027876,0.833298646146432
0.412726389477029,0.26544255274348
0.476072417572141,0.218897421844304
0.588219212600961,0.655203007860109
0.0835275303106755,0.393984664231539
0.421679677674547,0.884640105767176
0.694397908402607,0.382760702166706
0.405078789684922,0.288806691300124
0.180037615355104,0.277303204406053
0.970583352027461,0.73278953274712
0.939080927753821,0.847810063278303
0.132749931653962,0.0122492434456944
0.269381438149139,0.583928959211335
0.32597610540688,0.335488912183791
0.106628805864602,0.114489855244756
0.10194903309457,0.129678378812969
0.293391563463956,0.54417973686941
0.979276980273426,0.468658509431407
0.45772791816853,0.615924643585458
0.600657045142725,0.81584256561473
0.586167893372476,0.157059201970696
0.478181497193873,0.696692684432492
0.649249508744106,0.841458198847249
0.844918978400528,0.282628026092425
0.997738245176151,0.975876455195248
0.857599495444447,0.982576323207468
0.921123817563057,0.908489864552394
0.778802214888856,0.481482083210722
0.292535568587482,0.523480986477807
0.856321805855259,0.96797040104866
0.989029438467696,0.876372814411297
0.115999794797972,0.237453916110098
0.0286978085059673,0.490287941182032
0.315305776661262,0.149738230044022
0.0997128009330481,0.0766167449764907
0.553262740140781,0.709970494965091
0.54898573900573,0.646347423316911
0.806434142170474,0.903752642450854
0.284246239345521,0.0603082908783108
0.921893325168639,0.814438611734658
0.0698729429859668,0.0408824568148702
0.810472659068182,0.890225496841595
0.227942228317261,0.425095142796636
0.867200728040189,0.966785614611581
0.886081917211413,0.98287779930979
0.570406837854534,0.119728277204558
0.877819578861818,0.349529886152595
0.858167035738006,0.785811725771055
0.477428013458848,0.12628479488194
0.356144095771015,0.479205197189003
0.401827420340851,0.344578435877338
0.529251205036417,0.537454525474459
0.835973913548514,0.41378196910955
0.0725292419083416,0.100671513471752
0.6795611793641,0.450502769323066
0.242621760582551,0.454535651253536
0.957366320071742,0.2889827885665
0.835733953863382,0.728669326053932
0.544326069299132,0.165854108519852
0.56917233671993,0.110586270457134
0.461469617672265,0.889681909233332
0.624532662564889,0.612342987209558
0.00572453672066331,0.499029401689768
0.752781708026305,0.565260960720479
0.134858820820227,0.334828568855301
0.111604830250144,0.0549630643799901
0.24821585835889,0.804810035973787
0.697646317072213,0.903263385640457
0.968235755339265,0.997963719535619
0.905147516168654,0.987111618276685
0.122327495831996,0.751959640299901
0.1735866649542,0.202775242971256
0.48682413995266,0.817815318936482
0.481899560429156,0.0990602825768292
0.182677127188072,0.488919687457383
0.459420097991824,0.809857488144189
0.984149978728965,0.999072923790663
0.666226693661883,0.367129642982036
0.255647412268445,0.17981713055633
0.180430575739592,0.681735189631581
0.410829374333844,0.863440923858434
0.473197687650099,0.896456691203639
0.0745313600637019,0.0972991778980941
0.704790649935603,0.837947578867897
0.374908349476755,0.553422082448378
0.983654748182744,0.967896745540202
0.751612892840058,0.958628710592166
0.466495097149163,0.530563332606107
0.641589457867667,0.681518226629123
0.773781079333276,0.339494722895324
0.922605604631826,0.990657796617597
0.155890456866473,0.494691448053345
0.730888480320573,0.951857852051035
0.293185721384361,0.0876987318042666
0.375031250994653,0.745055716950446
0.108128197025508,0.00907426443882287
0.130274837370962,0.30311270756647
0.290703593753278,0.718670590780675
0.605116254650056,0.705258277710527
0.737710514804348,0.970332831377164
0.253525304375216,0.0420675538480282
0.27354175876826,0.746004866436124
0.172931617125869,0.809630233794451
0.82634063786827,0.256030206568539
0.39971850020811,0.798492406727746
0.884994810679927,0.893327145371586
0.321824585553259,0.828890322474763
0.52099095727317,0.876555187860504
0.637553388020024,0.762881801929325
0.0465346612036228,0.0121858471538872
0.836286789737642,0.453184073790908
0.689467407297343,0.354203426279128
0.195110813947394,0.458673142828047
0.592742066131905,0.898482707561925
0.256546440767124,0.424564071930945
0.435828028479591,0.786945393774658
0.701469254214317,0.72248630807735
0.0884348542895168,0.736197203863412
0.705246191937476,0.239793257554993
0.320958313765004,0.0577096273191273
0.0561339356936514,0.0126406247727573
0.233278502477333,0.0833306431304663
0.150730546098202,0.178432269254699
0.485230708960444,0.418300341116264
0.897198841441423,0.3009492168203
0.571411555632949,0.345095303608105
0.482894122833386,0.456559425685555
0.0495802497025579,0.371666437247768
0.321164728375152,0.588086349191144
0.572329584974796,0.774027441395447
0.145722967805341,0.491087767062709
0.550925695570186,0.430938032455742
0.86325300601311,0.878016653936356
0.713735310826451,0.180658648721874
0.674103824188933,0.86761162802577
0.0998483540024608,0.374345069983974
0.252144259400666,0.080570918507874
0.908182420767844,0.600164419272915
0.982273282948881,0.873109510634094
0.716384337283671,0.881716913310811
0.889520424185321,0.69143234542571
0.28286888031289,0.73270211648196
0.912277017487213,0.626392763340846
0.483944684732705,0.310470906086266
0.711017975816503,0.161312142387033
0.821007362566888,0.695647592423484
0.293456569081172,0.288201703457162
0.923017430817708,0.300483711762354
0.112732839770615,0.781417300924659
0.409651131369174,0.0841856440529227
0.328869813587517,0.85852137580514
0.410441987216473,0.0873358072713017
0.375064217019826,0.328864831244573
0.812308228109032,0.897154956823215
0.755984023446217,0.502238027052954
0.0822914119344205,0.236340204952285
0.0434189955703914,0.595558790257201
0.881274283165112,0.280349822947755
0.35994957992807,0.605365151772276
0.27271697553806,0.573737690225244
0.536637975368649,0.873070158064365
0.85933320550248,0.959702311549336
0.505921003175899,0.809395180316642
0.784680604701862,0.892606517067179
0.90796460211277,0.860266336938366
0.659186436794698,0.596170324832201
0.0668219146318734,0.619098943425342
0.00622574891895056,0.0716766675468534
0.559938845457509,0.817661536391824
0.0809618695639074,0.220621682936326
0.121289627626538,0.0243561735842377
0.236864790320396,0.101855230052024
0.334809732623398,0.627704554470256
0.97881942614913,0.579195856815204
0.235326525289565,0.542407882632688
0.165666198823601,0.0208796786610037
0.276893988251686,0.720964347943664
0.645411774516106,0.920425470685586
0.909304511034861,0.823007631348446
0.537679653149098,0.573507006047294
0.88304682681337,0.752681116340682
0.43634641263634,0.161569980438799
0.438196247909218,0.778861707542092
0.153493127785623,0.452662510098889
0.446566280443221,0.824941220926121
0.433422481175512,0.479053646326065
0.838087777607143,0.670242754742503
0.827419818844646,0.506475357338786
0.243001907132566,0.684379192767665
0.504671027185395,0.913932808907703
0.631101050646976,0.246993807144463
0.601434295997024,0.597739670425653
0.491996784927323,0.580319654429331
0.283225911203772,0.162780409445986
0.815043447772041,0.899703467730433
0.977659583790228,0.9452387499623
0.136076901108027,0.0370143624022603
0.734560161596164,0.318869217298925
0.524870808934793,0.123348164837807
0.793022311059758,0.56500514340587
0.40655153687112,0.36512665473856
0.109757349593565,0.782499461667612
0.0666844598017633,0.14183853007853
0.236057433998212,0.0530988578684628
0.91285147308372,0.880785653134808
0.180912715382874,0.330905693816021
0.316052048932761,0.848122935276479
0.219975315965712,0.583736274857074
0.295476568397135,0.64454663801007
0.242343112360686,0.0333215382415801
0.816032139351591,0.476157119497657
0.0469979967456311,0.645869338652119
0.127899741288275,0.690335278632119
0.226072220830247,0.0543856716249138
0.439671368803829,0.719521800754592
0.0921413514297456,0.0981474705040455
0.949629238341004,0.776567800203338
0.211621878668666,0.661685521015897
0.294551289174706,0.0690078767947853
0.014879455557093,0.708593466784805
0.101555268513039,0.400003778282553
0.940837970003486,0.97245326731354
0.314143719617277,0.621760131791234
0.665306132985279,0.90026977728121
0.343709073960781,0.324943493586034
0.40597878000699,0.661106110084802
0.775320654036477,0.409134667832404
0.442822286160663,0.636974795022979
0.344226528191939,0.761217884253711
0.673559103626758,0.895588777260855
0.313560706330463,0.501781466417015
0.485546842683107,0.498464604606852
0.850601721322164,0.829355253139511
0.922953471308574,0.964239595225081
0.724898693384603,0.640735625987872
0.27081231563352,0.139606308424845
0.0477525491733104,0.307421090081334
0.269279854837805,0.212676692055538
0.437173592858016,0.728892586193979
0.401503200409934,0.881172087742016
0.0517839279491454,0.416754781967029
0.242888495093212,0.254976465366781
0.0549566706176847,0.0665204674005508
0.629674332216382,0.863663420313969
0.549768761731684,0.441258732462302
0.871371279237792,0.994412130443379
0.95701242540963,0.999026495497674
0.428525137482211,0.821434146491811
0.248013226315379,0.145558681571856
0.752290713135153,0.908677055966109
0.0636087551247329,0.00316979177296162
0.980798688251525,0.632302057696506
0.188901931513101,0.125482320785522
0.0580143197439611,0.731316104298458
0.598173490026966,0.177004503784701
0.136254216777161,0.196714949328452
0.741896971827373,0.913304764544591
0.184380817459896,0.41075377096422
0.494256755337119,0.791377194225788
0.464992017252371,0.231270822929218
0.668329239590093,0.166432715021074
0.84606537502259,0.615488396491855
0.140142732067034,0.125593703007326
0.923503025202081,0.998337171971798
0.539840296376497,0.214830677490681
0.694988863309845,0.947934515308589
0.336092661833391,0.370434178970754
0.0616871151141822,0.657299058279023
0.506612617289647,0.63586895680055
0.794653305085376,0.790848640725017
0.717160359025002,0.897001493256539
0.229258412029594,0.173124411143363
0.685693696374074,0.901358992792666
0.836137014208362,0.33559263474308
0.26411908864975,0.759021827019751
0.463800352765247,0.27206302061677
0.0104599939659238,0.00079792202450335
0.673818307928741,0.278317148797214
0.550226632738486,0.528842939762399
0.38687650533393,0.735601800261065
0.641911686398089,0.299326775362715
0.153166394680738,0.48301319940947
0.145023885183036,0.522348884027451
0.554596055764705,0.884593414375558
0.879548040917143,0.39013473293744
0.0330958545673639,0.128304674522951
0.461131563875824,0.588372967438772
0.950876126997173,0.987817396875471
0.623718271264806,0.904931384837255
0.327649776125327,0.760072628501803
0.207334099104628,0.0708719247486442
0.980643440270796,0.948811194393784
0.10548248863779,0.11055447999388
0.706102679250762,0.627842055168003
0.379418964032084,0.826083488296717
0.944368051365018,0.466671408852562
0.157951900269836,0.694855297449976
0.754246302880347,0.531943354289979
0.916128966491669,0.874179526465014
0.564853314775974,0.826365001033992
0.668033943977207,0.860242853406817
0.0739710552152246,0.00553507916629314
0.517923342064023,0.129055217141286
0.554187803994864,0.50645164353773
0.914133176673204,0.819072546437383
0.693205701187253,0.170293750939891
0.382833609590307,0.156970448791981
0.494126070989296,0.894546239171177
0.175538277253509,0.185116349719465
0.455682179890573,0.848626377992332
0.963784449035302,0.288418313488364
0.85771450586617,0.836979223182425
0.759347156155854,0.26317768311128
0.241115922341123,0.740624375874177
0.961513704853132,0.751009532017633
0.0153968615923077,0.0175078697502613
0.282198306405917,0.198437276529148
0.0819778505247086,0.271175164962187
0.973281879676506,0.762876856839284
0.989156474359334,0.711545985657722
0.111572519643232,0.443051763111725
0.227239932632074,0.141220240853727
0.980998280923814,0.334435122087598
0.73205133760348,0.577105192001909
0.377470932900906,0.387693016091362
0.722127940971404,0.916792640928179
0.131203848170117,0.47547353617847
0.0584760408382863,0.0123251446057111
0.240488044219092,0.779316330095753
0.0561896397266537,0.0127055787015706
0.469664555042982,0.719455725513399
0.671586410375312,0.853057281114161
0.0506019876338542,0.00232065445743501
0.0494516578037292,0.0427494936157018
0.260251392610371,0.442140522878617
0.0599072347395122,0.495090555865318
0.109492616495118,0.0938660544343293
0.744377207010984,0.933214314514771
0.59147162316367,0.412395164370537
0.20705131883733,0.640748974867165
0.745173631934449,0.202431594254449
0.483721022028476,0.146365757565945
0.202829712303355,0.150726284831762
0.380356418900192,0.79893878987059
0.825012832414359,0.654557303292677
0.404162690974772,0.390098280040547
0.39346581697464,0.311712975846604
0.927377719897777,0.529397975187749
0.299360142555088,0.150895847706124
0.423791559413075,0.515764887211844
0.780960067408159,0.177730477880687
0.113721471978351,0.223270155489445
0.502999336924404,0.0867539301980287
0.216751149855554,0.439081092132255
0.63415334164165,0.254722607089207
0.0277024731040001,0.121928826440126
0.552277004579082,0.758327763527632
0.350712470244616,0.703621680149809
0.0307624337729067,0.0303106338251382
0.101144425803795,0.425129607552662
0.244340374832973,0.738227435620502
0.925889219390228,0.630688558099791
Rho_s: 0.47953123938281
Rho_p: 0.476875251581448
IC Time: 0
