Rho:0
N:2000
0.870058757020161,6.76796770882649
0.629236038774252,14.1252852195077
0.522475109202787,11.9049382882553
0.361125228693709,9.60313473304036
0.808346413774416,5.86934496279956
0.342772476375103,9.4323913093503
0.049427404301241,7.2104307617197
0.909718584036455,10.5726771921631
0.553235318278894,15.6990110271444
0.407167285680771,9.28860284164416
0.862085159402341,8.35077723137149
0.159878581529483,10.0291633666732
0.918464549817145,11.9864867555987
0.842210105154663,11.7512240608826
0.963103855028749,9.22668230344104
0.859992903890088,11.1462881201453
0.784909951733425,9.55719109217857
0.972585759591311,8.67004088123376
0.39509121957235,9.36561341794279
0.913838810985908,7.85106828643655
0.484889815794304,9.6341518984093
0.232703557005152,10.4021801568813
0.908872762229294,9.45235646021496
0.919749914901331,13.9951926373149
0.822899407474324,13.5477026754733
0.470314682461321,10.2642098852763
0.631231174105778,11.0340149393462
0.701362747233361,13.2060966303831
0.931054063374177,10.6730602126462
0.468647256726399,8.00097606563736
0.357666058465838,10.4117266137092
0.94825166859664,9.79542704351226
0.348263691877946,8.00401588171582
0.4541810892988,9.43890045136857
0.643628389108926,7.13411539819558
0.552951025543734,13.9935283657544
0.0881717619486153,7.43909228111345
0.645365476841107,10.5801847198549
0.447830435354263,14.7915456099035
0.321169954026118,8.53533293580869
0.457200912525877,8.02974629549868
0.799158337758854,7.26967216918139
0.325695706764236,10.0744456596319
0.508426308864728,6.64256772580391
0.999264434445649,12.8242352105834
0.40497242147103,8.20237718545824
0.226140581537038,7.48621525960087
0.649218534817919,8.41810145975638
0.536841130116954,7.47287435683476
0.919173637637869,10.4725014112867
0.159863292006776,7.2312018407908
0.649279522243887,11.2986396490214
0.640098593430594,11.2015491787926
0.340708347735927,12.8361246557095
0.810203543398529,6.63499414437224
0.14480263623409,6.48859940616924
0.0273333175573498,14.2050749097254
0.282099806005135,8.8398568201142
0.718944261549041,11.8201958238134
0.900408170418814,8.97173285370886
0.426270669791847,8.19058316807069
0.404158432269469,14.4492740904307
0.64190037176013,11.8548064071493
0.0506912274286151,10.8543725773163
0.837520650820807,15.0397030262551
0.343853751430288,9.13319375733557
0.207814677152783,11.2702893232435
0.0363794781733304,4.62647162659855
0.839979822281748,10.5647937254675
0.998488972429186,7.89304926694281
0.775176204973832,12.9624389842886
0.708639658754691,5.92466400572554
0.301955572795123,9.05655409376979
0.84159364993684,7.62424199772153
0.539465250214562,15.5769768192521
0.891812359215692,4.87459459881804
0.944988994859159,9.57641222972392
0.50446663168259,14.3003981612003
0.142391643486917,14.4452727093521
0.299955343827605,5.86996044777463
0.701939007500187,9.56256708963003
0.90424776612781,14.4386332768188
0.653838967205957,13.8744692085337
0.875016103731468,9.2261377447649
0.444691984448582,15.8357802248179
0.203241606242955,9.21227357431879
0.658355311024934,11.3705077876784
0.843348563183099,6.92265048732501
0.861955114873126,13.7393453625917
0.805739492177963,10.933556424405
0.481943506980315,6.59822662136197
0.529619305161759,13.8487516303164
0.105478805489838,10.7059435779643
0.286466949852183,8.94410680344387
0.0619268608279526,11.7940532152763
0.140982469078153,12.2041281848028
0.323878523427993,10.6433595235486
0.698467767331749,12.0999910074353
0.687988844234496,8.97897791572836
0.335233355173841,9.01920584682213
0.678356847958639,14.21488292693
0.505476568825543,9.96888751069301
0.77183428616263,8.06599280068033
0.579152253456414,6.24400343096341
0.666788552422076,12.0268799018769
0.57416322408244,16.975539020666
0.589481188217178,5.46722522763289
0.523665542248636,12.3069332220861
0.495775962946936,4.41030753019292
0.828255771426484,12.9979437126891
0.262631429592147,6.46315926403957
0.856906632892787,9.703320787757
0.825728522147983,7.37420484034948
0.0514060943387449,11.9477774907161
0.505002739140764,8.67025483911455
0.658626683987677,6.72601479952771
0.0745231648907065,11.8389780921847
0.983094203518704,7.24685416770272
0.855939038097858,12.8697822699163
0.715674875071272,8.01684158961273
0.724658822640777,5.05471725010838
0.458576174685732,12.4759640974205
0.649380363291129,9.47289336360033
0.740066869882867,5.16372084772714
0.267765719210729,11.0685950474719
0.405019202269614,16.8243054968543
0.73311431822367,15.184130312708
0.350951765896752,10.5608490948508
0.0338421319611371,8.95708047260814
0.220512429950759,15.9472383411131
0.289605360943824,11.000519907436
0.600187058094889,9.71031894233088
0.178833781043068,11.0343755390358
0.109076020307839,5.88410748135385
0.204449958866462,7.60847925699765
0.631832020822912,11.9743270860034
0.665917393285781,4.82955394540021
0.469157549552619,7.50869527187537
0.330030856421217,8.40932813555518
0.32188424677588,9.96770775382353
0.86496602348052,9.29752564119797
0.863932409789413,8.32951379326628
0.537439699284732,10.2963572839242
0.705543773015961,7.71738825504653
0.62109012529254,10.8349780685398
0.993371318094432,8.3043139451762
0.120208450127393,16.7900161720865
0.284596302546561,13.284402745696
0.991546018281952,5.85951517307948
0.175371155375615,10.1417051042523
0.87160699442029,9.38114965189146
0.941074751550332,13.8626413467632
0.509493922581896,12.3980231849222
0.409473050851375,9.47967251869429
0.706342297839001,6.34371967241304
0.550929051125422,11.5227607596059
0.408533456968144,12.0309871761024
0.293169318931177,10.2756226618503
0.436132434057072,2.57337118021467
0.880790543742478,12.471597325406
0.96542009874247,7.27296348507373
0.95754859270528,13.5758727297166
0.186276751337573,16.9096696776102
0.42721506068483,8.79060887005258
0.166334407869726,4.30033333373725
0.856242097215727,6.2573295956028
0.918116491753608,9.40314903095327
0.615398222347721,10.1274730665811
0.399808309040964,8.34375021128811
0.852534953737631,10.9100773819529
0.154080532724038,11.94854182834
0.0106948313768953,10.4523990784907
0.664596638875082,14.5595207575934
0.836027533514425,8.67309798396499
0.802388627780601,16.2432884140973
0.704203253844753,7.98093270921034
0.519250127486885,8.33576158916118
0.875178024405614,0.347170050371624
0.268195704789832,7.34849892366303
0.760526625672355,12.1639126312046
0.648632953641936,8.84570931677537
0.201395506970584,6.37573920631954
0.691756955347955,9.84629157590843
0.963803660357371,12.4801419871968
0.621423033764586,10.0537621877844
0.336783875944093,10.803568342432
0.894749350612983,11.1644657568192
0.352115657413378,11.4436237491685
0.0982606580946594,9.76791836174964
0.548298501642421,9.30246090824469
0.973662195727229,11.0752103535031
0.522752745542675,14.5712277634851
0.306830948684365,6.6453397045338
0.694142766995355,7.91663554848313
0.829441237030551,10.8336760890684
0.0608061582315713,5.47529932208553
0.0581612568348646,5.74612489596093
0.612043387955055,12.5196908463312
0.333507447503507,10.14766959452
0.228492110967636,9.75885536020328
0.891475507523865,9.81111878589446
0.702054246561602,6.38761931830885
0.246367179090157,10.9644281060939
0.397246750770137,3.01814846337933
0.615424294956028,13.2000613341536
0.00264704204164445,7.18574975295481
0.475249189883471,13.8774290914058
0.727806376060471,12.4907219538359
0.194296637782827,8.48116431410391
0.101518815383315,7.88415916066822
0.455282553331926,8.08549334330885
0.697171364212409,9.63012222633319
0.522920615738258,8.67841739573996
0.120857883244753,9.63794624307907
0.523535356856883,13.8780948386568
0.989168109605089,15.2165440779011
0.747703536879271,8.2783050016261
0.0585167782846838,9.93184434614986
0.257066027261317,9.28046062748526
0.280841103056446,6.0771837614869
0.00255683972500265,5.11168506542489
0.544875503284857,7.8632837908526
0.41453041927889,11.5298731516917
0.160194840747863,7.94883972591841
0.869443159317598,7.90799845863613
0.584486639592797,6.41237192778288
0.730402226559818,12.5273009075811
0.975079802330583,8.46628735426836
0.492655253969133,10.9199187966983
0.398725094506517,10.9426738000159
0.66421016654931,6.51664036591318
0.358393047237769,7.02656138593308
0.152256382396445,11.5094372236127
0.283295369008556,12.8048187385867
0.194244501646608,10.6765875324892
0.57639422127977,11.8036995107507
0.084241927601397,9.71212287060451
0.505237696925178,9.17207035117667
0.211262938566506,8.40703502313517
0.30040078680031,9.76440440814936
0.0182184823788702,7.80963131433438
0.864316918654367,6.38391313473661
0.019129958935082,9.51931894553297
0.0340267305728048,10.3885676022712
0.455840347800404,9.62935251589018
0.474647847702727,11.1194887283693
0.337237377418205,8.71790197342792
0.773793719010428,10.2744933640092
0.316242786124349,2.11273602391793
0.601583532057703,10.5830805561283
0.500832583988085,15.4039027480509
0.355103876907378,18.3865488204399
0.712265823967755,13.2022622515678
0.078354410128668,3.28901046042746
0.18840896198526,9.54844982978312
0.0719022457487881,13.005670870917
0.5110869477503,12.6061500031499
0.514896783279255,9.00737259923877
0.311748115345836,8.03546646373516
0.0745200265664607,7.11809218725017
0.919483293779194,7.42042004566088
0.190929177915677,11.7872236487842
0.532508333446458,4.92043963348163
0.870255993213505,9.46193294454091
0.906682081986219,12.0308225656031
0.0459448043256998,13.9640822798882
0.82426766352728,7.24631344853132
0.751536468742415,15.6665773411901
0.293684315867722,12.6468105779399
0.283072816906497,12.7961725711925
0.642003271030262,10.6482689447137
0.966087936190888,8.08028961214831
0.209706092020497,8.58755304762013
0.77083677216433,8.94167246374172
0.372366523835808,10.260143042178
0.215150304837152,12.49604233081
0.84461089107208,7.13170744993673
0.927169636590406,8.83938425278162
0.363811745774001,4.75805174003585
0.369961473159492,10.5783194732698
0.731115548405796,9.54873394646693
0.601568480255082,8.70819301936911
0.892252400051802,12.8273263848293
0.122522777179256,10.7887021142697
0.864771151682362,10.7053732247243
0.185699992347509,7.73334516502183
0.300070957513526,7.59240633334357
0.392509649507701,7.26787628548274
0.96367677487433,4.65224570822178
0.810499395942315,6.69772914462115
0.197583681438118,12.8816951417435
0.893095262581483,3.42322468486261
0.373713120585307,9.89741464194902
0.224154179682955,10.7154471944385
0.861235728953034,9.92299190705434
0.272593273315579,9.53660599981202
0.962095117894933,8.5532554242277
0.925835782662034,9.35506835373544
0.265826176386327,12.0738714743781
0.426315484568477,7.93462673399881
0.0257534969132394,8.92418982281959
0.809322202811018,8.28118280729682
0.710896943695843,19.9555651600004
0.0471024008002132,10.633111783106
0.53078717389144,10.2097396919282
0.231797987595201,9.84760843293192
0.756158002186567,8.43594537737956
0.234308533836156,9.95890315563026
0.0516041910741478,12.4475808896188
0.939139479538426,11.8001296084208
0.864074747543782,11.6762125278775
0.0778602620121092,8.33603087964428
0.624083927134052,11.5858717581178
0.69111630669795,8.24483417411891
0.141740649705753,11.1620060649957
0.415177820250392,9.1460373347412
0.721432895166799,11.452464878216
0.801880443934351,11.4197237744568
0.388441783143207,12.1378209723584
0.0891215370502323,11.1205206592715
0.985471644671634,12.2722561059024
0.781901489943266,7.04912122830512
0.318799160653725,10.3110506763796
0.785290234489366,9.44794229964861
0.781026219250634,14.6945319016315
0.151291160378605,8.39833669721929
0.939333643997088,9.93799033978822
0.344063196331263,11.5371588217878
0.465593024156988,10.6584829601156
0.896721611963585,7.18143618100343
0.348668288672343,8.51485164588337
0.423748522996902,3.50555205967929
0.0664895463269204,7.80532837950862
0.418979909503832,8.98443236882489
0.940329226898029,8.40100502816111
0.971885949838907,14.585584325371
0.126060995506123,7.30900527876141
0.155503485584632,8.535827262495
0.171811558306217,7.11441381738883
0.552181484876201,9.33191042305544
0.577090387232602,12.0508366846105
0.325971863698214,7.93898562066121
0.484533889917657,4.98749611405512
0.186805494129658,9.71276264451163
0.726263827644289,11.7506081795041
0.581841201754287,5.9321593584342
0.069603904383257,8.24762599214017
0.877973349299282,9.12507785714457
0.342173850163817,5.90073425029848
0.143871735548601,9.36463834089848
0.999884977703914,14.206975354598
0.582097391132265,9.38821330075999
0.892176926368847,11.0591065147648
0.374012081418186,8.81127262105715
0.683569967048243,12.3206827171486
0.442574948538095,5.84266553696085
0.619560420047492,6.79085250564337
0.888823035405949,12.4118449391382
0.436495228670537,7.09509089265356
0.649885011138394,8.66684843084526
0.355065735056996,12.8735271608519
0.16531410603784,13.1516297464152
0.781975645571947,9.78100105476699
0.864920271094888,13.4752562491409
0.773730261484161,17.2702012592921
0.816872397204861,7.19494905666258
0.099586998578161,9.76272807884298
0.0519355246797204,3.73633547731673
0.919290971476585,13.6983550478767
0.937260412145406,10.6885811737604
0.813673369819298,9.14314214249876
0.065946108661592,10.9231874807963
0.764574086293578,7.62450180422284
0.383169560926035,10.2550441307349
0.598246449837461,11.8461027184799
0.0734400027431548,11.4772574614303
0.184528643731028,9.02068248475062
0.436166409635916,10.3562712153949
0.460251808632165,11.268430778218
0.805124956881627,10.2563571576823
0.785580941941589,8.18275552707322
0.238004235550761,6.9706063896335
0.194147635484114,9.51881043783878
0.296877490356565,4.78042292801312
0.666657851310447,11.627780357424
0.329551251605153,14.4095425931166
0.829843565355986,10.3930908285775
0.823730940232053,8.9855107482038
0.33192189806141,16.9299303177333
0.795873560011387,13.8938667057508
0.999444915913045,7.93607318988106
0.155415202490985,11.5473385595314
0.178334183292463,10.6075701822988
0.3141983167734,9.41766318090366
0.838184612104669,8.91292454920658
0.0618963092565536,7.29517003157487
0.337471297942102,4.72428068011578
0.839625024003908,7.6231510556613
0.506831856211647,9.62606017527357
0.209100092295557,9.78796250015737
0.233376492979005,9.45225907868167
0.390750228893012,7.62696380619543
0.376582263037562,13.1201040439178
0.856327674817294,11.0644836152352
0.119734885171056,7.05562932930756
0.981637104181573,11.5155765813739
0.427147863898426,12.4745036483632
0.471956692636013,4.38578598930407
0.816798178711906,11.135959250633
0.718803698662668,14.9094094320467
0.495548683218658,8.83574645712933
0.874188216403127,6.48307501596399
0.320709652965888,6.4048773648097
0.934184138895944,7.81905961780226
0.838349959114566,12.7137792695213
0.362999354721978,6.54576338078556
0.382772125070915,9.32196683052372
0.747911791084334,10.7062661640824
0.154870424419641,11.5445267594904
0.73173676780425,13.2233465723896
0.355100483400747,12.1175038714761
0.991906886920333,11.1552359793712
0.454810042399913,8.89607929519223
0.10447479528375,10.9890869830882
0.75244333781302,10.6517371621844
0.262050914345309,13.4636349380726
0.738212950993329,10.4643654516495
0.850523226661608,8.58813221500668
0.493272562278435,10.2422054087064
0.866163874045014,12.7466010705133
0.169931757962331,7.02773018669065
0.17236983240582,4.78445450555406
0.17473610281013,8.48642856770304
0.560576820513234,14.5123198064195
0.798725934932008,10.6236042140594
0.135446354048327,9.56693332349172
0.349579512607306,9.43905520445409
0.0557248832192272,7.83701592306974
0.8114856001921,11.4925539365297
0.286567644914612,7.98831399445661
0.274513058131561,5.14523785744216
0.141735961660743,11.1998697190957
0.067249370040372,3.39735159060151
0.942874335683882,9.46068100248118
0.398806717712432,8.59791015181868
0.164071123348549,11.2971408952343
0.869881988270208,13.9627229115075
0.0910765032749623,14.6505990906383
0.85609034425579,9.11542655761848
0.214331598486751,15.342916429708
0.336585311917588,9.00769161384761
0.63538290373981,14.2221697932958
0.710482125869021,14.4644879480169
0.697736020199955,16.2368271136438
0.876995272934437,9.1799113129538
0.678788148565218,8.0513136596733
0.0538352052681148,5.02949961126682
0.613582196412608,7.73398458539715
0.645598022034392,7.26539186524077
0.973834195872769,9.56787904082569
0.838140530977398,11.0716369536236
0.636928771156818,7.59119884484483
0.514279542956501,10.24975687481
0.739465876249596,7.86856258741031
0.553830650867894,10.4436999771093
0.409619774436578,8.90822860639321
0.378100207308307,12.0798546599141
0.500277165789157,8.97350415539963
0.477492476115003,11.466409037646
0.683576624142006,7.43475035261934
0.733052550815046,10.060838004202
0.69942472409457,7.23677655806831
0.952307652216405,12.3778278299874
0.0519476570188999,12.781063263408
0.839107066160068,9.6755451959163
0.0977019891142845,8.89315648766853
0.548882691189647,13.2624024458417
0.652754213660955,10.5373474013901
0.713698702864349,12.1232307048885
0.801595458993688,10.1721218343843
0.576768833911046,4.67836138103786
0.829662190750241,12.4131501275521
0.453161482699215,14.1110436133892
0.901813975069672,13.0259124264989
0.548461607657373,9.21780550800394
0.203986865701154,6.87241623744439
0.259186518378556,12.0012807567157
0.72127967257984,10.2691094629246
0.834693639073521,9.8035406822441
0.329048385843635,7.85288192398412
0.847396499942988,9.73228653919201
0.392326846485958,14.9545864059479
0.318246031412855,11.3230475219826
0.639999416656792,11.0364036014502
0.391289905644953,10.9201859611033
0.972300148336217,7.5219522276631
0.709024376235902,8.76844964360097
0.53111936734058,6.91109856742192
0.86846904293634,10.9834118268376
0.859144805232063,14.4341381858684
0.538858310785145,7.40714391033117
0.298938741674647,8.57113565477133
0.209836640628055,8.91369688829998
0.880926969926804,10.5298859182369
0.335792996687815,11.829613981986
0.972527745412663,5.21009732150254
0.67342470260337,13.2973779557369
0.87929088389501,11.4839962849223
0.116404659580439,5.61867316114824
0.88919659005478,5.9311123556476
0.263111080043018,10.3360785495549
0.658182839397341,9.41655652175949
0.943559187697247,10.6556516604441
0.21244952827692,10.6447335675553
0.0444309476297349,12.6513271209757
0.93469299399294,15.6593338908862
0.0882130330428481,16.8523776198605
0.0253274305723608,5.11093546797403
0.281283447286114,13.1563490348757
0.498794292332605,7.87931616428908
0.454991374863312,13.2736719215768
0.862229387974367,9.47165267577746
0.193887425353751,11.9572083579701
0.462444853736088,5.55983373598582
0.784728846978396,10.1428181633264
0.132252140669152,14.5261316841751
0.940206424100325,13.3264335865124
0.0319680038373917,11.9702836790014
0.473266861168668,9.26115725854409
0.0781338871456683,12.2645123660025
0.981739375041798,12.1946040384217
0.0250805099494755,11.6501184775783
0.0684853470884264,10.337511190833
0.681586174527183,11.7957503082806
0.527736300602555,11.6854383791795
0.321201539365575,2.55147232449538
0.249017562717199,7.68582296231543
0.36186963529326,10.2812206923594
0.143539486918598,11.1160380731932
0.0785533546004444,7.86431755939602
0.949803820345551,12.8134593396431
0.38684514304623,12.9769306625924
0.0453580089379102,10.5632780167324
0.396399844903499,7.10600796115186
0.240082252305001,11.0490860744007
0.484323129057884,9.13226408093036
0.285076648928225,8.80669996831663
0.183306327322498,5.00398895608383
0.0716061268467456,12.9833918613056
0.894239350454882,11.3107211250416
0.882807482965291,14.2334343398636
0.336616838118061,12.0102782556961
0.0734492733608931,10.7647490165834
0.694305207347497,2.4988795499764
0.18303212733008,9.20051072597379
0.238193988334388,0.441637484034992
0.198733759811148,8.80861472858731
0.216767946723849,10.4654828510477
0.975014052353799,11.3169975943398
0.916141286958009,11.1695655221956
0.234901364194229,14.545429842968
0.948481722967699,9.21867983179014
0.302937812637538,12.5379394206083
0.678889662027359,11.2433928003714
0.734478507656604,12.3150526009567
0.600987240439281,7.8047357769977
0.0983713457826525,10.303258305521
0.977113961009309,13.6350973497407
0.308070325525478,5.68067083033819
0.242947652004659,7.33785003468323
0.419516852125525,5.42492995112714
0.892729244660586,12.3443623888862
0.49662081990391,12.2102845511865
0.275322228902951,10.3699973285063
0.395181000232697,9.96392362027636
0.362222351832315,11.6246398041371
0.855668944772333,6.79191368593703
0.307507506804541,9.37691935393993
0.596164104761556,13.3950288458469
0.124477033736184,12.2578805937993
0.983178920811042,11.6299492848876
0.952822625869885,10.1708330960637
0.878816710785031,11.5731135395639
0.579232191201299,8.49107664091717
0.658185345586389,8.71892145672669
0.694919577101246,8.78053432115172
0.162778230151162,14.6775590351987
0.425010165199637,11.3999870535385
0.474757169140503,9.05302350065109
0.984616396715865,10.7129962587328
0.190945494221523,10.4518537170979
0.311794417211786,6.45238314972633
0.344578844960779,11.8035394065714
0.203085048822686,12.0050691713091
0.783862933749333,9.19584461909017
0.518387783784419,6.01234911194829
0.542744555044919,13.1438426841329
0.778853012947366,7.96266618399288
0.0379145026672632,9.18803124767549
0.946795987896621,10.4686699109303
0.129863935057074,11.2096910601295
0.655038308352232,10.2441631108891
0.409139275318012,7.68485361025703
0.947939836187288,9.69886356767429
0.442174216033891,7.02293584511326
0.511791932396591,5.64248708040744
0.924961939454079,14.7753056374509
0.628016664180905,8.59613509121976
0.691129416460171,8.40320461568541
0.575147436000407,5.24325009494428
0.384579590056092,10.1960980899632
0.592224603984505,6.15819309999235
0.0670905280858278,7.26312807940648
0.616667090216652,10.4517953483666
0.310727647971362,13.0615743570318
0.626169150462374,9.80271049639292
0.226624276489019,11.4989042055158
0.806024323217571,2.32243661644229
0.566570251248777,8.6017548075464
0.858646672684699,8.78592533041063
0.442203642334789,11.2781394345797
0.502042629057541,13.1783528198842
0.0152706382796168,7.08031919405652
0.0182236526161432,12.7913016348952
0.599463379010558,10.5066989215796
0.0860894292127341,10.0905128507582
0.901996511267498,12.15290552096
0.819593961117789,13.0126719451351
0.836864751763642,9.72912207733952
0.834495247108862,6.52497585747176
0.226828997489065,3.99400484830258
0.595704826293513,11.4946736143601
0.989071973366663,12.6566802974582
0.212207576492801,6.79398446500795
0.722693502670154,2.89582957170467
0.832998294150457,13.6389430817067
0.235404514707625,10.0363133330678
0.295939962845296,10.1452806033495
0.661108814878389,10.2241014377927
0.993002900388092,9.41345282195506
0.737446926068515,6.72719467699598
0.813754235161468,4.82962959322913
0.459969991352409,5.99248280230197
0.184622059343383,10.7786926907775
0.86499669845216,6.51834430980976
0.0917258190456778,10.8167210640329
0.903786872746423,3.39469019391303
0.938151411945,13.4601873327368
0.443047581007704,13.0626339114107
0.307908292394131,5.95454530355511
0.144231378566474,10.2879908511106
0.755342648597434,9.06221644429642
0.299288166221231,12.7282150906162
0.344583585625514,9.63662825113108
0.954286830266938,12.2094387026374
0.815190766938031,6.11295663888519
0.111771029885858,13.8322777385146
0.780222704866901,10.3410159302012
0.135755288414657,13.8007547448635
0.151155924191698,9.40405976889983
0.209896761691198,11.0787124308413
0.611292057903484,6.29991723164287
0.368929482065141,7.91481196816471
0.734268891625106,8.6928262981896
0.547506297240034,10.7438651351473
0.621454635635018,5.77162222936121
0.151332643581554,16.9828384537639
0.354161781491712,6.8590562076872
0.021801054244861,5.13141380698112
0.912249585380778,10.2035352398761
0.871983496006578,9.70935890845142
0.136026525869966,9.86348937267409
0.8137486288324,15.9862632367007
0.069442197214812,11.7198378543609
0.824430232401937,7.3390019004914
0.72283253329806,4.45177580463003
0.845477778231725,12.3355561961655
0.212963718920946,2.2769439700761
0.835241869091988,13.4141906089427
0.882248964859173,9.69909515964022
0.703679737634957,11.5968459338018
0.369826212292537,11.2381388636029
0.852494562510401,13.6581407471124
0.791043336503208,10.5660446993546
0.953643322223797,7.54041562022567
0.182847769698128,7.83038513595157
0.50906091183424,12.8340819215488
0.377154578920454,13.1973957455055
0.0412090211175382,8.51182438761915
0.823506734333932,9.55125345793764
0.122687056427822,7.92681294232292
0.183197163045406,10.361544707775
0.597833230160177,11.2311916645533
0.151713460683823,9.04254141070798
0.117190092103556,8.01962910453652
0.73480824707076,11.5981432381092
0.380933248437941,9.64209383301083
0.359681044472381,11.5658659411303
0.773302203044295,10.6617351482281
0.474027708172798,10.2654747386357
0.706137330271304,13.5635954295455
0.80182324280031,7.87208945335182
0.334777344018221,14.4092681829615
0.650183951249346,9.47901513591171
0.377515761880204,8.69301181576711
0.430253508966416,11.7117026931533
0.307542552473024,12.6403026721386
0.203493516426533,10.3299189245002
0.659424010431394,6.82375494649502
0.369001342216507,7.57036191946035
0.249946260359138,13.7902660765166
0.843712371774018,8.00749937784472
0.828949391376227,10.1986424207065
0.944953731261194,10.2748162953215
0.326255951775238,9.03866122596773
0.654769451590255,8.10408108636189
0.810946637997404,6.24092609863392
0.147012091940269,10.4952606393793
0.856444614706561,13.8988656671833
0.959776741918176,7.98973733693841
0.21131130005233,12.3980794740978
0.865233610384166,16.5003396733094
0.041881712153554,10.4404528299196
0.779846848687157,11.7951668771691
0.979970616521314,14.1595156790103
0.332333124941215,7.71371165064251
0.546383502194658,17.3753103674519
0.0267851264216006,11.9586191180837
0.592882226919755,7.41958631993778
0.998564042383805,9.06529916656132
0.276317774550989,14.3248663497744
0.948008929146454,7.45453069425558
0.0234359174501151,10.6704391502537
0.0279136209283024,4.36192759697927
0.539054876891896,7.71946288596708
0.676138665061444,11.3655598439035
0.445543654030189,12.5090598881422
0.00889235897921026,10.2003879530476
0.614601561799645,10.2053213647085
0.644887916278094,9.72120109225303
0.128727143164724,5.75011459955347
0.402368739014491,12.8681891191121
0.115520604653284,9.12216285991784
0.0605320825707167,15.1848377363625
0.249838876770809,14.0522672992476
0.883311161538586,9.00007726327696
0.101175053510815,10.6439163001033
0.4519147942774,13.4698184584844
0.565060961758718,8.70822260675794
0.535514551447704,6.95258070531949
0.588328105630353,7.43493854940428
0.465466413879767,7.97446887791887
0.969325683778152,5.18045377153157
0.68854918400757,7.25442726356471
0.0789853534661233,8.28879503082563
0.461724389577284,10.9251488919976
0.202145439106971,6.68047917270167
0.400422005914152,11.0204160551639
0.420326308580115,9.232716487536
0.0430007677059621,12.9768316821488
0.424368592677638,8.60181588646608
0.621700172079727,5.82950473105166
0.187778521329165,11.4054233697468
0.47339366748929,14.3489325611513
0.0493983025662601,10.4782057918848
0.580042797606438,14.5557858294491
0.329816549085081,6.28212561929855
0.344106426462531,12.1352010910966
0.075707197887823,6.91281749496393
0.346320828655735,13.8446016587593
0.548436259152368,9.94632577503264
0.390748068224639,12.5572575242788
0.889557461487129,8.23454335099822
0.274631836684421,6.36144945431067
0.167022017296404,9.41443071755686
0.115071800071746,12.3627202226209
0.94708558358252,9.22141322351123
0.985274007776752,11.7763235170308
0.458763256669044,7.14256898359434
0.332923945738003,5.02298783259984
0.111301511526108,14.0974450135074
0.740773299010471,14.3616476616117
0.621097593568265,5.14643845155995
0.643038408365101,8.71480778811321
0.272108074743301,9.99453192213443
0.159415623405948,7.36151553568205
0.428010913310573,11.3262209013859
0.0807618610560894,8.85378349693668
0.823864153586328,12.5788919530717
0.453820067923516,10.0854812881268
0.172276451950893,5.02700509324299
0.312373534310609,11.5080527197655
0.769820735324174,5.17773787800027
0.486349382437766,6.69889153669732
0.144070143578574,9.16232430067318
0.324167284648865,11.1116774343095
0.649465449387208,15.0455961401355
0.776760932756588,7.80719454118937
0.439896856900305,8.86425348532092
0.0411161480005831,6.91381385259626
0.682592813158408,8.09298108874083
0.840785291511565,7.57699851597661
0.142134872730821,8.90546452141162
0.228830862091854,10.9562789583543
0.98640198004432,5.27468951980302
0.626969605218619,8.3903904616867
0.21387988794595,8.78494716769463
0.695204711752012,14.0717076867254
0.556207019370049,9.85761664247853
0.503419272601604,12.2123769009577
0.0387179132085294,16.0760154638358
0.86256127525121,6.64169048688092
0.818707465194166,10.7034789606185
0.250168724684045,12.5887562693939
0.3214113318827,7.75692117731488
0.169652431970462,11.8115111910464
0.820634250994772,12.6701537868912
0.664667431963608,7.41267649788677
0.588318342110142,11.9664559616286
0.208745810668916,5.8338086620315
0.539541324833408,8.42205638609625
0.348511053016409,8.7167380397547
0.550087022827938,11.1735463149685
0.252155520254746,3.60797521570698
0.913458465598524,11.3736929747394
0.860062463441864,8.05090741612225
0.115195777500048,12.0246413984758
0.875524587696418,7.43066366170448
0.00685830553993583,8.14879275714185
0.035487474873662,11.1303798910988
0.774980005109683,6.66232136909383
0.0784011909272522,4.84147400385219
0.729052474256605,8.90318681395264
0.351257012924179,8.9626858917079
0.558680729009211,6.98001394902591
0.953571751713753,10.0590018759205
0.384399362839758,10.1973040025606
0.726378282532096,12.4438517185145
0.0675027980469167,11.9816787105548
0.74265432334505,9.53899838818098
0.708098445087671,8.52300106451029
0.987081276951358,12.8763670951929
0.649075677385554,12.6212426782157
0.836197613505647,9.50578363883974
0.0700219077989459,11.3626403971899
0.466869826661423,14.0140423853972
0.0786233018152416,3.94964213480815
0.488438041182235,9.95430683819553
0.402648880379274,6.23563880067338
0.65410600672476,10.3314157284853
0.893602816853672,9.95328731330527
0.662339831469581,7.03133527612594
0.877344627166167,11.4500627487257
0.0582980499602854,10.0535480057165
0.112951254937798,8.3324117024297
0.203057900303975,4.01504269256931
0.259220011532307,6.05211050947606
0.337677881587297,9.53129384143991
0.0538853865582496,11.820874917464
0.397638212190941,4.89051369392439
0.0324999128933996,10.3642024330466
0.718855129089206,10.5663274574164
0.115976751083508,7.60835292131531
0.664668492274359,6.67426994157087
0.690390514209867,12.5066264384433
0.490199093939736,14.4608637352736
0.852264184737578,15.2176842716993
0.757180210668594,9.96407380065606
0.536804949631914,10.0292037092156
0.748340968275443,15.8608529494182
0.421611185185611,14.7801563649718
0.778160659596324,10.1420367555361
0.755597370211035,6.94392463447872
0.897961975075305,11.2818679402264
0.0718798688612878,15.1430466214479
0.21802050457336,6.27537478820556
0.988827496068552,11.2649414080618
0.528912303503603,6.68256366396478
0.189030589303002,6.77041753279279
0.0164699873421341,4.31213368135053
0.347086815163493,9.10779167155142
0.595236467430368,8.8925164675472
0.861568328691646,13.2777392893228
0.764523385558277,5.4187500083969
0.272368998033926,11.134745755185
0.282739371992648,9.31638348832812
0.995511723449454,11.0586469716998
0.725444115232676,2.23172269524821
0.68387506576255,8.33657985566712
0.223444520728663,5.40525611736148
0.728868949692696,8.82226797976642
0.786795140709728,10.9296281646873
0.284200025256723,8.4685630428521
0.665628837421536,8.27717277579502
0.97051261831075,5.00329894412084
0.428989136591554,4.82208034986555
0.106655556475744,8.12584862967097
0.711929056560621,7.67782800666497
0.395195448072627,8.45737299905042
0.512735108379275,6.54429539182862
0.639749315567315,7.14998092383422
0.528838945087045,7.77347398783735
0.775319339474663,9.39073696120162
0.13382429513149,9.46715343562129
0.444121343782172,11.1961599759388
0.204286051215604,10.3984269681884
0.65681284177117,9.55413343874236
0.179227402899414,12.3600426101039
0.171534712892026,7.99766669150275
0.970116707263514,5.7666437807343
0.427157909376547,9.53657124577474
0.347339529776946,11.7453677318524
0.611167218768969,9.46472620890607
0.0987330512143672,10.4075781252216
0.89440322201699,9.6088109527249
0.386449624784291,13.6564615379078
0.248917483026162,14.0807658609105
0.185023624449968,12.9230567686949
0.719240752281621,6.4294688392796
0.662205061642453,12.213168898249
0.667071241885424,9.43820127883737
0.465172256808728,5.93369509222074
0.239191308384761,11.0725853219941
0.485140243079513,12.2691789453196
0.669339929008856,7.97560695397079
0.798759806435555,10.8361521680507
0.886348529951647,8.94613156633718
0.473503398708999,4.73874071216136
0.00956524489447474,4.69329260754144
0.443775085965171,10.7901232760146
0.40296297124587,9.01094914218041
0.250814001308754,14.5897132961117
0.92455691518262,16.3006303337958
0.817405647132546,6.36115691698742
0.93936753179878,10.1354450689812
0.760034161387011,9.5160685229277
0.965056522982195,10.4624425684331
0.213894568150863,9.69920720481192
0.603809705469757,6.39988286111276
0.905938915209845,9.17938914313011
0.543982709292322,13.1383635556361
0.028634537011385,8.51979622909837
0.912973446073011,11.8265817937657
0.782175949309021,7.25531138484052
0.524718403350562,9.52779653546476
0.892709323437884,4.96477427323691
0.231077939970419,5.88035002392207
0.339369600871578,9.37135809214243
0.96711793448776,4.43800401688106
0.304040976800025,10.8498952536599
0.229178983252496,11.5768028524681
0.926811272744089,9.50808902763891
0.778280687285587,10.0382671976713
0.804542627884075,16.1816502146383
0.0280065482947975,5.20509977934573
0.644803615054116,11.5288403280724
0.35832087486051,6.42649044245527
0.970951968571171,2.9645448179283
0.761114809894934,8.14616462411803
0.577150684315711,11.4824043628685
0.289075739914551,11.4274750671857
0.964678106363863,6.00159467598584
0.289426043629646,11.2583577959935
0.389605868142098,13.9679122496859
0.458000188693404,11.7619122449366
0.683345607016236,10.3496439325045
0.50908046332188,12.1804832024237
0.567431868985295,10.6038495594145
0.132666207384318,13.0273016817105
0.474369928007945,5.85989912921145
0.889944263501093,12.9274137023563
0.466254225000739,13.7929733601857
0.465651090955362,16.1693105222192
0.848157833097503,8.4675275487085
0.48941916716285,11.1820351294326
0.444140405859798,12.5539955797902
0.880703888600692,15.409158011148
0.910915940767154,10.668709036236
0.138683919562027,8.74715014241873
0.0734256675932556,10.2185069138334
0.542377319885418,10.7263202536891
0.504778712755069,10.2912766120748
0.979810727993026,8.89865218356135
0.812272964278236,12.3650597788337
0.735491186147556,7.993700604627
0.298635621089488,13.5075980215698
0.543530379422009,11.7537197685803
0.286098521668464,13.2961489797501
0.379682892467827,13.11450489115
0.465561284450814,4.06041061165798
0.997201242716983,10.9137201516253
0.319417809369043,12.9430511361201
0.105115094222128,7.8196376434994
0.269604407018051,8.51472902449495
0.317821418866515,7.80273497727127
0.978288887999952,11.8720224866267
0.92989859264344,8.22825969695698
0.447010265430436,15.0068175996936
0.926917527336627,9.02234334776819
0.266356384847313,4.95993223161066
0.79233519686386,10.7235450874718
0.663681955076754,8.44283372221883
0.653824482811615,7.83710441605437
0.883813669206575,6.06393906268165
0.309148639207706,11.4459844618588
0.688071015058085,13.8085042024087
0.394662952749059,10.4263955438663
0.31226268876344,10.3088763977189
0.667887180112302,7.25307885313856
0.0834999505896121,9.54531622489457
0.476477680495009,6.17825742965392
0.885645142057911,6.29954959288374
0.354788614669815,11.7581700100831
0.0689678422641009,16.6458961336186
0.461625329917297,6.89390953815148
0.100316000869498,5.19490456573643
0.232505271676928,8.56128122503551
0.651894343784079,12.2757891654187
0.778391835512593,9.5978254707205
0.81679941015318,10.4243267840272
0.983259157743305,10.4936027802906
0.873600769322366,5.67974933205063
0.796103121479973,9.80034368638367
0.849369879812002,11.9694140343829
0.777017951244488,9.73984061780435
0.883495124522597,10.2926368533025
0.172676420537755,9.75162363193299
0.0331647510174662,11.6230691134507
0.623804682167247,9.56482648832104
0.0854356472846121,10.5432779083123
0.451094812713563,11.197780203734
0.204944936092943,12.1233868600849
0.180951729184017,9.72019626686929
0.581433128332719,9.47666538874581
0.730038428213447,7.77839655783408
0.581220531836152,12.2797723130522
0.159855815814808,9.09570164485515
0.317643559072167,12.3965525716147
0.0818979465402663,8.48492116504956
0.719731150427833,10.001633887316
0.779292575316504,6.41682845706478
0.166575346142054,13.9609210409896
0.559013437246904,12.2692107373025
0.85377104068175,11.4133892114519
0.646988839609548,7.04539083188114
0.0474152965471148,5.60658336907208
0.23402547207661,8.64064709299645
0.641715224599466,6.48835600473926
0.917049545329064,14.2339295543243
0.679811117472127,7.23398231512867
0.538236287888139,12.3497449217835
0.996270964154974,8.30457433610438
0.510011037113145,5.68774654306015
0.901465939357877,10.9111098199772
0.187660106690601,10.1308151309754
0.598307132720947,8.74815619250706
0.658389474498108,9.44054743415815
0.731059262994677,5.42640406832958
0.508445006329566,11.534835358679
0.830905155045912,8.2974895149568
0.160480783088133,14.1982568706603
0.495578831993043,8.89702240333893
0.221390181221068,10.53481024662
0.142937287455425,11.883127997978
0.0805638669990003,10.7607685810941
0.145632667699829,6.20376191896478
0.338404047768563,9.27039356853822
0.693215930368751,6.34446983366728
0.927768457913771,10.793653887111
0.711804375983775,10.9557687447465
0.39804251329042,10.0426543639364
0.442498977296054,10.6765669575324
0.388303729938343,8.24231365299537
0.115261483471841,8.4079922822025
0.184453532099724,7.26321967515933
0.524348974227905,7.08016563631069
0.0463615388143808,5.57281871127548
0.819088155403733,11.2847139651378
0.85434373584576,7.85607945169034
0.544018294662237,6.68936861995414
0.557102203601971,11.6768691110988
0.21750507154502,9.31188055751882
0.749967065406963,9.8089330292067
0.844748953357339,15.2650827515589
0.71818108856678,8.79865266820772
0.685231144772843,14.7351836241659
0.159803798422217,9.85500828367589
0.12502077803947,5.57978184554448
0.145980252884328,9.25877761188335
0.580731554655358,6.04281423571407
0.341771858045831,12.3223959506992
0.0542000783607364,9.1333006001807
0.042794048320502,7.00153435742773
0.133570645935833,17.7172712104171
0.0958059187978506,13.4536661192695
0.293645913014188,8.33003076835364
0.986165942857042,18.9978235178075
0.834197572199628,8.83887850909792
0.533591943327338,11.5635464210856
0.00993589288555086,12.4391975454167
0.569011765765026,6.66967945927379
0.233292764052749,8.14322217983237
0.850680434843525,10.647640044277
0.296921992208809,12.7385375911379
0.638100791955367,6.74607267858904
0.536709637381136,13.5827966420452
0.0576964044012129,5.67769186560764
0.142487343866378,6.67374326085069
0.0431133243255317,8.45946939449736
0.768665818730369,13.2075805373209
0.126829995075241,10.3979474192479
0.499648354714736,11.275190183672
0.473553268471733,16.2920670203615
0.674107893835753,10.8298761674201
0.260618121596053,14.3108286246383
0.819749763933942,12.6820102760224
0.142490129685029,3.38566729350922
0.238129122182727,12.5300203750242
0.677866453072056,13.4116858725431
0.318925339961424,11.6514932957572
0.110294970683753,6.30063604277848
0.560284110717475,9.97739943941649
0.349959251005203,7.18943976726811
0.0207911927718669,7.68114303595013
0.0194776568096131,15.8665411122025
0.687255589524284,14.809069993177
0.317724738502875,8.78214331387109
0.507460121065378,9.01225126999008
0.405092007247731,14.8519502984368
0.877293728291988,5.51244246724983
0.00523759401403368,11.6802883533773
0.0523502500727773,9.37236091445834
0.130849312059581,8.32460389917832
0.601085695903748,14.398345598168
0.89361871778965,13.4370372657419
0.107149442657828,11.3510516359391
0.694915948435664,13.1743092321542
0.229908081702888,6.74979752016611
0.233225808944553,12.1013445830068
0.809020919259638,10.1527242084313
0.0656344266608357,13.5963331235653
0.315309287281707,18.0059023465016
0.963102517882362,15.8707331137476
0.950185464229435,8.87340849505909
0.483039136277512,0.900070234442961
0.967099293833598,8.47386739944684
0.992079233750701,8.46669786536269
0.130000264151022,6.13485099598136
0.989426843589172,9.15560202254639
0.409025960136205,7.67254565725663
0.774236643221229,14.2927140527641
0.581481589237228,15.7579306488893
0.777828908059746,8.8570525488825
0.27098905807361,9.29437139610063
0.0547441290691495,6.53952886999097
0.229060623794794,4.5934559775829
0.858464217977598,7.79614121572124
0.860605884110555,13.802945819417
0.629684176063165,10.2468110006734
0.381670764414594,10.7486190508474
0.377362146042287,13.2337710641234
0.140950323082507,10.1599469335045
0.251785454340279,9.13900544007245
0.954355248017237,13.5711418542158
0.12239027582109,3.37128205237913
0.36570108984597,11.5838743698659
0.70853104814887,5.04102281801694
0.324573872145265,11.6065104579922
0.534539844607934,3.16596825358681
0.889102378860116,7.11835810541372
0.955413641408086,11.3712220865833
0.204860956873745,8.96846624120992
0.678582737455145,8.18754349323741
0.326410469831899,15.9704570296049
0.864996657241136,10.0049409419867
0.960631941212341,6.21757467491727
0.000783584313467145,9.93888579928175
0.29501346196048,9.92267923075275
0.570363883627579,8.18029124613061
0.688204225152731,13.1317587653941
0.921340823872015,9.78892818376298
0.412592891603708,9.4055795668117
0.44900526246056,11.7825817531533
0.379188876366243,12.1629455668917
0.586373553378507,12.1008012119503
0.00201512523926795,9.8855924825039
0.087469334481284,7.99772845180108
0.483763060765341,8.13070877689762
0.174472288461402,8.66622872399158
0.0621527719777077,5.87485707203463
0.806619274895638,13.5161132341946
0.949417471187189,11.16495611764
0.699119122466072,9.04091312016988
0.0213086095172912,7.39694033278453
0.272203759290278,5.14388172597968
0.225805526133627,11.498039019197
0.412977561820298,13.0929607715569
0.37981798988767,9.63102405864595
0.082361550303176,4.4192892168908
0.112020221306011,8.17876705489143
0.88712330814451,11.008355264875
0.189180879853666,11.1022075171394
0.635138061828911,12.3136806131042
0.159689903957769,11.9735405046829
0.471612475812435,13.3863172576762
0.502399855758995,12.7819471067999
0.17731718160212,9.14594016431084
0.880799296777695,14.1035841822618
0.470496355788782,10.3495695841372
0.976768728345633,9.87531963513396
0.508946786401793,18.7395378155342
0.68960010795854,12.9781793260054
0.691216887906194,9.23628782893105
0.83542930171825,9.99793237810502
0.888177572982386,11.6070078551414
0.179040536750108,12.4873838782336
0.534223460126668,13.3588207351237
0.114756007445976,6.40065571032518
0.970324042020366,10.19349068725
0.819447748363018,9.08800987570047
0.232049969490618,8.2761841043529
0.79713847162202,13.0799666668879
0.65557044534944,14.1647770900584
0.532131717307493,3.25411750232468
0.9439702834934,6.79015960684634
0.30724142678082,11.1167266741799
0.23386179166846,4.97647284003928
0.37807181221433,6.82572188046306
0.567597711458802,14.136357330968
0.294181996956468,4.64198403854398
0.483623667154461,13.3684711827839
0.918440054170787,14.3491343240917
0.393936511361971,5.43134798612126
0.876337954308838,12.5153187638736
0.0373381366953254,11.6435052008532
0.445539444684982,13.3999402487826
0.663329115370288,7.04722590479354
0.0864118842873722,9.47625754377497
0.457539197988808,14.6119790768317
0.605304719880223,12.028857454775
0.621251602657139,11.7246240344811
0.628188324626535,13.1590216275086
0.548837160225958,7.67812444247253
0.595172895351425,8.63317127483788
0.299471401842311,8.25179755950578
0.727936469018459,10.171230714423
0.351582805626094,12.645906658013
0.936507189180702,7.11343384973622
0.851854090113193,5.98537005508869
0.672904526349157,10.7005867133306
0.897570211905986,13.1914746023181
0.933829153887928,7.6608524496345
0.323090514400974,14.5763598546266
0.860754119465128,14.0306729728295
0.635873213410378,12.4761690807163
0.327317568473518,10.1221560650994
0.327271529706195,10.8067325153864
0.342209693510085,10.6843545678595
0.169687760761008,7.48614687857007
0.158110158052295,9.10341188401105
0.139993683202192,11.0489832281807
0.120690342271701,9.57245028198212
0.446134420810267,7.3699099655279
0.0647529447451234,4.19957567394972
0.261822090717033,13.0507472569138
0.343260214198381,13.7179211268201
0.121453169966117,12.4204158097768
0.699512233957648,11.7744310489884
0.87823634291999,10.1647351813205
0.915387979941443,10.619494620813
0.00317384442314506,10.1085165926555
0.349975561723113,12.8162458868268
0.555069552268833,8.14399918598122
0.414820639416575,11.4693672680669
0.262030061800033,7.97267632353047
0.115468270145357,11.6954003432678
0.913927023066208,8.29559134587737
0.0387060539796948,8.85284509059032
0.0191676178947091,7.27030372269511
0.976361216278747,10.9924251505675
0.874643374467269,8.43126298398107
0.706066064536572,9.22618577924742
0.0260880133137107,12.303815452832
0.0953066530637443,11.2007282092016
0.356631594942883,8.73542827438586
0.213291264604777,7.12259504482342
0.303117653355002,10.4121259509032
0.735411131521687,7.52951783494561
0.39641066128388,9.14727805357666
0.388449353165925,10.9711008829899
0.113487546797842,11.4704834716358
0.541109316982329,8.98038955685721
0.588312750449404,9.27331027099717
0.209269366692752,8.5159719914763
0.60972828255035,10.526596611327
0.858137254137546,9.94859358140205
0.322590530151501,13.4885940174139
0.948853289941326,8.11253011727656
0.602571936557069,7.62174984569504
0.0569898972753435,14.459967670741
0.187011115485802,9.3877568129548
0.774631591280922,9.76444436092363
0.218058642232791,9.7403197408088
0.468523038551211,11.6570263236374
0.581890729255974,11.1751057688453
0.775536229833961,18.0195639313742
0.997027711942792,12.0522576715257
0.731340104015544,10.6915341186254
0.671315990155563,9.87572851334744
0.00964023964479566,6.89054111799527
0.627921366132796,7.32610641945093
0.487059823935851,8.68271607125931
0.332580151734874,10.3230199102504
0.962646382628009,13.5966593221583
0.0971070532687008,4.89337640631578
0.467463848879561,8.43908473718241
0.905905393883586,10.2625948558224
0.214090008754283,9.66897925087207
0.547906330088153,11.756348029077
0.0551382913254201,10.1950535563655
0.985549047589302,8.91287153376108
0.0152022060938179,7.63578218279833
0.11327833449468,9.59137324180356
0.428546945098788,12.2907283022243
0.595996537012979,10.3014507639923
0.0832875480409712,10.2200537638868
0.0388136678375304,11.9156149897774
0.11921439669095,11.0961772583268
0.241376073798165,5.75026968575896
0.954185663256794,9.48912607262304
0.430624081986025,8.20995709301943
0.210862781153992,7.98839401317289
0.540074666496366,6.82177093036819
0.818735903128982,14.1315928714575
0.751606872770935,9.09282431809331
0.839813935104758,3.53496494632729
0.15750852576457,10.4229004928231
0.0266294574830681,9.65322891819258
0.0775127040687948,9.44501651816607
0.280173470964655,10.1754367772147
0.855893056374043,8.08589653962228
0.0867747473530471,10.7744806193195
0.860612160759047,10.4677766780791
0.239426719257608,12.9703947512552
0.365932529559359,5.74132473067327
0.721401884453371,6.11456159831711
0.136782589834183,13.1518266823353
0.0628079357556999,9.20157408293392
0.451760760042816,11.7985332225541
0.207548761973158,12.4786847034523
0.473540317267179,12.712249394398
0.25736775691621,12.4503309194215
0.180012159748003,15.6549653580041
0.802558105438948,6.75785398592385
0.987421006895602,10.6692869369364
0.0836967756040394,9.50882449211103
0.927817159565166,13.0363657490213
0.681983393616974,12.5181733948087
0.592573873000219,11.9779123391754
0.530514169018716,13.9609114560907
0.668072431348264,16.8500359930717
0.99539719405584,11.5124382236059
0.269799070898443,8.1253526121043
0.219874892150983,11.2502604467671
0.896658163052052,9.44997054104344
0.464896843070164,12.6092245587546
0.127846900606528,8.45202909603125
0.395042663207278,9.13001071598252
0.706686468329281,14.9768329085741
0.580885191913694,9.56117589118674
0.858173019252717,9.45791527518305
0.674515848513693,5.89978114160673
0.992643956327811,11.041513502117
0.0323379167821258,9.07120072223207
0.371588065754622,12.2656623122006
0.555493871448562,5.46495070575978
0.690943795721978,10.843697051683
0.473573150113225,6.56696911531803
0.646316840313375,6.37859938431567
0.613199100829661,12.7785072798092
0.707826512632892,8.33806630945594
0.697681988123804,11.3098352974413
0.739610079908744,12.7860218081185
0.396084823645651,9.33049004899356
0.664383840514347,13.8539198172907
0.197705085854977,12.4065584416539
0.496252580080181,10.4720875978081
0.828621681779623,7.03704709510288
0.783360302913934,6.82939165347377
0.344582519959658,9.7209555869749
0.552667174022645,9.77340260689021
0.596344547811896,14.1246806207181
0.775466595310718,14.9248075528174
0.663945499807596,11.0662485272625
0.824890860822052,14.7919758027461
0.153397359652445,9.1726814690293
0.499784671002999,10.4385305093783
0.781767461216077,8.79164091189878
0.894895777339116,14.0496441427338
0.236860742326826,13.8931551279788
0.528437192551792,10.0998141751232
0.827757055172697,7.50122185570449
0.433530377456918,7.87468695026244
0.126688095740974,10.5265291385932
0.177541867131367,10.4133488474975
0.805568846408278,9.70598061268439
0.958718961337581,15.5356514289501
0.0508807285223156,10.0468413580596
0.227081435266882,11.20527993868
0.874301119009033,7.05790168934186
0.22709385631606,14.8942982147907
0.529390357201919,7.89503619126121
0.286074546165764,11.4970300711682
0.927528752712533,9.1481316944446
0.540993891889229,13.4376875190868
0.187014748342335,12.8536468038417
0.869306020671502,8.28867001069371
0.262943814508617,11.6765810337156
0.778556746663526,10.7141996849255
0.632619773037732,10.9391792614568
0.115911914035678,3.03131326009865
0.58325649285689,7.69029525262645
0.620237794239074,8.41952733552108
0.488417338812724,9.85414336733825
0.47131798020564,11.5156021243605
0.0306361620314419,6.83168640258442
0.280502713983878,12.8767326728005
0.984255386283621,9.29931127899559
0.605443730484694,10.202124588562
0.0719731044955552,4.40300268693226
0.698650059523061,8.3849534143677
0.497428383678198,15.1134190140151
0.382096311310306,12.3593613566519
0.197846844792366,6.81176725306093
0.473087185528129,10.2654816221498
0.0300370324403048,6.83993931233579
0.453887353185564,13.054979570369
0.725842901971191,9.51335957429019
0.410187068860978,8.65332658004179
0.0100888069719076,5.62827755724352
0.46513713314198,8.49944561575941
0.418361294083297,11.5490905064399
0.167991913389415,9.15838516901804
0.858395314542577,13.7357086697975
0.650255688233301,10.6423384720332
0.629362501204014,15.0137351036268
0.165991844143718,11.490899994914
0.230040152091533,4.20411648861643
0.994048658991233,12.8118666375849
0.508766746846959,11.0733780183318
0.554313719039783,10.4517382820471
0.146638811100274,9.60508315378324
0.837936784606427,8.05341894126108
0.580008081858978,13.7676943175532
0.764430015115067,13.3385805227078
0.0227459631860256,6.94841298993015
0.723224963061512,9.9702624588672
0.184770500287414,10.3289015693985
0.00529988808557391,12.1441828189426
0.843265706673265,13.2572425206754
0.39271472627297,6.04216976495202
0.591271782759577,10.50662941317
0.586798904463649,4.24670795250023
0.30260326503776,7.36486812307715
0.180644236970693,16.6949064240083
0.312786599155515,9.36179100775255
0.467328645754606,8.94520007752465
0.977401374140754,9.04301088205899
0.448219232726842,7.79045547905681
0.0758127081207931,9.95895341883564
0.194286475656554,12.1210547689659
0.994993917178363,5.79356583191338
0.9225855586119,12.9780832729691
0.463542946381494,12.7167143008851
0.202899959171191,9.01720613099874
0.86214047879912,11.6319140343207
0.162486212560907,9.21032710168991
0.525632893899456,5.58836087240287
0.0532268325332552,11.1514260935398
0.726550046354532,12.2918806351292
0.295594936935231,7.50535077324285
0.12442410713993,10.252192121298
0.612603196175769,10.9186646417435
0.637102638604119,12.8171864781211
0.366652311990038,13.0499722234684
0.093965103616938,8.22231690442529
0.544354374753311,12.0466970685659
0.964739664224908,4.40604545747514
0.840716995997354,11.5296740204004
0.837480869609863,8.083902336082
0.854302089428529,9.37666127683288
0.992494206409901,10.0890729384957
0.340680720983073,8.11031777510727
0.658207235392183,8.54297947071425
0.187761264620349,13.5787508678759
0.803821913665161,8.48653994388079
0.720976103562862,4.43038488640847
0.00842854357324541,10.6962962643281
0.774732552003115,8.90363540919007
0.190222263103351,15.2273411527287
0.113132199039683,7.73828703688886
0.265332671348006,6.66646532947619
0.549353889189661,11.6272453397533
0.568257128586993,5.9805719299801
0.870821251766756,6.06716367529562
0.946196055039763,7.98555347929856
0.643772304290906,15.8865617048552
0.530159874353558,9.52501309447369
0.783093767473474,6.58595911719442
0.6144822568167,6.52712951337331
0.39423558767885,12.1589777526468
0.312744625145569,9.73535470983954
0.46312800119631,6.18052762553318
0.230606051394716,7.53245058129755
0.587544784648344,10.1880978436639
0.858721951721236,6.45411227282755
0.33758168364875,9.78977112774472
0.723416787572205,3.54057367289766
0.0994534117635339,11.855123512891
0.668825190747157,10.4339179279222
0.936887085437775,2.65630952931459
0.157988359918818,10.6307566053169
0.659820556174964,7.20124024321895
0.712539461674169,10.0144551874844
0.82635536743328,12.3638956833511
0.727967041311786,12.8735761838015
0.0814258488826454,7.69002472381633
0.446583729004487,9.60103796336992
0.0552286540623754,13.8474023640979
0.162276004906744,10.9454094856078
0.333033190341666,11.2821523299295
0.602250145748258,10.9767775806427
0.838411114178598,4.35407230360978
0.0924471947364509,10.2627208123445
0.738302400102839,14.3274293367826
0.716423008358106,13.4900988808617
0.845874347025529,7.35004392526952
0.685436803149059,9.51182971589854
0.0198053286876529,13.0170153251304
0.240572102600709,5.60199469915182
0.427765262080356,7.13861827806077
0.825296123279259,12.2775239213298
0.891254381043836,13.9971452805228
0.262635004706681,11.3607792685098
0.135155654279515,8.34933513203668
0.192994142649695,12.654069011034
0.535016948590055,9.35408568097497
0.412248541135341,15.6290855241188
0.137904044240713,13.2833200762085
0.510665821842849,8.2219497447808
0.48918704688549,6.20189016484467
0.941340813646093,11.7169955009124
0.620561020914465,12.1282387037967
0.864267566008493,8.22208701092964
0.487125483108684,9.37117579930358
0.586718091042712,8.47388867690764
0.940421514445916,6.82638670691573
0.576139231445268,4.12616392583277
0.861075905617326,8.74601598860471
0.828802837757394,12.1469154648028
0.934426146792248,9.30074431795244
0.472618862986565,11.6369672715195
0.851359567139298,10.2723314740933
0.351915494306013,8.71788779235546
0.83707322482951,5.74131975851685
0.51505229016766,11.0308712559734
0.762693261029199,12.5198380813535
0.435024634702131,14.4226475765021
0.0803906051442027,16.0462915365518
0.567305021453649,7.44602049492375
0.543476597173139,7.18240718701419
0.118332766462117,10.5984044769836
0.794727005530149,6.26546377201219
0.884384687291458,13.9376398936275
0.199039631057531,10.2737966612673
0.134929695632309,4.73780907818842
0.717350424733013,7.06645662357075
0.888401594944298,10.389412360434
0.082918637432158,2.83789588185969
0.833712715888396,9.48690620546395
0.966008461778983,9.77161551391552
0.267564814537764,14.7715548052084
0.118448333116248,16.91278136688
0.191419637994841,6.87975004715868
0.56313039152883,9.93196362445562
0.371588251320645,15.450405442437
0.617236997233704,6.60057049891019
0.482151272939518,11.6849961845043
0.0862703607417643,9.7743339061736
0.911038603866473,8.10900687611616
0.468683452811092,9.21177586982337
0.969113927567378,12.2558460032924
0.677073101513088,14.9728827913329
0.674503817921504,9.9821408982027
0.323464463232085,12.0235130222039
0.945484410738572,13.0140403831069
0.794052115408704,12.139830686549
0.517464593984187,9.89220488383603
0.855762229533866,9.1791869723053
0.856575789861381,9.5434537744335
0.734926298027858,12.3242382501691
0.760562889743596,14.8979452426819
0.0514949299395084,12.0996699589983
0.0962871306110173,10.2447903955234
0.604473423212767,11.2788632165141
0.709161403588951,8.07330357798535
0.970804590731859,11.4330515057717
0.678164533805102,11.0883100501834
0.288761845091358,10.0724789835366
0.421545077115297,12.8277078039522
0.788666708860546,15.965923721534
0.712007429916412,11.7653279801957
0.459917835425586,13.7344026571453
0.536234385101125,6.71536720976681
0.970681152306497,16.1497924486268
0.969192259246483,6.97148345347552
0.333315953612328,12.4322145915345
0.400862146168947,11.3456412282421
0.611707625444978,8.82535997859634
0.167619186919183,9.82937456296225
0.981822674628347,8.44967912054955
0.0183865374419838,12.5514550158836
0.817800515564159,7.97888860508591
0.88194402307272,12.2878312084224
0.76124488003552,7.74335616608427
0.265490240417421,14.851138303939
0.850391265004873,9.61207693571552
0.39335029060021,16.0834385227757
0.8698311583139,7.37149456839965
0.706763455877081,7.94715356319816
0.117570157162845,15.0343215956342
0.161186241777614,11.1730072302872
0.0202540569007397,9.8410742026386
0.840357098262757,14.4116339284842
0.0825988375581801,9.81071084864179
0.929455472156405,9.58422008987063
0.546658826060593,12.9001420575195
0.467354218475521,10.2276462506308
0.0481208742130548,13.5973174122114
0.0511935988906771,12.9743274568366
0.177084951661527,13.5535725712431
0.476439092541113,9.32354613172162
0.817717331228778,9.21563801550368
0.787138653453439,7.14545990426452
0.0810704592149705,14.7906055194271
0.250383098376915,13.0288084744771
0.812374385539442,10.1057493918998
0.380900049349293,10.3214959773053
0.101102355634794,7.79356626260979
0.869180062785745,8.03659165376763
0.196858315961435,8.10562113258102
0.450358283473179,9.27017821748714
0.987155662383884,11.0401901713757
0.449948880588636,9.97869930477491
0.580543239135295,11.6530762786652
0.260141341714188,8.17733846620172
0.682517908979207,13.7463836980577
0.235936981858686,7.80804925903538
0.592962532071397,10.6549035981428
0.0107769831083715,13.1015975833816
0.591668058885261,9.86184923277639
0.343830969650298,13.3394226907462
0.946277668233961,8.38596983227985
0.495878357905895,12.7574303565526
0.102071095025167,13.0269311562851
0.246335609117523,7.35402531484048
0.37326223240234,6.51695088041662
0.963433384429663,6.10208902226568
0.0103072784841061,4.50059210405487
0.743127694120631,9.82692296230102
0.0348660035524517,8.09877369260078
0.997164419153705,6.94148242609957
0.284594380063936,12.6235263679231
0.639307882869616,9.8363393153463
0.330661503132433,10.3983660813756
0.535608436912298,11.3183047539388
0.850856996141374,12.4868567511956
0.444160130107775,9.88887130920415
0.599162270314991,10.1106148847397
0.207305216230452,10.5915891246679
0.811366875655949,13.9724846868879
0.467550748726353,7.32604844408443
0.895516359014437,8.68079114745171
0.928906833054498,8.7283171640173
0.530518720392138,10.8161544692804
0.22255109809339,8.34506232697423
0.913703735452145,12.1201979317512
0.288833006517962,10.430056645948
0.8672806173563,11.4427149517203
0.972681612940505,10.4283900882935
0.434453403810039,10.3023546803208
0.798271649284288,10.0892759197813
0.61130684055388,9.44495205721604
0.633883219677955,7.77460318706811
0.47082144068554,8.28263626620202
0.820910760900006,12.2203693138273
0.267551419558004,6.19377292729812
0.34157869941555,11.8062135304802
0.786884868517518,4.95015881197626
0.750487030250952,12.7653827691066
0.342364542419091,10.4995765823352
0.510100395651534,10.8655632601508
0.027549205115065,11.6061201165827
0.225116453366354,9.41571810598965
0.0449970602057874,12.8698332843254
0.709997178521007,11.276188960432
0.878844592021778,11.8849291902867
0.183741606771946,10.2508492730678
0.150918191764504,7.9940641677521
0.654083577217534,10.2980242203449
0.461512794252485,15.6811607272409
0.836152896517888,6.63726524038799
0.471790279494599,11.7992729262097
0.681966043077409,5.45429948847963
0.52744211582467,7.14310257087187
0.190164681058377,12.8811584503293
0.907619323814288,11.5061545705348
0.718400339595973,13.7341603691545
0.268951806239784,14.1656670464032
0.345927813556045,9.56361354140349
0.14552195975557,10.4228530525322
0.456438930239528,12.8807922357701
0.258268324425444,8.73739449391109
0.711703203618526,10.6980620820438
0.900567363016307,10.6697420495685
0.905842091888189,12.8055472540138
0.736246048938483,9.72441465774261
0.430657293414697,12.6183468395478
0.454124022042379,10.0501495627118
0.99687438737601,9.04320566192778
0.183427364099771,9.07633905908871
0.335544530302286,12.6229691068848
0.217898979783058,11.8502700144976
0.757132834987715,9.19135736898881
0.505366537952796,10.7233897026018
0.978989296127111,4.97100753816438
0.530787045834586,13.1562560438421
0.174113742541522,11.6122338859114
0.438943632878363,12.5976342799382
0.088033129228279,5.30368350772028
0.147720172302797,12.0706893565201
0.410918734502047,14.284045937172
0.839904606807977,8.46718658752806
0.252326378365979,13.193157238897
0.747735129902139,7.39522028703087
0.890473648207262,9.63833937116827
0.12172153335996,8.45850125753077
0.394857707200572,5.81278789703039
0.165254866937175,9.14004679161662
0.908053752500564,8.46660165844619
0.995705776615068,6.49055845471237
0.639475837815553,12.9773337715554
0.603942876914516,12.1957907674406
0.125918614445254,9.9958004356806
0.188493638532236,9.3418051998282
0.784259827341884,13.10993778608
0.192255214322358,4.50895489732849
0.647006588988006,11.3131211696983
0.277063589543104,8.404840058517
0.511522190645337,8.53392562143602
0.906635910039768,7.94879667130036
0.688301832880825,11.2356891617729
0.835007240762934,7.99945986180909
0.525856585940346,8.51651843198399
0.779281592229381,16.6204125572062
0.749003799632192,9.58688451569367
0.375342565588653,11.4415417949545
0.683920015813783,11.6941778152422
0.228048560908064,4.14046603175928
0.746241163695231,5.87339345175354
0.163546214811504,10.8163004741892
0.82274082954973,10.3404451727118
0.0289911804720759,10.9717061966279
0.0860750474967062,12.8744602301171
0.474979510530829,11.1553871613219
0.591389213688672,12.6186168669728
0.385238816263154,15.0540488869278
0.735107779735699,8.55412730726976
0.225032904185355,4.44825842574699
0.570990607142448,10.3086849979208
0.106178765418008,8.73541831913813
0.384072471875697,9.55674215262384
0.0118932707700878,6.47460823922277
0.590057402849197,6.47802411646495
0.951004599919543,6.13130820838513
0.308137455955148,11.910980133358
0.155832699267194,11.3104768570338
0.342034206958488,16.8827428186117
0.722086722962558,3.56455303692297
0.0714749936014414,9.12404002156928
0.995225572725758,9.86544875249957
0.264885157579556,12.8488637070095
0.489494250155985,12.6712855360318
0.835140479495749,10.1118911525956
0.725412785308436,14.7321778169105
0.0231737457215786,12.1534718520926
0.965211980277672,5.02008127039183
0.0445818209555,12.4370471294785
0.76442088955082,13.0166096012282
0.0894253661390394,16.6505425110121
0.532715310575441,6.20694109959495
0.783509297762066,7.96965056324886
0.374573888489977,8.80628595735553
0.364488766994327,6.32827972220287
0.817850888473913,4.20436382574762
0.0944024370983243,6.13332531717859
0.155072069261223,13.038753154215
0.474170518573374,4.86564403550047
0.00465762126259506,9.25034175649564
0.916555794188753,10.4057577695765
0.796853944426402,9.96338684089218
0.00255321781150997,14.7543969901899
0.195292319171131,9.60857071913934
0.324672284303233,11.6469501827145
0.58289312152192,10.7208566420468
0.290729595348239,12.8928915383461
0.924285122193396,5.55896153737962
0.396038159262389,12.0826882208979
0.120791983790696,0.202785582103266
0.701350736664608,19.1286219265895
0.0345402946695685,10.0192694055648
0.702203527325764,8.237840162942
0.866518064634874,12.8193663970063
0.516080215573311,5.11360934399148
0.037453162483871,12.8509158303149
0.721265943720937,10.1261497030124
0.234038453549147,11.4928497264767
0.29530039220117,10.2879076071623
0.0226238437462598,11.1410195757093
0.515857646474615,9.68793832184286
0.775658089900389,9.12266916854067
0.707853369880468,5.53752927024043
0.660083720693365,7.45899578277256
0.619146198965609,6.60075503212416
0.446415053680539,11.8502318820547
0.430585069116205,17.124406675044
0.507266136351973,2.73731381088948
0.368135843425989,7.28583937578685
0.865083063952625,10.6940096513311
0.438023034483194,13.1764903054051
0.728616039734334,11.5275110910669
0.18394281109795,6.96422888237239
0.319777686148882,13.3746483282189
0.278029190609232,11.2842133597374
0.456101204268634,9.28302877184616
0.586620707763359,12.5317363735499
0.337665142258629,12.2356980657649
0.436535367975011,8.03013465917137
0.989827807294205,7.81031629457228
0.588729845592752,7.09688771402601
0.892445841338485,9.69827739077246
0.447565647074953,12.3817214258786
0.447826599003747,5.68106368485966
0.841456736205146,10.1727120160679
0.517338009085506,9.44185800523523
0.88151272200048,14.2838028559363
0.94997820421122,7.40347321085497
0.310896443435922,4.49242781239714
0.864065733039752,7.11545519980247
0.394665534608066,12.4173938050306
0.214527179254219,11.719211953754
0.570545276394114,12.4331965151766
0.527965239482,11.4196903610378
0.670219862600788,10.4954711510956
0.0027879721019417,8.08082374879841
0.917407839791849,10.544908996678
0.703052906086668,10.9839440859689
0.186815066728741,7.9013658446224
0.00841665966436267,12.149191887651
0.919010808924213,7.02563396682028
0.245342068606988,8.85960392407327
0.633660669671372,12.1464563791055
0.393949158489704,13.2270279977323
0.424992357613519,13.4565365932523
0.0662243769038469,10.5139023849572
0.539147141389549,6.25544122808179
0.819419719045982,8.07055101807891
0.846813344862312,11.1646618389971
0.359339499846101,13.259710844589
0.514170073205605,10.0747937188778
0.398231534985825,11.6307879870908
0.972564501455054,11.8784309234823
0.910393117694184,8.09210542270538
0.785443013999611,7.46038588683047
0.66489672777243,12.477313872895
0.608150862157345,7.83088947992165
0.774103640578687,9.27707958107743
0.77059470792301,13.2673107891155
0.868285847827792,9.24843018701411
0.262388078728691,9.93973227620902
0.0273010057862848,10.2120509637356
0.676549015566707,14.0128089185914
0.312548910966143,10.6678243021339
0.973602132173255,9.23475103345647
0.255382595816627,9.15912049293896
0.235261961584911,11.5384492739064
0.77990633295849,9.91352628467826
0.299624025123194,12.0212319389295
0.202439832035452,10.756095546503
0.205050242133439,10.5444779135723
0.304880875861272,8.53148268249744
0.752396987518296,12.9680405288796
0.0869217726867646,8.24384738069441
0.505217963829637,9.76369739381267
0.0304008736275136,11.378614445598
0.380753746489063,10.4891125393514
0.152340200729668,12.0270334763625
0.540753866778687,13.3928565854885
0.269494317704812,11.606037456633
0.106882971245795,10.2272666228843
0.0179119373206049,8.81547610834193
0.0839766715653241,8.63752598098682
0.448463270440698,10.3437782524902
0.581119687762111,10.286135025536
0.123981745215133,13.1456167742053
0.595006288029253,15.7147371927665
0.430249262833968,8.23602257234001
0.139507335610688,9.51863529343863
0.410413298057392,11.5169931915609
0.0667647942900658,11.5180870748944
0.271150747314095,10.2713534527493
0.00870867841877043,10.2720396206873
0.253196515142918,12.1021021811096
0.114850236102939,11.0623598882238
0.255315681686625,10.5197254798129
0.342598218936473,9.3579404870915
0.649593844311312,11.1030468637577
0.761287934379652,9.40961072897468
0.98109022481367,6.10955692117177
0.829697841545567,5.7651654072944
0.835730065824464,4.66530469642095
0.372175129828975,4.08854704502703
0.160869509447366,7.03054904642006
0.911718908464536,10.4843602698798
0.5930379582569,12.0928017300307
0.116597839863971,11.3540124650226
0.631981921149418,10.9758072694208
0.411477763205767,9.0932176800945
0.380565723171458,7.05506793266881
0.731747078010812,6.05674882788482
0.894127367297187,16.2930763293503
0.0944830435328186,14.1408753314336
0.356287613743916,12.9460825724341
0.89267306914553,12.8478083589928
0.757061513373628,10.295954046996
0.443604633910581,6.19232344832068
0.479257122380659,10.7029634921924
0.0175437850411981,11.2328437687422
0.94415444880724,10.8185829428812
0.731786071555689,7.82882758129424
0.667987922905013,9.95351153017454
0.257592158392072,12.989283160319
0.470915116136894,10.3106423073436
0.0117512329015881,15.6124093957345
0.0237805349752307,10.5087083845864
0.263812981080264,10.5553315596487
0.504027550807223,13.2549746428974
0.380803184816614,11.8701402337185
0.814848511479795,14.0592719549339
0.251995941158384,5.18552331826691
0.066547985188663,6.45251068694956
0.5104512530379,11.6726028987788
0.597047501709312,10.8999470884398
0.274561523459852,7.47076914917099
0.0758627320174128,9.88373121717227
0.138282369356602,12.2443511601932
0.0576607761904597,8.56126505751527
0.340623362688348,18.5272189614109
0.0315298505593091,16.428225120538
0.214485607808456,10.9695493136677
0.0382119170390069,9.65792748639213
0.88401316688396,8.62508124776535
0.725971977924928,10.7029754531305
0.809893584810197,10.0125054887884
0.24844188336283,11.9754105973973
0.474732999224216,7.8886091481466
0.540565581992269,5.799122048148
0.217157895676792,7.20052533270261
0.240991537924856,11.355680664749
0.444948512827978,9.99917441660843
0.765522119123489,4.76645812517109
0.680640383157879,12.4622234258558
0.646725001279265,16.0915462905683
0.531886136857793,8.83839994100236
0.574251540703699,9.20317268225576
0.861719124717638,11.8321113039014
0.419146500527859,5.17038607610263
0.837766260374337,8.59650638848604
0.553383195772767,10.4386022452217
0.896013535559177,6.27094716748155
0.611224431777373,11.5039763537948
0.694133713142946,10.7936843923154
0.449696336872876,16.2554850593221
0.31629592529498,7.2405108658165
0.079540184000507,12.193089894428
0.346635893452913,6.39603667851306
0.226335889659822,11.7425327318577
0.979443506803364,11.6644672234921
0.341459556249902,6.33894890984632
0.126898628193885,10.4698105104606
Rho_s: 0.0068778872194718
Rho_p: 0.0151369932808999
IC Time: 0
