Rho:-0.8
N:2000
0.973066303646192,0.0376596602145582
0.965953858336434,0.114313693717122
0.767830566503108,0.518227257300168
0.606703618075699,0.168290237896144
0.830114440526813,0.0854496099054813
0.905603758059442,0.00677119102329016
0.767695935908705,0.0452471682801843
0.208617249969393,0.733555292710662
0.981003162683919,0.0143209700472653
0.119817941682413,0.93065029848367
0.987557343905792,0.167304869741201
0.80024875770323,0.264122922439128
0.271139398915693,0.922067907173187
0.639636385487393,0.567235292401165
0.569154296535999,0.519819519948214
0.243779602693394,0.523472399450839
0.599140067584813,0.277273206040263
0.315766092156991,0.803587698377669
0.188763059210032,0.943184040719643
0.297804442234337,0.916177006438375
0.602726171491668,0.593063438078389
0.630464354995638,0.571129887131974
0.626256165094674,0.211061557289213
0.961308563128114,0.00684302765876055
0.39657550631091,0.429575007874519
0.293294596718624,0.7174678130541
0.792648029513657,0.51742053264752
0.921387040289119,0.095246663549915
0.788549593882635,0.213523292681202
0.355674408841878,0.800294851651415
0.630180733511224,0.254380233353004
0.525125634623691,0.566875169519335
0.795383648015559,0.309141284553334
0.364002688555047,0.393643221119419
0.455441372003406,0.653602473670617
0.921314815757796,0.177022537216544
0.985707542626187,0.175617111613974
0.763263509143144,0.450157756218687
0.63931866013445,0.463397377636284
0.346117515349761,0.59719676268287
0.724023886024952,0.652267072116956
0.443934809183702,0.866874828934669
0.140197129687294,0.977390897925943
0.865901555633172,0.0748567194677889
0.897880115080625,0.143902746262029
0.948456566082314,0.0350600320380181
0.545650554588065,0.41303142439574
0.416151624172926,0.411129659274593
0.240258428268135,0.398131434107199
0.75639534345828,0.493098428938538
0.9307968004141,0.198088220320642
0.580386451911181,0.74194178567268
0.0344803761690855,0.893632671097293
0.702287959167734,0.26176695828326
0.863279120996594,0.0340938968583941
0.965541143203154,0.0141769971232861
0.167122517013922,0.898424669867381
0.28663550154306,0.739555947715417
0.378232299350202,0.740801137406379
0.980403329012915,0.253009919077158
0.174845103640109,0.877502748277038
0.00156044121831656,0.786503401352093
0.421232023974881,0.470214886823669
0.876446271780878,0.0348174325190485
0.740878672106192,0.48014301690273
0.00532311713322997,0.629990441491827
0.842692664591596,0.317429841728881
0.736447755247355,0.0462906912434846
0.518532905261964,0.47221521823667
0.651632981142029,0.47985210083425
0.625125292688608,0.321828594431281
0.80266753747128,0.493570801103488
0.505220432300121,0.509461665991694
0.331040970981121,0.770811298163608
0.628721478162333,0.650883429450914
0.175211030989885,0.730472582159564
0.885302486130968,0.323792930226773
0.370556246954948,0.37021322036162
0.902587052667513,0.244439921109006
0.730571991065517,0.110500327311456
0.676261698827147,0.488059689756483
0.372509048087522,0.772981129353866
0.517994476016611,0.396716305520386
0.651973178377375,0.268657010514289
0.123678446048871,0.992905109655112
0.202425490366295,0.886043117381632
0.295767545467243,0.581427251920104
0.10093386634253,0.553585844347253
0.878345453413203,0.0379008338786662
0.875261134235188,0.0253140374552459
0.81575950467959,0.0700702043250203
0.536777965258807,0.311865078518167
0.00350295682437718,0.984426983632147
0.406242715660483,0.787286444334313
0.539322632597759,0.417660081759095
0.281625708797947,0.418094147928059
0.0422185666393489,0.786096417577937
0.523487344849855,0.672485193004832
0.00372023996897042,0.790901879547164
0.621478908928111,0.716400962555781
0.738143355585635,0.0630672425031662
0.0951062478125095,0.586902800481766
0.822518353350461,0.519589639035985
0.758892963174731,0.188730079680681
0.481773712905124,0.825545100029558
0.52147416677326,0.634192942874506
0.434094177791849,0.786771250190213
0.0524410614743829,0.986183751840144
0.923266685800627,0.0285769491456449
0.794423111248761,0.241372232325375
0.0729484532494098,0.927199365338311
0.751028207363561,0.50042161741294
0.770259309094399,0.604767969576642
0.443345119943842,0.662999721942469
0.440866596531123,0.629633756587282
0.99740284984,0.144359634025022
0.846497897291556,0.050867727259174
0.718115472700447,0.190750496461987
0.621943995123729,0.454579921672121
0.0373810681048781,0.834804926998913
0.727747884811834,0.300578514346853
0.869063306367025,0.115828569978476
0.733112046262249,0.347821151372045
0.736213221913204,0.0489633735269308
0.48405294213444,0.757819839054719
0.662375057814643,0.296720140613616
0.777303393464535,0.161569446790963
0.229728105477989,0.887293882435188
0.186396335950121,0.906020376598462
0.279270143713802,0.444800690049306
0.413149094907567,0.272248198045418
0.734674150357023,0.0570442886091769
0.441576547455043,0.2697886119131
0.471340975956991,0.210101376054808
0.717077423352748,0.174843130167574
0.101888838689774,0.667980203870684
0.10830954532139,0.934982142876834
0.595112712588161,0.762557062087581
0.586218383861706,0.598260856000707
0.992275892058387,0.157259232364595
0.00529787875711918,0.926971134729683
0.588795754825696,0.289629278238863
0.60673284670338,0.459232334978878
0.559870461467654,0.217257387237623
0.873340422986075,0.117524441564456
0.144770758925006,0.715566740371287
0.433323447126895,0.884619427612051
0.0846409841906279,0.878541199723259
0.843836557120085,0.0653521488420665
0.287175551522523,0.811998957768083
0.0981638208031654,0.83553663128987
0.753360158298165,0.106441382784396
0.510608651675284,0.303738814080134
0.294430327834561,0.913588227704167
0.353446515509859,0.566464917268604
0.0424466300755739,0.926512302132323
0.682066476903856,0.41977331135422
0.0162111020181328,0.994151654420421
0.154649895848706,0.748552800389007
0.70407510176301,0.580333370249718
0.112548899138346,0.910258892457932
0.950549383880571,0.282105480553582
0.821062033297494,0.180937459692359
0.242182096699253,0.872292617103085
0.0135287635494024,0.990504407091066
0.0379131929948926,0.874469466041774
0.0673063199501485,0.954559860983863
0.978601554874331,0.00141407339833677
0.989182543708012,0.158635777654126
0.808147748699412,0.420683127362281
0.283041712129489,0.94237171439454
0.853444599313661,0.151292312890291
0.0819786698557436,0.755065488163382
0.639303370844573,0.466262589674443
0.74134302418679,0.497438791207969
0.670208525145426,0.221695366781205
0.153126435121521,0.89605526602827
0.618144111940637,0.405533958692104
0.625958789139986,0.631103174760938
0.677506623091176,0.144755978835747
0.505752730648965,0.374820959521458
0.27893480588682,0.906780518125743
0.347038962645456,0.57001757225953
0.221245982218534,0.659100921824574
0.50883435853757,0.739500296069309
0.705625564558432,0.284477635519579
0.392916201148182,0.618339104345068
0.755517472047359,0.2435803913977
0.20670163189061,0.826515710679814
0.574008190305904,0.476920049637556
0.845242352224886,0.0813226164318621
0.512550801737234,0.38610877119936
0.167329513700679,0.860846823081374
0.786881827283651,0.10893330257386
0.368167035281658,0.852903420105577
0.197090059518814,0.851552328327671
0.986212991643697,0.272814834490418
0.461502488935366,0.702535035088658
0.525569013087079,0.64152361266315
0.52208296651952,0.589375612791628
0.754057343350723,0.334110667696223
0.738774118945003,0.0452399188652635
0.601730668917298,0.324526960030198
0.572932044742629,0.364906469592825
0.829868579981849,0.200185244437307
0.65337660163641,0.305428185500205
0.226144143845886,0.826117477845401
0.323872194159776,0.820146169513464
0.277291496517137,0.75812482344918
0.879929300164804,0.276629241881892
0.507924663601443,0.181376551045105
0.927117635495961,0.430414132541046
0.927327715326101,0.406834156485274
0.650883787777275,0.154151208233088
0.687725231517106,0.490760838612914
0.66094148112461,0.370972636621445
0.800222420832142,0.563172922236845
0.376767174573615,0.853550793835893
0.187834991840646,0.710100122261792
0.769800188485533,0.118119027465582
0.765551178017631,0.215791146736592
0.0177489304915071,0.728432453935966
0.211746184388176,0.604722365504131
0.775784166296944,0.176123395795003
0.76396501227282,0.131962736137211
0.372134617296979,0.5746095480863
0.584796361858025,0.337037727702409
0.973705368349329,0.0633999316487461
0.768255659146234,0.173214847920462
0.473941711708903,0.413753028027713
0.772660039132461,0.072954710572958
0.426260597771034,0.269387177657336
0.690587105695158,0.144014960853383
0.337035257136449,0.496230628341436
0.323842746438459,0.702714171493426
0.472384970868006,0.814943707082421
0.585119687253609,0.14685520157218
0.701204784447327,0.404006694443524
0.845485694939271,0.0459858879912645
0.491415285738185,0.644186903256923
0.418600214179605,0.362437191419303
0.941823850851506,0.364024206995964
0.874187723267823,0.144209866644815
0.953085056273267,0.33803692413494
0.71433978388086,0.156655808677897
0.864928869530559,0.307452681707218
0.47690307116136,0.299753118073568
0.756442458368838,0.603574376553297
0.733134967507794,0.457315758336335
0.795712749473751,0.258338266285136
0.224974908167496,0.571005173493177
0.546058259671554,0.767443623626605
0.722956225043163,0.419487118255347
0.342846815474331,0.857505018822849
0.532405651407316,0.442856659647077
0.114152361406013,0.707732109120116
0.803333229385316,0.0385455987416208
0.311167714418843,0.88015025248751
0.0744189724791795,0.857534404844046
0.0930338914040476,0.992228759918362
0.951655040029436,0.272923804121092
0.522260135039687,0.832982365041971
0.327558712568134,0.308604008518159
0.488052325556055,0.620775707997382
0.435363310854882,0.360687529202551
0.981058961711824,0.132078022928908
0.315695753553882,0.839426381280646
0.930991758592427,0.058056200388819
0.415611164877191,0.874623527983204
0.985453474568203,0.142036619363353
0.0531850827392191,0.971240476472303
0.188855630578473,0.940294480416924
0.245008482132107,0.571489850524813
0.6387474082876,0.468659566016868
0.392019625520334,0.524053518660367
0.895066587021574,0.415509996470064
0.922775761689991,0.0236613252200186
0.0730812144465744,0.650044867536053
0.0311058377847075,0.925470527494326
0.258493305882439,0.827539611840621
0.240587196080014,0.832928651478142
0.789581056451425,0.113886495120823
0.56816983083263,0.697491987608373
0.477385472971946,0.671718393452466
0.192593100946397,0.813800369622186
0.836311749182642,0.109871319727972
0.410247236024588,0.441319717094302
0.5716533199884,0.253326360369101
0.735060158651322,0.310671720188111
0.272720545297489,0.419910518452525
0.310321260010824,0.651383434189484
0.51984679303132,0.378587021492422
0.546376621350646,0.551898141857237
0.930753931635991,0.0816747902426869
0.411803972208872,0.488532457733527
0.254017342813313,0.946666470030323
0.295946360100061,0.627832121448591
0.22391712362878,0.632575906114653
0.0784883329179138,0.538911119801924
0.982579454546794,0.146979382494465
0.645815427647904,0.161439254879951
0.37424610927701,0.324075744720176
0.947969672270119,0.075984459137544
0.622272800887004,0.595645203487948
0.154711933108047,0.840889461804181
0.802462246036157,0.0264523366931826
0.0692522600293159,0.896505967713892
0.837698951829225,0.118483175290748
0.032235172810033,0.969199423678219
0.982060193782672,0.059050448006019
0.0139117056969553,0.876777296420187
0.816334616858512,0.160404900321737
0.673532061045989,0.12807780993171
0.633705962914973,0.127412935486063
0.939410314895213,0.352713221218437
0.881047449074686,0.288142855279148
0.333702613133937,0.558631486957893
0.599502945085987,0.427713635377586
0.738625107333064,0.608815009240061
0.562463575275615,0.340185902314261
0.850866491906345,0.141523910453543
0.820884579326957,0.260946562048048
0.199534005019814,0.978958419291303
0.856694980990142,0.0708311477210373
0.105104830116034,0.749869907042012
0.733451842563227,0.087547876406461
0.34287007455714,0.817814263748005
0.309987621149048,0.376024840166792
0.035112485056743,0.987644062843174
0.635164472972974,0.527502410579473
0.799534946680069,0.0599232863169163
0.523705497616902,0.698573022847995
0.211316800676286,0.634977662703022
0.849140313221142,0.272169799078256
0.0617489272262901,0.778400806011632
0.0652929299976677,0.820879338076338
0.338653261074796,0.774403000017628
0.657681968063116,0.413194300374016
0.59618617920205,0.527918591862544
0.380375712877139,0.327864050632343
0.515232679666951,0.766941785346717
0.0465432414785028,0.995775336632505
0.500302828848362,0.367941457079723
0.4002032186836,0.687457650201395
0.650858292123303,0.708417290588841
0.333455487387255,0.464184097480029
0.38941685971804,0.5664520165883
0.0205281316302717,0.980035667074844
0.0253817399498075,0.9508301098831
0.574458694085479,0.156744144158438
0.998717949725688,0.0391479448881
0.191079454030842,0.599691285984591
0.236675803782418,0.68889112607576
0.906417698366567,0.0903427852317691
0.518806014442816,0.446512046735734
0.0686215735040605,0.558094606734812
0.258176350733265,0.93047034018673
0.397749309893698,0.788718903204426
0.461182866944,0.349608438322321
0.903317482210696,0.371743938885629
0.66674643009901,0.5527956020087
0.895384624833241,0.241633132565767
0.62530395295471,0.617255724268034
0.641027389327064,0.61524031474255
0.22146923863329,0.909617848228663
0.7150996720884,0.59007271938026
0.658407605951652,0.64781824266538
0.238610934698954,0.865762687521055
0.531176402466372,0.492373223183677
0.597202996490523,0.487757665337995
0.302914617117494,0.89627344859764
0.372461353195831,0.646504042204469
0.0998333925381303,0.834179307566956
0.0714956277515739,0.982212625676766
0.550872110528871,0.609901012154296
0.680192834930494,0.316249204566702
0.426730031613261,0.481189594604075
0.0627290466800332,0.884357528528199
0.918836915865541,0.185330724809319
0.806608102284372,0.344685384538025
0.227932932088152,0.729035656200722
0.236125702504069,0.411554155871272
0.0750609706155956,0.830340062500909
0.790869663935155,0.295652153901756
0.714147804770619,0.450657777721062
0.407321182778105,0.800752789946273
0.194039008347318,0.560139304492623
0.718091717455536,0.0783074079081416
0.538458574796095,0.770225778222084
0.668370574945584,0.142949189292267
0.638049892615527,0.684157603653148
0.137948331423104,0.498311876086518
0.560797560261562,0.73264384875074
0.00322703109122813,0.976421500556171
0.484211754752323,0.843511581188068
0.23698265501298,0.867743054870516
0.943667019484565,0.182751933578402
0.429064377909526,0.43020043685101
0.735496281180531,0.0829504935536534
0.562980205984786,0.716021734289825
0.598534012213349,0.606709400424734
0.183571360772476,0.620794790564105
0.463846946135163,0.648120215861127
0.636141860159114,0.266985328868032
0.642325699562207,0.163811911828816
0.452680796850473,0.866648401366547
0.0326321548782289,0.826323084067553
0.817305227043107,0.0945266799535602
0.94301931723021,0.170465649338439
0.625210210913792,0.281963859917596
0.148002656875178,0.900617386214435
0.898974251234904,0.391331520164385
0.943068331573159,0.0147676188498735
0.846307272557169,0.376358858775347
0.466242764377967,0.768030704697594
0.433555544121191,0.392245944356546
0.656082129571587,0.419860053341836
0.852981548989192,0.274900490418077
0.438409323338419,0.442119010491297
0.224334741244093,0.846668523270637
0.320150568615645,0.310327060054988
0.734799284022301,0.301982301520184
0.231753272470087,0.465216050622985
0.581724987132475,0.165658736601472
0.317200139397755,0.484258125768974
0.208266332279891,0.941640183096752
0.892287311609834,0.324023003689945
0.760544490534812,0.203793047461659
0.0101569108664989,0.995757400523871
0.0634619316551834,0.599753734655678
0.97944586025551,0.0441942056640983
0.0986272464506328,0.877379237441346
0.911911014001817,0.199298561550677
0.605567952152342,0.141146658686921
0.974467732012272,0.0831531265284866
0.501673924503848,0.236579864984378
0.161496485350654,0.986696826759726
0.689230935648084,0.180552364327013
0.0994291030801833,0.952859059674665
0.549682753160596,0.150272184517235
0.0390052567236125,0.814196007326245
0.949359880294651,0.208270067581907
0.191918584518135,0.698958562454209
0.780085303122178,0.0621569249778986
0.857823123922572,0.44602455268614
0.884757747408003,0.436563646653667
0.806244100676849,0.0448745095636696
0.300391202326864,0.747222481761128
0.96472636400722,0.0372149515897036
0.403500338084996,0.303352535469458
0.44340867549181,0.77876037848182
0.0810191996861249,0.997049894649535
0.404445697320625,0.286067007109523
0.440419134683907,0.306309758685529
0.682130763074383,0.321017737267539
0.504477844573557,0.740183171350509
0.493272026302293,0.260389140341431
0.377765434328467,0.396989062661305
0.0725115479435772,0.885034485254437
0.536333222873509,0.207247818820179
0.261414343491197,0.883161309408024
0.168962391559035,0.935266543412581
0.770942194154486,0.200397208100185
0.337098362157121,0.69866480701603
0.996705933241174,0.00910299201495945
0.56285623088479,0.523861908819526
0.859692285768688,0.171165597625077
0.616704122861847,0.51549324975349
0.941726825432852,0.0158948542084545
0.635206705657765,0.355854903580621
0.341061267303303,0.913486204110086
0.319669258547947,0.944956175750121
0.841147972038016,0.100240890169516
0.32380653382279,0.790960241341963
0.926569623639807,0.0108423288911581
0.582068885210901,0.272842695470899
0.176608106819913,0.873448840808123
0.918790132040158,0.0460563059896231
0.68518993887119,0.659280070569366
0.0910620782524347,0.657416876871139
0.167139882687479,0.843632504576817
0.741773586254567,0.424727056873962
0.188326332485303,0.843892599223182
0.192823123652488,0.537529235240072
0.910358976107091,0.107469839276746
0.810046899598092,0.0322511533740908
0.741482266923413,0.299004191998392
0.110418484313414,0.576104358769953
0.00556716485880315,0.707601990783587
0.201230939244851,0.792994478018954
0.754449928645045,0.60606286325492
0.659369476372376,0.389189294306561
0.640892503084615,0.185586351202801
0.211818834999576,0.944841644493863
0.920865431660786,0.398301459150389
0.123788381461054,0.909328763838857
0.933500082232058,0.0850655557587743
0.34757616231218,0.465344277210534
0.66493311082013,0.135957512073219
0.951987158041447,0.338803196558729
0.939480404369533,0.267550637712702
0.146297476021573,0.894219548208639
0.984438228188083,0.283597214380279
0.443545775488019,0.532702852040529
0.566703015938401,0.27025334793143
0.965605326462537,0.00551028386689723
0.43723316071555,0.785263750702143
0.580072977114469,0.485760538838804
0.61922787502408,0.365545265842229
0.940347747411579,0.117288771085441
0.350135103333741,0.835574647411704
0.689404223347083,0.361076910514385
0.354722751537338,0.883490885375068
0.20344214537181,0.716590888332576
0.371019100304693,0.871318366611376
0.155450149904937,0.75812327885069
0.000203762669116259,0.907533635385334
0.373718537390232,0.293755395105109
0.950395257212222,0.0561982067301869
0.915762782329693,0.277207530336455
0.376857334049419,0.386880408739671
0.830970604903996,0.462232426041737
0.574236769229174,0.275529579259455
0.92290141293779,0.173040315276012
0.391523883678019,0.808548491680995
0.962189367972314,0.00537568400613964
0.217271575238556,0.66578724863939
0.0632788210641593,0.998115179128945
0.17717170692049,0.460300711449236
0.550372750265524,0.202048972481862
0.269153943052515,0.780051380861551
0.641451327130198,0.346646726131439
0.273696538060904,0.925382109126076
0.579916250193492,0.236402608919889
0.0248490883968771,0.796963645843789
0.287207998801023,0.377719681477174
0.833558447426185,0.18170375819318
0.419586535310373,0.444315558765084
0.774729121942073,0.568232375662774
0.0235336499754339,0.969577772077173
0.993589672492817,0.0252342659514397
0.869381029391661,0.061174948932603
0.835512635065243,0.085960719268769
0.718789549544454,0.0713670765981078
0.904404050670564,0.205633931560442
0.0244443358387798,0.625810929108411
0.622259985189885,0.155438528163359
0.918940941337496,0.229080853750929
0.861248091328889,0.44391738018021
0.0812124204821885,0.918119024252519
0.491109521826729,0.241061801556498
0.782566128531471,0.154112604446709
0.589429698651657,0.716687958687544
0.478019903181121,0.437489384785295
0.0161763455253094,0.724487384781241
0.305176596855745,0.668323387857527
0.235100344754755,0.430456157540902
0.479883807012811,0.688830455299467
0.0739423895720392,0.865105890668929
0.564202866284177,0.210913134971634
0.173355738865212,0.888361192075536
0.750078448560089,0.580763073638082
0.879067188128829,0.109264431986958
0.237350577721372,0.527840312104672
0.266676505096257,0.952665568795055
0.214557117084041,0.797823055647314
0.209190621040761,0.838093249127269
0.419471453875303,0.460762706352398
0.762147652218118,0.271541616646573
0.248346167616546,0.566263423766941
0.258835917338729,0.843233876628801
0.861769071314484,0.306426308583468
0.475197511259466,0.369222081033513
0.305502061033621,0.717519718687981
0.0968183984514326,0.933974366867915
0.896250457968563,0.353668945608661
0.0787999054882675,0.562028062762693
0.871035042684525,0.0389651777222753
0.951224014628679,0.120019742287695
0.888155578169972,0.0914299972355366
0.418207334121689,0.768256087787449
0.625794883351773,0.471807291964069
0.552455586846918,0.586373173166066
0.335508303716779,0.66091240872629
0.199665415333584,0.594646303448826
0.913308130577207,0.176131875254214
0.413624949753284,0.589151751017198
0.354902838356793,0.542593151563779
0.861927428515628,0.137624467955902
0.164120579604059,0.940203319070861
0.138001651270315,0.682936529396102
0.332117608981207,0.80807783966884
0.191416780697182,0.826879881788045
0.112917209044099,0.957317972555757
0.157148689962924,0.785623925505206
0.05800582584925,0.719086953438818
0.238627559272572,0.397908580489457
0.536865360103548,0.647328926250339
0.428286130540073,0.868736202828586
0.126012666616589,0.485158052295446
0.67131492192857,0.641853507142514
0.640224286355078,0.580698211211711
0.870402889559045,0.0719980511348695
0.68292204872705,0.458111644722521
0.359377219108865,0.533657843014225
0.00494487700052559,0.932292619720101
0.880263316445053,0.173314098967239
0.354408176383004,0.888602238148451
0.0121466596610844,0.715730170253664
0.113249174319208,0.952462021494284
0.328665478155017,0.899211797630414
0.801755669061095,0.309868965065107
0.445295609766617,0.771755815949291
0.823726360918954,0.448259432800114
0.321365784155205,0.430950385052711
0.352559145307168,0.715976945124567
0.789120759814978,0.200488281203434
0.432612247997895,0.250212005339563
0.789362970506772,0.0869880279060453
0.338507662760094,0.689044936327264
0.425324524054304,0.460388372885063
0.785482853883877,0.0708362685982138
0.527591665275395,0.709516297327355
0.416155757382512,0.889664119575173
0.29608145984821,0.894925743341446
0.131665050052106,0.95357626513578
0.206198247382417,0.903419029666111
0.436180621152744,0.852338424650952
0.963646728778258,0.0954218811821193
0.115859028184786,0.642557708546519
0.557488934835419,0.268700342159718
0.200830466579646,0.722870528465137
0.0284144899342209,0.998692365828902
0.679403820773587,0.177662883652374
0.25529527454637,0.909127464517951
0.487690651556477,0.231784927891567
0.662229059962556,0.308596170740202
0.753073645522818,0.269063976826146
0.665528754238039,0.163230855483562
0.421253603417426,0.502273390069604
0.154983880929649,0.849180788034573
0.00450339959934354,0.985065958695486
0.349688716232777,0.808322545373812
0.832012028433383,0.0252076243050396
0.451477420283481,0.713827447732911
0.29369026934728,0.902406866196543
0.757830695481971,0.196030142949894
0.56016383250244,0.175574245862663
0.945750028360635,0.0774700257461518
0.337858554441482,0.444591625127941
0.301704479381442,0.787905832286924
0.903124456526712,0.110486348159611
0.931452553486452,0.105813149129972
0.816129375481978,0.0448451319243759
0.879336002515629,0.0168268345296383
0.283916841261089,0.842154655372724
0.303151894593611,0.719702046131715
0.513682169141248,0.825507057830691
0.544300729874521,0.273435404757038
0.697447946062312,0.586927897762507
0.341640758793801,0.54936839430593
0.464083437342197,0.847163493512198
0.414049823768437,0.67090448923409
0.306950964033604,0.915553806582466
0.946646759985015,0.0249942236114293
0.56636594934389,0.634728683857247
0.382307012332603,0.754690964240581
0.280227296985686,0.37985027115792
0.930495280539617,0.0680953464470804
0.433179250452667,0.394786944845691
0.298884653486311,0.501180632505566
0.848781352164224,0.0295680579729378
0.191042648861185,0.768634313018993
0.983030744129792,0.221796128666028
0.221805162727833,0.823339791735634
0.488290201639757,0.312227998394519
0.321880134521052,0.545373667264357
0.529363368405029,0.473630571737885
0.619097612798214,0.450515976175666
0.635095195146278,0.127902006497607
0.611336291301996,0.599406022578478
0.222110365750268,0.826402269536629
0.460443127900362,0.452316471608356
0.327209838666022,0.385345746064559
0.904796146787703,0.358005922287703
0.822647989960387,0.398534189676866
0.991447093430907,0.0846606423147023
0.0295571393799037,0.975593303563073
0.989668109687045,0.0257379042450339
0.71343349548988,0.400896969949827
0.572905862703919,0.586549288360402
0.0117063741199672,0.75563179794699
0.881289244163781,0.306627174606547
0.9601001504343,0.00404771347530186
0.866512832930312,0.0291246573906392
0.876696094870567,0.111528149573132
0.663080706493929,0.247001047246158
0.219952575629577,0.50676712137647
0.337334953946993,0.939044664148241
0.338571241358295,0.319901992799714
0.711001983378083,0.664106104290113
0.198694265447557,0.584709825925529
0.543200583430007,0.602950861211866
0.817580307368189,0.144687696592882
0.614031956298277,0.297682066215202
0.789747687755153,0.315192230511457
0.226063116220757,0.495588306803256
0.501547721214592,0.483053691452369
0.614227592246607,0.434361237101257
0.592470357427374,0.372279088478535
0.848660002462566,0.218831344274804
0.897411192534491,0.00871492852456868
0.431964023504406,0.317887342534959
0.845026336843148,0.0417725518345833
0.899659127928317,0.451119842240587
0.922108839498833,0.399645685916767
0.665478619514033,0.151576725067571
0.432111317291856,0.692805269965902
0.893422145396471,0.129763236735016
0.456832264782861,0.53964720456861
0.419063698034734,0.516698937630281
0.22640492906794,0.402122650761157
0.57577696768567,0.641379178501666
0.277661704225466,0.772843069862574
0.641362764406949,0.148647210560739
0.13272902648896,0.618482055375353
0.176886233501136,0.959993217140436
0.449424324324355,0.260153663344681
0.916683485032991,0.247051184764132
0.637385251233354,0.645621393807232
0.231803063536063,0.729702619137242
0.772897772025317,0.488522096304223
0.983224119991064,0.258044540183619
0.731451713247225,0.584347069263458
0.987657784018666,0.0307087223045528
0.0453348208684474,0.931043576449156
0.442031036829576,0.635839467868209
0.251492511248216,0.861274272669107
0.624421005137265,0.448307094862685
0.744388114660978,0.0751472630072385
0.385199499083683,0.470856796484441
0.269918150734156,0.645813783630729
0.203618948813528,0.518625338329002
0.189375876449049,0.9801541401539
0.881483465433121,0.276755015132949
0.90718382387422,0.294552613282576
0.321579209994525,0.860051101772115
0.818174613639712,0.451362852938473
0.795599914854392,0.081550054019317
0.933199258521199,0.0328624106477946
0.425229423446581,0.721362257143483
0.465044063515961,0.240612805821002
0.980056752450764,0.206892424728721
0.59595530317165,0.156056481879205
0.748956808587536,0.0860550296492875
0.96221772278659,0.0172430968377739
0.712088888976723,0.275133996969089
0.829816737910733,0.0398544433992356
0.504956968361512,0.590031699510291
0.552229837747291,0.145151367876679
0.24951242399402,0.606357272947207
0.852494950406253,0.404378826264292
0.268323142779991,0.400793886976317
0.704054487403482,0.160672512138262
0.000615605618804693,0.999339972855523
0.87762753944844,0.0113086116034538
0.848642546450719,0.259503246983513
0.458147171419114,0.803071185015142
0.856285628397018,0.466632441151887
0.0418227002955973,0.670444608433172
0.844870889093727,0.330290829064324
0.803526746341959,0.247301804833114
0.0442528263665736,0.985303450142965
0.774955263361335,0.602119059767574
0.856576018268242,0.275715894065797
0.479416323360056,0.791011690162122
0.692142431624234,0.199281668988988
0.905704236589372,0.416576273273677
0.587519633118063,0.560600350145251
0.696616734843701,0.617811735253781
0.110495803644881,0.98548701708205
0.812469727359712,0.313233592780307
0.41394550120458,0.748552459757775
0.399883127305657,0.82064397376962
0.989623703761026,0.059812250547111
0.231520525645465,0.889618150191382
0.572193461703137,0.716920343460515
0.974494515685365,0.198474713601172
0.762922890717164,0.227001615799963
0.0803681027609855,0.545635701622814
0.136530466377735,0.680978209711611
0.969946632161736,0.0195313962176442
0.979777568951249,0.335531233344227
0.10173984663561,0.894278577528894
0.0816773725673556,0.995534676592797
0.0210184687748551,0.624417363200337
0.788204534444958,0.175631620455533
0.849090555915609,0.449524388182908
0.436537602683529,0.596638886723667
0.436633070698008,0.310386506142095
0.650100211845711,0.166187811177224
0.318710036110133,0.811696605524048
0.874549014028162,0.0194080853834748
0.0962608687113971,0.989590530283749
0.584697902202606,0.780240417690948
0.771974163129926,0.16717268503271
0.788414783077314,0.487270588055253
0.75986643624492,0.295908526517451
0.383306277683005,0.851233717752621
0.563940173946321,0.715561173856258
0.85265060630627,0.117447427241132
0.22106018755585,0.80473538977094
0.701356156961992,0.181218235753477
0.028366390382871,0.682781567797065
0.498548682080582,0.263617769815028
0.626833288464695,0.403016906231642
0.911769175436348,0.0422891599591821
0.886352158617228,0.431129716336727
0.000894657336175442,0.644029338145629
0.645079440204427,0.432772321859375
0.44682665145956,0.722989782458171
0.735666344407946,0.424115094123408
0.710886948043481,0.468833312159404
0.10454329685308,0.664754825877026
0.0209299044217914,0.972236769041047
0.686617152765393,0.139734709868208
0.432337418431416,0.770814453484491
0.90306265396066,0.0179317619185895
0.426971144741401,0.804108078125864
0.506962040672079,0.382620931603014
0.670670113759115,0.447190946433693
0.69992679473944,0.568478769389912
0.89293154492043,0.363263634033501
0.410628598416224,0.50714227068238
0.268004331504926,0.634504234883934
0.241860941518098,0.406332427170128
0.888200928689912,0.181054948596284
0.703641999745741,0.104726879857481
0.993165227584541,0.00664263102225959
0.973130908096209,0.134332293178886
0.839229535777122,0.174476919462904
0.420519680483267,0.862860473105684
0.576797228772193,0.758617845131084
0.0550106442533433,0.593116955133155
0.541335620218888,0.631156229646876
0.424240685533732,0.710900108097121
0.557721370365471,0.199078281410038
0.827326123137027,0.0980717246420681
0.876600776333362,0.0769113032147288
0.755555347539485,0.26684571383521
0.746416204376146,0.608332896372303
0.740324500016868,0.355207377579063
0.511838735546917,0.616773507092148
0.410715603269637,0.339558621635661
0.686314870836213,0.17963698762469
0.524458166444674,0.20535205444321
0.376193487783894,0.308845959138125
0.509269593982026,0.69757483783178
0.0230502169579268,0.976356157567352
0.552353577688336,0.227305326377973
0.158269635634497,0.941714511951432
0.399518515449017,0.87417878722772
0.657722846139222,0.186475051799789
0.860172981629148,0.425299177644774
0.429152326192707,0.83552324026823
0.988297919277102,0.0972330197691917
0.704019001452252,0.396865393966436
0.0875717129092664,0.898114576470107
0.0562829524278641,0.646213375264779
0.86829005042091,0.174036475131288
0.431709836237133,0.785462237428874
0.00265537621453404,0.920644683763385
0.727639581076801,0.456794615834951
0.860381765058264,0.317925943760201
0.485118738841265,0.533229333115742
0.950461591593921,0.0100971078500152
0.131050839088857,0.974425683729351
0.788489253725857,0.266116097802296
0.353680190863088,0.570549806114286
0.266467885114253,0.930214775260538
0.223855701740831,0.627232258673757
0.593410717090592,0.4470316960942
0.614735138136894,0.709890180733055
0.409630754496902,0.583268293179572
0.0778340445831418,0.970123767154291
0.36801769817248,0.929125565569848
0.284645153209567,0.634394554654136
0.367314567789435,0.815998844569549
0.823613657848909,0.0713884828146547
0.693923589773476,0.279330022633076
0.940413015428931,0.131012249272317
0.829254076816142,0.168529506307095
0.883838362758979,0.429279530420899
0.234591564862058,0.598776482278481
0.159222076181322,0.642096504569054
0.11108196224086,0.983971424866468
0.336452664108947,0.91761959833093
0.164307593367994,0.741067532682791
0.136951050488278,0.985468636732548
0.638515862170607,0.395453215343878
0.0645787615794688,0.610576253151521
0.975483383052051,0.169745127204806
0.808683210983872,0.156662454362959
0.0406522208359092,0.974137849872932
0.851559727918357,0.123392171459273
0.242518672952428,0.474755418719724
0.944613965926692,0.31821184232831
0.781422335188836,0.246238594641909
0.955872036982328,0.0403084014542401
0.094640342053026,0.875965368002653
0.903146687662229,0.0295143565163016
0.186001727590337,0.776411645347252
0.652980546467006,0.477023404557258
0.891167296096683,0.281667937058955
0.571430511772633,0.357869353378192
0.728339290479198,0.479728920152411
0.0536998035386205,0.978232007008046
0.890443968120962,0.243258271366358
0.780302977887914,0.403504989109933
0.275537624489516,0.523529496742412
0.276049453765154,0.935377739137039
0.0901825202163309,0.912426774390042
0.660849958192557,0.209328515920788
0.621609286870807,0.277893787715584
0.00918063777498901,0.940398112870753
0.26898072194308,0.883834753185511
0.548372602788731,0.339573603356257
0.883110593538731,0.341841723537073
0.128630014602095,0.705509728286415
0.547781105851755,0.471256064251065
0.771852683275938,0.243586826138198
0.020025533856824,0.699111433234066
0.365624529309571,0.767018994316459
0.624952501151711,0.326310585252941
0.892758088419214,0.0570632019080222
0.41432296205312,0.427208789857104
0.902774373767897,0.410263772122562
0.297138174297288,0.917006867472082
0.414883067365736,0.712774631101638
0.645043243421242,0.538720665266737
0.562424471369013,0.736449571792036
0.0169397357385606,0.751649067969993
0.830440880265087,0.221286967629567
0.574612533207983,0.415757119189948
0.471908571897075,0.59437741828151
0.0448062745854259,0.979073739144951
0.855605355929583,0.0334595872554928
0.629941003862768,0.161043513100594
0.764119817409664,0.110889215487987
0.422365904087201,0.827956417109817
0.457145448541269,0.468768176389858
0.794779998017475,0.479479292174801
0.0632003650534898,0.875736374175176
0.890367578715086,0.0872496196534485
0.0235126072075218,0.998145021265373
0.636043147649616,0.179112496320158
0.0110333343036473,0.999982485780492
0.379657743964344,0.27680717012845
0.986225421074778,0.354319268604741
0.147691848687828,0.903129637008533
0.172112361295149,0.975940987467766
0.738934334600344,0.252377461409196
0.122716336045414,0.886187851661816
0.848643165780231,0.388037621742114
0.869047780986875,0.285856602946296
0.587171145714819,0.613902887096629
0.8594192690216,0.450386111158878
0.778463454451412,0.111175789730623
0.327507486566901,0.521667783148587
0.843050643336028,0.0650303279981017
0.252795492298901,0.530853769509122
0.765762705355883,0.470734399743378
0.305734694935381,0.699141967110336
0.111324027646333,0.706102618249133
0.693999152630568,0.647287799045444
0.751266626641154,0.576298387954012
0.98625199100934,0.0464948292355984
0.623177328379825,0.579258371843025
0.127739225048572,0.956409401958808
0.816973318578675,0.291546490974724
0.545099567156285,0.222471500979736
0.905835478333756,0.335696825757623
0.946020359406248,0.103436027886346
0.47263439418748,0.822389596607536
0.188660422572866,0.875145855359733
0.159931894391775,0.665479494724423
0.229227335657924,0.839161977637559
0.0123653451446444,0.960367225576192
0.59225880773738,0.571930512785912
0.343038370134309,0.826869711047038
0.646777713438496,0.709719851613045
0.547850460279733,0.23111260519363
0.8403824060224,0.0200752350501716
0.234410365344957,0.803113389527425
0.667430820176378,0.142414079746231
0.847686632536352,0.163633442949504
0.709858669666573,0.235624335473403
0.170836123405024,0.572982746642083
0.150482687633485,0.980367761105299
0.900055790087208,0.260141472797841
0.0840731565840542,0.529163900762796
0.287470937939361,0.476542297750711
0.187007206957787,0.654690589522943
0.477598624071106,0.326926835579798
0.23120757099241,0.679135574959219
0.304932981263846,0.346454174024984
0.131229371763766,0.847380809718743
0.0623055542819202,0.606464348034933
0.80112132919021,0.215389411663637
0.961093780118972,0.283224442973733
0.944790522800758,0.0342549204360694
0.284190823556855,0.530011419206858
0.371135394088924,0.770941202063113
0.0821656184270978,0.552508312044665
0.976474690018222,0.31865188665688
0.572341026505455,0.593781243311241
0.53225047304295,0.568894599331543
0.130377867026255,0.890477080829442
0.495927589712664,0.461723016109318
0.891876179492101,0.187246891437098
0.664308220380917,0.296841076342389
0.835638812044635,0.506628948496655
0.287184393964708,0.650027970084921
0.30166990077123,0.806735576596111
0.889446788001806,0.0196444436442107
0.895855315262452,0.351744214305654
0.333198181353509,0.65944743831642
0.951252481434494,0.117082928540185
0.557036392390728,0.251273286296055
0.59898396092467,0.64225023961626
0.136227142065763,0.554251077817753
0.41048026829958,0.779203591635451
0.343459738884121,0.736601236043498
0.464389497647062,0.285657795146108
0.39921882096678,0.694752497598529
0.217747788876295,0.906041644746438
0.288296958664432,0.752974051283672
0.441704590572044,0.274162158137187
0.585156592540443,0.128707239404321
0.176138335838914,0.977571298135445
0.0551477845292538,0.965902322204784
0.227269141934812,0.512008528923616
0.679705470101908,0.391695535741746
0.386159772751853,0.793809927999973
0.309851785888895,0.844280957244337
0.792125437641516,0.418265025131404
0.194338805740699,0.691625162959099
0.72253806120716,0.15739237703383
0.384871492860839,0.856061678612605
0.495386159978807,0.40981512167491
0.779015920357779,0.589296058053151
0.532995061483234,0.180669722147286
0.457682859152555,0.424140881979838
0.307876536622643,0.552397145889699
0.742993197171018,0.497203641803935
0.782140488503501,0.282009497052059
0.841888468945399,0.262789838248864
0.994217257481068,0.04019431094639
0.859447547933087,0.0974306554999202
0.342951278900728,0.543477170635015
0.469502199441195,0.249545581173152
0.680764500750229,0.409964317455888
0.624999579973519,0.147535133874044
0.272419799584895,0.594576322939247
0.686098557431251,0.642421597847715
0.850763591937721,0.302114325808361
0.0642984688747674,0.675709987524897
0.260204849764705,0.495761655503884
0.453384133521467,0.535459453705698
0.215560430893674,0.502061784267426
0.276113930856809,0.706914361333475
0.355111921671778,0.782582243205979
0.187493444420397,0.96290153474547
0.83811988402158,0.0225534676574171
0.639694290468469,0.200227295514196
0.384800489991903,0.855159539030865
0.218011096352711,0.689731541788206
0.465393567457795,0.263742212438956
0.871675201226026,0.0307370345108211
0.0548188942484558,0.945084287319332
0.643446309724823,0.465419655898586
0.0533447382040322,0.974312926875427
0.319175231968984,0.604509556666017
0.648344615940005,0.324207998579368
0.188172966940328,0.833162396214902
0.743662590393797,0.250997504452243
0.258748818887398,0.417636397993192
0.310973862884566,0.450385775184259
0.345302202971652,0.626925674267113
0.12220751401037,0.989907685201615
0.740371993044391,0.44569251104258
0.1514845949132,0.471642424818128
0.0815080278553069,0.774297718890011
0.938999049831182,0.00478807766921818
0.214643839281052,0.484252345981076
0.770385157084092,0.283732087351382
0.842464850051329,0.483863034052774
0.655657724943012,0.249087619362399
0.624984954250976,0.52926438418217
0.478594488929957,0.558950798818842
0.759762665024027,0.147692807950079
0.748854003613815,0.26524378801696
0.00453172973357141,0.9510843611788
0.99749621283263,0.0175447964575142
0.73795766569674,0.0477034256327897
0.743706020992249,0.548166165594012
0.467531403293833,0.760464299935848
0.270852196728811,0.896220048889518
0.356682176468894,0.590127439936623
0.382262258324772,0.481477878754959
0.834288037382066,0.0305562089197338
0.339022843632847,0.84400109667331
0.431785213528201,0.506871429737657
0.7838001975324,0.0785134877078235
0.282112113432959,0.949562368448824
0.934589932207018,0.414891216903925
0.990120746428147,0.273152654757723
0.297410531435162,0.56897615082562
0.424972453853115,0.473261037375778
0.0188661175779998,0.630912284599617
0.12630565231666,0.813030346529558
0.178684995509684,0.973087458172813
0.932698911055923,0.029455627547577
0.999872684245929,0.317026018630713
0.88997540040873,0.0802688165567815
0.15037950174883,0.723155851010233
0.714504165574908,0.142051552655175
0.13756371405907,0.991236296016723
0.945179209345952,0.0385444890707731
0.46285507734865,0.819454808486626
0.515026473673061,0.693468167213723
0.902816770365462,0.07381422072649
0.837849486153573,0.413608167087659
0.276659778784961,0.833653329405934
0.665958498604596,0.362261534668505
0.143406103830785,0.974215459544212
0.592326652957126,0.160690170712769
0.346729212906212,0.565997406141832
0.268971107434481,0.933391229482368
0.107649371959269,0.861573628149927
0.614047545939684,0.541935234796256
0.495038566878065,0.781611894024536
0.115842260420322,0.498167955782264
0.766974373022094,0.0471131550148129
0.929211421636865,0.0982588189654052
0.115104227792472,0.767972422298044
0.072057255776599,0.559592268196866
0.18704093573615,0.802927786950022
0.129404127364978,0.492686725221574
0.543985740514472,0.467048367485404
0.124623509123921,0.99281073641032
0.663266432005912,0.240375319961458
0.622084162663668,0.212841849541292
0.464729832950979,0.623422380071133
0.2210620616097,0.558541440870613
0.922934223664925,0.373057313496247
0.869251824682578,0.261608736822382
0.216830878984183,0.83946342417039
0.390920540317893,0.566425862954929
0.222490162821487,0.931667762575671
0.380026527680457,0.638150259619579
0.362558289431036,0.481296156067401
0.920780177693814,0.166814008029178
0.00110420444980264,0.736067599384114
0.343950801063329,0.515557006234303
0.276365529978648,0.440309962956235
0.280068021966144,0.875253799837083
0.207034445833415,0.522057700436562
0.728608346777037,0.152998368721455
0.640726304613054,0.682672049384564
0.664875011658296,0.132677563931793
0.436778942821547,0.371934519382194
0.316816265927628,0.324529347475618
0.0347326735500246,0.952572281938046
0.569364315830171,0.611535269534215
0.133605236886069,0.862242097500712
0.804801113670692,0.0512826135382056
0.118609441444278,0.544085097499192
0.17672234447673,0.719744923291728
0.227978415554389,0.727417244808748
0.89589228737168,0.1285933800973
0.489173039095476,0.622735975775868
0.868258044822142,0.11766076576896
0.290422339690849,0.941783647984266
0.996054564369842,0.226261598058045
0.558839238481596,0.788246361538768
0.191539053106681,0.462990896310657
0.197526085888967,0.822004581568763
0.823146316455677,0.405268543865532
0.90948265674524,0.057333332952112
0.622344300849363,0.509554577991366
0.164723756723106,0.936602531466633
0.135234835091978,0.698519036639482
0.721120764501393,0.208656962728128
0.14480860112235,0.78531267051585
0.939137946581468,0.176512896316126
0.400177855277434,0.383354683406651
0.74912873050198,0.314050367800519
0.98409201297909,0.385519692674279
0.447500526439399,0.499497181037441
0.0339726880192757,0.923035680083558
0.112188660772517,0.935887424973771
0.0132648579310626,0.760412454372272
0.999024035874754,0.272367041092366
0.77122547570616,0.559503665426746
0.785250382730737,0.0840913667343557
0.243697828613222,0.395804539090022
0.624032106250525,0.408221877645701
0.0207547252066433,0.943210581317544
0.422999671660364,0.720707808155566
0.74367665592581,0.344514472410083
0.539568825857714,0.183856665855274
0.0494278280530125,0.932661297731102
0.0910029308870435,0.562295296462253
0.0653056632727385,0.562830454437062
0.131026865914464,0.655237558763474
0.576034403406084,0.429202124243602
0.872256313683465,0.128324965713546
0.492877021199092,0.582133769290522
0.573616161476821,0.476943448185921
0.571009618928656,0.430406785802916
0.137447712710127,0.970406598877162
0.737314617494121,0.289813140872866
0.8924939930439,0.0313951796852052
0.409480137284845,0.515807746676728
0.0211235459428281,0.831027074251324
0.0727955445181578,0.949626926332712
0.805756086017936,0.0562246311455965
0.260485174134374,0.495993146672845
0.657220541266724,0.561971330316737
0.0452408432029188,0.985629932954907
0.718914175638929,0.0836490406654775
0.686173612251878,0.191581493476406
0.250727933133021,0.954796429490671
0.624265868915245,0.221601740689948
0.112211307510734,0.57999140303582
0.504521973896772,0.813997999532148
0.729526323266327,0.570569731993601
0.908768427325413,0.265621558064595
0.6408823041711,0.593073495663702
0.516018248628825,0.510652793804184
0.676569639705122,0.287970622302964
0.0923101485241205,0.931845737621188
0.621970226988196,0.485437497263774
0.563908772310242,0.614166410407051
0.407275359611958,0.639080273453146
0.0663283749017864,0.936075737932697
0.960084336344153,0.00845188717357814
0.023960002232343,0.603637879015878
0.0704931716900319,0.956106522586197
0.300349349621683,0.698964937590063
0.546617018757388,0.734235766809434
0.364430301357061,0.516252274625003
0.389737191377208,0.656183561775833
0.826987414853647,0.252542716916651
0.578542643459514,0.418946194695309
0.451369111193344,0.576909887604415
0.868375885533169,0.242569871712476
0.599450964480639,0.117908377433196
0.433249366935343,0.726253979839385
0.785431779455394,0.0656809355132282
0.282309405505657,0.810665912693366
0.94545236020349,0.155916908290237
0.347409928916022,0.937553620664403
0.630496555939317,0.466254871105775
0.650419828947634,0.131010394543409
0.502655333606526,0.616616520797834
0.170579659985378,0.795515646226704
0.291404647286981,0.553540071472526
0.715346967568621,0.0916445201728493
0.821515479357913,0.139205680927262
0.804488119669259,0.239660232560709
0.655752279330045,0.304512952454388
0.37775456532836,0.422239988809451
0.698327912949026,0.441196652827784
0.903373122913763,0.250147954327986
0.474406944587827,0.539412464480847
0.748589622555301,0.112917722202837
0.528743745293468,0.230208841152489
0.306877466617152,0.887734337244183
0.516231477027759,0.35405709524639
0.784295823657885,0.238801303319633
0.800179044017568,0.126570518594235
0.348887401865795,0.355680294567719
0.0657613209914416,0.990530421724543
0.33647274854593,0.367764824302867
0.496448223246261,0.708134382031858
0.556189079303294,0.479611832881346
0.328282129019499,0.652784252073616
0.688446812098846,0.555359797552228
0.972674740478396,0.243042224785313
0.456848384579644,0.795903483172879
0.102601935854182,0.914373999228701
0.572593649616465,0.556658501038328
0.311842560768127,0.768918836023659
0.45555697963573,0.819082128582522
0.146353698102757,0.834240121766925
0.101943634916097,0.977129564620554
0.554986306233332,0.450493421405554
0.0944032352417707,0.91054494632408
0.99031021585688,0.00315792532637715
0.51408102363348,0.73568434943445
0.235583005938679,0.826298695988953
0.28298988705501,0.474727043416351
0.750890194904059,0.1196927302517
0.603867803700268,0.216248724842444
0.829351640073583,0.119554498698562
0.0973852954339236,0.872766459127888
0.394914285745472,0.617633828893304
0.272928962716833,0.549240558408201
0.286654293304309,0.702807915164158
0.0912991701625288,0.996203641407192
0.151480568805709,0.564200594788417
0.366181737510487,0.788505329983309
0.968193099368364,0.00446224841289222
0.61385242966935,0.280650088563561
0.851983127417043,0.0781447920016944
0.924601530190557,0.387723301071674
0.223120517563075,0.754222400952131
0.804417978739366,0.111607999075204
0.573428433155641,0.476664376910776
0.163176160305738,0.72532551153563
0.494386119302362,0.175839834380895
0.478180294623598,0.305078620091081
0.36465802649036,0.84148478298448
0.217558958334848,0.425908211153001
0.953232191968709,0.394701165379956
0.748139988165349,0.473997557768598
0.685955752618611,0.439735699212179
0.847469931002706,0.34445237275213
0.0428103934973478,0.671159032266587
0.949683235259727,0.306143858237192
0.329503575339913,0.929321639705449
0.364010560791939,0.848423940129578
0.205716055352241,0.945759589085355
0.403720505768433,0.895441257627681
0.450305947801098,0.848849386209622
0.266235870076343,0.903736919630319
0.763694701250643,0.586272120242938
0.0509912625420839,0.941584405954927
0.748397459508851,0.16655876301229
0.296458651311696,0.894586845068261
0.311189473606646,0.727133796317503
0.324285000795498,0.884848621208221
0.0573423998430371,0.890126933576539
0.293717085151002,0.40302871610038
0.244273745222017,0.443493564147502
0.0223901763092726,0.881879719439894
0.906411385396495,0.16089234361425
0.0508445815648884,0.689639137359336
0.114809051388875,0.94358932832256
0.759516184683889,0.0859813883434981
0.676432853098959,0.52238782402128
0.263532278127968,0.946449043694884
0.848854744341224,0.493775421986356
0.553674344904721,0.217411414254457
0.895358331035823,0.0131467257160693
0.462164200842381,0.760066711809486
0.743034125305712,0.0644527606200427
0.999176610494033,0.0183677261229604
0.900616232771426,0.117833403870463
0.480297836940736,0.666912307962775
0.208450129022822,0.908275340683758
0.716281626140699,0.635686283931136
0.846778542269021,0.293237963924184
0.545262635219842,0.279451588401571
0.7167326528579,0.153563567204401
0.154972136486322,0.555703092133626
0.318762496812269,0.752249159151688
0.21023290255107,0.917837180197239
0.120231413515285,0.667962588602677
0.791845537023619,0.306681187357754
0.00789700145833194,0.623381823766977
0.724617060972378,0.368597097229213
0.953861214453354,0.0295689678750932
0.462824634974822,0.298144439700991
0.0704315402545035,0.998528602067381
0.0163435095455498,0.893382951850072
0.545387606369331,0.764039285015315
0.415291553130373,0.300361230503768
0.851065550930798,0.0370474974624813
0.742367173079401,0.188012602273375
0.929993200581521,0.0758719292934984
0.0719958513509482,0.982938220025972
0.495220563840121,0.32399980397895
0.147366018034518,0.948655992513523
0.415417893556878,0.468902625143528
0.0539779879618436,0.983437702059746
0.306432004552335,0.347912366967648
0.712601174600422,0.17344212369062
0.0504696955904365,0.995168997673318
0.74561903020367,0.287051724735647
0.518321162322536,0.565119246952236
0.480784381041303,0.53749638539739
0.159622293431312,0.763733439380303
0.905557317193598,0.304300089599565
0.692150158807635,0.47842306108214
0.616780132520944,0.569852582644671
0.391408242052421,0.683629744220525
0.392800220288336,0.557385609485209
0.903720828471705,0.0835704694036394
0.478939200285822,0.555511793121696
0.734298165189102,0.295425554504618
0.408404217567295,0.294328593416139
0.37838327139616,0.670275645097718
0.710265486733988,0.122883473755792
0.0773116489872336,0.743905146373436
0.133783148834482,0.874045196920633
0.0349347908049822,0.966683892998844
0.097902802284807,0.765773709863424
0.844906183890998,0.445614987751469
0.238462142180651,0.883444247767329
0.239719694247469,0.961302240379155
0.81207647267729,0.506156027317047
0.790804515127093,0.567264229757711
0.583857882767916,0.64463654323481
0.868353108875453,0.0297525036148727
0.824052961543202,0.388363104313612
0.597917174221948,0.231574196834117
0.555581409251317,0.26069146883674
0.820023104315624,0.399445439456031
0.588246294297278,0.169051717268303
0.806547431275249,0.506460345350206
0.957935815677047,0.394964231410995
0.886291187722236,0.137298353016376
0.388102860888466,0.799536544596776
0.91077437880449,0.186622154898942
0.672162574715912,0.156774210045114
0.812341268872842,0.0391269540414214
0.82284359051846,0.0700927851721644
0.4144901947584,0.678144289180636
0.457062475383282,0.537263694684952
0.515277517726645,0.796848178142682
0.372832770226523,0.341843195492402
0.701766204088926,0.196080743568018
0.255106025142595,0.475444716634229
0.853925439994782,0.176374392351136
0.228922432288527,0.969300788128749
0.652808800339699,0.232587533304468
0.414987497264519,0.824882021872327
0.522725709015504,0.727758463239297
0.355121407425031,0.826379861449823
0.825695340055972,0.404944984475151
0.2274451602716,0.639537529554218
0.181864944053814,0.92323810630478
0.627172669395804,0.394934565294534
0.378955925814807,0.816687854938209
0.0666246020700783,0.912065834971145
0.833537338301539,0.165373561903834
0.52859289967455,0.20019155414775
0.248156594345346,0.890138573711738
0.136163136688992,0.909375700401142
0.540646190755069,0.249697504332289
0.747532633133233,0.473834065021947
0.469642526935786,0.327348745893687
0.981027531204745,0.215550294145942
0.369017456192523,0.492420013993979
0.741648206720129,0.52328920760192
0.0539015114773065,0.568019929574803
0.447713653091341,0.853479362092912
0.166847791988403,0.672765700845048
0.22999340808019,0.927059274632484
0.796677325153723,0.351464293897152
0.166026371298358,0.915263960836455
0.18679587659426,0.664954888634384
0.132214578101411,0.530131903942674
0.304378052940592,0.525781915755942
0.414051513187587,0.447289073141292
0.938931327778846,0.0214325098786503
0.817136706085876,0.50488302228041
0.610424099257216,0.467239949852228
0.708497184328735,0.183274615788832
0.705573192099109,0.216808797093108
0.201854137238115,0.957681635860354
0.170843983069062,0.811642877291888
0.85909195127897,0.225204631686211
0.078971131471917,0.699417054653168
0.631787859136239,0.547293817158788
0.509373476961628,0.822664894396439
0.608935770113021,0.590417977655306
0.286883119493723,0.382063840748742
0.0993000424932688,0.884766164468601
0.947893278673291,0.108679427532479
0.200996255967766,0.947337126126513
0.918518357211724,0.0359905608929694
0.106017852202058,0.695538501255214
0.00318067008629441,0.864239817252383
0.448493433650583,0.762064968468621
0.143430361757055,0.951161459786817
0.378979881992564,0.903239098377526
0.495539540192112,0.206662024138495
0.314905356848612,0.374281366355717
0.469394207233563,0.385040635243058
0.648151654051617,0.505894853034988
0.0676314716693014,0.667794655542821
0.563309260411188,0.234499657526612
0.680958976969123,0.612129486165941
0.252399605000392,0.741812290856615
0.230038502486423,0.8007588153705
0.257751140045002,0.372645671479404
0.638190400786698,0.709272975800559
0.767209619050846,0.516044024843723
0.753095240565017,0.0656391081865877
0.837596169905737,0.293909897329286
0.232336916727945,0.851676748134196
0.843274091137573,0.215786761138588
0.388593030860648,0.84612727095373
0.211624846560881,0.744694211287424
0.490966936107725,0.435133742867038
0.594828950474039,0.359142866684124
0.168098775204271,0.724064787849784
0.155448951059952,0.535580022726208
0.183168546296656,0.589295505313203
0.400371280033141,0.88823877624236
0.904757920419797,0.21987546631135
0.493489498505369,0.66186121175997
0.0904690918978304,0.700201579369605
0.795381103176624,0.29472855408676
0.872947834432125,0.0237451931461692
0.962124814046547,0.143225699663162
0.931903774384409,0.180559031199664
0.868910307995975,0.374296637484804
0.101034949300811,0.664098323555663
0.635800899006426,0.246582883177325
0.644561584107578,0.479719159426168
0.573044650023803,0.413441618205979
0.70016015949659,0.538211831822991
0.979788449360058,0.00641201226972044
0.631033670622855,0.115534033626318
0.202589267864823,0.745775875169784
0.88469052943401,0.212680402444676
0.607735267607495,0.155895688803867
0.0645075375214219,0.961343988543376
0.0470869028940797,0.615106253651902
0.484224336920306,0.266549431253225
0.472363324835896,0.849030985264108
0.864915824495256,0.037301822565496
0.742840615101159,0.122570956591517
0.673799614422023,0.0860842308029532
0.758836134336889,0.320985589642078
0.517651902278885,0.455142084043473
0.401590718654916,0.358241921057925
0.249560354277492,0.85390993161127
0.412965707480907,0.253733803750947
0.390587085857987,0.639547886326909
0.240355454850942,0.722290466772392
0.055628783069551,0.821267493534833
0.317388581810519,0.394961810205132
0.171781881479546,0.62751133274287
0.776717092609033,0.107738913269714
0.531927085015923,0.368369181640446
0.949991909787059,0.0230144935194403
0.722967816982418,0.619460763409734
0.361544663785025,0.447118527721614
0.594413547543809,0.62947787460871
0.639128354610875,0.559126077685505
0.955252614570782,0.00979723152704537
0.335077064111829,0.749734119977802
0.826286077965051,0.034552555764094
0.31196641898714,0.537174905417487
0.969623618526384,0.20866847387515
0.0970019847154617,0.980897715548053
0.93174450728111,0.0385749915149063
0.213737235870212,0.509347629733384
0.958614613395184,0.0703808953985572
0.916827239794657,0.294554938096553
0.168594272108749,0.590517834527418
0.822256189538166,0.426861284067854
0.0431903169956058,0.988545772852376
0.840135374106467,0.0684094205498695
0.809868341544643,0.555628181667998
0.706114212051034,0.438707933528349
0.40891531505622,0.490184329915792
0.454923883546144,0.458500849781558
0.142556718550622,0.818788403645158
0.22432513977401,0.648361698025838
0.0668028381187469,0.706660796189681
0.688004991738126,0.0872407010756433
0.991487294435501,0.190167831256986
0.258084601256996,0.832034758292139
0.707226721569896,0.495798182440922
0.924966079182923,0.117436714703217
0.0707169051747769,0.801804834511131
0.861719657899812,0.0817220380995423
0.777732249116525,0.312634851783514
0.527865562820807,0.33071713661775
0.977052545640618,0.0474380161613226
0.0436969900038093,0.78079827898182
0.579306613886729,0.300670123426244
0.511947710299864,0.536263196961954
0.392340132733807,0.627338696271181
0.00617861747741699,0.646822420181707
0.369953121757135,0.341306518297642
0.795109490165487,0.249661425827071
0.89033122244291,0.0224891360849142
0.770183990709484,0.313613634556532
0.0734694714192301,0.956874479772523
0.819336801767349,0.43184048938565
0.00587488315068185,0.987329687224701
0.0687007789965719,0.96360692800954
0.817256852285936,0.320223489543423
0.205915711587295,0.974891388555989
0.421237973961979,0.883305290248245
0.573311490239576,0.779756030999124
0.816415806300938,0.090699968393892
0.963931591017172,0.0300358100794256
0.332205324899405,0.813901690300554
0.513753227656707,0.762544312514365
0.325472644064575,0.897784627508372
0.48022947483696,0.205632453085855
0.33617235859856,0.452168319839984
0.0706041697412729,0.947799551067874
0.0928470198996365,0.996136824134737
0.268900249153376,0.37299728859216
0.198283960577101,0.95242411410436
0.879043446620926,0.35161215509288
0.444994710152969,0.823481291998178
0.975960667943582,0.0931784368585795
0.478260657517239,0.53977332287468
0.832011619815603,0.211837340844795
0.269405166152865,0.634614544454962
0.390025104628876,0.780159379122779
0.0619689975865185,0.605150818359107
0.463409657822922,0.259068807354197
0.47874047793448,0.353371766628698
0.852949654916301,0.030152102233842
0.673707318026572,0.208815867779776
0.431543246377259,0.395096931839362
0.853397452738136,0.450730730080977
0.890035084681585,0.417894382728264
0.848440483445302,0.101165441097692
0.777230799430981,0.24051026836969
0.501264819176868,0.47587959561497
0.974247424164787,0.174820396816358
0.520949848694727,0.240744828712195
0.747261738404632,0.174431803170592
0.111158157931641,0.695394948124886
0.345889921765774,0.835159681504592
0.436021350556985,0.590434233425185
0.777401915518567,0.270910805789754
0.926305228844285,0.331091667991132
0.84566991450265,0.500761686824262
0.172779824119061,0.562797802733257
0.483438895083964,0.210043093888089
0.191261950880289,0.710943912155926
0.767024677246809,0.0411442981567234
0.323096515843645,0.459528747713193
0.24910418363288,0.6750866365619
0.0255628584418446,0.686879433691502
0.733105572406203,0.621438262285665
0.525602484121919,0.310037628980353
0.5011559096165,0.429347808705643
0.170587896602228,0.72219264600426
0.58205662551336,0.194913445506245
0.394997942261398,0.892340664518997
0.836330008693039,0.084275848697871
0.356577229686081,0.600754077080637
0.686521059600636,0.447706238832325
0.441681924043223,0.809891138225794
0.86682244646363,0.245129124028608
0.740519959712401,0.493379957508296
0.451327341841534,0.333818210754544
0.277001132490113,0.851805363316089
0.430398182244971,0.702005069004372
0.533095872728154,0.454954260960221
0.426694331457838,0.271968428976834
0.214300049236044,0.648555613355711
0.125485783908516,0.8021719022654
0.188978147925809,0.977899564197287
0.395570405991748,0.864566262578592
0.460331079550087,0.492219049250707
0.0705552450381219,0.747636765241623
0.655349082779139,0.46209539542906
0.679271703120321,0.383374897064641
0.460590199334547,0.782641055760905
0.951269579352811,0.024540786864236
0.752583188936114,0.242931103333831
0.614372840849683,0.676608918234706
0.616851891390979,0.287654981715605
0.250621190061793,0.736078882357106
0.559814257314429,0.304321760078892
0.309707720065489,0.512682849774137
0.263616365147755,0.511360244359821
0.694669536547735,0.240631572669372
0.854402272030711,0.44657016149722
0.364352428121492,0.691434961976483
0.671434201765805,0.660576447611675
0.446207865141332,0.316413999069482
0.358645775588229,0.348940703086555
0.687372816726565,0.55160970450379
0.315093229990453,0.36234766151756
0.648673965595663,0.427287354366854
0.867833118187264,0.427972453413531
0.607586552388966,0.393646843731403
0.0898855146951973,0.865142438095063
0.790593326324597,0.0812644450925291
0.310626779682934,0.58328094240278
0.64457835117355,0.13856541691348
0.596636120928451,0.344610838918015
0.816625483799726,0.0283483101520687
0.223006622865796,0.456587927183136
0.177043210482225,0.901068723993376
0.152137430850416,0.939561817562208
0.97528064949438,0.0354518245439976
0.556343509117141,0.661042294697836
0.247244807425886,0.781821998301893
0.082317360676825,0.844666099641472
0.233532828046009,0.96995302150026
0.353268919978291,0.697021792177111
0.688466342631727,0.620716096367687
0.773720124037936,0.208658583695069
0.314792966935784,0.881254258332774
0.363228863105178,0.566655911738053
0.855061058653519,0.0577718620188534
0.69953194190748,0.135676099685952
0.313657246762887,0.612098958808929
0.95607819291763,0.336872776038945
0.652272701030597,0.590602721320465
0.0390328373759985,0.99868794111535
0.573246368672699,0.748109406791627
0.704070054227486,0.0604641947429627
0.690326558891684,0.532004135427997
0.0901336644310504,0.824009805684909
0.626728683011606,0.154745739186183
0.871233734535053,0.43761150399223
0.663864354137331,0.472955286502838
0.685944007709622,0.613351650070399
0.060409244382754,0.996281559811905
0.143332556122914,0.971607515122741
0.374560869066045,0.77056732820347
0.461242619669065,0.840508855879307
0.613007996929809,0.755358164431527
0.678560495376587,0.692083057016134
0.361947683151811,0.49815735546872
0.855347846169025,0.105340190930292
0.380544266896322,0.601289621088654
0.847052209312096,0.0937154677230865
0.0818670934531838,0.675598632311448
0.77745422325097,0.264033292420208
0.41996210324578,0.722165788291022
0.693624962121248,0.646375823300332
0.828031112672761,0.470267042284831
0.309589356416836,0.887570856604725
0.538813462015241,0.24679467221722
0.7253636745736,0.391809138236567
0.54975866060704,0.163992838002741
0.606751923449337,0.641604483826086
0.291751180309802,0.820694765076041
0.824102398008108,0.233990265754983
0.298311472637579,0.587663518032059
0.706822453998029,0.657103118952364
0.84684586734511,0.174012687057257
0.941252622520551,0.0415322822518647
0.312777053564787,0.408245440106839
0.104984128614888,0.898870739387348
0.711612044367939,0.571683770511299
0.892563832225278,0.0168944518081844
0.635139714693651,0.326699100900441
0.0978649100288749,0.54088477534242
0.347828738857061,0.864212477346882
0.863352046348155,0.0812654299661517
0.964995786547661,0.00165769341401756
0.178840999025851,0.754367428598925
0.538735716370866,0.671104553388432
0.508972214534879,0.548960178392008
0.297693318221718,0.829649214167148
0.586370869539678,0.135823323158547
0.745043106377125,0.125611013267189
0.742684489116073,0.199133211281151
0.642153443070129,0.626685195602477
0.296960049308836,0.555345802335069
0.331009084824473,0.729771175887436
0.76642246847041,0.523973503382877
0.790070979623124,0.0366059532389045
0.266106291674078,0.942527478327975
0.181720251683146,0.719546057051048
0.730715985642746,0.2040425890591
0.18337677535601,0.558263448067009
0.978400307474658,0.239432434784248
0.199572469107807,0.761321150464937
0.766322956653312,0.504604749381542
0.319209617096931,0.608456232817844
0.850876881275326,0.0690019971225411
0.870686805341393,0.0540272360667586
0.645177006255835,0.263749414356425
0.767017093719915,0.10748367686756
0.882497475948185,0.457486416678876
0.986359816975892,0.0188423257786781
0.671271891565993,0.119129103608429
0.0221031901892275,0.980470301117748
0.969732378609478,0.000240071909502149
0.239081423031166,0.843996434938163
0.319069572258741,0.643655015388504
0.357210189569741,0.889105267589912
0.339514253893867,0.658796271309257
0.366426954744384,0.849041539244354
0.753123987000436,0.143249133136123
0.279301590053365,0.952387357363477
0.313253158470616,0.785952304024249
0.327632087050006,0.450919479131699
0.436247224453837,0.223650482017547
0.0347450608387589,0.60126069933176
0.0869649862870574,0.759481131099164
0.184536917833611,0.560578993055969
0.218105753418058,0.800357342930511
0.164908546954393,0.915403129532933
0.906591935316101,0.0381337273865938
0.0897953126113862,0.977524276124313
0.440445844782516,0.669140245765448
0.0543355862610042,0.837432970292866
0.912160152103752,0.0423167629633099
0.705598181346431,0.619807174429297
0.343951326794922,0.310016904957592
0.569908805191517,0.366054757265374
0.124407956609502,0.607434199657291
0.72678780509159,0.135444327723235
0.629659201484174,0.15567290247418
0.207908257842064,0.444129775511101
0.96551984269172,0.270764539018273
0.737099170917645,0.0548750732559711
0.758171438472345,0.50591319357045
0.552323104348034,0.387573813088238
0.437048252671957,0.819982476066798
0.0803722387645394,0.736577498726547
0.212095487397164,0.932304710149765
0.712279112776741,0.0974132798146456
0.300814544549212,0.822016276651993
0.456065406557173,0.833806242560968
0.0512764432933182,0.888155268505216
0.165619571693242,0.962144166231155
0.575026603648439,0.212204065406695
0.305666962172836,0.465542760211974
0.110053127398714,0.562604306964204
0.359690369805321,0.793670917395502
0.0137157151475549,0.988296008901671
0.71485112584196,0.245154481846839
0.0282499252352864,0.959112843731418
0.417906027520075,0.496588887413964
0.566991571336985,0.796837862813845
0.540195243433118,0.320083171594888
0.416719996370375,0.878724947106093
0.9683146039024,0.39018985372968
0.654123253189027,0.693278917111456
0.880086280638352,0.105340977432206
0.380612735869363,0.482899740338326
0.273518194677308,0.945388110820204
0.0904350914061069,0.71820036880672
0.0305717538576573,0.833017292432487
0.972489664098248,0.00533812050707638
0.532995310612023,0.412339577451348
0.259096692083403,0.423068346455693
0.748730478808284,0.132217213744298
0.395751442527398,0.838095342274755
0.519076173426583,0.164084978401661
0.135235044639558,0.532637437339872
0.869038175325841,0.382406363962218
0.154499790631235,0.764958192361519
0.0130096394568682,0.830696058226749
0.604757349938154,0.199705898063257
0.157398126553744,0.855229485314339
0.797234977828339,0.565425668377429
0.48941574501805,0.800111532909796
0.782497044885531,0.560098210116848
0.163632515119389,0.912717110943049
0.265964707592502,0.945259755477309
0.727645338745788,0.563458441058174
0.245149590075016,0.605356541462243
0.986570857930928,0.00462549133226275
0.352487494237721,0.332268559839576
0.260365883354098,0.616990611189976
0.48097225278616,0.437416653614491
0.793300791876391,0.224169333232567
0.682708830339834,0.104683280922472
0.961360501823947,0.00306718656793237
0.488790145609528,0.408217927906662
0.0121934965718538,0.616495154798031
0.537590932566673,0.334389329887927
0.0738004117738456,0.642484918003902
0.574889440555125,0.593732149573043
0.304663529852405,0.887582797557116
0.792199473362416,0.0498970372136682
0.2970080091618,0.888467453187332
0.0947924491483718,0.711412649368867
0.418815837707371,0.365380501840264
0.225267299916595,0.922777655068785
0.578914551297203,0.305544446688145
0.598292407346889,0.170370824635029
0.66141645424068,0.658445152454078
0.244992653140798,0.727621983503923
0.176678641000763,0.893472539959475
0.389612450031564,0.357210063375533
0.0574606901500374,0.994962587719783
0.458268868504092,0.357847878709435
0.431913492735475,0.444022512063384
0.808520685415715,0.240819389699027
0.334465170511976,0.938559185480699
0.822494100779295,0.0658380195964128
0.610053466167301,0.213170448783785
0.868410626426339,0.483049943344668
0.444838962750509,0.546515755122527
0.249253469752148,0.409050326328725
0.260752938920632,0.820454938570037
0.0875490517355502,0.84011084609665
0.486051079351455,0.210697581525892
0.677829908905551,0.321303734788671
0.0849797374103218,0.832456093514338
0.914694954175502,0.153296486707404
0.351283445255831,0.934538913890719
0.0863569800276309,0.826984817627817
0.584306458709762,0.453729411354288
0.455466129351407,0.711645670467988
0.984354404965416,0.00217319233343005
0.431561383651569,0.371919210767373
0.132727820659056,0.833443866576999
0.230697627179325,0.512119522783905
0.284075549803674,0.56515324045904
0.0345965945161879,0.766628230456263
0.0208249043207616,0.938802267191932
0.36584104062058,0.36635483847931
0.365126466844231,0.493891004705802
0.31856913282536,0.707234034780413
0.0498414526227862,0.615934662520885
0.777599166147411,0.222218462266028
0.979397226357833,0.219742617569864
0.822517831809819,0.0695816799998283
0.111894363537431,0.81776265706867
0.0719094888772815,0.996766848489642
0.62963929399848,0.432980993762612
0.832441936247051,0.0399848797824234
0.895335537614301,0.141322256531566
0.180951352231205,0.786066910950467
0.620609438512474,0.222058799583465
0.930836730869487,0.332647575065494
0.969740741653368,0.361314074834809
0.983938269549981,0.0412277264986187
0.943911421112716,0.0970622741151601
0.942948901560158,0.090058927424252
0.751222114777192,0.0515042785555124
0.0191708093043417,0.955042527988553
0.287516530836001,0.418903738958761
0.0234344156924635,0.910162470536307
0.896606653695926,0.0128199520986527
0.428686797386035,0.242954880231991
0.0672213661018759,0.633159800432622
0.225067425286397,0.611884053098038
0.185296221636236,0.465619873953983
0.184911982389167,0.469411015277728
0.133111326955259,0.876715243095532
0.22282125079073,0.864978019380942
0.553760301321745,0.753985573537648
0.552170399576426,0.741274402476847
0.821049890015274,0.476009835023433
0.536880321567878,0.788745008409023
0.0504704467020929,0.922414718195796
0.369935827562585,0.661712766857818
0.0113052581436932,0.680364680942148
0.310303148813546,0.465176262194291
0.9524621355813,0.215731656877324
0.965722327120602,0.00614556483924389
0.204670236911625,0.867743527051061
0.703326555434614,0.304026304045692
0.82398070814088,0.0517231258563697
0.951607970288023,0.0858167605474591
0.0807989770546556,0.967391628073528
0.684546011732891,0.637312239268795
0.984879333758727,0.162409557262436
0.980727638816461,0.0343384412117302
0.404793777270243,0.843979234574363
0.942237003939226,0.257038970477879
0.000204530078917742,0.905553815420717
0.832436337135732,0.113219369202852
0.796595982974395,0.0957418687175959
0.272712691919878,0.876752658514306
0.818321726052091,0.435700588161126
0.943744992604479,0.141942874528468
0.813927694689482,0.271665236447006
0.940808459883556,0.342048130696639
0.85348020773381,0.161872385069728
0.747594691347331,0.420151184778661
0.659065899671987,0.386604807339609
0.0161941440310329,0.999947597272694
0.137754115043208,0.78476999187842
0.0901059741154313,0.842748054070398
0.854071355191991,0.143082395661622
0.111555960727856,0.651057628914714
0.479182039620355,0.658555537927896
0.38573511922732,0.342446996131912
0.896751848980784,0.317461740924045
0.82500636507757,0.288880297215655
0.922237695893273,0.280838743085042
0.92799980007112,0.0879777404479682
0.316442655632272,0.893974332837388
0.139863756950945,0.791093778330833
0.590934472391382,0.750572003656998
0.673649134812877,0.562372664222494
0.63225988810882,0.384987944038585
0.615198344690725,0.481616962468252
0.62983141746372,0.155252425465733
0.356211299309507,0.60633343574591
0.329866290092468,0.834593954030424
Rho_s: -0.800259411564853
Rho_p: -0.799915527380155
IC Time: 0
