Rho:0.5
N:1000
0.163719046860933,5.19924682580794
0.625611477997154,12.8575278260838
0.577139459550381,7.40577398612751
0.632104482967407,12.205964158621
0.853666106471792,12.1024827654143
0.227848349371925,7.05752944664798
0.118502530734986,6.93221448375534
0.0176561034750193,8.60149035542536
0.855154087534174,11.1434884880307
0.171708984300494,9.32045131769628
0.523549027740955,12.2580371694662
0.53992653824389,14.1475970255109
0.0207220790907741,9.95960411896616
0.648694746661931,6.82160566748338
0.704901357879862,11.3440629580189
0.414836686337367,11.5651094224627
0.982308926526457,13.3936228252851
0.160611674189568,3.88168101951336
0.659351117908955,14.7632668952426
0.638431899482384,8.31279234393465
0.705345013411716,12.6497879738109
0.657852817326784,10.3366048534525
0.0153225304093212,4.48881292627174
0.814819990890101,7.61017308641232
0.475314710754901,7.88866058114669
0.351032044971362,9.73613000759227
0.94134049769491,17.8722849130757
0.94741859450005,11.2361444932075
0.799483997747302,9.66491044118214
0.620291047962382,10.6955364965457
0.960429381579161,10.471020485121
0.255115122301504,11.8158063335604
0.185941702220589,12.075159276834
0.177651623962447,7.47976926078038
0.587134547065943,6.49491435636183
0.324626983609051,12.0616799831437
0.303940431913361,9.83096025079081
0.831980825867504,12.3067212316601
0.201555759413168,8.20684280965391
0.289524025749415,5.34304752373791
0.594896582653746,12.8999656788625
0.110691264271736,8.50405324956693
0.712945128092542,8.84120712826837
0.578514067921788,6.91213112949697
0.0452362699434161,7.18129904147655
0.859457248356193,12.3759709921769
0.0792048170696944,11.6433143982165
0.876482237596065,9.20434073028472
0.195828805211931,8.31854308780065
0.550743625499308,11.3353529469337
0.10452344128862,4.06206004410575
0.73498491034843,13.6118486263685
0.574993536807597,6.37439441188646
0.44737141742371,9.14589496015047
0.916148396208882,11.9726478480747
0.451580033404753,10.3335616551006
0.265231841942295,9.49864579951257
0.633643263485283,7.99938124255894
0.0430265308823436,9.00775514626894
0.760970369447023,13.1327766375421
0.172529207775369,11.04170297214
0.147528701461852,12.5724986983604
0.56949332752265,14.5325028712955
0.329911675537005,10.8592564364765
0.681379484711215,10.170177879936
0.0697052804753184,5.45401233776144
0.827287073247135,11.3884844606083
0.50224428018555,14.2423887220495
0.785277308896184,11.5781992939089
0.64401461626403,8.59839644497123
0.363821065053344,11.5212049042042
0.209943159483373,6.1488641136101
0.00906041101552546,11.7766134210318
0.536790961865336,11.3144651375
0.936621196102351,16.0457643962921
0.475110457511619,7.2081502726301
0.416848622029647,6.16026232470172
0.970595763297752,15.8999691155156
0.158264447003603,9.32633371696857
0.401603148784488,6.62797833601304
0.7502718383912,11.3816823726908
0.141376578016207,10.3056554356189
0.592341220937669,13.8088395214573
0.494860786944628,12.1693622032384
0.658403808483854,9.32243786374475
0.387690397212282,5.67926949684261
0.521590512013063,14.0328708978177
0.125066886888817,9.67251183800715
0.563086942536756,10.2896411139608
0.133682911517099,7.84958711151688
0.407705805031583,13.2427313403134
0.465251772664487,14.0310810439976
0.187191064003855,5.57902511789041
0.399515045573935,7.84198992685593
0.721303703729063,9.01778986891881
0.962674219626933,13.5474244693522
0.771334092365578,12.3898974682087
0.0625010160729289,4.27875129271823
0.144840681226924,10.6598288906406
0.707908909535035,10.1387972879023
0.321131850127131,6.46453814998869
0.160463229985908,9.60456275802951
0.877038231585175,12.8784451278437
0.565415188670158,8.38709209343059
0.545973554719239,8.11838093670621
0.289637316949666,8.52189932681641
0.252662647981197,10.0394895181684
0.336790210800245,10.6373296094605
0.401022501988336,13.719898160195
0.757109343772754,13.553918090218
0.159190880367532,12.2405193489739
0.228692437754944,9.59979274369863
0.140767233679071,11.166195249853
0.596710398094729,13.470532447771
0.846848610788584,10.8952494643345
0.613673286745325,13.9532453398839
0.285027368459851,6.21042782724068
0.901346120750532,8.74246778132455
0.945359768811613,9.1629552212113
0.29650139180012,8.5515439016548
0.270628877682611,10.8842026181115
0.618613781407475,6.59274969566272
0.78376453416422,11.8953209565066
0.632813291158527,9.02717384985561
0.774744651280344,11.4231910438922
0.872920446563512,15.1617220508515
0.454049294581637,13.816331028987
0.131868352880701,6.71822543782487
0.733277904801071,11.3033497627477
0.197144510457292,4.19251510548965
0.581102006603032,12.591988639784
0.752410489367321,10.5974642868658
0.337094266200438,11.6930726285697
0.0909471840132028,4.47093719140025
0.263078394345939,8.3207558047517
0.0135396155528724,4.390757838255
0.789440035820007,8.25661731592676
0.291266855318099,13.0125788744775
0.422049553832039,8.96968195431245
0.611551667097956,10.9253458204174
0.983210110338405,8.24616961264091
0.385913679376245,8.28456112808306
0.718646852998063,12.5042794193114
0.56568068312481,8.85435506139025
0.647707567084581,7.43788801040575
0.490742048015818,7.18839830998289
0.393082013586536,8.13904698415969
0.337469749618322,12.2714209760074
0.967127004172653,15.4009040518609
0.0855467454530299,11.5307388089135
0.716290200129151,9.90760414441343
0.845408837776631,10.103748670127
0.451244492316619,10.1669365109641
0.198320127092302,11.046271936459
0.183592184912413,4.10012026977817
0.816098581068218,14.4279631472033
0.0863865003921092,7.52777039754691
0.235168640967458,5.94915516417104
0.881347800604999,8.06903693320769
0.530611410271376,13.1190530393289
0.13146125827916,5.77871803284599
0.0722172595560551,8.6906353550529
0.532690610736609,12.026132006176
0.389871129766107,9.1659386112165
0.207971241557971,9.60017051986852
0.47857100283727,13.4298320544524
0.828616195358336,14.9026614234568
0.649269049288705,13.4820249272647
0.766073750564829,8.02287917837961
0.577618919545785,13.9190012740458
0.462943201186135,12.0769171756352
0.0690098505001515,5.22565077501037
0.938469621818513,9.90455341800001
0.946877358481288,13.9422956512907
0.586563406279311,9.77955414940782
0.771945611340925,11.4779250078333
0.838768733199686,14.0383872124766
0.775094182230532,14.9728972489057
0.908982485765591,13.6982902625395
0.573820197954774,7.93328417444906
0.29213150870055,8.42768038471247
0.117482819827273,4.84581891593152
0.58339767716825,9.4141928479316
0.851633508456871,11.2145259416558
0.49452789966017,7.81736955172386
0.373123849043623,11.1971718821085
0.736132751451805,13.120901196753
0.0296125251334161,11.1888448808095
0.890693579334766,10.4406978601241
0.265776538057253,10.1516672525233
0.373687593499199,11.5627268165631
0.853084557456896,10.0007673481117
0.426516884937882,8.49627091700397
0.332724436884746,12.5587678697099
0.77555766957812,13.1813633486813
0.221625869628042,12.1770694749012
0.887398024322465,16.8086940195232
0.182567651383579,9.83731362870107
0.36209368170239,10.5865635901152
0.361965790390968,12.6692202336949
0.681070844875649,8.88790489320967
0.40825942158699,8.5072737091511
0.855219303863123,12.5113903016889
0.155994640197605,6.55715110590744
0.394834035541862,6.32168653652552
0.0854767907876521,12.0122477647956
0.960275942226872,10.8402836315
0.0405213683843613,5.00191239978644
0.413204680662602,11.3336131497917
0.132708665216342,6.61986594526742
0.560410561040044,12.4078511265169
0.208043638151139,10.9722207764467
0.565515821333975,7.56756700879133
0.155209939694032,10.7371765285083
0.584862783318385,7.96097284385901
0.923306574346498,11.4752206586366
0.782476003514603,8.26331379907125
0.439197462284938,13.1174862641965
0.316018157638609,8.14351181546955
0.959874943597242,12.4305149964917
0.519110615365207,13.4474512424622
0.110919329570606,12.0266443533107
0.372528800042346,6.126141610295
0.856300498126075,15.2465936437636
0.334938412765041,11.1104882962432
0.431054533226416,6.68260894587645
0.224244880257174,8.9167060525906
0.571394368540496,7.6637294214262
0.841221132548526,9.11375580292277
0.602828556671739,9.43982974476584
0.140953597147018,9.49615865542183
0.667547368910164,14.2033369940953
0.493604274932295,12.7982699070371
0.105051703751087,1.73283200274166
0.800617535598576,10.3894996565652
0.334267192985862,11.2607660119757
0.412951429607347,5.97520430260005
0.787163287866861,9.42982038873384
0.0962041944731027,10.4275495879397
0.92553466046229,7.89701740053441
0.770485426299274,14.1081384106846
0.167937423568219,4.28462271122174
0.858555612154305,10.1278123247772
0.0117628499865532,9.43743472051267
0.666365590877831,12.4871667899324
0.972281272755936,15.429604355463
0.519046085653827,14.1973033595057
0.351346130482852,12.9280159838534
0.567428891314194,13.7994762539434
0.777804972836748,10.2687825660186
0.523668150417507,9.98598196483976
0.811043178662658,14.9653226366531
0.596314083086327,10.3048493989481
0.297208712203428,11.3115716890809
0.308860269607976,11.1317767573873
0.673346275929362,9.99993656134969
0.782014966476709,11.0055050217955
0.220459759933874,12.4462766410466
0.658453860552981,11.1061560381343
0.323296437272802,5.80898047532685
0.738547516288236,10.553482205481
0.0689335963688791,3.72228982351836
0.923922337125987,17.2081388898871
0.868930176831782,10.3695067088538
0.0529653683770448,10.7320139989614
0.377810555743054,8.08856304065636
0.934292771155015,10.7425019749453
0.240466612158343,13.0656832270893
0.254044369561598,10.2655115175767
0.480700033716857,12.9172108003059
0.472933307290077,9.45449906939626
0.903283896390349,11.6380750582902
0.684067473514006,10.6273109090805
0.538938181241974,12.9286270976198
0.764534108806401,8.09469677303517
0.554860582575202,9.08476866514031
0.770721951499581,10.7855751526338
0.627934603951871,13.8038103613808
0.0367434341460466,1.06942146774508
0.0342763112857938,5.34074579224141
0.393883198965341,6.02059179013033
0.3748773727566,6.65749668180932
0.39110832568258,5.90492768384542
0.406381284585223,10.1935733842083
0.191661907592788,6.61171793055731
0.898850442841649,11.4989708308681
0.296685204375535,10.5483069075171
0.697089993162081,12.7402384664936
0.865321111865342,11.1067849045545
0.698241487378255,12.575501697877
0.520548198837787,7.77366415195394
0.390084485290572,11.0490001801965
0.605460635852069,9.60692230481022
0.736402372829616,10.1117789532023
0.232686392730102,11.1554008103871
0.21917786472477,6.26109450589133
0.999187087407336,12.0752800383755
0.671186733990908,9.77435326537198
0.200385174714029,11.2371982223607
0.756609129486606,9.39123962142179
0.647275696042925,6.87901893828144
0.762069083983079,8.80479408895648
0.999904858414084,15.5779696693977
0.119154216488823,5.00641876346448
0.0869588246569037,6.55102493095413
0.194893162231892,7.58184394404681
0.321999713778496,13.309805468032
0.912034841254354,13.6168829677677
0.754957298515365,8.22775470259934
0.595249864039943,13.2707418275089
0.446004993049428,10.7209404103782
0.855880751973018,12.5790442518818
0.2800442869775,6.52155584293423
0.831551351351663,12.9136271829095
0.440739688463509,11.0536005672185
0.211522717028856,12.4975793414604
0.254325716523454,10.1896148710753
0.00313081708736718,10.7816357268369
0.329365028301254,6.78089125162094
0.74302305537276,8.73932947965984
0.0633938587270677,9.37082696300833
0.559028969844803,11.4889505807495
0.841945159249008,11.559369417995
0.364952605217695,11.6006794090572
0.42975737224333,9.65715037131397
0.34779815049842,6.35210010800199
0.550997170154005,7.81093825597337
0.157443168805912,12.5152615338633
0.286726848920807,11.7880393516142
0.285760181257501,10.6035453025129
0.895371815189719,11.6970712098825
0.148824522970244,9.7270496560869
0.373311023460701,5.25673209568373
0.397736102342606,8.14099343612131
0.6477899805177,14.9020695260768
0.166240390157327,7.16695577029623
0.285814977716655,6.04302839060063
0.588211393216625,13.9998959323957
0.532410654937848,14.012305264555
0.567384280031547,6.82750557309459
0.136082173557952,6.39469791222177
0.211950881173834,12.4754528991792
0.616097666556016,9.39300010582388
0.560303444508463,7.63883780921159
0.12785434932448,3.67790913703684
0.743827092461288,13.6189018903432
0.946145596913993,9.56512245632035
0.58116027712822,14.2443578943263
0.0448014254216105,8.05438907036335
0.682345877401531,9.67694476981339
0.257049395004287,7.90827126149329
0.894755853107199,12.05913610005
0.17154593532905,11.9761737599998
0.460092991823331,7.63891424520912
0.0043253127951175,7.8907984078073
0.706147455377504,8.11617011582069
0.537128976546228,12.071758006267
0.552344246767461,6.88603504936448
0.583642794750631,11.3811412871378
0.108338409801945,10.7676270186984
0.288727322360501,10.9341634155577
0.538995000999421,10.3950605721237
0.45491235377267,12.1325172471495
0.341106957523152,12.9457280290733
0.625187197932974,13.6023775178196
0.871126296231523,15.2055228279206
0.204572662012652,5.92889684431333
0.0413680635392666,10.7771398083078
0.533584409859031,7.86113552231938
0.489283181726933,13.855500159263
0.0975335934199393,10.6914396965223
0.663514806888998,12.9297918043296
0.984807878732681,10.4350582368596
0.126975497463718,9.36810617860583
0.70204042410478,6.7240359792393
0.85750484932214,14.0794015270382
0.213732362259179,6.26388377151448
0.344271280337125,13.0390410468642
0.249018674017861,6.31013207763899
0.189795556478202,10.5884193601726
0.0277753388509154,7.3862600923457
0.861985852010548,15.47489627444
0.45658688689582,10.717564394945
0.139155118260533,8.06221389743728
0.318038104567677,9.49509222157259
0.946509000845253,10.2255172834985
0.17186750844121,11.9639145023693
0.508529760641977,9.95425905634464
0.769439612748101,12.4201162652057
0.364259287016466,9.80022699261253
0.956356639508158,15.5423129638201
0.297919066622853,6.16846819435228
0.871200709138066,8.9168825043941
0.239072668133304,10.6109691835828
0.0911350988317281,6.3337903559763
0.1844584539067,5.54025441543878
0.472853748593479,8.74615806408613
0.948728162096813,14.911636235463
0.248944484628737,6.8352648731755
0.308993450831622,10.8540805718942
0.187892006710172,9.37943568012749
0.129007349256426,7.24986007049003
0.424463621806353,12.8170426783826
0.226697144797072,6.2645848761086
0.00535849248990417,5.07746765939996
0.44775023474358,13.3390343796518
0.51488695666194,11.643372358632
0.0650322029832751,5.8799213823983
0.290341598214582,5.6771469078531
0.0573555442970246,6.25225899746765
0.639408661751077,14.5928644357696
0.0618073439691216,5.4474120833503
0.481816271552816,9.1486208967013
0.56079344288446,14.1832479777743
0.394284179667011,6.32603880902026
0.164024603785947,10.3481321170338
0.947387037333101,13.3832660860279
0.485116485971957,9.84302864130743
0.501247270265594,8.60670436526095
0.999529403401539,17.2779041169347
0.880840861238539,12.7736382413498
0.464419327443466,9.73358504121394
0.0835204091854393,11.4028125159554
0.272433920530602,10.9686746900285
0.637350656557828,13.4895151237665
0.960267209680751,15.2245929641691
0.685838477453217,12.4809660342773
0.996547926217318,13.9323992833862
0.188736194977537,12.0050850120972
0.225941851502284,7.87110849779129
0.943602107232437,11.3800591412389
0.72468588524498,14.5484413373466
0.902843263233081,12.4169307140595
0.994932559784502,14.4181244592514
0.826674435986206,10.787979602113
0.637023690855131,9.05247015531324
0.196615505265072,5.4145801212866
0.51593974372372,7.86868696537695
0.698112525977194,9.22574255373097
0.35466015082784,9.33704647896551
0.575520978309214,10.4243686054066
0.276503410888836,10.7116992145008
0.87809372972697,15.6472799894507
0.647587876534089,9.87526442547555
0.827667258679867,15.9286065155888
0.292371762450784,5.52009478509648
0.953893842408434,8.58435872333935
0.82084144372493,8.20342622571755
0.249525555409491,6.07340138033503
0.184721069177613,6.72088264510712
0.107901356415823,10.0355916797904
0.767199692549184,14.0956349599259
0.443609358510002,5.88564020127016
0.967216884484515,10.4359546411983
0.626800841651857,12.1943945833118
0.305142018012702,12.9089193906869
0.293944179080427,6.61997156997622
0.889169188216329,17.149626931356
0.0260754951741546,4.8973120169768
0.162758697522804,6.79066233442917
0.105127510847524,4.59770829631291
0.390401430195197,10.0431038911287
0.0519441110081971,4.57841248561806
0.920138047309592,13.1839407595777
0.421657192753628,13.0088413827578
0.143324770499021,12.1819458598766
0.728461327729747,9.67731596643825
0.395669714314863,6.3432863900431
0.539783640066162,12.5970783955226
0.832796190399677,15.4363020909721
0.93591983593069,11.4318343745322
0.276714415755123,13.186599479333
0.675971815595403,10.8462485310989
0.704787862254307,7.18862476802608
0.819987807888538,9.5282979833448
0.746331635629758,12.0469045562543
0.918467987095937,11.4582538915565
0.381015078630298,13.0963319290514
0.0921568581834435,6.02808589917893
0.591090888250619,14.1588176133343
0.242004121420905,7.79265727609329
0.471229283837602,8.43491330748247
0.770100109046325,14.6326369787326
0.120772778755054,5.44672713198816
0.438921395456418,9.00034293333736
0.38881547562778,12.7028513963149
0.249262136407197,5.75986489698693
0.112778624286875,12.2819804901714
0.655127163277939,14.7769439414546
0.870320278918371,10.81262346741
0.709513694280759,13.7034075956482
0.888381827156991,17.4147731692191
0.224026090931147,6.84322059532475
0.914025626145303,13.7984074953615
0.25802274630405,11.6518773798294
0.0309103517793119,11.733798155542
0.00215132115408778,7.81629326769741
0.635169654153287,8.57161569833156
0.436473642475903,12.7124567598725
0.978659819811583,15.4838574334293
0.48806266952306,8.03553526862777
0.331436490872875,11.591165592032
0.920807190937921,8.56807121721079
0.405931576620787,11.0933688190498
0.132219413528219,7.82750139692138
0.0747476380784065,6.06080915303222
0.764132832176983,9.09603446390712
0.999847169965506,13.2539561940213
0.120000176131725,6.45846229448916
0.717867347411811,8.95013760923029
0.677522390615195,15.379520930555
0.160709934076294,11.0420296132676
0.329396059503779,10.5496411604137
0.854811598546803,16.9813915016633
0.346527046291158,11.3351077294017
0.702339456649497,9.08009249383216
0.94443775061518,9.35219000865115
0.657496095634997,8.93234663056038
0.0953329890035093,11.1110395565651
0.59947006823495,12.2886692744111
0.258129943627864,9.1118623319267
0.508528249338269,14.2522795868517
0.166534956311807,12.2890364548167
0.560498526319861,10.230685388177
0.31368303229101,5.27543589172094
0.418413165025413,9.43908925491163
0.756643512286246,11.0040150683491
0.938974672229961,15.6719229425053
0.901536948280409,14.66042217612
0.521239775232971,8.24917880440157
0.525590209523216,11.5306306095463
0.00806275242939591,2.60839806242698
0.693340475670993,11.3206926273768
0.133350973948836,10.5968248830267
0.196425845613703,5.43817933150883
0.257549495203421,9.22783180938406
0.0674858246929944,8.63630095944698
0.428389017935842,13.4366658692112
0.875027612084523,9.04996449870992
0.0991428999695927,9.11392385785569
0.0422987951897085,9.04447190286935
0.0343631061259657,10.3591298650197
0.317032614955679,10.4834999588621
0.0668364239390939,1.62689213550465
0.231479915324599,11.7143331686611
0.155236444901675,6.58280322757469
0.979993816465139,8.55958201040178
0.435800395673141,6.59378073749157
0.957299476256594,8.78703112651276
0.786160190822557,13.7345511549675
0.546285966411233,13.9543874509476
0.364504445111379,11.4222054851116
0.687633726280183,13.979251603929
0.699039992177859,8.20872357188971
0.995851706713438,16.7230789431277
0.0768599999137223,4.20867921542558
0.661083942977712,11.2490068317176
0.371526737464592,9.46699208415713
0.617498118430376,11.2609008362983
0.832656959770247,11.7180349223382
0.737370632821694,14.1985097020336
0.907183613162488,10.5898348278974
0.565984943881631,13.8065245047541
0.0719704017974436,8.41896941226217
0.627524909563363,7.73809656476193
0.0273282572161406,9.2545715032758
0.289338933303952,9.33325974959085
0.8481896428857,14.7556460451671
0.949986637569964,15.9658460600268
0.221187131945044,5.37713694393306
0.0682212533429265,11.0128419015789
0.178551410790533,10.4654298738857
0.658758167177439,7.33518531931695
0.557450510561466,12.7863647023933
0.59527560020797,7.31654238136457
0.634967177407816,12.9681603064642
0.839265719754621,9.65659750714955
0.792252567829564,14.1544565488885
0.0982786468230188,8.79045590446318
0.179092888487503,11.3667425512149
0.83754772040993,13.8594495951206
0.9343547669705,10.391565407721
0.59014147031121,11.8465914304645
0.820744764059782,7.97117632206266
0.21129475091584,5.05001714998715
0.0225909370929003,8.82978248285951
0.931858938187361,10.7777656483372
0.88563434407115,9.99818849611454
0.130565312225372,5.78947699834716
0.534202151931822,9.52442378512818
0.863656298955902,10.2933541833395
0.0278401304967701,11.6826626536092
0.605390959186479,10.5834896137547
0.601751970360056,7.7573365691747
0.982646504417062,14.7006915949278
0.0558554036542773,10.3514623484837
0.352231620578095,9.14699695108637
0.955657795071602,15.8401091633925
0.611441145418212,13.5912474201114
0.266667027259246,13.0510833153052
0.376246596686542,9.14784971978233
0.893195607466623,14.2783140740853
0.0839691862929612,7.64289988850043
0.310052440268919,13.4142736515756
0.763020958052948,9.60879553881758
0.619143067859113,10.8058105249554
0.605227106017992,12.6940403636327
0.0714184558019042,9.20862218254154
0.591823790688068,13.5373632308968
0.18863743240945,9.47732671908596
0.9008734296076,8.92890929996878
0.07318907068111,8.92008367941704
0.512236035428941,11.0101191969665
0.112053661374375,10.2698919414607
0.142218733904883,6.68828834430916
0.371367322979495,7.95515699042968
0.924009361770004,8.42994692095737
0.839650595793501,8.2823194908156
0.305105059640482,10.5218232866523
0.498763473238796,6.21208931302202
0.955763035686687,8.40903845620897
0.777042351895943,15.7171016384343
0.526006014319137,8.36787410301888
0.588258373085409,11.1674330526455
0.206799309700727,4.9959386619561
0.917996645905077,13.8127532074992
0.121161077870056,7.78416305030558
0.762685404159129,9.07927988849786
0.465691182762384,9.87265764790113
0.635791018605232,7.85167590090978
0.416500429157168,12.2571679752732
0.139338872628286,2.25446588459693
0.986150428419933,15.0639719915736
0.956693060696125,9.69804356916
0.982291474705562,9.97666938744859
0.176201486960053,4.97122001238909
0.0540729886852205,10.890741679571
0.669035757426172,11.6910991784781
0.804336588829756,13.8431680969916
0.636495540151373,12.6065471796423
0.352782565401867,11.6494094035493
0.862697248347104,10.5500256618904
0.432939255610108,7.16502999182905
0.933461899403483,12.4530636774056
0.169863530434668,7.9572675008118
0.836167255649343,14.7069871083452
0.731764285359532,12.1355922329488
0.933800057508051,11.5270484615194
0.76674791960977,13.0258076227245
0.602807970251888,9.19053460844973
0.34301610570401,5.37844406920682
0.018463168060407,8.83043065751336
0.0878447825089097,9.64592203226457
0.69178344658576,9.58750048484047
0.506163228768855,7.31309286798954
0.0218891140539199,7.82571811529432
0.151932107517496,4.11895781919417
0.314548451919109,13.1450308289227
0.773923154454678,7.60941112953791
0.708014097763225,7.32063512768136
0.386626167222857,11.9537988015513
0.956704644951969,11.864116286062
0.504477696260437,9.79497823613504
0.136258636135608,11.5988354951994
0.272255392046645,4.83125131757806
0.648130394052714,7.11108264741247
0.446402468020096,6.31588764220583
0.100174493156374,10.6449342940519
0.397389776073396,13.8018288047397
0.990450029494241,11.8222713916122
0.254352611955255,6.94184440163309
0.295789936324582,9.76657188385133
0.187018410535529,6.03244482874816
0.301737186964601,11.8728031337667
0.324750003637746,7.31465192871295
0.186548063531518,11.3283689211157
0.507745878770947,14.1768853843413
0.203838284360245,12.6538101860978
0.920117651112378,17.2502526727177
0.920594485243782,12.8596083574044
0.856488813646138,12.3252825535828
0.721610692562535,14.598406615895
0.290792697574943,8.71451097420311
0.320107515435666,7.1068965846758
0.0525792667176574,8.23686202072613
0.883517082547769,13.6304779817181
0.386822821339592,13.6390600280941
0.380379482870921,8.28340528366349
0.415672273375094,11.5556397672023
0.904206237057224,15.7188653615054
0.271979746874422,8.80681274396463
0.440797918243334,6.50952439654823
0.555978516349569,7.9392252666935
0.308080107439309,12.6078573116945
0.0462061176076531,2.9542265016013
0.832346454495564,10.9675272327639
0.200133668258786,11.5571028233203
0.852017946541309,9.37622297156365
0.275550473015755,8.14986618646443
0.127096425974742,5.29128663342379
0.812600345350802,11.093469219696
0.902732573216781,12.5183079686839
0.314341746503487,5.1552519278454
0.0126562607474625,7.66651276254912
0.913475730689242,13.9328605753733
0.0449044883716851,6.72310277296969
0.896358042722568,8.39676855619328
0.948356524808332,12.9124634336447
0.159498469205573,4.73514788405434
0.576913614757359,11.2560835948747
0.43511985312216,6.53578977225717
0.775733208283782,12.942150302645
0.781151125440374,7.27378790236544
0.710677821887657,9.11091405873838
0.773827579338104,11.9495140720614
0.820157406153157,8.07575062211174
0.805532522965223,14.5531080562935
0.807234456762671,7.43002317924091
0.94727963837795,12.4290093432123
0.438944080611691,8.59845666203569
0.777173345908523,10.8282139894889
0.484530598158017,8.5209383843118
0.57374197919853,11.9154725058047
0.745591642567888,10.2437734496424
0.457279540132731,7.68983062965005
0.578733326401561,6.36007130784633
0.115754247643054,7.45740562202128
0.411342747975141,10.0043472615343
0.331980496179312,7.14902603341081
0.0733111819718033,4.90699581699558
0.374563529388979,8.5615672298949
0.608241511043161,10.6214305953663
0.146732891909778,6.50926182859613
0.0562414599116892,3.77447236566496
0.753616144880652,12.8053161321495
0.19126141583547,6.55253003615202
0.0242686397396028,7.71740953253275
0.387823531404138,6.65184026426936
0.844944630516693,8.56626121822677
0.839414743706584,14.0931629655378
0.250668762950227,11.1359187195252
0.151791068725288,8.99688594025792
0.859463211148977,9.51798584257058
0.584401520434767,7.94091100518997
0.453250385122374,5.86410759479691
0.773196261143312,9.33544108284007
0.510016322368756,12.5430015492801
0.555486887227744,7.94721782982125
0.0991270402446389,4.7206367559
0.183801636332646,9.48899095327808
0.507373818429187,13.8467963932622
0.405545773683116,8.91403895567284
0.692476097727194,12.348223881821
0.20598037680611,11.5271899471014
0.0928337837103754,8.16137094627354
0.563304901821539,9.95036711327289
0.380960351089016,12.2043597359144
0.710086616687477,9.29628828193485
0.268682262860239,6.50493915586625
0.262353523168713,5.1670931840218
0.56735619623214,12.7485719228087
0.833647658117115,11.8790382134921
0.107638401445001,3.10358770476253
0.980822671670467,15.0499243770968
0.942309766774997,14.5458250211162
0.270686766132712,6.1576879793512
0.803770758910105,12.2165170917771
0.860488920006901,10.0582091524254
0.641901893774047,9.31159808613427
0.276371844578534,6.13944986807965
0.640495989704505,10.2291089979306
0.183395297965035,8.26501401659531
0.548934575403109,14.1750258023252
0.0197341360617429,5.84663492752438
0.493103110929951,7.97871339786751
0.792325540911406,13.5914863324679
0.125886193709448,8.29246051167178
0.908622708404437,8.35707581899869
0.512927981559187,8.69701549230767
0.531265523750335,11.9175211549023
0.186405982589349,10.9806276630246
0.733352372422814,7.57620166502341
0.274193516233936,8.79053356982046
0.825257258256897,12.9466274112133
0.321459457511082,10.2808972063392
0.0484613752923906,5.28171693211343
0.072718717623502,9.65335632785203
0.75878594815731,9.38513645554857
0.666558120865375,10.6850430331449
0.481734751258045,8.27661468182616
0.481634540250525,7.81681180990191
0.171028571203351,12.1901702092465
0.940748025197536,13.0883970449869
0.884690761798993,15.1854256040638
0.0540803852491081,8.48787673739873
0.697843127185479,12.594107752549
0.203439449891448,9.24928749117852
0.530776002909988,9.26063291585803
0.583713321713731,12.4246230942765
0.241927954833955,10.6822775752447
0.570161834126338,7.79015770694696
0.406475996365771,6.24582249207199
0.181586600840092,9.85785799980873
0.581236043944955,9.20841948436952
0.454391063423827,12.902592146582
0.0284527242183685,1.34838189485356
0.261977821821347,11.1483875332815
0.922958757262677,9.52648861023354
0.577170299133286,6.60896583716034
0.0161677426658571,7.51146462312242
0.922589084599167,12.1592465218257
0.888324497966096,13.8410720891497
0.816012841416523,11.90703682309
0.947684136452153,8.7967686418401
0.0543322749435902,7.75787582223187
0.284418003633618,9.68248974028505
0.150281082838774,3.92079736763264
0.45865456899628,12.9575229803369
0.101150678005069,6.99774453743231
0.438288189005107,13.6191381311428
0.465580278774723,13.104256367852
0.987844651564956,13.3887838340563
0.14437699271366,10.7809951198838
0.230269227176905,9.48689717770993
0.373018914368004,12.2676734961133
0.822486356599256,8.04702075642644
0.416673480765894,6.51469713572107
0.316687698708847,10.6216320236624
0.0636590823996812,9.07521894883827
0.942699739476666,10.2665148355514
0.289443355053663,8.95453220951277
0.997368127806112,8.25467268642879
0.148801557254046,7.08226011925364
0.900290467310697,14.5807819841353
0.482964172959328,7.75389203131976
0.158481897087768,7.08806361657273
0.61812201468274,7.23016677469667
0.831551767885685,15.1088267701536
0.782465148018673,13.3568956501665
0.965817609569058,9.40876202166443
0.923462487524375,14.3512293107038
0.234404926653951,12.0545763406593
0.52664325479418,13.9027029117036
0.815530605381355,15.5105629095843
0.320263557136059,7.71170933127973
0.952481641899794,12.3424616526016
0.958792845485732,9.75362591253768
0.951522294431925,18.0382270302666
0.190548055106774,9.6829074043228
0.401118562789634,8.7639996160902
0.0990363911259919,7.53451404406533
0.248436574591324,5.34883790692819
0.674190036719665,9.47182275468468
0.938656775979325,9.95948522199199
0.801672691944987,11.8205175767831
0.782178885303438,13.2653764326013
0.518541832221672,7.06573628419434
0.55037684738636,14.2037803067292
0.4950036611408,7.63550109689959
0.633477908559144,6.61763723692431
0.27322575985454,5.72017585546583
0.200045063393191,7.53648056799329
0.171663849148899,7.394318640825
0.756633609067649,9.84215204184215
0.172441756818444,11.3682575929394
0.1634372016415,12.074546715268
0.866340247681364,11.7361342078904
0.62733443453908,13.9027850955679
0.738391759106889,12.4372196710425
0.57399476133287,11.4462718606367
0.437682843999937,9.91209262491291
0.590055605629459,10.117122482824
0.290944923413917,7.75933836988617
0.701176797971129,12.8072326197516
0.933372706873342,10.6959718209053
0.76279648928903,7.40559524220107
0.828492847969756,9.87866659633917
0.236255867639557,4.7929471959524
0.0425739216152579,11.9542442380185
0.443922912003472,10.4892085384153
0.353483608225361,5.72811796814591
0.0698842885904014,12.1030918372332
0.173786465078592,12.0555847967981
0.653987396974117,9.17198850060717
0.391016806010157,11.7471365152522
0.010523131582886,0.294981953763065
0.585042252670974,10.2261519693504
0.417960956227034,11.3174374954678
0.882521706167608,17.3574408595978
0.893608602462336,14.6019707683554
0.0884708219673485,6.88862269324035
0.516179628670216,12.237097989311
0.767782047390938,11.9099432108302
0.501209743553773,7.10370053351071
0.973433620063588,11.6494228632392
0.741057462291792,10.2364339650201
0.447325783548877,6.91403936755153
0.304204586660489,7.85796597755061
0.872580065391958,15.7092798976449
0.908828834537417,11.1526168278144
0.622157889883965,10.2532040187781
0.609052013140172,9.11513967463761
0.539733320474625,11.1252611011702
0.710303178057075,7.07395051881361
0.73608547821641,10.3432586664641
0.669178636977449,6.81299773445468
0.295493695652112,12.1574889811478
0.733976007206365,11.1835489590911
0.442592460429296,11.8365735817565
0.0993645335547626,6.85200339799301
0.463589446153492,9.63014791260347
0.919923149049282,12.3312238413089
0.205853268271312,6.5956750092223
0.427728859707713,9.01346605981353
0.162743457360193,11.2539750876431
0.283548819599673,7.7681670000214
0.199726240942255,11.2448556813428
0.930398778989911,10.6157757129782
0.131213069660589,5.95444611726497
0.925796094816178,11.3811105424577
0.111391784157604,9.73364463179812
0.933615458663553,9.10937596109372
0.147050201427191,4.84790217674361
0.574637823505327,13.9476361624706
0.500731713604182,10.3156207118065
0.704249762929976,7.80915765506831
0.0061085456982255,8.3697542340449
0.474923451896757,10.354805091925
0.193910560337827,4.79070838409667
0.881773530505598,9.21021305083348
0.84176085353829,7.91671270380332
0.965814136201516,12.0271822025232
0.237085563829169,9.34362037820502
0.587146757403389,9.05370746305583
0.0583309207577258,7.48171919636037
0.766762654064223,9.66887219610254
0.584083904512227,8.46799070079983
0.543762979796156,12.8787245649932
0.457780889468268,8.83143178358524
0.101492492249236,9.22328830136581
0.882071312516928,12.5847168136534
0.301642621867359,10.1930093324959
0.914762280881405,11.5832425229865
0.0451357625424862,10.8860306030322
0.507822688901797,11.7098145661876
0.859941967995837,7.84856627110603
0.944001491880044,11.33369667484
0.537673096405342,10.6445144474107
0.3658549527172,10.7536645385883
0.932732384651899,12.2669000403022
0.957993715535849,16.2501077732737
0.860657945275307,12.4411875958598
0.707459764555097,8.86730738339136
0.7720770125743,8.2922049035041
0.739995254902169,13.804134870881
0.629731023684144,15.2205418393457
0.0412744521163404,5.89385425347692
0.453734830021858,6.20755023752899
0.29034104407765,5.09850359456048
0.448161440901458,9.28368101387859
0.30142753245309,10.0896946114742
0.0584709085524082,12.1559496850558
0.477502763969824,7.28220608056669
0.261617980198935,10.9830385827822
0.197882205946371,6.16952625258473
0.764938820851967,11.8110322602715
0.547194323968142,11.3521184318577
0.342368351994082,5.98319840806336
0.211692339973524,11.922344838542
0.361678441055119,5.22835136839769
0.560153673635796,10.9802493591308
0.108878694241866,6.11948649195716
0.387791693443432,7.18403676045968
0.25410418282263,9.30812604305898
0.574561688117683,9.50629267057844
0.231264633825049,4.98512281906037
0.330806765705347,10.7672270733608
0.771773725748062,14.4801566192257
0.802684517810121,12.1986459735138
0.490748790558428,12.4865150804458
0.783987162169069,12.7815985209962
0.789490145863965,15.4909567305213
0.616863753646612,9.84754641415655
0.311837055487558,10.4881669203762
0.334619547240436,5.75066758509218
0.0998767123091966,6.40637731526298
0.196593896253034,8.53816457757287
0.298132477793843,10.3469549535314
0.00501259975135326,11.7661920468618
0.82582493731752,8.55252995156219
0.214046168839559,9.19322305082532
0.486164706759155,13.2781020086921
0.726553085492924,11.705825117534
0.782550278352574,14.154145916337
0.738150607794523,15.3139102217466
0.191970521351323,5.92156583785423
0.627177494810894,14.1051276290365
0.535517615498975,10.3475660831645
0.554770022630692,13.5432092034875
0.676699372008443,11.6553761456019
Rho_s: 0.475348111348111
Rho_p: 0.504623726734964
IC Time: 0
