Rho:0
N:500
0.870058757020161,6.34109311641808
0.629236038774252,6.70122843449508
0.522475109202787,9.57025916709551
0.361125228693709,9.39061108426317
0.808346413774416,10.8023895710914
0.342772476375103,8.51863337710214
0.049427404301241,5.64827830889734
0.909718584036455,9.31072108767249
0.553235318278894,13.2164413127577
0.407167285680771,9.47564339057807
0.862085159402341,9.58921443355364
0.159878581529483,13.133255434591
0.918464549817145,9.39682367111303
0.842210105154663,13.4458560583366
0.963103855028749,16.7169045312373
0.859992903890088,11.3306497017092
0.784909951733425,15.0437656371339
0.972585759591311,9.68935018833404
0.39509121957235,16.3787779227754
0.913838810985908,12.2586166370472
0.484889815794304,6.81550014203523
0.232703557005152,12.2635706636326
0.908872762229294,11.0364785553632
0.919749914901331,11.0601606575156
0.822899407474324,15.6567325644341
0.470314682461321,7.40902083861872
0.631231174105778,9.97181942029034
0.701362747233361,5.93048618376289
0.931054063374177,8.61859908776297
0.468647256726399,10.7800297266333
0.357666058465838,10.3088138652122
0.94825166859664,7.02254856305252
0.348263691877946,13.1934436341341
0.4541810892988,10.3018654966874
0.643628389108926,7.82143627632872
0.552951025543734,1.81222432688977
0.0881717619486153,10.3220516646279
0.645365476841107,12.9580408641861
0.447830435354263,13.369349953
0.321169954026118,11.6311909915867
0.457200912525877,10.2978347133319
0.799158337758854,7.26126201460264
0.325695706764236,7.96724624851051
0.508426308864728,10.4914400743333
0.999264434445649,12.270915147503
0.40497242147103,8.85684786524844
0.226140581537038,6.24120182113767
0.649218534817919,4.92510162728564
0.536841130116954,6.7412461325374
0.919173637637869,11.8387876774485
0.159863292006776,8.18151552014717
0.649279522243887,10.2879741365586
0.640098593430594,12.2147698552297
0.340708347735927,7.35557719642827
0.810203543398529,15.4379277714179
0.14480263623409,7.04712684971811
0.0273333175573498,9.19277913077905
0.282099806005135,9.49782069477281
0.718944261549041,6.75895683800145
0.900408170418814,15.880613450203
0.426270669791847,12.7971437300283
0.404158432269469,9.56384645253381
0.64190037176013,14.3596354773351
0.0506912274286151,13.8034824044095
0.837520650820807,11.4908727296467
0.343853751430288,5.57311636626361
0.207814677152783,7.37674781130633
0.0363794781733304,12.9449610334423
0.839979822281748,14.1564874996363
0.998488972429186,14.3791749472584
0.775176204973832,11.4356876176188
0.708639658754691,7.33310696377364
0.301955572795123,4.03763035385399
0.84159364993684,6.57548610702066
0.539465250214562,10.3279956981008
0.891812359215692,7.80366267557511
0.944988994859159,4.84256684622307
0.50446663168259,7.22308735195652
0.142391643486917,5.47264856314511
0.299955343827605,5.82274641921915
0.701939007500187,10.3611202425947
0.90424776612781,5.17511762437643
0.653838967205957,10.0681428936703
0.875016103731468,9.54630778769828
0.444691984448582,16.1594271082546
0.203241606242955,9.57841542551595
0.658355311024934,11.4955820028309
0.843348563183099,2.60619847843514
0.861955114873126,4.17496405277707
0.805739492177963,8.60873235567861
0.481943506980315,6.37543705251039
0.529619305161759,9.97458865943286
0.105478805489838,9.68358055780541
0.286466949852183,8.72808306560849
0.0619268608279526,14.7670126648486
0.140982469078153,10.9263088037852
0.323878523427993,7.82303821164311
0.698467767331749,11.6435141794853
0.687988844234496,5.94447576610587
0.335233355173841,7.10199907088918
0.678356847958639,7.08962198991555
0.505476568825543,7.75200832382619
0.77183428616263,10.789661668897
0.579152253456414,10.2576729511793
0.666788552422076,8.57778783675133
0.57416322408244,11.7417625157114
0.589481188217178,6.63284392745133
0.523665542248636,12.4436517310397
0.495775962946936,9.0627515614071
0.828255771426484,7.97500942356408
0.262631429592147,13.2621778005448
0.856906632892787,14.0778852068435
0.825728522147983,12.0386650813275
0.0514060943387449,17.8388374754972
0.505002739140764,12.1296795421524
0.658626683987677,6.83850833302235
0.0745231648907065,6.51502370201098
0.983094203518704,9.21205375774149
0.855939038097858,5.83191795392552
0.715674875071272,7.13380035104547
0.724658822640777,10.3776436298281
0.458576174685732,9.34032346632922
0.649380363291129,5.50655198854313
0.740066869882867,8.09864969098766
0.267765719210729,12.6753854422655
0.405019202269614,9.74138021269425
0.73311431822367,10.277162765122
0.350951765896752,7.34034441081407
0.0338421319611371,12.9252661887425
0.220512429950759,11.1261866122363
0.289605360943824,6.34850986832173
0.600187058094889,7.87328102387838
0.178833781043068,10.2087421042884
0.109076020307839,7.88188599493596
0.204449958866462,9.82301226130024
0.631832020822912,10.3192742324996
0.665917393285781,10.7558750709096
0.469157549552619,7.97602343243694
0.330030856421217,7.66370054402235
0.32188424677588,13.498646632859
0.86496602348052,8.28877177645654
0.863932409789413,11.3481689757142
0.537439699284732,8.21855362951393
0.705543773015961,8.08870188093517
0.62109012529254,10.4428757392852
0.993371318094432,7.83651001765086
0.120208450127393,11.2326749696905
0.284596302546561,9.87681726353327
0.991546018281952,16.5544658253191
0.175371155375615,9.45567846451059
0.87160699442029,12.2694406849824
0.941074751550332,13.2492212562167
0.509493922581896,13.2203345890697
0.409473050851375,9.65246245175231
0.706342297839001,14.7561187947691
0.550929051125422,6.43254646026883
0.408533456968144,11.2012114560472
0.293169318931177,12.3094186050595
0.436132434057072,16.373004368578
0.880790543742478,13.3091419986913
0.96542009874247,6.42053993218482
0.95754859270528,10.7432278721181
0.186276751337573,8.29652277446818
0.42721506068483,8.65762041359422
0.166334407869726,7.41337541571754
0.856242097215727,11.2225469232843
0.918116491753608,12.3559182740448
0.615398222347721,10.6201984029489
0.399808309040964,11.6472952738231
0.852534953737631,8.97780111121898
0.154080532724038,12.2946440924483
0.0106948313768953,9.59369835596334
0.664596638875082,8.84370851974855
0.836027533514425,8.71972225081704
0.802388627780601,12.5965162589126
0.704203253844753,7.79409544443011
0.519250127486885,10.858331066178
0.875178024405614,9.79746497795498
0.268195704789832,8.80000474891947
0.760526625672355,7.50607741765529
0.648632953641936,12.3647919098372
0.201395506970584,10.6579545526801
0.691756955347955,8.57860128948986
0.963803660357371,14.6484579537032
0.621423033764586,13.4854440180435
0.336783875944093,10.6696637427657
0.894749350612983,6.40695684553283
0.352115657413378,14.2424450695318
0.0982606580946594,2.33312958369138
0.548298501642421,12.1618763945203
0.973662195727229,12.3507768254627
0.522752745542675,8.749531908114
0.306830948684365,9.78412834315025
0.694142766995355,11.0733664100432
0.829441237030551,13.138580994991
0.0608061582315713,8.15973761897086
0.0581612568348646,9.69847203487731
0.612043387955055,9.11957527892852
0.333507447503507,4.78952477637767
0.228492110967636,8.45363585473414
0.891475507523865,10.7289940800285
0.702054246561602,9.77793336967566
0.246367179090157,8.0756772353554
0.397246750770137,10.0672844631657
0.615424294956028,7.49805266208743
0.00264704204164445,11.6264057827691
0.475249189883471,17.5450494072662
0.727806376060471,9.20247832562509
0.194296637782827,7.16437716439165
0.101518815383315,9.11816030239081
0.455282553331926,11.3022594043385
0.697171364212409,7.01484804709516
0.522920615738258,10.2926736211845
0.120857883244753,9.68009441307992
0.523535356856883,9.99838079271431
0.989168109605089,10.6696206047468
0.747703536879271,14.2680405867658
0.0585167782846838,12.7313509117675
0.257066027261317,5.6082010170017
0.280841103056446,6.32511723088904
0.00255683972500265,10.3314177743935
0.544875503284857,4.65265716166082
0.41453041927889,8.91114806544265
0.160194840747863,10.9250941909252
0.869443159317598,8.77710336800791
0.584486639592797,8.18300847303906
0.730402226559818,12.0231583569458
0.975079802330583,5.69633977569141
0.492655253969133,10.9183161366503
0.398725094506517,5.61420274998163
0.66421016654931,2.32079238626641
0.358393047237769,10.3495881529773
0.152256382396445,5.53849882550553
0.283295369008556,9.14877145549647
0.194244501646608,7.57966146674927
0.57639422127977,11.2464735960835
0.084241927601397,10.0635102335747
0.505237696925178,9.81004999922405
0.211262938566506,7.96629937714608
0.30040078680031,13.1831834229731
0.0182184823788702,9.09090803662723
0.864316918654367,13.5072759495501
0.019129958935082,9.8724178430885
0.0340267305728048,9.56362279195186
0.455840347800404,7.89435113015971
0.474647847702727,12.2492982560567
0.337237377418205,10.8358327511164
0.773793719010428,10.4454052111026
0.316242786124349,6.49674048711631
0.601583532057703,4.95638470822127
0.500832583988085,8.76818193141789
0.355103876907378,13.1651935870045
0.712265823967755,10.510784161451
0.078354410128668,6.40194752509205
0.18840896198526,16.8785807735669
0.0719022457487881,9.20259087853208
0.5110869477503,5.73399132871484
0.514896783279255,3.80602410177473
0.311748115345836,7.57903545465095
0.0745200265664607,9.31880859640773
0.919483293779194,13.7508706101525
0.190929177915677,13.1657400237254
0.532508333446458,4.70613430819585
0.870255993213505,9.6095147860188
0.906682081986219,13.7377550830113
0.0459448043256998,13.1415770825553
0.82426766352728,7.81520619641224
0.751536468742415,11.2955207780379
0.293684315867722,8.38866230993103
0.283072816906497,7.19008470144995
0.642003271030262,6.65837214726259
0.966087936190888,11.7773464882094
0.209706092020497,11.131610734114
0.77083677216433,10.2941588468456
0.372366523835808,9.2794340609451
0.215150304837152,8.49151554096107
0.84461089107208,10.3580904122979
0.927169636590406,11.7323397532944
0.363811745774001,6.80634566899268
0.369961473159492,6.98574875125521
0.731115548405796,8.08678572089424
0.601568480255082,10.5319019840681
0.892252400051802,5.04785230292665
0.122522777179256,8.62277801329186
0.864771151682362,8.42065321292662
0.185699992347509,11.15163312079
0.300070957513526,11.7725855176937
0.392509649507701,11.888518936065
0.96367677487433,10.8470874894412
0.810499395942315,13.6725340598084
0.197583681438118,6.78766918459188
0.893095262581483,14.309225183904
0.373713120585307,8.18065076178027
0.224154179682955,11.5295005131199
0.861235728953034,10.4097028522986
0.272593273315579,17.2376377629785
0.962095117894933,11.1580326217695
0.925835782662034,9.08105882090931
0.265826176386327,13.5355384663125
0.426315484568477,12.7533546472055
0.0257534969132394,14.4251085742598
0.809322202811018,7.25404381539814
0.710896943695843,8.49601749110225
0.0471024008002132,6.90779612977641
0.53078717389144,13.4074520359387
0.231797987595201,7.28838952239823
0.756158002186567,10.2140258531839
0.234308533836156,13.8790354577301
0.0516041910741478,8.06274423050624
0.939139479538426,5.7642113266681
0.864074747543782,4.85305872017032
0.0778602620121092,11.2646981972243
0.624083927134052,7.80813634695661
0.69111630669795,12.2660450431408
0.141740649705753,15.5200837365971
0.415177820250392,11.8792440360039
0.721432895166799,10.6546785142269
0.801880443934351,6.3721707270585
0.388441783143207,9.01704925995298
0.0891215370502323,6.17534629318024
0.985471644671634,9.7375006938255
0.781901489943266,12.2864821689636
0.318799160653725,4.46422213208262
0.785290234489366,7.99335475387465
0.781026219250634,6.81336950936702
0.151291160378605,9.92042401330572
0.939333643997088,13.567416507128
0.344063196331263,11.9064825934703
0.465593024156988,4.7027148570779
0.896721611963585,10.4308788299444
0.348668288672343,4.89570399949384
0.423748522996902,6.26646343663546
0.0664895463269204,13.7380149733072
0.418979909503832,8.99593006502254
0.940329226898029,4.26719890903033
0.971885949838907,7.16907521476438
0.126060995506123,7.75452116497811
0.155503485584632,10.0752897624518
0.171811558306217,10.3651345743181
0.552181484876201,9.80088011540886
0.577090387232602,7.22567954618002
0.325971863698214,12.4833471795681
0.484533889917657,8.42223576855624
0.186805494129658,8.8204075486717
0.726263827644289,7.75464472992345
0.581841201754287,8.45209111299257
0.069603904383257,9.10006079739906
0.877973349299282,9.06396445003863
0.342173850163817,10.4240784505261
0.143871735548601,5.79613364363019
0.999884977703914,12.6441702345196
0.582097391132265,16.9160852862955
0.892176926368847,12.2991985400577
0.374012081418186,15.063764004575
0.683569967048243,14.0870917149788
0.442574948538095,13.9478643444158
0.619560420047492,11.1869996706038
0.888823035405949,7.34166324831169
0.436495228670537,11.4971627815955
0.649885011138394,3.94631240068084
0.355065735056996,11.9264312936318
0.16531410603784,10.2600610207287
0.781975645571947,5.75682153870152
0.864920271094888,13.1180684533393
0.773730261484161,11.8298494250518
0.816872397204861,9.66081911738227
0.099586998578161,16.1495662000947
0.0519355246797204,6.4129781862656
0.919290971476585,3.51100357388548
0.937260412145406,7.83159984927068
0.813673369819298,10.7025128771009
0.065946108661592,9.42781021428707
0.764574086293578,17.3181689825086
0.383169560926035,6.79240464277467
0.598246449837461,5.15697957977117
0.0734400027431548,11.5615656339558
0.184528643731028,4.67374816932686
0.436166409635916,7.59436118173597
0.460251808632165,10.5029467046109
0.805124956881627,14.6695263875473
0.785580941941589,9.7988191459808
0.238004235550761,8.67874061366077
0.194147635484114,10.3681719141891
0.296877490356565,12.3003198350017
0.666657851310447,7.46154161715245
0.329551251605153,11.1484785611772
0.829843565355986,6.41397457698272
0.823730940232053,13.1861440163589
0.33192189806141,9.8009777292395
0.795873560011387,2.9710647584062
0.999444915913045,13.6506795078825
0.155415202490985,7.11360712984266
0.178334183292463,3.78624387386947
0.3141983167734,12.8500651556836
0.838184612104669,12.0766309976347
0.0618963092565536,10.7302919659381
0.337471297942102,14.8516875111857
0.839625024003908,11.6050404724306
0.506831856211647,9.40667986738913
0.209100092295557,11.2113407586174
0.233376492979005,9.44915625282893
0.390750228893012,13.6786953219843
0.376582263037562,8.33173949193943
0.856327674817294,10.0682899585273
0.119734885171056,5.27677146504232
0.981637104181573,18.3114158481214
0.427147863898426,16.6260773321305
0.471956692636013,13.051687352988
0.816798178711906,10.8739981394088
0.718803698662668,11.3912179519964
0.495548683218658,7.05068926518292
0.874188216403127,11.6411386998503
0.320709652965888,18.2524700665866
0.934184138895944,11.2242150590395
0.838349959114566,11.4248846932117
0.362999354721978,4.81223442254252
0.382772125070915,9.75403995821833
0.747911791084334,10.5215762519813
0.154870424419641,9.18324866528751
0.73173676780425,7.15564628292675
0.355100483400747,8.89756876697995
0.991906886920333,11.7572309283807
0.454810042399913,7.62090707843198
0.10447479528375,14.3177880465599
0.75244333781302,8.88272812541105
0.262050914345309,12.9922271709632
0.738212950993329,14.0960223902631
0.850523226661608,12.7905759080449
0.493272562278435,11.273371961515
0.866163874045014,7.34147111922036
0.169931757962331,11.303790328354
0.17236983240582,8.25595373825056
0.17473610281013,6.51063798320705
0.560576820513234,11.4979078353176
0.798725934932008,8.33481329652889
0.135446354048327,10.4154406944471
0.349579512607306,8.97206306663019
0.0557248832192272,10.2529067714222
0.8114856001921,8.26290096502697
0.286567644914612,13.6220066389951
0.274513058131561,7.77533983649372
0.141735961660743,6.10536065428607
0.067249370040372,8.64917392411672
0.942874335683882,16.8533543142564
0.398806717712432,9.19844177692208
0.164071123348549,14.3781123657883
0.869881988270208,6.59011578044965
0.0910765032749623,13.7589774498877
0.85609034425579,5.51604764043932
0.214331598486751,5.19850738023928
0.336585311917588,11.3852228872342
0.63538290373981,15.3636475954437
0.710482125869021,10.3972085915813
0.697736020199955,0.51414710840684
0.876995272934437,11.8281875164245
0.678788148565218,6.36705554522236
0.0538352052681148,10.979059121777
0.613582196412608,14.9288632382589
0.645598022034392,10.1859986364205
0.973834195872769,8.70160098828082
0.838140530977398,9.78634865088729
0.636928771156818,10.9464660711602
0.514279542956501,10.334229956131
0.739465876249596,7.69748016007184
0.553830650867894,11.0423488309703
0.409619774436578,10.9930509818834
0.378100207308307,11.3142737462196
0.500277165789157,6.61889636200399
0.477492476115003,13.3091415734139
0.683576624142006,7.01420618393619
0.733052550815046,9.61547516607267
0.69942472409457,13.910305383854
0.952307652216405,9.63131261482087
0.0519476570188999,12.8024979548962
0.839107066160068,13.7882113236344
0.0977019891142845,16.6058811911541
0.548882691189647,6.08252283477996
0.652754213660955,8.30533225363005
0.713698702864349,7.74996937989875
0.801595458993688,9.63635790752335
0.576768833911046,11.5656060764465
0.829662190750241,16.2732278706914
0.453161482699215,9.26050989354182
0.901813975069672,9.26294443660409
0.548461607657373,9.22474870291174
0.203986865701154,12.3019840897585
0.259186518378556,8.50520500280635
0.72127967257984,10.7048963932796
0.834693639073521,15.0993335748188
0.329048385843635,6.12733756688321
0.847396499942988,15.6651442052471
0.392326846485958,7.26476775380137
0.318246031412855,10.6697390053057
0.639999416656792,9.71098039089932
0.391289905644953,7.30443259391227
0.972300148336217,6.60271416826276
0.709024376235902,6.7153323518877
0.53111936734058,15.6129230447445
0.86846904293634,13.6341118621044
0.859144805232063,15.2080296301013
Rho_s: 0.0559875199500798
Rho_p: 0.0421838366482525
IC Time: 0
