Rho:0.8
N:1000
0.0660558908712119,3.19715530414715
0.31183118536137,6.61364834415998
0.505625245394185,9.43408188468044
0.0748876174911857,5.29498323036581
0.70196782448329,11.4316548593009
0.53243648679927,8.15819611593191
0.154298895038664,9.91904254936254
0.455218695336953,9.41106852952829
0.78065328928642,12.481583905717
0.20432698703371,8.47996333768069
0.794698291225359,14.9962945897741
0.0401388753671199,3.48787160066841
0.162424513604492,4.19378323027191
0.183665339369327,5.27420469823917
0.63766142888926,12.7098318304194
0.196030926657841,7.57557768694133
0.772881505778059,9.30718239979335
0.240461366949603,5.32960451299841
0.341425803257152,8.09924137346999
0.443050879286602,11.8911321576396
0.591192290885374,8.80767960054308
0.106851518619806,8.22816263008466
0.853532095905393,12.5454943007923
0.0329468112904578,9.24647343142545
0.804848947096616,10.1182573607612
0.0441873604431748,7.11320914854051
0.445284658577293,8.50971331177768
0.41101671452634,10.658703922438
0.996313733747229,14.0040199083649
0.808117352658883,13.4207679746291
0.0731188338249922,4.29337997385094
0.842035997193307,15.0923585202315
0.829736668150872,12.6129428263825
0.199492571875453,5.57642350897146
0.186122116399929,10.0730943721264
0.448786069173366,7.4575652415193
0.46721719019115,9.01864087736956
0.312242202926427,11.4768777123354
0.755161097738892,13.7799267106466
0.921165050007403,17.0886126206107
0.462835321202874,7.51347511157323
0.131257703062147,5.28197530588664
0.769072904251516,10.7471124876205
0.507778792874888,8.02505300031257
0.0706567217130214,7.14907785381479
0.610374593175948,8.27687535544067
0.275978618534282,8.96880381041473
0.981194250984117,12.4422914900644
0.709780167322606,14.0418883011149
0.739780537318438,11.4056727040199
0.75458423094824,10.1254641367273
0.842842102283612,12.1252374611562
0.171743578277528,6.81459372545655
0.9757735140156,11.9866753830347
0.856213746825233,11.63940252101
0.590273816371337,12.8722543998071
0.052360849454999,6.53475152611079
0.0601097128819674,7.6749191317252
0.513111924985424,8.42925380621225
0.550397712504491,8.76874149806072
0.121710903244093,4.66628310375618
0.806330162333325,14.5993118133989
0.663897011661902,9.10339629124405
0.493846071884036,10.445655265598
0.185587170068175,6.88158932215714
0.103350233985111,2.9777634577269
0.545761119341478,12.7357650743842
0.0391133723314852,4.43984319661836
0.755749651696533,11.3220568958589
0.578391412273049,10.952877661204
0.56857249350287,11.3096603279972
0.590971388155594,13.6857852119948
0.572492274455726,8.69922274084123
0.424228877527639,12.0186506098953
0.0528662877622992,9.35717956269138
0.721817949321121,12.7313953053085
0.731229283148423,10.1192330970878
0.780967897735536,12.7802903788077
0.939165480434895,15.3920479117345
0.00466594565659761,9.02653546285499
0.339681158773601,10.6740574778506
0.869501903653145,12.3608357068149
0.263837392441928,8.39582514658091
0.395565524464473,8.94266089748612
0.572177174966782,11.3017037938745
0.351441650651395,9.97539857160197
0.125937588745728,6.92842591096614
0.915027994429693,14.331639466472
0.8157480196096,14.1070049205401
0.831679234979674,10.1351917858226
0.849301724694669,11.480826697717
0.827341123018414,15.4429373438835
0.574653095565736,8.89043553196673
0.682886431459337,8.56475204746781
0.416541916085407,8.22613846515342
0.783007088815793,11.8123376861837
0.162166800582781,8.23850729839216
0.815395168028772,14.6129619696474
0.906007974408567,14.6322570082971
0.597697196993977,13.2805277485102
0.16346065280959,7.76013441029111
0.845366393215954,12.6336637075642
0.891052143415436,16.9486278181807
0.880988260963932,14.0868503933526
0.520848855841905,11.9911863127183
0.544072409858927,11.2936097824576
0.783621533075348,14.6819477265995
0.771340461680666,10.2920852452193
0.283976004691795,10.0954231464434
0.525976535398513,10.2421323546364
0.333707581274211,5.83497777360957
0.389049864606932,10.3899503353593
0.0699722876306623,7.61397520929907
0.933106723707169,11.9141276346008
0.139509826665744,7.13559726785375
0.559494128916413,10.6757326886884
0.318357996176928,6.74208096581969
0.664528299821541,13.3515732239457
0.700624064542353,11.7107342268137
0.987302039051428,15.6157753566732
0.617782319197431,9.31619478574438
0.904178473167121,10.745852297533
0.0439014062285423,8.46867416392826
0.288915421580896,9.79536614249783
0.760594390332699,13.2580429274786
0.187101244926453,9.92148403275846
0.229123574914411,10.6738757041562
0.851917163236067,10.8787352343265
0.336805180180818,7.70652440773684
0.570725951809436,13.2959350529934
0.848864973755553,14.6913610153191
0.704863595077768,12.0025571190262
0.496702860575169,11.4898069269249
0.868191570742056,11.9915678755308
0.696628821315244,11.0195350064606
0.536210659192875,10.7711224067101
0.342672115191817,6.87171463922641
0.362365336623043,7.28154554536812
0.309362838976085,5.52964358053132
0.271914700977504,5.9089844868419
0.441553866257891,8.77939871362831
0.928327633300796,13.7154081752402
0.535274310503155,11.8547215449361
0.46294958726503,7.58180419777523
0.295051879948005,7.80889642709462
0.842518249992281,13.2265633057134
0.193105893209577,8.83684328303515
0.438742622267455,12.1338219843696
0.426327807828784,7.38560010375634
0.811464812606573,14.1494646501063
0.406102463137358,10.6544725902572
0.901192084653303,13.9581348692942
0.149286072468385,3.37034734019181
0.782647214829922,14.3769369140461
0.979104103054851,13.8292475022979
0.676773613551632,9.96924444378408
0.870248371735215,12.8837477983406
0.15674267616123,6.08586704753155
0.633035975974053,13.5590055652314
0.0978713419754058,6.16102346437083
0.798147082794458,11.8609534226502
0.51543439575471,8.81595330526097
0.311553644714877,8.15462428260137
0.960380330914631,14.3529022060071
0.621389075415209,10.3823049403815
0.703941751737148,10.5526610102527
0.284165438031778,8.26078835880307
0.702867415035143,10.7312685463366
0.270468429662287,6.97093752697106
0.038869176292792,2.87863020687715
0.219555226387456,6.09607586729871
0.743003701558337,11.163353453878
0.122754581738263,5.95165927820913
0.240844457410276,10.6193430337663
0.790739586111158,12.5171726444336
0.875821834197268,12.2285381069112
0.0968791982159019,4.17830963313829
0.00996293220669031,7.56796373544008
0.0439570068847388,8.54546931670536
0.657954273279756,11.1698357688357
0.833060679491609,13.7780404761581
0.773487920872867,10.9500420683775
0.0327104721218348,7.35289148517926
0.993432301329449,17.5450957972431
0.242878681980073,6.43432071320193
0.76147613232024,10.7421600729323
0.955351976677775,15.0418085794307
0.0377233955077827,6.04893069264697
0.0454185379203409,6.7868323773679
0.867477370193228,15.5434272423474
0.103874824475497,4.18563964392992
0.254535355139524,10.3618102136721
0.687343175988644,13.2773119186559
0.153976344270632,6.49576772127225
0.11600154847838,9.64988330061761
0.47153319651261,8.78190372038761
0.5135139063932,8.76921063974052
0.15520894434303,8.80957792476767
0.804010222898796,13.9818794059431
0.45862008491531,7.62484510697988
0.537445275345817,8.64634731174775
0.564661716576666,13.2263878424086
0.106384927639738,3.32518941423618
0.255029062274843,7.89501111036351
0.353414182784036,7.95355661093356
0.464202482253313,11.7212993634784
0.364758206298575,9.96092997727576
0.257056766655296,6.52411905304149
0.720382516970858,9.00716986547282
0.507091803709045,8.5006558507768
0.692529822001234,10.1601129609809
0.0194206477608532,6.5981585937606
0.541512935655192,13.0700785110759
0.119711666367948,6.86777069541514
0.163915719371289,4.41670052789992
0.772760345600545,10.4764505314541
0.352877474622801,5.91647864224518
0.0472043384797871,3.09333664646342
0.343371688621119,9.23086427346046
0.561902578920126,12.0229587083067
0.697190094972029,10.345913061259
0.998989058891311,16.8956524713778
0.519861245062202,8.63978559742582
0.982491040136665,15.9678051819833
0.882865085732192,13.7464775635676
0.533181817037985,13.0512768820506
0.17476667673327,4.73699460070301
0.902471004752442,13.6606434459314
0.887199603253976,15.5320189604616
0.502721178112552,9.81887125350794
0.354884708998725,9.60087397932356
0.823336453409865,15.0094831159618
0.719168381765485,8.71335576647659
0.36857631104067,11.2242789972385
0.502599891507998,12.0460765715889
0.0494861770421267,5.3232109676225
0.988214592216536,12.49259159171
0.193908144719899,8.47999783973914
0.391523843165487,10.6460123550068
0.410160953411832,6.47267597506167
0.903710364131257,12.2071659039313
0.0144605014938861,6.15512514380616
0.668530394556001,14.4588985781036
0.47965787560679,6.96369648881012
0.71006971411407,10.6713750943693
0.631830317201093,11.8109765939275
0.0325387578923255,8.47552040252768
0.214190760394558,7.17944212866988
0.355948582757264,7.37981448298315
0.441897021373734,10.3917570195665
0.794369079405442,12.2963113798702
0.309607909759507,9.7020822938569
0.947767778299749,11.807690749685
0.894031265517697,13.2942354996324
0.494722553761676,8.22227305375204
0.683858274715021,8.8982845392481
0.597348932176828,10.0523477013504
0.153592985356227,8.53680986190236
0.0300827112514526,4.11787341214618
0.697826491203159,11.6199295293289
0.731011021416634,10.3472535302265
0.610854755155742,7.84216150622961
0.521879861364141,8.48504082714708
0.409573888638988,11.0452325384433
0.727155003231019,13.654305519336
0.652051887242123,13.5503549484614
0.278943990822881,8.40360573598272
0.814012799877673,15.256256164769
0.676033705007285,9.25051699354008
0.182399967918172,6.62013343431266
0.817017418332398,11.2526484849414
0.736042732605711,10.8677760774295
0.18827382940799,8.02582635268534
0.737375965109095,11.8469422896445
0.0929616794455796,5.31264815686886
0.12618074612692,8.07879581304184
0.263087386032566,5.29891106969543
0.857094313250855,11.220268835731
0.634813972981647,12.9102318263443
0.405497637577355,9.2916168916875
0.593963495222852,11.7138632734729
0.537554996786639,11.6843334171603
0.0792181973811239,9.38129499127237
0.258376838872209,6.93306401471152
0.0970706155057997,7.63074364465645
0.863874881295487,14.7345022273407
0.922596413642168,12.9340734548701
0.449862831039354,9.25878237194288
0.447202474577352,10.7603423950833
0.0173290602397174,7.15520850331958
0.351578372064978,9.84736029954561
0.232543180463836,5.99508094826506
0.865377404727042,13.384949803129
0.346634555375203,9.09478810976891
0.506619942607358,10.1825929163098
0.18289832235314,9.96283430634866
0.43086251639761,10.7957095586933
0.341065387707204,9.04337873669759
0.886710640741512,14.5990302425051
0.822983388090506,9.61117155694608
0.348639959469438,11.3473337096432
0.572777026798576,12.5934975468263
0.0904103205539286,4.05413097259036
0.707921367604285,10.7049660487232
0.351770030334592,11.6612416529884
0.718177148373798,9.76137618828558
0.068594821728766,4.91261883428054
0.595316850813106,9.03919425450537
0.882436660584062,10.4697939752793
0.384149816352874,6.42053764323954
0.578654489014298,8.56443174969725
0.876025050645694,15.7905579701665
0.570469077676535,13.2795217858828
0.89147779927589,12.031359478027
0.28049770090729,9.02866301762737
0.536757868248969,9.17023378857715
0.201634709490463,5.87690655483735
0.560560977319255,12.2644732287147
0.312179360538721,9.52576943671665
0.881179669871926,15.7803926250902
0.729038127930835,8.8483015763111
0.702399401692674,11.9915476671689
0.262061104178429,10.3352032442533
0.426725949859247,11.5890039781769
0.442840626463294,7.1778838605676
0.0587229228112847,3.36682923848441
0.321209610905498,6.57069467332245
0.841350303031504,15.0801529207031
0.102590244263411,3.96683655509898
0.831161257810891,11.2237792215445
0.184042181121185,8.73139388062182
0.368064861977473,7.48701201321659
0.629177893511951,11.4331252535535
0.641239326447248,9.96887592403696
0.138876245822757,8.7164882712097
0.641553682275116,10.134759280492
0.358408232685179,6.53946553566743
0.422821786953136,10.8896688084167
0.817653987556696,11.6882948067742
0.460380736738443,7.77765321748725
0.636565697612241,12.4963229408807
0.304613002575934,8.15914487684094
0.776688805781305,12.3744809231015
0.758898292435333,12.0949769760199
0.674202657071874,12.7203245168939
0.863608224084601,13.2952694947391
0.820562451845035,12.9159575680704
0.932461736025289,12.2760036902042
0.676400169031695,12.5037269650416
0.59688599826768,11.5259880484957
0.659019147511572,12.5833937220715
0.653337823227048,8.65167536876813
0.970051981508732,16.7854506095448
0.203515405766666,10.0237177243217
0.693532954202965,14.3644532510874
0.197022599168122,8.24375767689266
0.750914006028324,11.5549709019833
0.330056371167302,8.04362605385991
0.776921177748591,13.4905537622919
0.630096928682178,10.6169060524027
0.735324104316533,14.5865797844543
0.18930659070611,9.24202418529555
0.210823178291321,6.71047317373926
0.904209255706519,12.5323751677655
0.0766206632833928,3.5270763674229
0.0265802203211933,9.1228907488194
0.367332645459101,10.4714334209844
0.226817494723946,7.65120074946389
0.579243726329878,11.9766327913973
0.00940859084948897,-0.942595296158736
0.465303289471194,9.71519391448092
0.926848875358701,12.4718797479
0.176800147164613,4.32168705477392
0.0180993466638029,7.77930169766022
0.117829089052975,8.06260197852433
0.841729964362457,13.721079919287
0.0275683437939733,8.16275530561096
0.525678191101179,7.49931252266688
0.971510883886367,11.0381206855006
0.640558695420623,12.0704405988992
0.540116892429069,12.4370758790009
0.981447731377557,17.3270996127966
0.8814931162633,13.990748397125
0.577710309065878,11.5157054073339
0.188336658990011,9.9143004996101
0.193780706962571,9.59095568625332
0.238825652049854,8.49711480329963
0.433757899096236,7.25917902732999
0.0954337632283568,8.45248354972707
0.855129297124222,10.5601295944408
0.422772935824469,8.33413556636164
0.449001111788675,7.15208269312862
0.975060955388471,11.2772897009932
0.968296441715211,14.0390646107136
0.450988224707544,8.84549793497268
0.147990989498794,7.27869260399959
0.732479678001255,12.6678583059457
0.328858422348276,8.26407343247742
0.321675559971482,10.380692961689
0.669707503868267,8.37404937718317
0.113212792435661,7.32522908778507
0.186389713548124,7.35975953618179
0.548397444421425,11.5987995044359
0.47767850686796,7.56255144855575
0.931137708248571,11.3429837543484
0.557325571309775,11.1519065945959
0.107249239692464,8.79780123914896
0.311332617653534,6.00593498813545
0.401310657383874,9.80462918030495
0.921664176275954,10.6439236128414
0.97996403160505,11.8026608755434
0.737012927886099,11.9208760990132
0.218609909759834,5.59902319118908
0.343246364966035,9.33756905345045
0.617655568290502,12.1154921785621
0.932643464533612,16.7993343878592
0.248710534302518,10.6097580682223
0.991004881216213,15.5822883704877
0.225300581660122,7.23496976249783
0.993955981684849,11.0729557294812
0.337477653287351,11.4172106444343
0.16423179465346,6.33522413998576
0.790920582599938,9.52530505538125
0.85041422676295,14.7145465923483
0.979043821804225,14.8584845551888
0.0727181162219495,7.3783315211415
0.0330828854348511,7.35113421004044
0.376847000326961,10.6345242958238
0.20015902351588,10.0474586596825
0.526640522759408,7.93433762577653
0.21490018744953,7.67071025009377
0.211875534849241,5.22199080878046
0.553499184316024,9.88451168062586
0.0726843064185232,7.81445716870821
0.661824436392635,13.429018289506
0.719519333448261,10.2416736019256
0.446154183708131,10.6702213302441
0.865773956757039,11.4789750771481
0.989424610743299,13.7031942088883
0.28726111841388,9.6577716010156
0.695588568923995,9.96392589874063
0.250798470107839,5.78106447792236
0.65255359467119,11.6022513001164
0.572650112677366,8.1531174452228
0.516902394359931,8.65168898661482
0.0174184329807758,4.56851149282967
0.931666274787858,12.4582899978061
0.8759591486305,10.8359817727715
0.639456731267273,8.63424354736193
0.917396168457344,10.882241037031
0.895397135056555,10.6950163150134
0.203487722668797,8.27985416175
0.191811911296099,9.97560065635504
0.196367082651705,4.54921468890316
0.651854616357014,11.2804576323047
0.225591002730653,9.82604953544018
0.131044195732102,6.7384287960869
0.982864845311269,13.4450722112253
0.921085096895695,15.2155389649745
0.153440776281059,8.05904299895514
0.350820356281474,11.1461755478629
0.258819118607789,8.54158460251285
0.280884193954989,10.2260676885454
0.884381958050653,16.3911286707072
0.0786708889063448,6.83875156437475
0.882791664917022,11.2380699041377
0.202365349512547,8.16684762131799
0.82167796837166,14.8614478892978
0.353140314109623,11.577012788414
0.533526342362165,11.380681271278
0.16452448675409,6.23866559262185
0.189095068722963,9.4775851800746
0.856454182881862,15.0172902065393
0.635249086422846,13.2600367253759
0.627495170338079,13.4527569765428
0.0318070140201598,4.9806107180092
0.532328260596842,9.93703639213663
0.495876597007737,9.0141456096117
0.436321723973379,8.35475746420773
0.00937297311611474,9.04442055823497
0.16422415105626,8.98020469668961
0.408274338347837,9.12169701779002
0.427213844377548,8.90398270030764
0.821402226341888,14.2589200344306
0.875894957920536,15.4775898420882
0.0123657677322626,3.2849556038262
0.1356027177535,5.28167236661734
0.195433646440506,8.4792779293487
0.487372606061399,7.34753679185318
0.650253259576857,13.0969523943412
0.0155705893412232,7.03443573105263
0.896935421274975,12.739593619785
0.858805297175422,13.116909332774
0.210089198313653,6.62547234221042
0.83681330550462,12.4370591812476
0.515439531998709,9.9002551452175
0.518891193205491,7.97536045599416
0.619353851303458,10.6202611966896
0.543513941811398,10.0891893430591
0.52330466802232,8.28971755738426
0.37801385531202,10.93699361714
0.887273348402232,11.7817349750584
0.336635175859556,8.16419519979806
0.326297554420307,8.57956660240491
0.602341239573434,10.7184735119261
0.880033730529249,11.2022723067212
0.365290048997849,9.90398210948065
0.946747723734006,11.6243151434232
0.920032685622573,13.0357596579872
0.668575431220233,12.196257994521
0.700849774060771,12.7687892752076
0.540632482152432,8.52482710976872
0.215776541968808,5.75171049130178
0.732403217814863,10.2235845795765
6.30829017609358e-05,8.33245032630075
0.947327757021412,11.5236306048421
0.00234271306544542,6.72421528922173
0.66937831020914,9.95182096420396
0.121519251260906,6.44248072110981
0.735499080270529,14.3827782584662
0.487299444153905,6.96278969339803
0.187055270653218,10.0341232444406
0.961210666457191,15.620747821055
0.660990259842947,13.7374774438517
0.0202727424912155,7.48102057311703
0.329731411766261,5.90684346611529
0.716244925744832,10.3977983693675
0.304404055699706,6.60766235182314
0.830589711898938,14.7765870908199
0.901187913492322,15.2896380821032
0.725198147119954,11.0411652713502
0.542036160128191,11.7407829622157
0.929391578538343,12.3893389749547
0.776912726461887,9.90108717116263
0.906281576957554,14.6957261437865
0.395077565452084,6.62923460821081
0.0799618037417531,9.2069858138453
0.939032422378659,17.8112932204212
0.0614595860242844,7.46372990009988
0.505149458767846,8.80589565252232
0.127914445241913,7.33409358171141
0.541491905227304,8.85951774064292
0.374872971558943,9.80100968261571
0.136991037754342,7.04709955563198
0.409149750834331,6.92093867921917
0.969154329970479,11.1992661945303
0.712541552027687,11.8303669172973
0.517545951995999,12.5828406125166
0.130706154275686,5.07813613889518
0.261046044295654,5.33158436528427
0.480078971246257,7.35244031021122
0.237723017344251,5.3063806572922
0.355081516550854,8.90958372558165
0.427253229077905,10.3041754737489
0.0958734427113086,8.58455211520024
0.729024852393195,10.4887992903954
0.779952744953334,14.3170773931547
0.485905702924356,9.19816903696996
0.416248066117987,8.80969420653321
0.996621299767867,19.134447841828
0.0573818443808705,4.7577221312547
0.612239243229851,9.87825916913894
0.239894848316908,9.34008626931785
0.944940601941198,13.0407787742658
0.724445106228814,10.0793144576392
0.0806128971744329,5.87236340332869
0.993775294860825,15.1281058962649
0.847336028702557,15.004478945592
0.347717197379097,7.77899951960224
0.337933955015615,8.04698511950619
0.807422617683187,12.5261031419873
0.602177282329649,7.84594454867257
0.579583056736737,10.4482570506063
0.303417839575559,6.88225706228679
0.42807963071391,9.61914104064426
0.943190451944247,12.1678602034523
0.0265847723931074,4.39095770312377
0.432312770746648,7.21701865981506
0.733339608414099,10.2670471854133
0.626463167835027,8.05403423910206
0.832786655519158,10.1320467490221
0.369301402242854,10.243062520869
0.716015722369775,12.6499634091338
0.924793098121881,12.3572313307595
0.845645520603284,15.3282883669389
0.0199844851158559,3.76559613940951
0.652225609403104,10.1359073956744
0.083446801174432,6.13531308759659
0.639633128652349,10.7534980024621
0.157767853233963,4.86049354414958
0.440470329485834,8.67475477908257
0.338707922492176,7.08565148838584
0.283510552486405,8.38752752434207
0.315965272020549,8.84436374678976
0.89293795870617,15.076140606748
0.726063284790143,9.13479928780543
0.254989310866222,6.91589804766604
0.837767804041505,15.7503646107255
0.762648635776713,11.0502774554993
0.700156640028581,14.2928607732258
0.548157164128497,9.63360506372157
0.832759152632207,10.2367500441693
0.810697331093252,12.3860354390037
0.60611542663537,8.54599589217257
0.407402215059847,9.98066699381167
0.500427082180977,9.76479725201257
0.752776681212708,11.2697674108713
0.898667315253988,10.9963485296117
0.36474729469046,9.69912767432054
0.898225995246321,15.1800990143661
0.266736861085519,9.31641630116395
0.505260506644845,9.00404642895066
0.899410185869783,10.890178416455
0.506838249741122,7.85953672484548
0.648065440123901,11.0182593998625
0.824039858300239,12.1092182346448
0.0371733789797872,8.507764025725
0.902697091223672,12.9978059821033
0.704215776175261,11.5389814284472
0.0930485287681222,7.13069311930996
0.953818242298439,12.0577429266126
0.803420998621732,13.851258949079
0.136949330102652,6.34231630164664
0.100909707834944,6.23417215148018
0.301573464879766,9.0795461281053
0.294777679257095,5.81168468050695
0.10195029200986,7.7458946170464
0.645216141361743,10.9384681039442
0.875464644050226,11.9227732748561
0.172716989880428,9.99228909279308
0.138058683602139,6.16085729900432
0.432039831299335,6.90214147925166
0.201526883756742,9.45069158120411
0.531689101131633,13.1774554506188
0.618088719202206,9.12765420326873
0.836002460215241,12.0186526804582
0.838405445916578,11.5184865411246
0.402064910624176,10.5934977084001
0.812699966598302,10.1279209236507
0.346085873898119,10.5090596708638
0.789859045064077,10.7909882641318
0.386367068393156,11.6205512142201
0.0803419062867761,6.67309506899961
0.562653688946739,13.2730256109076
0.895013122586533,13.0380567504579
0.976791731081903,15.8799522077371
0.612076993100345,13.5692972139288
0.616360069951043,11.5584936359419
0.835391054861248,10.4501459607581
0.760575175751001,11.6077603363585
0.989009168930352,15.8962577714472
0.737197611480951,9.30445555714033
0.868868817109615,11.8497813026014
0.973191589582711,16.327800941328
0.0470880747307092,8.2190055305022
0.781835660338402,14.7245338869319
0.609276314033195,13.2694430947958
0.4497212509159,10.6712871223446
0.358011621516198,9.34445841445502
0.974897203966975,13.5478751971477
0.978233335306868,12.4107557891124
0.701792223611847,12.5024325028028
0.445289897965267,9.69069147537489
0.943336178781465,13.096203545372
0.903528333641589,16.0618483759958
0.0217995394486934,6.13905117763774
0.0119184826035053,6.44132398452985
0.53734162542969,11.3189294471776
0.752535748295486,14.0383136914143
0.583526903763413,9.36383154254298
0.256448088446632,7.59694757746074
0.573540173005313,9.55368500099524
0.241092989454046,10.0842758554577
0.998814129270613,14.7368605163725
0.65931601007469,12.1419260146411
0.769448926206678,13.4607520691626
0.7880822729785,12.3090705676725
0.679964541690424,14.2048039886298
0.42149271373637,11.7436332216173
0.391073694219813,11.5892961303981
0.522055967245251,11.607896211868
0.246685378951952,6.4246652971042
0.989319287473336,14.7826664698101
0.548421417828649,13.072859001392
0.410067197866738,10.3585530280002
0.431918160989881,8.29854513380015
0.20404051290825,9.05153615096351
0.987737347371876,11.039927550766
0.119503284106031,9.87254464271444
0.677189398091286,13.2482612685638
0.799227156443521,11.5384656554499
0.580715529853478,10.5635438614007
0.563490510452539,12.2209567016609
0.936878447420895,14.4031553563753
0.217191266594455,7.73841489850233
0.299975642934442,8.635157515056
0.281203102553263,7.70368792988967
0.313322959467769,6.90052113062307
0.750873628538102,12.6739504910205
0.964769023004919,17.4372968277022
0.237298805499449,9.87413871404187
0.450512314680964,11.8467344456484
0.151155139319599,9.172827711283
0.832067485665902,10.0712834592216
0.201886589406058,5.61069126516423
0.383109355578199,6.88005725497119
0.0983707755804062,5.8303482359262
0.130916037596762,3.92157754453923
0.658924937481061,13.2376850287687
0.345818421337754,9.24828087354968
0.406048394273967,10.5075284658786
0.0820912229828537,7.85613600057787
0.956779858097434,14.0868938153657
0.720303921028972,9.33487178279812
0.280663941754028,7.030820773075
0.856295089470223,12.1921315257772
0.788434209767729,10.0680958758005
0.452986784745008,8.57202956229117
0.708869292633608,11.4661533092054
0.487258965149522,10.0185423260081
0.973867002176121,11.9470594333458
0.611031474545598,12.2413928621547
0.357979213120416,7.00342795267918
0.348362725926563,9.5441499520747
0.861052598338574,12.35800114098
0.472927147522569,11.9831668562944
0.654255512170494,11.2746117800062
0.244532228913158,8.22299616487902
0.500712340464815,12.6508482631317
0.929697707761079,13.9977497232559
0.447972397785634,11.3235898062782
0.687168499222025,8.54132122896496
0.758806741330773,12.4701084375774
0.389860491966829,9.23909254037458
0.749817734584212,14.943326090193
0.442604586482048,9.75790663795012
0.686510851606727,8.7448259611057
0.0934189360123128,8.83246204598922
0.00583393173292279,2.84373616828382
0.261974493972957,9.65556912685361
0.0636211824603379,5.17069500801125
0.532616320066154,12.6084138733639
0.0120385801419616,3.06707097020513
0.511855997145176,11.9920210624193
0.49297468457371,11.4796735488325
0.0917045464739203,5.7591558227803
0.853097018320113,10.1417971943049
0.614710887428373,10.0094962561129
0.986748547526076,14.8452402110625
0.876626946032047,15.4546464201721
0.0967742060311139,6.76950641007079
0.125606778310612,5.23822358475411
0.673648318741471,9.31792877714564
0.0962977579329163,7.42417263636661
0.43266105488874,7.24521970946483
0.91753263073042,13.5230142176639
0.978108166716993,12.6428880985166
0.0184395115356892,6.64992235064856
0.372793076559901,6.57429957099404
0.677235727198422,9.58254819818334
0.561811297666281,10.9638945312624
0.709546183701605,12.5236868667641
0.334072123048827,6.11949457550798
0.980370938312262,15.902626669795
0.893047606339678,15.1441827661548
0.681182757485658,10.7974970874367
0.740426223259419,13.344896504772
0.73617850500159,12.4430837159578
0.431016159011051,6.88220052989146
0.582299733534455,9.21132443506409
0.399674906861037,11.4729630360844
0.57681167172268,12.2570039836458
0.0711188476998359,7.28102221024128
0.827263222075999,9.74076906386987
0.0252210383769125,2.29940449019061
0.576268899952993,8.87549101596245
0.916207952890545,14.1943501080623
0.761254416313022,9.94468415837128
0.481992416782305,7.76886127438429
0.273141600657254,6.19508030889487
0.139694067882374,5.98446164186446
0.783460593782365,12.8286609981128
0.425252677639946,6.82739517746856
0.0404698760248721,6.95015542945979
0.259815825382248,8.49533032890483
0.3733899530489,10.069387366206
0.652378648985177,10.5853986980879
0.702140697743744,14.0912310638171
0.544828806305304,9.01864434461262
0.21914450940676,4.86560675207705
0.878541771322489,10.9806597997906
0.510279608657584,12.3445005503499
0.451117840828374,11.7738194506396
0.38213764782995,11.5696784179405
0.342369901482016,10.055303562262
0.186215434456244,4.55413450240426
0.43523899000138,12.1369870154139
0.360123762395233,7.57859223488831
0.438698187936097,8.1403289721678
0.90784421004355,14.7305601009605
0.211523993406445,5.86195197765435
0.534930694615468,10.013268618648
0.682742008939385,9.78920427293438
0.11924053565599,8.37591119094266
0.904805928468704,14.6703734938592
0.538103776518255,8.01161556288085
0.240131677826867,6.14038865332628
0.919226290890947,11.6804331633612
0.486254470422864,12.0538475108775
0.303414773195982,11.2617927048369
0.8568166855257,12.3687605127999
0.065848431782797,7.2684036334259
0.583453045692295,8.55323471209223
0.534702635370195,13.2565713045657
0.39835288352333,6.17127477085514
0.00476805889047682,4.01332280319387
0.487633623648435,12.4334177839324
0.867390532977879,13.4933167868296
0.227257799124345,8.21693230103533
0.71239668270573,12.4876004716847
0.407579448772594,8.11043964731792
0.181023692479357,9.32295891757283
0.454608757048845,12.052583951723
0.168101646471769,10.2520944673745
0.338402542751282,6.10499723028816
0.7049288705457,14.6998323058999
0.486541405087337,9.25429745311899
0.96512981900014,18.8589321921826
0.5147037464194,9.27854917118027
0.0773530944716185,9.2344315074944
0.654211011016741,8.2605560278454
0.0696957313921303,9.38574324937553
0.419760820455849,8.32609464488934
0.706922261975706,10.9290754352919
0.802109812153503,11.9831763503705
0.907184055773541,13.0445722269997
0.445315574528649,6.95635767480704
0.269200907787308,5.81909159746479
0.699631399475038,8.90471358910673
0.705428590998054,9.98662798478791
0.18805200047791,6.92410573787247
0.80081958626397,9.32245240288347
0.98589236009866,11.2346584363253
0.763193283462897,11.8386620761802
0.49626437947154,8.20069948299187
0.168489869916812,7.89277257824139
0.958273255964741,12.8880941153807
0.0225197097752243,9.07727523870765
0.486747736111283,9.9102701629258
0.389362583868206,6.97900984567461
0.0638340886216611,2.79137103808176
0.775138716446236,9.91950684731104
0.921368112089112,10.8257348543901
0.591717475093901,8.67424296999124
0.479623135412112,11.1213330000198
0.264811082975939,9.27458148718198
0.936277993721887,16.1120624056219
0.683575070463121,10.6891547629789
0.796993733383715,13.4747833672201
0.556360332993791,10.4513382649838
0.618195722810924,9.14795149888213
0.342193668475375,9.39285911163778
0.155096032191068,8.98219721362989
0.477361928671598,10.5471291888616
0.912146168993786,17.0374970934663
0.358067454071715,11.6367216014819
0.539432505844161,13.1799656109278
0.958953535417095,11.2630780587903
0.546409244649112,12.3467896514337
0.646959911799058,10.3874378617926
0.199934168020263,6.74766492249569
0.777850148733705,11.0385003486246
0.976415523560718,14.1405494681664
0.866966591915116,11.6956555451336
0.580773537280038,10.2710274152007
0.22145679523237,9.33872544453621
0.193093760870397,6.95746555286245
0.850700499489903,10.4323288815697
0.957984606968239,14.682168489954
0.112822228111327,5.34821574687733
0.0260424953885376,8.69228938095406
0.446723579661921,10.7725379529339
0.133168472675607,5.52491313494752
0.931656304281205,13.1794742038647
0.352169471327215,9.5707220025469
0.527363151311874,9.0808271278095
0.975302867591381,17.4533445070671
0.225053058937192,9.59535454460044
0.718122830148786,12.6153935550985
0.861112209036946,13.5106309081702
0.354491762816906,9.70986838605798
0.721220575738698,11.919244406832
0.265372472116724,11.0719275297751
0.609105211216956,8.08908246590241
0.0190060830209404,7.18500734582462
0.273948561633006,9.75426479471668
0.516868313541636,12.2244682870839
0.45382344443351,8.96521868936405
0.737479463219643,13.6993563534208
0.64893907844089,9.94489470795453
0.858399622840807,11.6474817328802
0.0357670725788921,5.84687111323709
0.241561002563685,10.605530702043
0.932606855640188,13.072385435551
0.675257047638297,9.73606246154991
0.262090510921553,6.05517744983996
0.0353571667801589,6.89080737533997
0.811640690546483,10.8905235520636
0.774438806576654,10.4963060767826
0.846153555903584,12.7060339877568
0.864779473049566,11.7037947348654
0.579755045007914,13.3341165519629
0.496154669672251,11.9854044913896
0.278341172495857,9.08828589930998
0.261077594710514,10.0566532461096
0.715582602424547,12.7375679761623
0.356334874173626,7.76146611432575
0.861036953050643,15.970963591142
0.907433276530355,13.3124925716755
0.192021120572463,5.2375380183275
0.352439452428371,6.020375630662
0.412067045457661,8.41774199401358
0.986002675490454,15.8488654694252
0.32215431611985,9.78022220472657
0.984440316213295,16.0752250747543
0.588986048474908,8.16667587024978
0.909318728372455,13.6712733329191
0.479663590202108,10.0953882710102
0.465942369541153,12.216306312725
0.237283232621849,6.86676727225551
0.642919194884598,12.398058224353
0.560980506241322,10.5477347043741
0.0780591741204262,9.15220197457561
0.358819772489369,10.7476434500707
0.658133010612801,10.7567789570872
0.201145607046783,9.27059369342996
0.414478940656409,7.36912916138061
0.718274228507653,12.9312744671849
0.557489080121741,11.683513216692
0.271728275809437,6.6080267689416
0.763730257051066,13.918887644771
0.518898510606959,11.7807314087703
0.515335216419771,8.38472454798135
0.0279375128448009,1.88735859562806
0.735930219525471,12.2039910269481
0.681521251564845,10.2295207189109
0.0667101487051696,4.50718798109618
5.20257744938135e-05,6.58523455565267
0.861583561170846,13.5541300168262
0.586726796813309,12.9668832301642
0.391357539687306,8.75648676159135
0.31577231362462,7.65217360385001
0.796411184128374,13.6603140937807
0.490629218518734,11.8767026544797
0.31167885963805,7.79671017628744
0.42026039515622,11.0487208114657
0.587691069347784,12.3249163786871
0.732116493629292,10.9017647489261
0.318974486086518,9.35928621600511
0.640506753465161,12.9190808088832
0.7239917346742,9.71440776128408
0.130334872752428,7.80775273704595
0.563604724127799,9.00389955273735
0.159389808773994,6.67359962321523
0.304100575391203,9.63715068120893
0.703320565167814,10.8315238201622
0.441181351663545,7.50297996361803
0.863282449077815,15.3136350143257
0.909012007992715,12.930453024534
0.00537893082946539,6.89111663536982
0.626557847252116,9.79748183550205
0.480023878393695,10.3525728476537
0.180287680355832,9.19956320304865
0.797885054256767,15.4841398364929
0.847459923708811,14.4972838134427
0.986548787448555,12.1782516777551
0.891424790490419,16.3887822210932
0.604500212706625,11.4326668555802
0.426236172905192,7.69271078044819
0.0658711367286742,8.69236717274008
0.888376262038946,16.3663956202397
0.225687090540305,9.59603663258395
0.890035399701446,14.6842519250073
0.936225198907778,11.9537748995621
0.145386594580486,9.37970358084696
0.499943726463243,9.685982453235
0.818244519876316,12.9017119231704
0.176622510189191,8.22803611144883
0.548863204661757,11.6303731629497
0.158342210575938,10.2374336810914
0.748763942159712,14.2907942716487
0.906057330546901,14.9718270852185
0.818221342051402,12.5340090438629
0.267619008896872,7.52247047553937
0.100631395820528,8.61717850806039
0.121218527900055,4.4538862004713
0.686460704775527,14.3413531554402
0.866139801917598,10.142126438302
0.702426822157577,8.62413073348764
0.641126164700836,9.01208006211229
Rho_s: 0.80407032007032
Rho_p: 0.794994286131215
IC Time: 0
