Rho:-0.8
N:500
0.571441247593611,0.77772239386104
0.0657589444890618,0.812449611024931
0.656409210525453,0.675366899231449
0.0600466262549162,0.979580219136551
0.0820211102254689,0.866330321645364
0.33633172721602,0.812257003039122
0.849842885276303,0.0563160460442305
0.794874626677483,0.124175085220486
0.222562645794824,0.440825746161863
0.621419012546539,0.212198634631932
0.63374687731266,0.0951604405418038
0.330691980896518,0.891072121681646
0.398564845556393,0.401365832192823
0.41194150573574,0.596021275501698
0.720235523302108,0.487380798906088
0.0795905971899629,0.859906973317266
0.547332449350506,0.68075459334068
0.325111983111128,0.342807454289868
0.0593885590787977,0.827355389483273
0.732040799688548,0.156216877978295
0.714074892224744,0.349455839954317
0.669391651172191,0.364558378932998
0.340146320173517,0.328319410560653
0.0208080641459674,0.991709990892559
0.754758435534313,0.40507664391771
0.280305766267702,0.531698131235316
0.177336577791721,0.819972029654309
0.411319715902209,0.525216475129128
0.0858624675311148,0.95429974491708
0.442956430837512,0.818048089276999
0.371920559555292,0.708381615113467
0.311038660351187,0.499561518896371
0.313677770784125,0.703782900003716
0.0289271587971598,0.860347583657131
0.0330646799411625,0.719515067059547
0.668724848423153,0.514254816807806
0.993413929827511,0.0255639536771923
0.571016375906765,0.300208150874823
0.266236850759014,0.606600238243118
0.847077957354486,0.153852870687842
0.753224352374673,0.427881453186274
0.639169132569805,0.535277923569083
0.667339948704466,0.0488910449203104
0.451568876858801,0.607619802234694
0.720320232911035,0.167155390838161
0.0955656801816076,0.537440568907186
0.438722036778927,0.854159835958853
0.631382370833308,0.411733765387908
0.934072045842186,0.352085367310792
0.669280160916969,0.653679398354143
0.27890645316802,0.353484053863212
0.779906504787505,0.551006350200623
0.836375914048404,0.0305407228879631
0.783649056684226,0.476374290185049
0.76095308852382,0.245209109736606
0.0974256165791303,0.984064558986574
0.0295465628150851,0.972125987289473
0.769946996355429,0.315981397405267
0.598194945137948,0.486967583885416
0.896663805469871,0.297083229990676
0.0742727157194167,0.647605235222727
0.478749101515859,0.245399858802557
0.482571337372065,0.269217591034248
0.751173591939732,0.351938173640519
0.806491156108677,0.34017512621358
0.617599046090618,0.598475282080472
0.784507578937337,0.441910405876115
0.201593988807872,0.640464146854356
0.235571010271087,0.678098331671208
0.980854759691283,0.0478711975738406
0.212588253663853,0.88461880129762
0.43110193987377,0.281555469613522
0.12527879467234,0.563402405707166
0.778068458195776,0.29297624877654
0.514923040987924,0.600585420615971
0.145664483774453,0.940955055877566
0.84186902991496,0.488310133107007
0.486360140610486,0.67845749319531
0.296861786162481,0.538145725149661
0.768592883134261,0.151199869811535
0.761876317439601,0.05908223381266
0.854214030317962,0.0449234105180949
0.944921095389873,0.339445866644382
0.884591400856152,0.149984980467707
0.55647161253728,0.466602870728821
0.96316501009278,0.157662497134879
0.653431835351512,0.154072721721604
0.452280230354518,0.353691650088876
0.250569777563214,0.734615321271122
0.109426395734772,0.707982976920903
0.963913252577186,0.371269376948476
0.390253207879141,0.628867042018101
0.147279463708401,0.943778050364926
0.28621031017974,0.776578171411529
0.559591156896204,0.721803491003811
0.700829565292224,0.356810444965959
0.442337209358811,0.729937462834641
0.564954821020365,0.218023929744959
0.216146230930462,0.916542019927874
0.93064123718068,0.248729739803821
0.144200876355171,0.826841975795105
0.496696785790846,0.526795997284353
0.542297690873966,0.21405410929583
0.900673133321106,0.401350109139457
0.596424169838428,0.214873013319448
0.890532599296421,0.0409097808878869
0.468796848319471,0.658566464437172
0.277156695025042,0.846263536484912
0.170068319654092,0.864437097683549
0.429004028439522,0.504842200316489
0.0387716474942863,0.996593845076859
0.704903320642188,0.155556333716959
0.028403349686414,0.963250123430043
0.834854405140504,0.034119512187317
0.373319035163149,0.605982306180522
0.847896165912971,0.278269131202251
0.791803551372141,0.533530325628817
0.902876326814294,0.0248760506510735
0.784057973651215,0.082685963017866
0.171657741535455,0.698278624331579
0.92516609816812,0.268609753577039
0.401812796946615,0.283949574222788
0.719479744788259,0.151570088928565
0.145381133072078,0.713523809332401
0.873968134867027,0.323238440789282
0.645529968896881,0.176514533348382
0.953439585398883,0.0232655545696616
0.829607592429966,0.21632721927017
0.0921999588608742,0.987135056871921
0.257887301733717,0.896185794146731
0.87054888647981,0.135308684082702
0.202703884337097,0.849491791334003
0.9435662208125,0.0389706615824252
0.446529449429363,0.851919227745384
0.991257925517857,0.35142259276472
0.499403743306175,0.311762711964548
0.535061741014943,0.164281259290874
0.222120666643605,0.679099012399092
0.654390385840088,0.0965593906585127
0.108880654675886,0.744274045806378
0.394273225683719,0.850629491033033
0.567617483902723,0.481483329087496
0.970701624173671,0.0552888540551066
0.454165372997522,0.380650418577716
0.723190423799679,0.306450551142916
0.125359026249498,0.631398062454537
0.657211416168138,0.146352030336857
0.727140405215323,0.593026619870216
0.493527811020613,0.41436168900691
0.995870624668896,0.300811777822673
0.42749434360303,0.710568197770044
0.959823306882754,0.0586694835219532
0.189142020186409,0.747739243553951
0.560763427987695,0.575553095433861
0.980190353002399,0.363601847551763
0.368538315873593,0.573977754218504
0.0436465612147003,0.954039736418054
0.451378712896258,0.51008827262558
0.624608924379572,0.649925900856033
0.603015772532672,0.173695549601689
0.766326269134879,0.448914284352213
0.369085802230984,0.848058441421017
0.0622505391947925,0.793807575944811
0.587752173887566,0.734561862424016
0.970599656458944,0.0135877232532948
0.405154890147969,0.546930490061641
0.161706299055368,0.568390730302781
0.296583415940404,0.53698461339809
0.175693722441792,0.921825716504827
0.460677979281172,0.206957862712443
0.951414167415351,0.397677877685055
0.776949057355523,0.108916617231444
0.165392560651526,0.481848946074024
0.055099164834246,0.860124676721171
0.618047777796164,0.713866387028247
0.123600753722712,0.547675235662609
0.114162182202563,0.578746827086434
0.392075279960409,0.354506265837699
0.896399933379143,0.0449285886716098
0.0737281108740717,0.912093378137797
0.0460739624686539,0.915851066354662
0.842856689356267,0.289420089451596
0.618479644181207,0.160519972443581
0.659656625939533,0.0888442867435515
0.543010064400733,0.527017883956432
0.660217058379203,0.55171729112044
0.246286580571905,0.529688560869545
0.325979936635122,0.80083003337495
0.148448658175766,0.821142171975225
0.991337503073737,0.190804005833343
0.765040165511891,0.0465976437553763
0.432321639964357,0.861312858993188
0.239269998390228,0.941253155237064
0.270061824703589,0.86272885510698
0.245559633942321,0.715183245483786
0.82708103209734,0.0233380091376603
0.332279459806159,0.480034064967185
0.738239463884383,0.410335451597348
0.904002157272771,0.416003312682733
0.635582787916064,0.236971928272396
0.305039833532646,0.391524342121556
0.475255082594231,0.733667055843398
0.798476620111614,0.195905169239268
0.152274223743007,0.662686593132094
0.200858321972191,0.853366331895813
0.598189032636583,0.545649027451873
0.287432002834976,0.932686890009791
0.139687857590616,0.629481309559196
0.757665605517104,0.0454914823640138
0.502446851460263,0.73524802736938
0.406348963500932,0.577527927001938
0.834468042245135,0.394172796513885
0.759243279928342,0.581108743324876
0.212824734160677,0.732848055660725
0.0293281273916364,0.957023956580088
0.500192813342437,0.46780710038729
0.846073022810742,0.0209929116535932
0.927508565364406,0.0640803675632924
0.779715587384999,0.204470179742202
0.743082035100088,0.101930173346773
0.947953880997375,0.296458651311696
0.270843846024945,0.414749307790771
0.489048074698076,0.269776767352596
0.784322282997891,0.389338620938361
0.111868038540706,0.885832423111424
0.0587021147366613,0.98877010657452
0.585780396591872,0.348982529481873
0.0418970319442451,0.692467286484316
0.34447736851871,0.874037238769233
0.862062739441171,0.0770460148341954
0.636567656183615,0.379910761956125
0.944952957797796,0.00323761045001447
0.378118304535747,0.382993072969839
0.473283862229437,0.760723586194217
0.427506130654365,0.500685070175678
0.207657554885373,0.677557437215
0.192723855143413,0.78241629851982
0.889147948240861,0.356770595535636
0.58313466864638,0.129078797297552
0.728052268037573,0.129552827216685
0.826716052601114,0.430093343602493
0.611210765782744,0.733182949479669
0.836387526942417,0.271127396961674
0.97746878513135,0.00547376368194818
0.240808908827603,0.575900553259999
0.431931162951514,0.796877818880603
0.522781443316489,0.532809001160786
0.705357410246506,0.110500084469095
0.927163671003655,0.288063356187195
0.722024716669694,0.0956198750063777
0.509459132794291,0.549495732411742
0.026814982527867,0.84214377659373
0.154253819026053,0.835212042089552
0.289238889236003,0.820157781708986
0.561767090111971,0.620671004988253
0.286571156932041,0.352582869818434
0.761315488955006,0.0343091615941375
0.405578667065129,0.751903951633722
0.963181631173939,0.17866304400377
0.398720456985757,0.395099360728636
0.186714234296232,0.830174769507721
0.234331964049488,0.885961232706904
0.186452759662643,0.556773510063067
0.759537370875478,0.126992846606299
0.28357230941765,0.423594288993627
0.806742870714515,0.484198055462912
0.232785730622709,0.908861602656543
0.886408522259444,0.279950716998428
0.521442438010126,0.365665690973401
0.489537820219994,0.24750523455441
0.203219477552921,0.863282219739631
0.917215876281261,0.353880833368748
0.772000619675964,0.0540142105892301
0.28249739552848,0.866985131520778
0.384004987077788,0.872107247589156
0.476700685685501,0.845776012400165
0.224470081739128,0.668263263767585
0.708548058057204,0.091331739211455
0.920922227669507,0.206883744336665
0.84498827625066,0.211085818242282
0.330279783112928,0.74248263053596
0.795161036541685,0.342021784279495
0.639293513959274,0.155398820294067
0.225649036001414,0.908829407067969
0.748960634693503,0.292749821441248
0.603345785988495,0.414595353417099
0.968425870640203,0.210055773379281
0.4006265073549,0.872793472837657
0.807521873153746,0.344038238283247
0.308333032531664,0.794035628670827
0.243688481859863,0.450152887031436
0.193443448049948,0.598078550072387
0.934481616597623,0.191503138979897
0.966794345295057,0.00859647803008556
0.96521676145494,0.163249770877883
0.89235878130421,0.203705036547035
0.225553311873227,0.893641885137185
0.0138188982382417,0.838057040469721
0.381918580038473,0.491260363487527
0.56360338977538,0.614935994613916
0.477257134625688,0.778112607076764
0.86274243472144,0.0318201221525669
0.100314188748598,0.966176985297352
0.598911385517567,0.234570687403902
0.644301205174997,0.25860165595077
0.854605406755581,0.408468369627371
0.784497664542869,0.0844536810182035
0.381629385054111,0.588594678090885
0.0121894869953394,0.864184960490093
0.0566989795770496,0.761704139877111
0.625653862254694,0.40642132749781
0.201825644122437,0.472616133280098
0.260149149922654,0.432924170745537
0.975148888071999,0.235926783876494
0.119729739613831,0.966802226612344
0.678680507000536,0.307421370176598
0.107921529328451,0.815646061208099
0.874100237619132,0.270906750811264
0.898657783633098,0.0200303890742362
0.516128095332533,0.464746244018897
0.635046907002106,0.0595872562844306
0.528129467274994,0.49224205664359
0.852602570783347,0.0517020637635142
0.337884979089722,0.856023438973352
0.483212390914559,0.651715359883383
0.302334224106744,0.853980569401756
0.16190584260039,0.7715419807937
0.470286248484626,0.34067744994536
0.0205852561630309,0.876300530508161
0.414427832467481,0.558416887419298
0.10747781349346,0.904379637679085
0.153537416597828,0.885310054756701
0.735608670394868,0.592174681834877
0.415432799374685,0.727357437601313
0.534948352025822,0.796025433577597
0.841530722333118,0.446016382658854
0.45955163682811,0.625269835116342
0.0578175804112107,0.904497694922611
0.197787949582562,0.860162018798292
0.903953269124031,0.175214521354064
0.335506107658148,0.556521689752117
0.550285843899474,0.182899902807549
0.865441775415093,0.0290873209014535
0.166771612362936,0.81207636417821
0.174717511981726,0.949347282527015
0.986965590156615,0.117899566655979
0.201928473310545,0.689917263807729
0.742533712880686,0.286001730477437
0.830284529365599,0.524544786196202
0.180323553504422,0.591970007866621
0.106685773236677,0.566627289168537
0.211505591170862,0.571208536624908
0.189555738121271,0.894789968850091
0.741579990833998,0.190909927943721
0.178881596075371,0.624951094156131
0.808327628299594,0.487168641528115
0.775992782553658,0.51404877868481
0.996456819120795,0.207403949229047
0.848219259176403,0.0230812269728631
0.748167253565043,0.631839442299679
0.563272681087255,0.587007417343557
0.368204707279801,0.804132739314809
0.100522299297154,0.822308808099478
0.0411977104377002,0.775518532842398
0.384953506058082,0.493903505848721
0.669339912012219,0.0771394791081548
0.0361523912288249,0.984184628818184
0.761738565284759,0.144586459733546
0.626037487061694,0.614912514807656
0.93883318407461,0.0457252827472985
0.137975168181583,0.762930349214002
0.573819597018883,0.183710586745292
0.4013004405424,0.649205000605434
0.493656248319894,0.279589676298201
0.547127989586443,0.153858328703791
0.494487820193172,0.715399590553716
0.91471142321825,0.0113434598315507
0.709773269714788,0.368406573543325
0.102261869236827,0.72383329551667
0.753681605448946,0.319455971941352
0.325434650294483,0.441959410905838
0.453258348628879,0.709476413205266
0.481162212556228,0.396379069657996
0.999589132377878,0.215479657053947
0.821457158308476,0.0419100783765316
0.708334461320192,0.446085592266172
0.17452951753512,0.727324248524383
0.573470721952617,0.278910914203152
0.500645964406431,0.577629873994738
0.719702643342316,0.229061509948224
0.0688151635695249,0.815045575844124
0.612363571999595,0.364921618718654
0.640644713537768,0.0531242173165083
0.628688016207889,0.0852046427316964
0.161421018186957,0.705562135670334
0.931974780978635,0.00817745481617749
0.145856452174485,0.867060350254178
0.598304141080007,0.697406771592796
0.502582981716841,0.199559913249686
0.939646351151168,0.201080701546744
0.834520260803401,0.114227592945099
0.66198813682422,0.219484267989174
0.951527171069756,0.0080936742015183
0.764769908506423,0.21153626893647
0.556070606922731,0.198532396228984
0.79134613298811,0.0442772964015603
0.906463128281757,0.0830239516217262
0.54289052542299,0.335349728586152
0.292885879753157,0.877361593302339
0.922774939332157,0.0694947398733348
0.00718528358265758,0.941862676525488
0.790968072833493,0.548923771595582
0.562505482230335,0.630066238809377
0.0834645901340991,0.61884511844255
0.683574443450198,0.673684010282159
0.680962026817724,0.185485290363431
0.526279400568455,0.499279031064361
0.70156908291392,0.206801311578602
0.526748550357297,0.714836653787643
0.591436024755239,0.492930767359212
0.644780889153481,0.442729516886175
0.8489647093229,0.413994348607957
0.996812129160389,0.261784018250182
0.965789312962443,0.346442453097552
0.207635243888944,0.48839341592975
0.528945790603757,0.734950525453314
0.335049245972186,0.733426778810099
0.736841405043378,0.344048728235066
0.27793879318051,0.880530671915039
0.575581029057503,0.135644083842635
0.342118472093716,0.434654630487785
0.509518679231405,0.168052416294813
0.70069957152009,0.096198370680213
0.678732613567263,0.171786560676992
0.888074772898108,0.0803771566133946
0.330615622922778,0.749985111411661
0.850312241585925,0.362899359781295
0.125364950858057,0.820060446625575
0.9761726425495,0.0423483420163393
0.0635156480129808,0.811579219764099
0.722867196891457,0.252768004545942
0.664327139733359,0.470039127161726
0.45523978350684,0.594206386944279
0.110841394867748,0.862711808178574
0.373557752929628,0.29340865672566
0.0359222751576453,0.666974333347753
0.340968424221501,0.584682009415701
0.128520605387166,0.924796942155808
0.376883334247395,0.381117301993072
0.580432018032297,0.499852917622775
0.756310910917819,0.0549387584906071
0.981065978761762,0.05294772493653
0.612005919916555,0.522815590258688
0.126654689898714,0.541689377743751
0.944233414949849,0.00851732795126736
0.559563121991232,0.128639863105491
0.1001941121649,0.79802364227362
0.222543261712417,0.62269093003124
0.399619227973744,0.778369792504236
0.968819310655817,0.0225350204855204
0.469663761788979,0.36474996083416
0.934756292495877,0.0492215368431062
0.60835599899292,0.428723835619166
0.448854011017829,0.802951354067773
0.756587638519704,0.471380264265463
0.684856691863388,0.148307231953368
0.246647062245756,0.696913071209565
0.775717123411596,0.556864860700443
0.876418289262801,0.106432904256508
0.167539934627712,0.486594652524218
0.457082017092034,0.496515233302489
0.767072351416573,0.551298773381859
0.279851343482733,0.71980913868174
0.056053408421576,0.944249361287802
0.00090048648416996,0.907360292505473
0.069488920038566,0.675169273512438
0.417270579608157,0.578255593078211
0.549840988824144,0.398654772201553
0.936827325029299,0.234975066035986
0.048343030270189,0.875157056609169
0.251003070501611,0.656176590360701
0.70318141230382,0.364664212800562
0.779126540757716,0.304652852471918
0.489181390497833,0.418522295542061
0.433911685133353,0.477959646377712
0.335982710588723,0.347771687200293
0.432282664813101,0.791066085221246
0.392799299443141,0.546647223643959
0.371250995434821,0.702817834913731
0.580221400829032,0.253415326820686
0.0669562311377376,0.938806241145357
0.43874290282838,0.360626592999324
0.649616862880066,0.240516871912405
0.712097384268418,0.358934070682153
0.666298578493297,0.135426659369841
0.799299732083455,0.36138212075457
0.838725116103888,0.189268940128386
0.387841826304793,0.749354696832597
0.428260890301317,0.748007222078741
0.265137626323849,0.865919788833708
Rho_s: -0.794389449557798
Rho_p: -0.795347702197413
IC Time: 0
