Rho:0.8
N:2000
0.290595552418381,5.7921443328372
0.849930108524859,11.991642842699
0.678461867384613,12.6658026129055
0.325685678748414,10.3750089237122
0.887657722923905,12.0418849330124
0.0935434564016759,7.75468787998393
0.44082335033454,6.95845935729384
0.387831564294174,6.49106544896534
0.375431675231084,8.62484025314392
0.651545722037554,10.5511653921053
0.268853325396776,8.46672449350277
0.255907493177801,6.74136702334216
0.730725389672443,13.3779413336578
0.679551820736378,13.5261794242483
0.229856553254649,6.8436333525068
0.0483717417810112,6.89972126842272
0.734375251224265,13.5393157625302
0.214854143559933,5.71973987433812
0.39394180313684,7.13719410654214
0.755357920425013,14.1094046786575
0.259502631612122,5.83662639589705
0.528309797169641,8.07753866316031
0.465601749252528,9.86279367569817
0.250493143452331,9.47608557281086
0.521429365500808,11.7885666996736
0.226357865612954,9.35247219503571
0.195862830150872,9.30315751959956
0.713375119725242,14.4736193221117
0.930131165543571,11.5305760096356
0.517794914077967,7.71373309217758
0.762549999170005,9.60148990153055
0.748841333203018,10.9413172394041
0.390009322902188,6.62921110756035
0.827068422688171,12.202508844014
0.913474751636386,13.6671789549814
0.437300857622176,9.29785417119249
0.86475621513091,12.1161360426971
0.976513349916786,15.5807363570956
0.602484214119613,12.3220569623613
0.760125748347491,15.0740260516114
0.41434209397994,10.3794351719181
0.109927054028958,3.54798938658002
0.812001483980566,9.35448353075407
0.498107263818383,8.27209842545853
0.820653334259987,10.589223639925
0.211904396768659,7.38637427842489
0.957820367533714,10.880261794591
0.78778251959011,11.8638184632284
0.38582018436864,9.66120330233175
0.159743760945275,6.84043704952777
0.161124127916992,5.49952608248456
0.16622283286415,7.15414412871482
0.404965884285048,11.7736804914271
0.09670116356574,8.23244814122307
0.111160963308066,4.17579362160887
0.889686358626932,11.8195934295588
0.523230769205838,8.16778445535227
0.166098886402324,4.4728541552653
0.220083018066362,8.90656995200442
0.0409043598920107,1.88441617935441
0.97775027458556,19.2367538323195
0.922504203161225,16.0111523418756
0.856578315375373,15.8309183679965
0.324599910294637,6.89699631369441
0.697895512683317,14.2056442827115
0.313866783631966,11.0695407933945
0.318772921804339,7.74956972752849
0.459455581149086,7.84682050473828
0.987374355550855,12.5868944206066
0.382487427210435,11.2873257011759
0.381165447644889,9.18364693423481
0.34208268718794,8.35219723672765
0.617428644094616,13.3133338367738
0.400187580380589,8.04281782075294
0.861947391182184,14.0060130127766
0.590990839526057,12.896992710579
0.61573282815516,12.022164963159
0.0101527830120176,7.89226438605532
0.814164026873186,14.4477366959096
0.0738076758570969,8.02521941059396
0.129020990803838,6.76078687075117
0.155917704338208,8.21670255953044
0.670782733010128,11.8535755077895
0.209724366664886,5.50374231819574
0.111311816377565,8.01250799626606
0.811527446145192,11.549998048688
0.0496816514059901,7.11735115755213
0.443613768089563,9.64391618722756
0.842764274217188,11.2503830480245
0.559962848899886,11.7045333722834
0.164312650915235,5.12410875928286
0.665219065034762,12.6967035116184
0.753187025897205,11.2926906968391
0.716530361445621,13.6693246868968
0.657418941613287,11.1865464250256
0.0242063156329095,5.93830039127246
0.104500488610938,9.25361701272128
0.937737835804,12.8773759830491
0.742462727008387,14.3580420804832
0.668890921398997,11.6372448484961
0.336151813156903,8.15489512630064
0.805637136567384,15.440338217281
0.109507837332785,8.58292742715258
0.621992487693205,12.8588197722898
0.667774730594829,14.0394225050343
0.125822988338768,7.38641687299535
0.828319085994735,11.2358201330702
0.521619123173878,8.1110390396425
0.0837028867099434,6.50346115373545
0.276407678844407,10.1024235080535
0.814210055628791,14.1852616900259
0.259272033814341,8.35619627442147
0.152735786978155,8.72130817958037
0.918171493569389,16.8335919313289
0.875101119047031,10.6040076678634
0.526769550517201,9.59137892757804
0.882655754685402,13.9846320491599
0.574591304874048,10.0976830508973
0.410651128739119,8.37646796948056
0.127904947148636,6.62008149412303
0.690219645388424,11.1524784831631
0.16903068870306,8.21826480844244
0.950507054571062,17.1580017817372
0.839260564884171,13.7731752885888
0.157916428754106,6.59447609483614
0.412510449998081,11.8999702028096
0.86802772199735,13.3199307313441
0.502852042438462,12.5307522468879
0.497667879797518,11.4537555062726
0.662655328167602,9.65193983270315
0.545076266629621,11.8105896985922
0.828528507379815,10.2140046921842
0.439246750902385,7.64045131414668
0.940051997546107,13.5051091538632
0.855561567703262,11.6781291317209
0.09059182042256,4.67004052244398
0.636681558098644,12.8562512290689
0.498609771719202,10.2537411554379
0.829731354024261,12.1804818726129
0.591098152566701,13.1303499002609
0.594020681688562,11.0660087268995
0.856314935721457,15.6729721022192
0.496648027095944,7.11280959289822
0.13727487786673,8.53971123870965
0.0555887429509312,7.28872052399617
0.598731767386198,8.88609496650227
0.0284080752171576,7.91847936771332
0.436169848078862,10.3711013181398
0.167405888205394,7.79147198600536
0.334026414202526,11.5702181471759
0.223617410985753,4.76120062273583
0.642353476956487,10.5936264964824
0.087191320490092,6.18199471595623
0.992838670266792,12.5328270969479
0.0535387222189456,8.33358040706055
0.460340458201244,10.8901702075395
0.921643294859678,11.2917112137896
0.258734241593629,9.32617615796988
0.838776500429958,10.7763066430741
0.619551370851696,12.4999667847669
0.550934409722686,9.56530879077608
0.211984343361109,10.4840509561595
0.931062053423375,11.6733482426242
0.519023492233828,11.4513875201586
0.0373097762931138,6.61647416308719
0.252626242814586,10.1026579646197
0.688489865977317,13.1318246920569
0.496975898742676,11.815338325063
0.719667545286939,10.5798578946645
0.137637665495276,8.0349310289261
0.483434943947941,10.8676910374185
0.71076130727306,12.5087449117606
0.596872581169009,11.1500621776595
0.0993624804541469,8.8792049216385
0.397727138129994,6.43475375843188
0.448137183440849,8.864838070592
0.388952671317384,9.39401880376195
0.251033475622535,7.26463232518617
0.267512074206024,5.41817723957727
0.343000653432682,6.44978503743532
0.329809678951278,8.12922773797789
0.948097517015412,15.8728154841
0.400924824876711,9.87312197587226
0.965475771576166,14.4607583578216
0.964806564152241,14.7771851636788
0.411350694485009,8.57898762757225
0.462513878941536,9.77063624001652
0.29980532056652,8.65887572805849
0.909389315405861,11.5178901064367
0.966680048732087,13.4472338628325
0.480625960743055,8.91059218387316
0.689411886967719,9.99902729665453
0.298287372104824,9.74565047524577
0.13425454380922,8.73488126487162
0.841236673295498,15.9664177383676
0.964687051950023,13.1974608012473
0.540485055418685,7.7794844777294
0.862425196915865,11.2655382879943
0.735421235440299,9.89628497510328
0.276707869488746,10.4972947912507
0.0337255354970694,3.97381068391777
0.778910655993968,11.2330653742071
0.522157874424011,9.54725911521987
0.103669175179675,4.33614856429834
0.318390830885619,8.52907227812561
0.982245635008439,14.9365396100492
0.853202925529331,13.4364189755323
0.989388307789341,13.1779092371907
0.0779614327475429,2.59749134723045
0.191180751426145,9.13701280803849
0.188715103082359,7.96645214483276
0.182345886714756,6.95603286167593
0.145755156176165,10.0088079230419
0.35389971989207,7.85375468420086
0.844840069534257,13.103296351814
0.00155229470692575,3.5733713385724
0.681185632478446,9.38036215059397
0.172269073780626,6.77393385164586
0.407831811113283,10.4491879913517
0.875415261369199,11.6222994288057
0.248346741544083,7.23611190072881
0.802858196664602,13.2785510633456
0.504233477404341,9.20467738705772
0.504737597657368,7.07527012836351
0.658529055071995,9.03885948115082
0.40563514479436,8.42334831013115
0.6603366388008,13.4680325766316
0.614081742474809,12.1135342701309
0.871387714520097,15.9519749874748
0.454413859406486,7.04493533624528
0.0215140318032354,8.0088073462024
0.167382297571748,6.72554198122141
0.777485666098073,9.66506642956181
0.382557985372841,11.0376808435499
0.224957686616108,5.19748119574712
0.400875180959702,7.91379537504767
0.176049404311925,5.19535909934104
0.0326630338095129,4.7483971595774
0.404024484101683,8.27548147517868
0.590401326771826,11.7594884824107
0.67086842097342,11.1019055451575
0.963801142759621,14.5118281228829
0.332373798126355,9.99963356838209
0.576832381542772,9.97633547477101
0.856389346532524,13.0564631036091
0.183240967104211,8.54110902716431
0.741450961912051,11.4074799180495
0.312343955272809,6.85215427409742
0.917403087718412,13.4653710628132
0.618441157508641,10.9689542589625
0.147877059411258,6.49283878443973
0.485891283722594,7.62433805777405
0.730901350965723,13.2631251154622
0.830782153643668,15.825532086116
0.539305995218456,8.96110112186503
0.746833873447031,14.6812890691236
0.94099135696888,16.3428051160009
0.113506498048082,5.31129464584743
0.473385240416974,12.3034851569252
0.824900968698785,9.74238331304455
0.10970297572203,5.56762011638115
0.58079584594816,12.3962037836024
0.973020758014172,11.7510719212503
0.77881758636795,10.4947554771645
0.816616336349398,15.417148045349
0.859421649947762,15.7740344338951
0.567056774860248,8.23588608507625
0.754976633470505,11.2310229821067
0.0045166127383709,7.72248041532819
0.151332599343732,8.26156878180811
0.918655176181346,12.682673311683
0.368486187886447,7.98323283251457
0.896158211864531,15.3654831638281
0.224523452343419,5.58182601207239
0.935720611130819,16.4162953200305
0.190967546775937,7.14088107209493
0.0330519177950919,3.86341053047444
0.303963674930856,6.56817950894178
0.247947589959949,10.6502434718854
0.972365140914917,16.0081410594615
0.730373398168012,12.2306437917148
0.0313110123388469,1.86476381167822
0.359320600982755,10.0883125921204
0.854531827149913,12.5906306446959
0.330914767924696,10.6844018791017
0.802585483761504,9.72307717901545
0.993797292700037,12.9637045069194
0.131135876523331,9.30236119327941
0.657961969729513,12.8075062137758
0.0529291874263436,8.20157473705672
0.632862919941545,11.3493351177537
0.324848529882729,9.48400393447255
0.250325105618685,10.1915705576639
0.97650050977245,14.3651290713481
0.457880889996886,8.76157740915602
0.157561526633799,8.30614248526507
0.222527808742598,8.79281676670314
0.404668254079297,8.16430622604103
0.0871386851649731,6.51159396217544
0.0752591043710709,5.05879830261622
0.891092242440209,11.6263952453286
0.12163558206521,9.15946456393409
0.747235368704423,11.3225253986841
0.19656756403856,5.3358453197262
0.0991817053873092,7.33368399933025
0.15449682273902,7.25127939312767
0.82998036686331,9.79026832018551
0.66931762942113,10.9907305915355
0.570078224409372,7.7378657277066
0.792599835433066,10.8946305978523
0.740277151344344,9.8589263114376
0.65041025984101,10.6922543486558
0.618865902768448,11.6995315610604
0.856785408919677,11.686784982395
0.898763660574332,10.3329190044992
0.147918127244338,8.63342110071371
0.0729133472777903,7.21607261641163
0.152468450600281,6.45215338644163
0.0857401515822858,5.5433193580304
0.362755345646292,10.9456616434985
0.365340239135548,10.6037555309143
0.760561481351033,14.4901933021694
0.793703376315534,12.3337810235893
0.875252965139225,10.7914457317752
0.00492618838325143,4.48946078934447
0.777009513461962,10.071442267596
0.584685981273651,11.9862904037767
0.0880122019443661,7.35929645930019
0.329169005621225,10.3168738360506
0.735726121580228,13.447580765289
0.286931572947651,8.37239449727218
0.810958208283409,12.6425072360136
0.295977864414454,7.21018900742714
0.218944716500118,6.50096155645892
0.84864082862623,13.5452406124245
0.336624827934429,8.21023302940645
0.0898443683981895,3.74624792970446
0.15434651193209,5.10392857549189
0.444629648700356,11.8158525884629
0.90918571408838,12.408812946349
0.432854344602674,11.4922232543983
0.569939256412908,7.89054381975765
0.186785643920302,10.2475765764999
0.508787418715656,10.7265174639641
0.62960738549009,12.3711798790488
0.444141049403697,8.82571382076538
0.745555979432538,10.4397813642825
0.438803779426962,11.1983201601216
0.457615313818678,12.1015893251877
0.257480274420232,5.72894213930171
0.273836142150685,10.1536977991316
0.0870467121712863,6.80161942711272
0.659777652705088,8.83253359492347
0.047110554529354,8.80074904311458
0.6150823533535,8.29862076435146
0.585224304813892,8.75852564964955
0.776372781023383,11.8182196509981
0.339478561189026,8.46431051245576
0.380756980041042,9.53339436151506
0.974609219934791,13.0506238309062
0.00983662949874997,6.12609718095554
0.365121477982029,9.74626152707164
0.770964520750567,10.4286404870642
0.245404663262889,10.0728995268386
0.456304596969858,6.82368394385551
0.428596154320985,7.92951763594207
0.149250536225736,6.0388920627369
0.398123805876821,10.4244845708995
0.872248331084847,12.3508778478603
0.946691925637424,11.6020453292285
0.161234696861356,5.05214020067596
0.142229841090739,6.52492088365106
0.215729941846803,9.17499518759351
0.183755931677297,7.12559537133286
0.611990541685373,8.52875414829052
0.198043497744948,7.86177767675314
0.575525144813582,12.1759989946922
0.754515225766227,10.1367535608029
0.957792639965191,11.4256726697219
0.000122241443023086,5.87469170543888
0.410667585674673,6.67165635703875
0.379286842187867,9.26339038670622
0.613496913341805,12.3912145410713
0.219260194571689,8.39635451428131
0.64643942262046,11.2152718788425
0.614206343190745,10.79030174272
0.9086922199931,15.625923654063
0.728622172260657,8.90156852370276
0.686484278645366,13.422051174798
0.300432925112545,9.4762347129723
0.0219193815719336,5.59151690758447
0.779294824926183,11.7024678898858
0.289434674428776,6.99823802404351
0.909923203522339,14.341228773053
0.65613474114798,8.92249186629916
0.837131111882627,13.5861535237723
0.197357196593657,6.64601294918637
0.35711795813404,9.99223790256676
0.567327274475247,12.1951373221628
0.950741536915302,14.6065568282998
0.797334566246718,10.7976144753293
0.417296876199543,7.32021186297027
0.494369422318414,11.7592410348533
0.869718213332817,11.2280203078402
0.869581205770373,12.1035219107749
0.504005057038739,9.59386101741417
0.581239727791399,9.31016451431617
0.909174162428826,13.2332231872965
0.379085589200258,10.4265325201229
0.607168006477877,12.6057416508757
0.0819661808200181,5.58620075668246
0.900650056311861,10.1185265941255
0.671204366255552,12.2820386025993
0.0373378961812705,6.21367773768466
0.795965698547661,14.5155156537507
0.931975445942953,12.7376173302753
0.412455803714693,11.1958677339084
0.903461175039411,16.3459378344309
0.225505431648344,6.54585063725635
0.324073043884709,11.369531104347
0.372988080605865,7.94304441517838
0.0861616805195808,8.68323728346929
0.558568187756464,8.91425011430291
0.943146970588714,11.6148851743978
0.840665220981464,10.4407715913448
0.779085046844557,12.1017459718454
0.745001737726852,9.27889341665086
0.811068143695593,10.3135147254544
0.290496977046132,9.74205260758711
0.0626631106715649,8.81522513192532
0.959242979064584,13.5638778202385
0.840679277433082,10.9631585364995
0.183155831182376,9.72559693224843
0.574289161479101,8.0763053479294
0.901025026105344,16.0733717208829
0.0441486551426351,7.79474348891182
0.848441401263699,13.249678104295
0.973101187031716,15.2796457115326
0.686344022164121,13.6187024466411
0.685052902670577,13.9202803096816
0.260656900703907,5.22832418193872
0.664601490134373,8.39500332878178
0.574059429112822,11.7658044359965
0.157439418369904,8.02016094370059
0.807405099505559,14.9359182320505
0.278563876403496,9.33256928378013
0.143525490537286,5.56825480167291
0.11949023976922,7.72332345129943
0.313567856326699,10.7919069674325
0.61660158727318,12.9952078377005
0.682980200974271,13.8855808716444
0.0278781992383301,2.1829239975381
0.633534896653146,8.614151010957
0.105269158026204,4.91108675489753
0.96002365835011,18.5609743179713
0.153621159726754,6.45472031343995
0.803184044314548,13.8894496713345
0.91622127010487,13.6419057054643
0.305808464763686,6.84510057752194
0.645739805651829,11.4369369583878
0.885421875631437,14.6965659230719
0.827623059507459,14.8607021624412
0.330023775808513,11.5991213214004
0.443212240003049,7.86065930330212
0.742965692887083,9.11365617484254
0.91826176806353,13.5531768510187
0.56989699206315,9.61692652083205
0.444076725747436,12.3259434739389
0.756574701983482,10.1109034812736
0.0702252038754523,4.91898566286345
0.659409690182656,11.9208081199391
0.953550513833761,10.9992995554875
0.418611444765702,6.64753564998924
0.604539790889248,11.14909580407
0.231480419402942,9.10134815851556
0.908062341855839,13.7190876099229
0.256848846096545,10.3775953450569
0.871270897099748,11.1716005772904
0.334063289454207,6.14200154963307
0.0174693202134222,3.03726902248765
0.0720107571687549,6.7701308724917
0.556387082207948,10.1184233391537
0.890691471053287,14.1961883902342
0.720000300789252,13.8447504682088
0.487019719788805,12.0424700548023
0.730550323147327,12.9470849970383
0.305852332152426,9.44510236248576
0.0793308787979186,4.73538270996639
0.226301210466772,8.21428307151963
0.859508544206619,11.3213859466698
0.204549800371751,8.14829663096092
0.813888823147863,11.3751374705766
0.135908969445154,9.57916519099599
0.539031286956742,8.5014519327491
0.60373854986392,10.7973239502892
0.996146466583014,11.7227246765322
0.924584066495299,12.8324404859238
0.517933983821422,8.78426290405489
0.306768381036818,9.62744579535944
0.537637647707015,11.8865792291205
0.655154661973938,8.85790137347765
0.504661123501137,9.52478239050973
0.972881271736696,12.46414189466
0.951917827129364,18.4127610545064
0.787606406956911,14.5668202809778
0.329651620239019,8.0385755921105
0.445101330755278,9.46526423991773
0.590583693236113,10.8475531362572
0.208159643923864,6.82252733262868
0.424336137948558,11.9122047539555
0.847106401575729,16.0119508192321
0.491189738968387,9.24883767490553
0.608117616036907,8.99981364146507
0.208415284985676,8.52573062669523
0.481690963264555,9.17045182633436
0.945734042208642,11.9545548369906
0.816953607369214,13.9779718112959
0.766557230381295,14.744986342967
0.238131223944947,4.72522783208928
0.953043749788776,16.0496054599346
0.809758102986962,13.1250602524235
0.876811732538044,14.8414595652252
0.470317961415276,10.916337915851
0.925819657510146,12.5580728469192
0.123381379060447,8.61859248275714
0.0459081381559372,8.2356397834305
0.328669502167031,10.1065074692458
0.205444495659322,9.39559878885746
0.245276528410614,9.74488945056794
0.790394589304924,10.2177056444798
0.0719006727449596,8.60702409494009
0.29877503355965,9.45204948292477
0.0860513004008681,7.18154267913597
0.754335901001468,10.4487109215684
0.700353664811701,14.4172416252724
0.915260966401547,14.9942828457501
0.390785685973242,8.50564847226931
0.33698826096952,10.999833191347
0.871556273661554,10.6850856595662
0.910950858145952,12.6794997588003
0.217029786901549,7.59894559492037
0.835951656568795,9.49191818879902
0.155684565659612,9.65987237395786
0.102582375751808,7.94047906078651
0.0972728577908128,4.82421419748918
0.493691095383838,10.7871181421689
0.569151232950389,13.2773078712462
0.403722878545523,7.50365000175605
0.0957159486133605,5.75572101649093
0.0914766297210008,9.32597221674499
0.878255516989157,13.9359650723747
0.125350089045241,7.30664698298219
0.922195700695738,13.037503486517
0.756843890994787,9.14597501704981
0.739066437585279,10.6512409915007
0.854555828729644,12.1620045007765
0.0252983896061778,1.86717510540663
0.0961206234060228,6.61454487855246
0.87383719952777,10.4201447547358
0.362336579943076,6.38614341271711
0.0884841962251812,4.939525269649
0.869056752882898,15.0135474189893
0.280689751263708,8.26761289110576
0.853705020621419,15.6038117655896
0.504370932932943,10.6225988008337
0.861515954369679,11.3066786289128
0.850821398431435,11.844749121632
0.62389020784758,12.9580726198342
0.238766611088067,9.9220929147843
0.259569887071848,10.785152663791
0.16670455574058,7.43098786365835
0.961482018232346,11.795522843635
0.223100134870037,7.65997831458666
0.812005572486669,12.8801738558968
0.17756721819751,8.1579700143332
0.701816899469122,9.11382310073983
0.412869595456868,6.4250764036829
0.232079245150089,7.94554720841614
0.580211997032166,8.25685549669631
0.146410754416138,6.39609557731855
0.970743511570618,17.9778217660222
0.3007431125734,8.96297970606697
0.0592433591373265,6.58796380174413
0.299520207569003,6.94124931131189
0.811180769465864,9.85246954748084
0.113962559960783,7.43125458105404
0.63177528232336,12.1037495351462
0.483850040938705,10.4103936148258
0.449700514553115,8.09637848550961
0.720239401329309,14.2187803047234
0.408081337111071,10.3767881510984
0.9037355852779,11.9479085286743
0.430023833643645,11.1923845195708
0.0848332380410284,6.3513921132515
0.499268798390403,8.98735673505319
0.358508567791432,9.09842894806538
0.023087480571121,8.87217868792324
0.574592436896637,10.7369229566957
0.206264253007248,6.52158525259768
0.755248402012512,13.9133266076176
0.0257179499603808,3.62816638305451
0.142040328122675,4.58732205787873
0.445303986547515,11.6724114814023
0.202786102425307,9.20459911087126
0.608794675208628,10.8676788659775
0.363429063698277,7.28152356496517
0.38317140401341,9.6920584226562
0.855927415424958,13.4917215763963
0.60451926314272,9.09186581555541
0.0932833594270051,9.26899829451593
0.018869033548981,0.772008824069061
0.0418131912592798,8.26917991383709
0.22611051145941,6.80354263434593
0.994588326662779,16.0895854627927
0.109057954978198,7.76490350743415
0.737526652636006,13.8236475393551
0.719343115342781,9.45885394373574
0.570062744896859,11.82199913671
0.117060406599194,6.64247858406776
0.734720285749063,10.7429776060306
0.934220840921625,14.9547281367842
0.616329674143344,8.91927222197804
0.99925905559212,18.4537379603875
0.514740563929081,9.97688722543987
0.656755295814946,9.14704977455306
0.73653273563832,11.2025409792383
0.775572928367183,10.9464899235607
0.525597635656595,8.41841562061705
0.704732905607671,9.59794561667115
0.164747202536091,4.51752819747229
0.259474411141127,10.0092379609216
0.947432374814525,10.9827841211387
0.40305140777491,8.53845789510542
0.213184660766274,8.17314230534425
0.647314256289974,11.231318876038
0.796583656687289,9.55860187439608
0.698960262117907,9.41028394102143
0.542126940563321,12.5806580834465
0.946230171713978,16.2420132098109
0.345875273924321,8.26332150523517
0.0880290667992085,5.1223353606911
0.438574901316315,12.2148779364651
0.284339494770393,6.99066776205908
0.680672034155577,12.9510207842606
0.545400059083477,8.6273873397262
0.409692086279392,10.4905137520701
0.318635441595688,6.98893255545005
0.322436632122844,6.97658307915642
0.217743686400354,8.75238481063178
0.351959069725126,10.3802857072141
0.546669586794451,13.1526830924141
0.700384445022792,13.5171874548462
0.996946460334584,12.2278223488285
0.176005100598559,7.68669463286575
0.970372397918254,12.7756826712616
0.93487360375002,13.166932752117
0.948934228392318,13.4301080845466
0.830976399593055,11.2332246781095
0.297803049441427,5.90526692553011
0.269960195990279,6.93805461711575
0.477591193048283,7.54553047116972
0.665649735368788,10.6514511230058
0.0623928806744516,2.58767878355849
0.706916522234678,10.140939900469
0.859313580440357,14.0871549090793
0.0329780464526266,7.02625012221606
0.812812459422275,13.2005146671288
0.914190481882542,11.716028161321
0.0827515216078609,4.69755119027433
0.101999328937382,7.0069987562409
0.14264695928432,6.87806124856443
0.673960424493998,9.7400915365327
0.814957691123709,14.7449119879431
0.833960402756929,9.54094726278518
0.588977454695851,8.79039147246714
0.786336947465315,12.7731165854144
0.185209817718714,8.36416823716359
0.750621459446847,10.9373601507168
0.414719474269077,7.9581722484292
0.739186101593077,12.9192836022874
0.3876427707728,11.8556825519214
0.612921381834894,8.59975660035257
0.766519654542208,11.2901910752358
0.616407224908471,9.5914905996802
0.0511381882242858,8.43266382965927
0.228495743824169,6.45440387703324
0.589499450754374,12.1572040425595
0.0468438672833145,8.34258632297579
0.0601374253164977,3.4126433070813
0.0337698732037097,9.10015669230786
0.0360567045863718,5.33320238391989
0.633117128629237,8.9979155989543
0.440531242871657,12.1670809862932
0.951804802054539,12.3586682749087
0.295859053963795,9.09982110445629
0.566515699960291,12.9022254719992
0.357664901064709,8.48593062884009
0.403572662966326,10.7368549569926
0.544863774441183,8.12996152573722
0.862915378296748,10.4461661572143
0.0514231733977795,7.8944388858184
0.0295469651464373,7.72768847340231
0.290744050871581,6.62092148774604
0.238181186839938,8.79559715848977
0.451376370154321,7.64648951000995
0.166243176208809,8.57968664123949
0.561307686148211,8.31330751112186
0.49962609144859,12.6897581248243
0.785714313620701,12.6147371935831
0.352818481391296,10.8315860160181
0.0192965292371809,7.08714672068674
0.209146519424394,6.448506954476
0.367328935768455,8.81098014943844
0.963097480125725,12.551580152401
0.146522717550397,8.34883316543773
0.98329081828706,16.5599438430266
0.296100558480248,9.26445164592886
0.468349220696837,11.9318513230372
0.908668498042971,16.7259520870109
0.525968343485147,7.97776594210351
0.767760029993951,10.3156261844591
0.448383424431086,11.5954409214849
0.288577486528084,10.6600163171983
0.521022448083386,12.5442078368498
0.135573876323178,8.04203615776565
0.00101720076054335,8.62390303129511
0.155922915553674,8.05039060581663
0.942591165658087,12.1014752909869
0.607668202370405,12.7058467302835
0.558372353669256,10.7440164069215
0.0913231736049056,9.47870621756579
0.583744853036478,10.6876170094893
0.535456439014524,8.39323173538756
0.771432575536892,13.3315220436835
0.885292361024767,13.3333886676859
0.479829664807767,10.6584590110643
0.0618336056359112,7.9094475816088
0.115726633695886,4.67714785637017
0.0860131178051233,6.43491000989395
0.482090768869966,7.36445986707117
0.525198151823133,10.121142747816
0.462826321134344,9.90393624465301
0.127663612831384,9.86089350266938
0.0428303356748074,5.52135834505175
0.921936177648604,16.6521954303028
0.631697437958792,13.678124247324
0.0964710384141654,7.1413488697485
0.25471446220763,5.55588778122886
0.921087605413049,16.3759450153549
0.0283050436992198,4.98884547666759
0.327052327804267,10.5120260045713
0.455861608264968,7.19314578366725
0.755141202360392,13.6091483604011
0.206351540517062,6.59669292554997
0.848145894240588,15.2833464208048
0.492602540412918,9.63513433521888
0.630057465052232,9.77765858095231
0.959969774121419,10.850377045194
0.186116073979065,9.46586379862567
0.790887013310567,12.2198890582833
0.621682703727856,13.3815222931286
0.542790356557816,10.8720740329061
0.402626775670797,12.0398927617981
0.508560342015699,11.7423939363827
0.874034077860415,12.2850716272086
0.32198354229331,9.21233943559996
0.702348301419988,9.97693898317269
0.556635963264853,12.8193080680208
0.659030084963888,9.06707913771369
0.182549154851586,7.6225559273905
0.742137169232592,9.47064203053561
0.6097920993343,12.9483074947329
0.498368995031342,10.8652319122419
0.0790728284046054,3.40438495950642
0.244106632424518,10.4798409427876
0.544492980465293,12.4436983285559
0.97396564646624,14.1089374487133
0.908273887354881,14.8876681749184
0.349954737350345,10.70491660552
0.857702804962173,12.6352374398853
0.107334833825007,8.02605000347154
0.0252053323201835,4.09290861581611
0.0752467580605298,6.05012733775349
0.562544882064685,10.3373291447584
0.497800485463813,12.6515131838524
0.612292625941336,8.53157518824892
0.544058707775548,8.29586515337959
0.82863375521265,11.9448351405083
0.877702040364966,10.2859591331254
0.551095872418955,10.2178469712652
0.05987230502069,5.09211833975833
0.629868444986641,11.3950449359631
0.487557400949299,8.99437852261898
0.0170222241431475,8.82250594083943
0.825049960054457,10.987546232846
0.136866167653352,4.03525997551673
0.279515634523705,10.4989565756375
0.267839723732322,9.012160614578
0.579378791619092,11.1213615448938
0.328416268108413,7.83662907522509
0.835871593561023,10.735730191132
0.954284963663667,10.7250601341915
0.158331274986267,8.43192617010865
0.177195863798261,6.64938006782229
0.746143329655752,9.84691623739151
0.154859700938687,5.59543510187388
0.00664676842279732,7.72280983689468
0.182541076559573,9.41594470086743
0.375215116655454,11.0685829204573
0.821209759218618,14.4752678687551
0.557345311855897,13.1183790308157
0.443837557919323,10.8139969975641
0.566471840487793,10.8814990843089
0.856194819090888,11.1531700742539
0.178452605148777,9.43929295664138
0.814330632798374,13.8877630321966
0.977697623660788,16.1365394588452
0.893148487433791,15.424427312307
0.365188080118969,9.34609022220242
0.724589820252731,12.7505607494005
0.09697763225995,6.61454515541024
0.219664795091376,7.25811283437635
0.989824221702293,12.4705320848941
0.351778687676415,10.1407193140475
0.417794606182724,10.3745412003895
0.53357535530813,12.5681957950136
0.613096742192283,9.46158837349016
0.322923599276692,6.15249798086467
0.855826476123184,15.9080838091107
0.835815656231716,12.1732624801033
0.328943851403892,5.81579267509964
0.215439864201471,7.16796602458134
0.720760610653087,12.0246743841273
0.364634349010885,7.13781926038135
0.487005409318954,6.87935252058031
0.297911991598085,5.76731055405012
0.851823400938883,14.7073747137809
0.374784974381328,10.5125776877668
0.706695287721232,9.78056332226557
0.250519150635228,8.46036451457189
0.0437058904208243,5.11533937225391
0.264331771526486,10.6796603255475
0.814227085094899,14.1731417448863
0.794394897529855,12.900076844737
0.510595757747069,8.84059098521896
0.767800149507821,11.719901463713
0.825850207125768,11.8747868571467
0.899271256057546,14.9889104769028
0.21924614161253,4.90444894844478
0.309303157497197,6.13972487535846
0.462117038667202,8.96043650147628
0.602319890400395,8.37447771443519
0.272285145707428,5.71384945384857
0.0199301149696112,4.80062833399097
0.057791598374024,5.57295092046078
0.416542337974533,8.85164567283629
0.410769142443314,6.75534089418199
0.946912606246769,12.5401094798114
0.340423651272431,8.40724108837824
0.769377537537366,11.6506812436504
0.487107260618359,8.36220980622047
0.190049049677327,9.36156223438746
0.152495459653437,5.21271859564592
0.221942739328369,8.93077148399914
0.244036095449701,9.39269021999705
0.285860962234437,8.51078440334333
0.242088480852544,8.96122106471126
0.845447552157566,10.106437389429
0.689150357851759,9.89156907967504
0.452970359707251,12.3867661714337
0.452013327972963,11.9136803932835
0.837392274988815,10.742045789012
0.351802952587605,10.793540667225
0.0152233336120844,8.22870346835291
0.434566446812823,10.0361527758666
0.317084010690451,9.63650786327486
0.643185168039054,11.4919824991278
0.922549388604239,10.6831510111244
0.97085738601163,11.1893190017714
0.646025743801147,9.34394949302716
0.224515687441453,9.02297221679531
0.571755203651264,11.6190252656312
0.413602677639574,11.6020642187597
0.573327917372808,9.29210199813692
0.360265215625986,6.72295509296004
0.0208324252162129,4.26282304534441
0.870438111014664,11.3558209591053
0.0657587074674666,7.73340403303113
0.221982307266444,4.71841729388679
0.960461365524679,14.8153937509152
0.0333010405302048,7.27711386710592
0.578795836307108,11.341433158333
0.583187404088676,7.77119715093161
0.881318173604086,14.0808376890371
0.407357609597966,11.2807634678239
0.673086442053318,12.066121785363
0.771142471116036,15.1368573857352
0.881995580159128,14.4141846776704
0.0713711876887828,9.27594488986272
0.153431629063562,7.11752555469027
0.308341701282188,10.7736363854075
0.212399307638407,8.48081975909253
0.942858399823308,13.7046404462636
0.890780566260219,13.2047319391063
0.159883209038526,6.63882759151314
0.722401504870504,8.79491945696877
0.486639474052936,11.0357608419985
0.166972461156547,9.57531145128991
0.522907170234248,8.89423197762448
0.937732561258599,14.8238603440163
0.869717059191316,13.493105795287
0.294639197411016,10.2074326915073
0.792002519825473,9.90949965093841
0.454967353027314,11.4134772302529
0.0907606782857329,9.48534405125283
0.695825468515977,10.3540473566246
0.253200510982424,7.04263041173335
0.00850757583975792,6.74456127383958
0.52403780608438,11.3113142715969
0.844223527004942,11.3251130072844
0.73894083686173,14.4551263442821
0.997014816151932,12.9892076197311
0.337937156902626,10.3244505894609
0.39893634011969,9.80835190166673
0.351685402914882,6.75832470861889
0.51682000188157,10.8072678568499
0.621981319505721,9.12495712829327
0.855664619943127,10.4063243207947
0.722940044477582,11.6505396507712
0.40257007512264,7.8594534601144
0.984961426816881,12.0682107106602
0.586431669071317,8.01339163723941
0.505250339861959,11.1241611211359
0.0650726649910212,4.66092923509051
0.679197963327169,8.61905228559659
0.681354174390435,9.90230229976064
0.594406143762171,10.4237270156589
0.327472808072343,9.95572324306323
0.532687705941498,9.47853873609382
0.506963505875319,11.9395863455392
0.833645625971258,14.4533064284442
0.709565205965191,8.80431751083907
0.737692897440866,9.24291410246502
0.0700992767233402,7.91079368618363
0.0606169337406754,6.38981714799893
0.808753093471751,9.70092922045176
0.494500445667654,12.4773546132969
0.726240631425753,8.80873552973938
0.216279316693544,5.22235632885054
0.610669391928241,11.1119604636952
0.822606255766004,12.51928299398
0.816055248258635,11.8691051971038
0.388099954929203,11.2250153688011
0.567071038298309,8.98035114429202
0.117567506385967,8.72678651557007
0.927285342477262,16.2466416501424
0.850406624376774,10.4876948894261
0.902248005382717,17.4411194639044
0.653700980124995,12.1091041295286
0.709500113967806,10.3302564132791
0.129858862841502,9.40269661320212
0.742164020193741,12.1325015815697
0.166586839593947,6.13200905662311
0.527385712834075,10.2907357113739
0.00289239012636244,5.17005641386485
0.52669500792399,12.5593585980474
0.967370358295739,17.6328739565299
0.659361872822046,9.77583303458706
0.528921839082614,7.2584727585487
0.444136844016612,9.37956893326627
0.256395112955943,6.55085303731186
0.943119370844215,12.7681666426585
0.565626153955236,8.55237733208649
0.500277091981843,11.825688892185
0.78518241411075,15.2142156948836
0.407070654444396,8.66529010570578
0.279653878649697,6.7834748841091
0.854089015396312,12.2380801848552
0.282022355124354,9.24068635677944
0.641278772149235,11.8287940339052
0.869421571493149,13.7811709575447
0.397790968418121,9.15378143904619
0.625130258733407,8.91199638336158
0.84084156807512,10.5866930260285
0.0994093681219965,7.6978556637853
0.414870647946373,7.77594395988021
0.0303001820575446,6.37222173017718
0.591704884544015,11.2680418392734
0.270401323912665,9.19606504652766
0.614079375518486,8.17545971817129
0.688837236259133,11.9956661687428
0.0488751179073006,4.24043707239891
0.389141004765406,10.8202875334734
0.353989675175399,9.17607912824563
0.989109663059935,13.7034272524619
0.210773381171748,5.63163617229054
0.823387972312048,14.1355961341731
0.965014367830008,12.4394404126656
0.616014912026003,9.46889572250882
0.270882832584903,10.2186926420863
0.939207086572424,11.1748954828118
0.97971203760244,11.0330995835369
0.337078525684774,10.895615215021
0.619493795093149,11.6486801716159
0.902995353797451,13.920175063336
0.224943430162966,6.00358509167491
0.424617612501606,6.45264512456235
0.265593459364027,6.98687897646608
0.669952342985198,13.3922631139638
0.361237932927907,6.57767691359785
0.496062150225043,8.85086910372187
0.127097578719258,5.61773580460688
0.517591818235815,9.86026165016908
0.377628335030749,9.35245496180201
0.957606798969209,15.9028486472411
0.549884091829881,11.6752101655732
0.430935137439519,7.30618965991868
0.674095389433205,12.1966801757129
0.781174239236861,10.6900537564245
0.723228741670027,11.7738618691456
0.261183785973117,5.63232618034931
0.0611466900445521,9.18591831890797
0.0360779582988471,6.6010024815609
0.305163298966363,10.1827453008145
0.586955957580358,12.4829157241461
0.0816682630684227,7.26985005933009
0.117424864554778,3.49722334900571
0.890059590572491,10.6260785172341
0.853155047865584,10.2484894245545
0.10154877579771,5.72384595493805
0.952044844860211,12.8522716865076
0.0478646657429636,2.98415008823629
0.127156877191737,9.53743276958488
0.239823387470096,8.78534697214362
0.194960657507181,9.48785973591506
0.635514217196032,8.88151585953326
0.470642021624371,9.81703604192577
0.990098855225369,17.0070749075963
0.561945943394676,12.0295233460481
0.876727777533233,10.972270158051
0.429551903158426,11.5723566718234
0.0970160451252013,3.98540098258011
0.0534141357056797,2.22403378082938
0.752521659946069,10.6194578262172
0.189117832574993,4.56130833983572
0.502668229630217,12.1431361715405
0.855540447868407,10.9302013281127
0.914997491287068,14.2456115117825
0.992683742428198,14.6976664423409
0.894717559451237,13.7218192032223
0.427384350914508,7.35409748900809
0.86350383865647,13.3236265865619
0.613727306947112,11.438869755689
0.789808939909562,12.8335643047535
0.382040838710964,9.14404244537297
0.132547198794782,8.74160427866772
0.652849330566823,9.83855663105697
0.446140492102131,9.46010067077992
0.365430258912966,11.6838987149107
0.109044379554689,4.44358138262779
0.960907701635733,10.6976076198016
0.908070431556553,15.8765608835806
0.152381788007915,7.62556679655474
0.0925211368594319,7.40191512389397
0.110877333208919,4.87970003196765
0.585272500524297,8.53292422667907
0.236124689225107,9.62845192429354
0.933507572393864,11.228143051819
0.607492145383731,11.3762937814115
0.402182358317077,11.774308126042
0.596576238516718,13.1797143335836
0.0762172043323517,8.26457050755876
0.230532716726884,7.88321202523169
0.463871676940471,8.34267146389326
0.0562024794053286,2.73408424626197
0.366032862802967,9.11145171008679
0.689596184995025,10.7036024805793
0.205980360740796,4.89773779599445
0.758291659411043,14.1328854286322
0.148350195027888,9.30519210251668
0.804355975007638,12.257115399599
0.0269119122531265,6.65231385129537
0.259999780915678,9.5316205923499
0.489401750732213,11.4251269302116
0.724771839799359,8.7193076337946
0.587347933556885,10.4768427217637
0.874124541413039,12.5957094073878
0.25629453593865,10.1549856235108
0.384206511545926,10.8739843829533
0.955910705029964,12.0595131715485
0.66244363412261,12.9184765525131
0.103971888544038,9.30647798359335
0.858791016507894,15.2161134888053
0.422624107450247,11.1845820204071
0.0456222724169493,8.3722021893059
0.698101483983919,10.0757968888162
0.351024365285411,9.80015165354902
0.913437571842223,11.7110247134027
0.917390956077725,14.0820585432561
0.621864011278376,12.7106446295611
0.875942569691688,12.1724817861908
0.349762455327436,9.27174144436188
0.890845071524382,10.9256595502258
0.760261891409755,12.1022950979895
0.17663788725622,5.47815678196647
0.577579222153872,13.226669523755
0.915436550509185,11.4890859257362
0.163614500546828,5.73629466220999
0.390867932001129,8.9956196396243
0.927897644927725,12.9046157566738
0.00180146447382867,4.36402509740943
0.941237596096471,11.8218048745154
0.224708982976153,4.73663086883725
0.187222415115684,8.8512171672786
0.688476588344201,13.3457780840159
0.0457379533909261,4.76363030365828
0.788970116525888,11.9935390221596
0.602939255768433,12.2035427809797
0.789125954499468,14.2781248259612
0.889064321992919,10.5138617278116
0.166247526882216,6.35850858257677
0.517329838359728,9.46574358524949
0.938477124553174,13.8789113408189
0.492193894693628,9.55864408780202
0.0740840383805335,4.30838851785597
0.266348447650671,6.77250431864639
0.697700028540567,12.4159994844332
0.537916395813227,8.35879328310975
0.874638959765434,10.2864900170357
0.490042174234986,7.72493778778123
0.522422398207709,7.59369528330846
0.52713391976431,12.3142658337184
0.126468519913033,4.51569179235135
0.438734855735675,11.7163302806779
0.201244315365329,7.94951525381157
0.199005465954542,8.26219110952829
0.170942740980536,7.18920085877724
0.529139742953703,7.45551087493605
0.683513549156487,10.8199274343318
0.664990252349526,12.4390012601335
0.0273236026987433,7.4545627652302
0.924656510353088,12.4400322836114
0.113980546360835,9.71965896487901
0.722322108456865,9.27374331748382
0.375142161734402,10.6165663554255
0.499679717002437,12.0780408568359
0.259415903361514,8.53899818627155
0.91962190810591,17.0173391648391
0.845334792975336,12.8096369349036
0.950879338895902,17.2506057190598
0.556135951774195,9.61022225618738
0.933928909013048,13.8519116019355
0.373004503780976,6.87826359478928
0.961904134834185,15.4893289749607
0.152444260427728,7.81994919545009
0.293563420884311,7.60899329778363
0.243532152846456,7.04239050820769
0.672245361143723,13.4387501533495
0.20193760516122,5.80043555736199
0.590051436098292,13.3425129096211
0.157094337511808,9.85757741541519
0.615585218882188,10.4577922629922
0.444953681668267,11.9752168246406
0.385441844118759,7.29064967328958
0.332778600975871,10.406689495082
0.843769584549591,12.2300184493568
0.044131979579106,9.12055682950905
0.0832236257847399,3.05692797475498
0.326263183029369,11.1495867138452
0.299575667595491,6.11360477292925
0.662294222274795,8.91192157709192
0.0603377711959183,3.43776283447536
0.206253309734166,7.49368493355231
0.842165131587535,10.6933498635981
0.0288670405279845,5.828562929467
0.349809234030545,7.95546042432688
0.734421944012865,12.8456684463209
0.620312513550743,9.18918785550198
0.791026544990018,10.540994566194
0.705289509845898,10.7813271980445
0.970335453283042,15.2558952037316
0.222873060265556,4.72147101355525
0.0842821635305882,6.85788261626826
0.296704028034583,7.8884300641204
0.514457618352026,7.84893085073994
0.668564149178565,11.4734851617019
0.920617847703397,11.1092838790165
0.75260337931104,12.0469148618877
0.232263939687982,6.24611099383868
0.502394520444795,11.5392001621786
0.945451993960887,12.8011184013142
0.996287675108761,14.6360987915409
0.0928987045772374,5.18874217363394
0.444398854393512,10.4504088448068
0.81436393968761,12.6395163800575
0.0448651942424476,4.83714973926538
0.314294708427042,9.95464714784961
0.606942856218666,9.62429607481335
0.109897605143487,6.0580668273789
0.558484519366175,10.7571383661938
0.345174175221473,7.66388698422372
0.99703230895102,17.2583054818826
0.563248011982068,10.3169718670248
0.213129852199927,9.46882140728022
0.69204427395016,9.63826297804601
0.140862838132307,7.35997425621948
0.836704504908994,15.6639628231338
0.159028547583148,9.62753456989474
0.229146885918453,4.9219235842798
0.732631282648072,13.4086537693516
0.717095121741295,11.445451991301
0.827298976480961,10.863347137416
0.570308703696355,11.9555336166331
0.955566165270284,13.2691217970496
0.181491959607229,10.3692064817673
0.915796260582283,11.8232132050848
0.494633260648698,10.6233396926849
0.935988451819867,12.0597593573237
0.59261845308356,11.6260782225747
0.842940599424765,13.9942868824174
0.0467331539839506,8.13498104998534
0.628993247635663,8.62662584987448
0.674309473950416,9.29235501438366
0.19277886650525,6.40484283543805
0.343208546517417,7.99940482976024
0.272765312111005,10.4030945045109
0.526084025390446,8.5203999633153
0.88831458799541,13.1335509731588
0.710304015316069,8.9705484199572
0.354773755185306,6.59814221931767
0.257499194238335,9.13903375412964
0.752952848095447,11.7708526483028
0.619393823901191,11.6673795908387
0.639081662986428,11.9711035518189
0.596602330217138,9.49417585813961
0.825319654773921,14.9559882485753
0.819645970361307,10.4982966187148
0.423881490947679,9.4953359689294
0.989122570492327,14.6913305144392
0.635749192908406,11.9699933956441
0.458024951862171,9.66549521946637
0.496541809523478,8.91145259942675
0.660461555700749,13.6864982063669
0.555905960965902,11.4491401406351
0.476805473444983,12.6241934381273
0.88628739467822,16.334595936895
0.440536679700017,11.1642890482771
0.544173305854201,11.644444220665
0.490488618612289,8.77693029935317
0.630097460467368,8.94013348105037
0.562832686584443,12.9703979846758
0.935200404841453,13.3490299146819
0.0680075753480196,2.5625370297893
0.395185741130263,8.3652720952663
0.0700092073529959,9.3345734810891
0.636657256167382,9.93872133342951
0.524684401927516,11.1560024740846
0.263228849507868,8.94973774106124
0.963448545662686,13.9204931285666
0.102763722883537,4.21010817545016
0.765298698330298,13.9745622938181
0.628565291408449,11.8269526506206
0.894415234681219,12.8334541325955
0.924696290399879,12.3118929434812
0.940040292683989,14.0540080043791
0.225129393860698,7.74281841381178
0.161046477267519,8.73116669117197
0.487880642293021,9.43435529153051
0.328844911884516,9.29575753201723
0.116284893359989,9.68168931937642
0.936621020548046,17.0094235039987
0.714822653448209,12.2848916028179
0.299506164854392,5.55634154581319
0.0695868115872145,8.02719196219075
0.799319895915687,9.89386857620828
0.912049959646538,13.5221865085178
0.361353606218472,10.0649983646289
0.217994667356834,10.598686912311
0.89049987657927,13.6919998086071
0.580586560303345,12.0682556079281
0.287839329103008,10.2290815115856
0.802377164363861,9.94585445477739
0.738690234720707,11.7140766943713
0.0849697741214186,6.17024765314695
0.233931430615485,5.76313894939114
0.704267056193203,9.78575009178053
0.743416055105627,14.3762192339496
0.53690129565075,10.4778924634958
0.301295204553753,7.91046458948288
0.647592621855438,9.47982318915994
0.251955450512469,7.38419540534776
0.439402478048578,10.8449600079018
0.380826959852129,10.733893539331
0.32480673561804,5.88154933248191
0.832838820759207,13.2418061934383
0.133157168282196,6.75515810861649
0.100362664554268,4.91293661859884
0.697621899889782,10.9957377359767
0.133979630190879,7.19662451499404
0.495023735333234,9.9512088420445
0.145215647993609,6.73661371480098
0.667402629042044,11.0011464145393
0.329564690822735,8.25145182616211
0.182082515675575,5.82000270113108
0.593040195060894,12.0456849189128
0.270522089442238,8.28775810017536
0.589446494122967,11.1122851164749
0.0594250718131661,4.60899909183977
0.885989771224558,12.6761276549371
0.0504288652446121,6.42086875676302
0.123351677320898,7.19563621727601
0.044834922067821,4.00672763161835
0.828307724790648,9.54556465678954
0.552132917568088,8.55103012685527
0.718591135460883,9.95180037870649
0.26656547235325,8.14453565463349
0.40121331717819,6.8474873783929
0.902956070378423,12.7669079972904
0.0724678977858275,7.73495790599062
0.350907248910517,7.79170981859365
0.510396726895124,8.58937255294878
0.124578942079097,6.98650022503591
0.184405136620626,6.93436699982119
0.219272811431438,4.72566065815292
0.283293378772214,8.48369068708867
0.2128360720817,9.02085612429806
0.797329939668998,12.2819018251311
0.752874213503674,11.0686173966673
0.946229139575735,14.4386213437097
0.687898304080591,12.3026388093649
0.172311011468992,7.78915656442436
0.668665376724675,9.50160415800983
0.432259391760454,6.92545377791209
0.606644801795483,8.36915012697572
0.596934603061527,11.3566964591809
0.457429844420403,11.9847198701486
0.881000286899507,12.9501765618558
0.431801582919434,10.4159387244088
0.951786332996562,11.0670464191744
0.26868669805117,5.7937777341052
0.29609004361555,6.12292138578244
0.135593851096928,6.13553031872826
0.193449221318588,6.0775324960021
0.638476866530254,9.60614258598341
0.517286046640947,7.37132294220355
0.871275069192052,10.8917894300164
0.63198551745154,10.714280548402
0.036235055886209,7.52039488170573
0.344825378619134,7.25226519731074
0.266512750182301,8.34639339326801
0.932217821944505,17.8746142450632
0.317172002280131,9.66818871619435
0.0119304165709764,1.2727133171454
0.131021513370797,9.23423777791685
0.447526231408119,8.11713570339601
0.38318535592407,11.4413404155263
0.282371742883697,9.09435991297508
0.0594237763434649,8.81782152855673
0.505085654556751,7.82001366358879
0.128161928849295,4.12944373159159
0.816355910850689,14.1556714478922
0.242942432174459,5.28702158518289
0.461942777736112,8.17668855474822
0.748976124683395,13.7737541853795
0.0703528104349971,5.67823621647619
0.473143568495288,9.08405566867829
0.795791581273079,9.22959173919853
0.816161962691694,11.3396139370264
0.928972497815266,11.861965433057
0.0710199980530888,8.59548267148568
0.781003199750558,10.247332087511
0.0136071674060076,6.47704699125798
0.113612469285727,9.52967933585741
0.311975298682228,5.54137512970736
0.444405722664669,10.8593523769129
0.593581269495189,9.51474847587942
0.0541848889552057,5.73813587199821
0.758485757512972,10.930829154883
0.188973308075219,5.32872744237258
0.725590093294159,8.65055637834839
0.0604025539942086,6.45969117991139
0.408328657737002,8.48380870805152
0.908328378805891,10.2146999965098
0.634053702931851,13.6970820827685
0.566714345244691,8.00591846552296
0.540984554914758,12.5544504537661
0.896956016309559,12.7698053414872
0.0210812103468925,8.10693991394563
0.376945922384039,6.97923787269469
0.0565575095824897,7.87473012005796
0.992775580612943,11.4853808739919
0.510588602162898,11.8323676496101
0.179473427357152,5.64709501802784
0.125970013439655,5.71934920366754
0.145453694043681,5.90228332640178
0.381359783001244,8.59399660880655
0.401767182396725,8.3178439463426
0.701201896183193,10.9847069451861
0.602595202159137,11.7129232688225
0.55495889717713,11.1938063250125
0.77984703052789,11.5189457594182
0.0840212134644389,2.77797712057139
0.884347440907732,16.2643944928863
0.140300650848076,6.59929094657162
0.479079767363146,7.04954389990356
0.474890192737803,6.99174235711682
0.450586093822494,12.1832587290498
0.949667151784524,11.704363780464
0.90505286003463,15.9570607771418
0.734572674147785,10.6952308291504
0.0594255372416228,8.9907998330956
0.59012201288715,9.45469564086054
0.984693004982546,12.9817822264227
0.0184184378013015,3.66630747755257
0.542252568062395,9.32648721182109
0.300869682105258,8.21428068761818
0.771180260926485,9.57119767157737
0.760613657534122,11.7159390862168
0.679928082739934,11.5739364135302
0.876854859292507,12.15025825087
0.357103947782889,10.9958125207676
0.0453507811762393,4.08809431862752
0.3382047645282,10.1027662775366
0.539644792210311,8.13980422534881
0.263273765565827,6.24775664921665
0.420590037014335,7.99929722676745
0.475437476998195,11.6709821657448
0.22891530697234,7.38328726772522
0.386769535252824,7.19429652305466
0.0637627101968974,7.23525333043387
0.950885159661993,18.2539562018227
0.90489985817112,11.0638300767572
0.694117481354624,8.42189226944749
0.302519808989018,11.2664805517985
0.390875313896686,7.94285826192712
0.342524398816749,11.0874290656835
0.332365898415446,6.38371364574222
0.69127120799385,8.97671565266501
0.903872173978016,10.7183580816312
0.497587202582508,10.3225082291782
0.565603418275714,9.28314191990222
0.949887713417411,12.9868487807567
0.92406338499859,12.7031952418504
0.0452006771229208,6.75987900253792
0.380992188584059,8.37774593256337
0.262605139520019,10.7845218647867
0.759621511679143,12.4951864702425
0.706173198064789,14.142423787146
0.407069591106847,11.9684517183258
0.6947450209409,13.4803143039482
0.934044323628768,16.4443606659293
0.230477743782103,8.98232144839569
0.366519353818148,6.75700821248042
0.00985620124265552,1.35990871677377
0.128922691335902,5.68875167751016
0.243920856155455,8.73686098142057
0.383121037855744,7.73330190203879
0.133130103349686,5.98620635453947
0.784892198164016,10.0670068084903
0.687997074332088,9.34417122830495
0.539041163399816,7.91709016670487
0.791734713828191,15.3168833206051
0.307500024558976,10.5668628013891
0.481188099831343,10.6957384368224
0.73792509152554,9.97405123459408
0.284763000905514,8.21091543104496
0.990784680237994,13.5272927906331
0.649057440459728,11.156104306103
0.0821930072270334,9.29536704638033
0.950046430341899,15.8149664751814
0.802793613169342,14.7888872312596
0.609465307788923,10.7934868443035
0.363136998843402,7.01143812105136
0.156287478515878,6.62574755041848
0.452055013040081,7.16718167163055
0.511278314748779,7.48818562138995
0.268215763615444,6.41312551395459
0.431854255730286,9.91401994259463
0.823290984844789,13.0437008991937
0.447584718931466,9.2048635635094
0.169433023780584,9.12701510561577
0.345106767490506,7.75758625498937
0.232326546683908,10.3400468001604
0.337569894036278,9.82657943434898
0.621397077804431,12.6331283581598
0.923512170789763,17.5527106351456
0.204869738547131,8.18173786646627
0.741108130197972,10.1651831733614
0.135405320907012,8.05192343522143
0.671037044841796,8.73078065560096
0.439462912501767,9.12216543553408
0.551936120027676,9.52314362843347
0.816379714757204,10.4084509009787
0.126460863277316,8.0206963277992
0.798385770991445,12.1601568647004
0.980238391086459,16.9509186157382
0.493045959854499,7.46956410986721
0.961400800850242,18.1121010779382
0.662254275288433,9.27977616216434
0.826249627163634,11.3156497101963
0.441756049869582,12.1404165250634
0.478043206967413,9.85996369884942
0.999007822945714,12.2612107822376
0.297263793414459,10.2796189376092
0.386829026043415,6.72694276131571
0.284691887907684,5.47780293964229
0.140797361033037,6.42332597958503
0.0182040326762944,4.13063832998802
0.114448839332908,7.87115947262597
0.985626366455108,11.1911211437242
0.0618813696783036,3.4838901533476
0.7790749121923,14.1728746749381
0.316264536231756,9.06052595678416
0.508765570353717,7.46624020680732
0.328875034116209,7.63467767179825
0.722391318297014,11.4733800481365
0.517061501042917,9.62525983652974
0.697973104892299,12.9230193011995
0.065145337022841,4.02251480027707
0.0619515050202608,5.71255355647304
0.652597150066867,9.93758742417521
0.529553325846791,7.85427711193395
0.0106809034477919,1.89476198596491
0.820117307594046,14.0575656513735
0.503759450977668,8.82991687989103
0.641580745810643,9.83407307646142
0.821456187171862,10.3316955609057
0.530389680759981,7.26061227250659
0.742866186890751,13.5988091657969
0.120920924702659,5.21492464504002
0.248385647311807,5.1867776786753
0.0101238240022212,3.47092430899272
0.208569175330922,6.12171112228205
0.466027701972052,10.8214569876673
0.927555727306753,12.2414083227854
0.920687446370721,13.5180458999808
0.245248747756705,10.3788785467211
0.0948010045103729,6.96440259402971
0.0397280405741185,4.62691641147474
0.393122833454981,8.50288074505364
0.303221374051645,5.42166178542889
0.299270383547992,10.5691774434801
0.586483028717339,8.30089200138773
0.0659206975251436,4.4725231418602
0.382423023227602,11.7437731569745
0.606926806503907,10.2187322380326
0.205542099429294,8.60531549217739
0.740186192793772,13.3822236603001
0.569976610597223,7.69076941197156
0.737069545546547,12.2906759989434
0.91483950172551,14.6686230926778
0.748623697785661,14.6452062999262
0.783035348867998,9.31981292719422
0.842586278449744,12.3125476307221
0.717593382811174,13.0696000935797
0.59386958507821,10.717763808132
0.530205566203222,11.285100377521
0.967618088936433,12.8322571752319
0.890146499034017,12.031167305775
0.646427004830912,13.4020526127115
0.158365752315149,4.28761060223859
0.117516571190208,6.74619900851846
0.210527440300211,4.58730888308665
0.526999830733985,10.795853305982
0.74280018475838,10.1039846157782
0.578385327709839,8.06190607787921
0.480566820828244,8.19021321214124
0.60558996675536,10.2286293788313
0.506077501922846,12.8868951358417
0.645347238518298,12.7404804869751
0.0365633226465434,5.16991025098327
0.568472313927487,10.7103687320929
0.811693153809756,10.7250061266957
0.640031322138384,13.6626823744181
0.728687952738255,14.2930893212072
0.977739056106657,12.8161192489435
0.626198762096465,11.7228847512679
0.655100627802312,10.5975474353209
0.109865301987156,8.22786735681992
0.42351174983196,7.79438341301606
0.468958354089409,11.0111989736842
0.709196574985981,8.84469482225182
0.883287091972306,14.8589519103395
0.539117668755352,12.966304788252
0.243562483461574,6.04084292025436
0.453713766299188,10.3478777413379
0.515002323547378,10.167378747078
0.403786980779842,8.7766344272927
0.806686886353418,9.42789899726683
0.906429415103048,14.0576321806256
0.509963627206162,11.225113586455
0.32097013713792,11.2643813471264
0.184767103055492,5.16321834116416
0.882801517145708,16.6002593576082
0.507836888544261,11.6318460214217
0.622505852486938,10.7591638262945
0.1996851535514,4.56389977552091
0.287808083696291,5.54022354996819
0.573591836029664,12.8579199663635
0.933809922775254,10.421934480757
0.760349035495892,11.2024744974785
0.657388587482274,9.27681066685892
0.458342387340963,8.39696151866427
0.787396303843707,9.60919852330362
0.86093406425789,12.2527196228336
0.728688329458237,8.64670768816533
0.265355578856543,9.32372310246979
0.0484439209103584,2.99258979416284
0.865560302976519,12.8034385318952
0.277352268341929,7.24019449835075
0.267988050123677,7.81256171623423
0.0586911076679826,3.99296178515426
0.504628191003576,9.7988719828932
0.698510052869096,10.5952569221141
0.836480049649253,11.1998158643445
0.0794351417571306,2.90428038452829
0.842185764107853,13.4245717795253
0.743681689491495,11.2578120387094
0.231355986557901,10.5216610936093
0.532983849523589,11.1782694748347
0.330333626829088,7.22726304909301
0.124604917131364,4.77751134653813
0.221043377649039,5.98364114313971
0.351987564004958,11.7398434381702
0.336041757836938,9.14935856009641
0.400998245924711,11.1404005818759
0.588719064835459,12.0670792428796
0.716443376382813,12.8753179765948
0.944418632425368,13.1653106905547
0.169229323044419,9.20361536120207
0.951805613469332,17.2881416936215
0.266423060558736,7.55542691817298
0.735826865071431,9.06525823469081
0.29416387132369,6.5123127834922
0.286065769148991,6.56067720962245
0.0952629223465919,3.58519269375566
0.904634133912623,12.6014788673875
0.890851705800742,10.5215667119175
0.123565975576639,4.22294672282476
0.516772780800238,9.17544307935273
0.257353015476838,8.01454003439208
0.334716450190172,9.27928649169443
0.306659342721105,8.76090734274258
0.096200873143971,7.07397167029694
0.691496412269771,11.9813258334797
0.211478766752407,7.41504618849491
0.824944314779714,12.7558699244908
0.42047447594814,12.2425729301938
0.980367143871263,14.6175125991727
0.129962682258338,6.96813145883604
0.125312509248033,7.4830825611294
0.861344079021364,10.5344244139429
0.943142293253914,13.1123431863301
0.900728883454576,12.9363875565458
0.0993453175760806,4.94130219084551
0.914380009984598,13.494225857222
0.170151008991525,10.1440174339054
0.288745709462091,7.19706916788432
0.268042004667222,5.44647274447795
0.146648380672559,8.7142474928965
0.705395347671583,13.6938326917625
0.221239920705557,9.14248663248427
0.902534550521523,14.0540911865471
0.990226631052792,11.1974067803021
0.805091585032642,11.3504444886854
0.505936727160588,10.7970364706633
0.782750761369243,12.8310060428153
0.952568196924403,11.0139734167593
0.727969877887517,8.75207975077921
0.971371654421091,15.1106719265986
0.86049054376781,13.9505536740739
0.838483853498474,12.6465768424478
0.889863601420075,16.2317584660708
0.241974572418258,5.20803293785144
0.198745569679886,4.99986620230986
0.528377729933709,9.179610860629
0.793199577601627,15.3402248952113
0.0744859115220606,6.46163559865486
0.0805818899534643,5.02382219613411
0.450985255884007,10.8746219141323
0.822090914240107,13.9025129172758
0.222644159570336,10.4995586978125
0.786834079772234,13.5800176514639
0.565270468126982,9.30582053816223
0.594799306243658,8.96630788736543
0.00123717682436109,1.62125203843379
0.00215048273093998,5.99472111672086
0.200805030297488,9.11427190325746
0.79422105057165,11.8476378550225
0.954533790936694,13.8840002392945
0.457007619552314,12.4918323332246
0.279588295146823,7.33471185282895
0.961901077767834,10.8954124199975
0.00934434216469526,6.25908917527749
0.768616386223584,12.0146344081674
0.726498878793791,11.4881726079581
0.578952080802992,9.89011914787007
0.86822966998443,14.929532421231
0.775506777688861,14.7746131676951
0.926740044495091,13.8947114502318
0.744215890532359,11.6203342070095
0.209681700216606,9.36095932230087
0.57324297260493,8.13650828285599
0.275240076938644,7.0548352025651
0.851784074213356,11.1057182101495
0.753606006968766,13.4154324555315
0.453433810267597,7.51918167332942
0.956085500540212,12.3556496127707
0.505019520409405,9.11600724247367
0.768618593225256,11.9290650873294
0.143274582922459,7.68423359709045
0.711865627905354,14.0697464612014
0.451222134521231,11.2738132528808
0.969483496621251,15.7351741885245
0.388726717093959,10.7134605079701
0.456265437183902,8.11221553132399
0.757426531752571,14.0625085766562
0.854211635421962,12.3907476937415
0.210380897391587,8.25367099000953
0.15570861985907,4.95873698638024
0.41951505583711,8.00404271986515
0.777999420883134,9.81005370031772
0.022210278082639,4.01047670287692
0.615937986178324,10.6613673678976
0.614400946302339,8.27489902231438
0.0813867601100355,9.36428310382562
0.839616269338876,14.982487130615
0.775193013716489,12.3092493479807
0.0807698972057551,8.26090460634415
0.920108398655429,14.9208255821718
0.696935286512598,13.7542058934953
0.403613783651963,7.4951152043044
0.20159905962646,5.43981094029243
0.969998041866347,10.8874863722053
0.710470172343776,9.93210486995121
0.82695720763877,10.119835252432
0.294947164133191,8.70203369461255
0.723505382658914,9.1656336441953
0.218285338021815,8.25065814936254
0.280954318121076,8.59688859310616
0.558539715828374,10.7660659152078
0.812070625368506,15.0475612598526
0.586600882932544,10.9709196525115
0.148502686526626,8.4011912776099
0.310485350666568,7.32792160082054
0.880248273722827,12.0716930852942
0.202700190711766,6.81029155362412
0.133354974677786,7.96164340765586
0.438620776636526,9.3516159703097
0.890839691739529,14.9557260724688
0.223574800882488,8.55475342674372
0.729519294109195,11.149106030715
0.832398389000446,10.8989193938121
0.992439314257354,15.2952808612521
0.57997991819866,8.81278665755884
0.479229541728273,7.2538154172832
0.761560114799067,10.9414260980869
0.13610580121167,4.70704790151102
0.669633294688538,11.7919120387212
0.386170439654961,11.7512825256936
0.867395698325709,10.5381646660596
0.0930374874733388,4.1581309099565
0.327044762670994,7.82688236003125
0.0697350117843598,6.86083595128768
0.671894632279873,13.5579164632135
0.740234656957909,10.6150654628898
0.390785471070558,8.32130087387158
0.446713555138558,11.7701454880881
0.454602379351854,7.20716497352392
0.141758155310526,4.66137759101002
0.617698037764058,13.4877998973837
0.201727958861738,7.98641473752078
0.283099102554843,10.3339948472036
0.868216376984492,16.4503457272073
0.0312069889623672,8.72579612835236
0.530266200425103,12.4466520076772
0.249357973691076,4.85670250428158
0.30535776517354,7.44512551835588
0.252283984096721,9.67907108045732
0.24420001078397,6.2999328581293
0.446586213074625,8.56356377519819
0.404908878495917,10.417374122893
0.929115200880915,13.7762571459625
0.534252035897225,10.1618349624263
0.7190424897708,13.7334772251386
0.0940184341743588,9.04439604230819
0.199406638043001,6.81061670497749
0.772254761774093,11.8372166681885
0.273390344344079,7.24536134349111
0.789265134371817,12.1416805505871
0.910019371425733,11.872951323458
0.833227051189169,11.5037427793282
0.756053461693227,9.25547626930252
0.552919377572834,12.5871597863372
0.361051914049312,6.05794236368334
0.863837510347366,15.4906516721674
0.767026054672897,15.1416791299095
0.894616585224867,10.2563866987871
0.590310875326395,9.55709947447053
0.963659272063524,12.925446538436
0.281976719154045,9.31789270265272
0.413184670498595,8.2035438629927
0.0908136148937047,7.70320767275429
0.289092379854992,10.2475465353696
0.923373825149611,17.9041723903222
0.243235872127116,6.03425649372397
0.393103815382347,10.6901847118785
0.365688803140074,6.0219741634198
0.426433918531984,9.5490487638364
0.0412134514190257,7.6174064848027
0.291649747872725,8.16886834908921
0.841430793050677,14.2926498021766
0.956120911752805,10.7746787424416
0.38241111417301,9.1452968903438
0.323912406805903,8.85465309369566
0.679516412084922,13.0532879584624
0.269872972974554,10.7590606546026
0.547860744642094,12.3287122858435
0.936085199937224,11.1749324324101
0.681945648510009,12.6407346408128
0.7209429719951,12.9404448249696
0.850214402889833,10.9155862511027
0.0397625602781773,7.18766335968364
0.0649207716342062,6.98039659306505
0.198846275685355,5.2792392168204
0.885347737930715,16.3004674686388
0.733000007458031,11.7341565906557
0.487765867495909,7.12559644528846
0.15797356958501,9.41299351940527
0.210823627887294,6.76967670017783
0.828137995908037,12.3927970496652
0.148137456271797,8.39571020307775
0.667039992520586,9.21054157545099
0.322365378262475,8.5813120937672
0.753727029310539,14.5711665190786
0.126118185929954,4.32939018121981
0.789500179933384,12.6734102137745
0.349486095132306,10.7708693121507
0.273480295436457,7.68469574997611
0.767724445555359,11.1388383856946
0.861608822830021,10.7499687585792
0.75196047173813,9.6081442479971
0.316723890602589,9.34428785948128
0.419750938657671,10.6844118267966
0.673761677462608,13.6903432256175
0.191176571883261,8.17259441970943
0.768605365185067,10.9467162675611
0.0928376349620521,6.97257562599634
0.446479350794107,8.97467030970624
0.452116670785472,10.5992159099642
0.104702316224575,5.34592700532404
0.639863139716908,10.549108085899
0.0734479909297079,4.40990276374402
0.526909176027402,12.6287538256898
0.356691157445312,6.83545464621587
0.00451561692170799,7.2964440157223
0.396688396111131,6.16927671560133
0.672238972503692,13.8316822992757
0.127585201757029,9.16136966937359
0.758706932188943,10.4283418579053
0.324662143364549,8.83766986694373
0.469637458911166,6.9124639114886
0.168415599269792,7.9604867660921
0.674015634926036,9.62278507810836
0.415812571300194,11.0431077570849
0.0486171881202608,8.68266339824587
0.953041420551017,10.7532420944401
0.519436261150986,12.7551669359758
0.24433479947038,10.4780001785973
0.749560402007774,12.3723688584745
0.622197345364839,8.75539676171502
0.380057067610323,8.66022562497555
0.181790314614773,7.20978623066564
0.0346810393966734,7.75770392430275
0.559334652964026,7.84233312709362
0.0312722702510655,7.41744600857616
0.462190679041669,7.93364485225447
0.0253929861355573,7.08063057243591
0.583752493839711,9.83785852769388
0.402893938822672,11.8283808413545
0.986972527578473,14.8058772847774
0.0719390739686787,2.79608912098515
0.455002688337117,8.42574168502208
0.000365607673302293,5.80348613513125
0.0239005309995264,8.24989429003106
0.368525695754215,7.96688523345233
0.193284086417407,7.21130286383859
0.256231860723346,10.6267792002293
0.106994226807728,6.56918764439793
0.894365999381989,16.2907094249731
0.876249147113413,9.80049580279446
0.791420133318752,13.156927010132
0.739139375509694,13.3635031169953
0.649268813896924,13.4885704050718
0.520395876141265,8.96464454117566
0.813067564275116,10.7897395992971
0.685102381743491,10.4351987353804
0.301427018363029,7.96277327023915
0.170948419719934,5.69998364456466
0.9144759750925,13.2135331509316
0.101867149583995,5.2585231397749
0.200941021088511,6.95557103961379
0.548901509959251,10.8866258530326
0.119310286827385,3.73335171530772
0.118500862037763,5.64044646581236
0.954996483866125,11.6520524233547
0.0611571595072746,3.1880610005897
0.109511980321258,8.38419870993627
0.845078634098172,14.4508310970076
0.532954872585833,8.14208095132609
0.456356259062886,10.1596303842867
0.0527689140290022,7.97602518057456
0.503333918517455,10.1424223336044
0.284388519590721,10.1591073288228
0.400931942509487,10.2023122782305
0.770935397129506,12.649193024423
0.893353246152401,12.7037656569396
0.0260099961888045,7.84187275325281
0.909800359047949,14.7458659128664
0.606069181812927,11.830201114834
0.254156316630542,9.46450014503521
0.313561073271558,8.44881280362138
0.416572484187782,8.30741850709845
0.951538351830095,11.9176114279902
0.855257155373693,15.4238079442579
0.04882502858527,6.82507289726072
0.141963837435469,7.53433591843886
0.383170550689101,10.6391404980436
0.274700490990654,10.154337381626
0.554684053175151,11.5791194350416
0.706069460371509,9.12348104852237
0.679642761824653,9.67831218989082
0.418316741241142,10.9609992747063
0.0702531274873763,7.64712438339246
0.703225788660347,12.6838985985928
0.816495374077931,10.4744895582584
0.170266867382452,10.2724870383378
0.713683666894212,12.0949096039965
0.172537648119032,6.6747558873633
0.897670927457511,15.4213211539166
0.323578137904406,7.29445655504676
0.100973611464724,7.44575794310112
0.337117897812277,7.98599288709035
0.533572710119188,8.04228471717075
0.371576586505398,9.95576048854438
0.0431114116217941,5.97551267741058
0.748230238910764,13.6722432218345
0.177847582381219,7.78845482445636
0.026710051111877,6.80894089780969
0.957930446136743,10.9875271888054
0.71578487730585,9.64362421971309
0.588068502256647,8.21290998973814
0.710313632152975,10.4839850885817
0.481485702795908,12.1828674526026
0.143350559519604,8.68613543946515
0.70300613809377,12.2020920449358
0.748025580309331,11.6397696600967
0.954563000006601,10.8014140970368
0.852876060642302,11.8185669512311
0.0315313127357513,2.40393073431363
0.948697220301256,13.4780654501952
0.830052981851622,10.9279855744939
0.433678384171799,7.06668278612721
0.0615708471741527,4.3877986906812
0.981645136605948,14.3639199908754
0.674984326586127,13.0368307401569
0.907820577500388,13.5361462736396
0.906721910228953,12.1853175958975
0.700096864253283,12.8095997891903
0.543152184458449,12.4409472793127
0.344213718082756,10.0634428716154
0.573786142049357,13.0773916014934
0.0741870990023017,6.5640603774153
0.827588802436367,12.4761981541596
0.172453777864575,4.53960213450273
0.619336978765205,12.3517671750523
0.454915381036699,11.4540123752759
0.372186084743589,11.0763819085426
0.329077678965405,8.45452321457127
0.159841876942664,7.19217296881915
0.322715563233942,11.0774187929791
0.0469767120666802,6.86861050233346
0.775874285725877,9.90378272800181
0.430625339504331,8.44230841800172
0.372338061919436,11.1229118562459
0.436343728331849,11.2244031143191
0.0830858005210757,5.41165638547306
0.984529037727043,18.7404677102727
0.746157420100644,12.418124959963
0.836640988010913,12.9536728138748
0.559504060773179,10.2263753044903
0.325824806699529,8.65804505839849
0.190773639362305,8.96684059174444
0.371847108239308,11.0143717628711
0.105055970605463,5.51941245017308
0.757559517631307,9.23888650106179
0.940550809027627,13.0009057614295
0.348815659526736,6.86659604997623
0.608733234694228,8.49663021420336
0.0243627675808966,4.21170633727116
Rho_s: 0.804965013241253
Rho_p: 0.794536517842168
IC Time: 0.0199999999999996
