Rho:-0.5
N:2000
0.973287776112556,5.84312843259288
0.308803719235584,11.9887721193802
0.787639885209501,9.56910883568212
0.0322639006190002,13.6704933162068
0.0999870167579502,16.0865926161193
0.0987542059738189,10.140962778946
0.887286687269807,9.95472633164911
0.991500339703634,7.76865449501311
0.490544599946588,12.2443923405375
0.365534880431369,10.2379757554218
0.484650580212474,8.78867472116047
0.212766871321946,12.3603710529678
0.00283698667772114,15.1634044686058
0.359952715225518,8.24181909341061
0.890809181611985,11.6993618689254
0.0346728065051138,11.7709499636591
0.746393541805446,5.34605934190537
0.28434483660385,9.74619735910533
0.539171701529995,11.8697556251535
0.692419817438349,8.66979587573455
0.90619830111973,12.0230022500367
0.311842881143093,8.612668725435
0.117354511283338,13.2633141121054
0.764205334940925,7.74691927751389
0.390013416763395,15.1193457061742
0.881649139570072,3.72342772789098
0.296476884046569,7.43238832806988
0.0811977130360901,9.37904834119542
0.693387676496059,10.3193652902702
0.332396103069186,10.07277391451
0.735485424520448,9.60764954713781
0.85366709693335,6.92204334385811
0.986804243642837,1.75137100653461
0.516723943641409,10.7328865949717
0.583292988827452,5.78173504180434
0.817130834795535,11.3810288984001
0.936127696884796,7.8993152676336
0.421079086605459,7.74871507574844
0.978508044732735,2.79471826959066
0.0674686224665493,13.3545036883484
0.790131741436198,12.6207458871371
0.174236853606999,12.2134284155648
0.229901741491631,10.5500034143789
0.818638181779534,10.9331562759005
0.173938899533823,11.9517932026962
0.555116534931585,11.9793569185203
0.136604262981564,11.0701174425359
0.750528056640178,6.8056170359439
0.562543384730816,10.1727539138673
0.211900874041021,10.8680166122927
0.149978906614706,14.043234201399
0.932444278383628,7.55846823202527
0.834728512912989,11.4345698220044
0.617121842922643,13.1806143037147
0.311072524171323,15.3495085809497
0.852666204096749,11.569744213614
0.178019349230453,10.5177627207016
0.548323872499168,13.4514176288073
0.875377308577299,10.9312369079548
0.418234833749011,10.2314270448415
0.670772957848385,11.6406193689706
0.38926200917922,7.14303894639665
0.826328739058226,8.23068721690514
0.373835055157542,13.6602722155191
0.188340765656903,14.9253962124385
0.816307024564594,10.8833672895553
0.277974830707535,11.1512891252176
0.51030355785042,8.44114618899858
0.949816780630499,6.359242195912
0.864984711632133,11.3767392985816
0.282854276942089,14.1794343638384
0.261368342675269,12.585232289691
0.595800696173683,11.531297456105
0.226605937816203,8.8898774386044
0.734363141236827,8.64114196219687
0.723529484355822,11.397585989332
0.0988501894753426,8.62107534373888
0.627183880889788,6.44400403577752
0.08153240615502,14.4523889672179
0.733337970450521,7.37161765468677
0.693427917780355,6.90822893179608
0.174716268666089,12.6855590203846
0.57484337175265,8.98942327053295
0.225445673568174,13.2018955748148
0.868661039043218,6.22706624978386
0.0496361895930022,12.7940893904263
0.929185778601095,6.45601504201578
0.792765180813149,9.02263939956732
0.37324146926403,14.2251610633554
0.499890328152105,6.0646654860937
0.25459280773066,10.3571357377058
0.295584578765556,12.0704625934392
0.860346753383055,5.85335174403787
0.906676256097853,9.55095985714438
0.473698154091835,9.38592465845289
0.844861166086048,3.91266836104112
0.0654698985163122,17.4032500335635
0.716289814794436,9.05565581818168
0.318157259607688,15.0785707569118
0.131110768765211,7.96694440586477
0.264950832119212,7.3704613827865
0.802055104402825,11.9966916475232
0.790190808707848,4.94779094753489
0.411587573122233,8.44729623477955
0.6348931430839,10.1332737729868
0.965955935651436,5.65204023717883
0.130182534689084,16.433436592117
0.783583966316655,9.54469983604379
0.992437469307333,2.32806390256564
0.163481519091874,15.8248682174037
0.58740889467299,13.2829625650702
0.677998786792159,11.9800497254569
0.315257800975814,11.1524845412467
0.564565598731861,5.01191793664482
0.510326843010262,13.5630786789626
0.425004666903988,10.6351589192656
0.0247030316386372,8.34934041476459
0.502617880934849,8.3771093025418
0.812439943896607,9.14104213203444
0.306754735298455,8.54503435640745
0.899241272592917,11.4875472517724
0.865796013036743,6.30849836912852
0.0525872886646539,15.6333046689637
0.0574049891438335,16.6155344607051
0.25547140231356,13.9016705991957
0.0502742696553469,14.7822758630884
0.393370951758698,12.5705521284086
0.620382060995325,10.4816444188305
0.476026543416083,6.96078979769347
0.264009419130161,15.5604878281199
0.11509930412285,8.30757642325758
0.461932630976662,10.5607037986558
0.438032459933311,12.0291147414732
0.615053928922862,9.07416410161003
0.327710238052532,8.87055297438069
0.102067990927026,12.2144390694486
0.512208056636155,7.12992234545227
0.275103932945058,11.3936695525072
0.315394950564951,7.06331557186917
0.398030158597976,12.0225458834883
0.673879420384765,12.4598026595917
0.57837800658308,8.01940660399019
0.585128072882071,10.3971709247991
0.890317221637815,11.6099076900472
0.1381819259841,13.2046745921319
0.918889311840758,8.87438443168899
0.900709702633321,9.46467088125722
0.965338209178299,7.60564804098732
0.976403147447854,8.99159442099467
0.0929772753734142,12.9739339400031
0.0289500569924712,12.6668836501121
0.191872703377157,14.9958048453807
0.755235695978627,4.04781262128454
0.123906708089635,11.6617212646457
0.907114597735927,11.4432805194179
0.644666756968945,6.37701290457034
0.907382420729846,6.43702816697936
0.633609810378402,10.5629785847059
0.0895604128018022,10.4553482618587
0.842416464816779,9.29564785073484
0.491683713160455,13.7700047288007
0.928744398057461,7.42251917500694
0.701299231033772,4.91825616951633
0.115762417204678,16.7582827059188
0.628431437537074,10.1944986094681
0.0932143325917423,9.99996381909239
0.274317806819454,8.59057678386914
0.978222866309807,6.2094326496981
0.769679482094944,9.7517422883619
0.0954024211969227,17.7564924396783
0.776160096516833,5.09157539858163
0.615561004029587,7.73932892073084
0.805861003464088,9.58859333431788
0.763150403043255,12.9311976425466
0.167892802041024,8.88304612430232
0.139516869327053,8.7541153448798
0.215323768556118,8.72862809630285
0.613678900292143,11.2502180126422
0.248033427866176,14.2028402349942
0.384845468215644,12.184554075901
0.600278000347316,11.0844760568227
0.416471411241218,11.6557136237445
0.858952364418656,11.9008452669847
0.667569989105687,7.1379805547408
0.992720403010026,7.56222213666095
0.13112237630412,10.0886543050561
0.916032885434106,5.55099317900366
0.105047073448077,13.2110410425001
0.910115621518344,10.9680669615976
0.881374533288181,4.35562067944751
0.553826584480703,6.7577448593764
0.514930455479771,13.4787371621032
0.660972253419459,10.01094863107
0.697688936721534,4.41914417454356
0.253304024226964,13.6174256009607
0.185755885438994,9.25702593136479
0.530094485264271,8.14376764356454
0.293169892393053,10.6129886950666
0.42128125904128,12.2223241533898
0.0177325061522424,11.9924560507685
0.795057556126267,3.26725431789744
0.282925257692114,13.9499466104003
0.153716958826408,12.3019717815989
0.269518370740116,9.21769154805955
0.621291856979951,7.06815559625859
0.0315170423127711,10.3156498067703
0.360496337758377,11.9237258930182
0.271639668848366,11.295017065029
0.651097215246409,13.1571456963049
0.987418352160603,8.95394290961396
0.63432391686365,8.81620071318422
0.38006463367492,13.1911297163224
0.638727137353271,8.90105598769969
0.137590682832524,14.438503823845
0.0580994437914342,16.8785183890503
0.53588231606409,12.8919336331595
0.0867096281144768,17.5118229480785
0.0916486424393952,11.9380533153196
0.630483230575919,6.3289461364854
0.638425203971565,7.35598716149344
0.0930482370313257,10.1704692238577
0.305193785578012,11.1880077315843
0.582037378335372,10.3393838102134
0.764331893529743,6.21535225969591
0.216746496967971,8.10901892873208
0.358183894772083,7.09038759296714
0.305322899715975,12.674742033036
0.325042104581371,6.87006717004361
0.188552973791957,15.3265528569612
0.332015406806022,11.2816426961566
0.984252444235608,6.15767149901193
0.579357301816344,9.96228167825843
0.000790268182754517,12.1291093506405
0.782987350830808,12.6051587547795
0.811023841612041,11.1725557408009
0.997036413056776,3.49747526767622
0.194149085553363,7.63687171342412
0.88509675511159,7.30546287613357
0.37075975141488,10.6677434670053
0.881446159211919,7.6418496805366
0.282923037884757,9.50894972091272
0.0988826351240277,16.4369925746439
0.197874674107879,8.45796230112477
0.901821768842638,10.808508946557
0.957175926771015,5.80525583984167
0.40143855358474,5.99579740410583
0.312047704588622,15.1068068023118
0.34907474508509,13.748351318113
0.25427509448491,11.7779281829767
0.222893759375438,7.36036422558958
0.161772775696591,15.2147240589277
0.21995018934831,8.90120904330153
0.0967591388616711,17.7031247452661
0.566587255336344,11.8138487694077
0.102453605970368,14.2889954362868
0.525685413274914,13.3510653052481
0.532667321385816,13.210728302009
0.444208168424666,14.6013817434124
0.033709431765601,11.1631698421039
0.112578205065802,8.74620955250234
0.379180951043963,10.9555107595003
0.790273800725117,7.00150628827586
0.0071473743300885,8.87800044308884
0.0782063445076346,17.1443086139611
0.973889510845765,9.10603528528195
0.0831423327326775,11.8383832863176
0.594026155071333,10.6059656962441
0.203652597032487,11.8402772872033
0.156787110259756,10.4927538679172
0.197338493540883,10.9065762156233
0.820916991680861,11.7872964832809
0.415708991698921,13.147159549575
0.41648630448617,11.085891707056
0.865528793539852,11.5251459841431
0.160616788547486,12.6568866476085
0.172902655554935,10.0421549168647
0.648877348517999,7.62573790741726
0.739660355029628,7.00774404549097
0.435178722022101,9.96756330672432
0.692756538977847,7.20481509438521
0.84082406014204,10.4704483747543
0.544094576733187,7.38966178289725
0.384589500259608,10.4752359876031
0.432971160626039,9.07322157251421
0.224719073623419,12.2844890794314
0.677582257892936,7.9975737336171
0.157804532442242,11.4884153247591
0.310627090977505,8.76367366231728
0.470260677160695,10.4192876637734
0.208046598359942,9.70688735432018
0.963133901823312,10.3963842211016
0.342622990487143,11.3011680940278
0.318941507022828,12.8775395796728
0.983220164431259,8.719601088338
0.204416973283514,13.8210101847291
0.935644346522167,8.89432632224447
0.591510015772656,10.2864247707888
0.921056801918894,8.7974931760472
0.263860552338883,8.11350156240318
0.026604809332639,9.41575005501464
0.921750579029322,11.4971396715074
0.936072832671925,10.0218556206134
0.369690170278773,10.7038013321269
0.123343798331916,14.6717882186565
0.359472638228908,8.05881707653732
0.691918574972078,13.4564764231929
0.0172214747872204,18.6561868072901
0.999565675854683,11.1073223302175
0.00411469396203756,13.4518236152033
0.869791413890198,3.99034354734266
0.256593388970941,14.5226678806487
0.721104610478505,3.72451270266045
0.757546168752015,7.61140552824224
0.196184126893058,13.8948414708943
0.649756472324952,10.4682540838732
0.910108933458105,9.25339173495608
0.316002239705995,12.1410636476794
0.0131816219072789,10.8405306473458
0.848592484835535,7.4281223414959
0.412691224133596,10.6388053313858
0.890993202803656,7.8836315441812
0.718567081261426,12.7022873275387
0.363221898442134,13.9388075404865
0.701702588004991,7.67446845384161
0.497799832606688,14.5048569234731
0.0667588470969349,8.1992378528015
0.968037852318957,3.78448693525088
0.580246041063219,7.06697168432125
0.634539685444906,10.2117169982849
0.216815439984202,10.9346874169872
0.0613141674548388,12.026352907831
0.735513114836067,12.4045463991987
0.0906944428570569,15.4253788358319
0.917928605573252,10.1492843206555
0.885862207505852,7.22591795875676
0.330063020111993,7.5738952948127
0.13980768318288,7.72828264644017
0.272699013119563,7.40061239861917
0.934080185601488,4.97164792534734
0.463042966090143,11.7346268118422
0.499367426382378,12.17835243855
0.548190514324233,9.59755078323359
0.66320941480808,10.3337668016615
0.713336708955467,4.01824784874
0.693830135511234,6.54720792066708
0.630449852440506,13.5758418837388
0.0788194858469069,12.1837809219549
0.755159040447325,11.8620613321942
0.242395092500374,8.64539304061379
0.152408085530624,10.1616689500911
0.385208903579041,11.425857252719
0.999060328351334,4.74288110751298
0.714972188696265,4.93607530996812
0.79534892202355,11.8597542775407
0.395291345892474,9.28115431019615
0.303383032558486,13.6015703609622
0.769278284627944,8.33982749769393
0.894223175244406,9.44078851338154
0.778479126514867,8.9336488745385
0.205405193148181,12.0226113424735
0.294062882661819,11.3500272776974
0.885182537371293,2.25217420722101
0.924309608060867,4.75620583096709
0.319757235702127,9.70046740015813
0.606483488809317,12.5520696541648
0.667898849584162,10.5514354186115
0.0190574899315834,9.54150728904964
0.524715749546885,5.10064599422131
0.92366865859367,8.69555274660024
0.96128860488534,2.97779378355651
0.94271905021742,7.46247466953393
0.97963213105686,9.52355705629218
0.733232216909528,11.2361956624805
0.378657494205981,12.8754642436474
0.455241077346727,13.8867943149593
0.518026934238151,13.0638012500518
0.729767045704648,11.4160649586801
0.971265275496989,11.6899963742664
0.729136765468866,6.41331425111882
0.397193376906216,13.6410200438099
0.0173155188094825,16.1614701781703
0.843688919441774,10.8374938117815
0.287283003795892,13.9010197155038
0.595758532406762,10.8314787788197
0.143096840241924,8.58343630705274
0.973026546649635,9.97752179482088
0.983651214744896,9.71919293844504
0.342451961012557,13.6632463209792
0.911206386284903,10.7095162267992
0.927942703012377,11.6523830246262
0.0792720846366137,13.8345497882874
0.481003750581294,12.3292986645588
0.333840464474633,14.288707265142
0.939327033469453,7.24839615471355
0.226371235214174,7.35047026157663
0.0322812355589122,8.37445739320496
0.784523896407336,4.64451267225012
0.758012160891667,6.59336759264672
0.500004909932613,10.8917896227769
0.114306527422741,7.85460991902196
0.582172928843647,12.1813595453695
0.932488768128678,5.56825947287254
0.0438961423933506,12.9350526520796
0.79629173502326,8.84275670008557
0.10238279774785,12.3168722575873
0.115381596842781,13.5481929922542
0.186883345246315,11.0831359592451
0.227541471831501,7.86783958340258
0.993267531739548,8.93148540218649
0.199992968467996,8.38291076579827
0.770912747597322,10.6308207638277
0.745409079128876,9.72573045590043
0.218363270396367,7.46084303907547
0.0177602276671678,10.0194598221981
0.920587302884087,8.55154691262822
0.384305057115853,6.53238847384633
0.21812615217641,7.68666535368259
0.615532854106277,9.33118428197294
0.811029918724671,10.7586154744412
0.575838374206796,7.2442037882819
0.702765858732164,12.707191916932
0.777181015349925,11.6633761499108
0.677634752821177,12.440613419341
0.944010057486594,8.49900247674822
0.685467732371762,7.7491572209567
0.0850832886062562,8.26949276239132
0.503318428993225,10.1119403682915
0.564667069585994,11.5131444206938
0.828274899860844,9.76909235863101
0.892547043971717,11.4791289187521
0.768953702179715,8.84848906171584
0.444992067757994,11.1754450977682
0.682054539211094,10.1991362591968
0.980648701777682,5.49635026025833
0.404906521784142,12.9817235129441
0.906610788311809,9.6789109356836
0.100520914187655,8.1974745530799
0.277001979062334,12.3935148860565
0.296994018601254,12.4033300540141
0.024977651424706,8.65215334679068
0.172546601621434,10.1584749591641
0.495824842713773,8.91104227853108
0.665982691571116,10.4427488003768
0.216417434625328,13.5689179284027
0.63192293047905,7.65037506163198
0.594576963456348,11.8059882596885
0.331047431332991,7.34195707260672
0.602051350520924,11.9902690198717
0.575649189995602,10.5155284213961
0.0419379738159478,10.4767858796435
0.311328577576205,11.7587009332031
0.818578182253987,9.64631795526855
0.122297617141157,9.67991268110819
0.696529219159856,5.19483724509331
0.730510450201109,4.40627492971061
0.0687303156591952,9.9224165147252
0.130355704342946,11.0439762662852
0.334187433356419,12.3499400134478
0.403639927273616,8.24837985393035
0.374808387132362,11.5091415479126
0.349114048294723,9.3737756939259
0.45139493374154,10.8956444499472
0.376884149154648,7.11524281794854
0.0602950530592352,8.62570906833704
0.477201563538983,13.4764162205218
0.395350179867819,11.9820131994699
0.997133262222633,8.78207907403867
0.539451723452657,7.59800491598348
0.56906754989177,8.0966076527761
0.145948075689375,14.2070794073047
0.830856431741267,9.27268496841665
0.914667473873124,7.44987091108599
0.548509444575757,13.8925986726523
0.438290487509221,12.7624041078952
0.934873870341107,4.13045888234775
0.514436977915466,7.6918525805392
0.842011503642425,6.75410750705012
0.173670253017917,15.4304637249181
0.727670187363401,7.64291625537564
0.896008382551372,4.50370249677898
0.185476321028545,11.8497414050412
0.546764926752076,11.337462281301
0.863294254522771,9.00586337616534
0.351656985701993,7.86316915669829
0.222467596875504,15.8443543988226
0.761020585428923,5.04314271383221
0.114396364195272,9.52317814877128
0.161220460897312,10.5166876687746
0.260601297486573,15.0689033588367
0.819613319123164,3.96437364819009
0.552718488732353,5.61396670574271
0.493964264867827,8.5100614544019
0.526457927888259,9.99497882608946
0.62835018383339,9.1734603941566
0.121667956002057,7.81727490217556
0.594108293997124,7.08158995024373
0.383702270220965,6.09975881977193
0.458403042750433,9.31088943546325
0.0880834006238729,8.13619930833705
0.823725051712245,6.01237312297723
0.520314893918112,5.17030630069314
0.696783650433645,12.925182542177
0.417832626728341,11.5081992792974
0.262933508725837,11.7511232459184
0.491464121965691,13.350072786237
0.0783093676436692,15.7863445885515
0.880795319564641,4.97338516376541
0.00712172035127878,15.5200563152944
0.308941861614585,12.5808331268596
0.585949723608792,8.125214588984
0.483519515022635,12.7393850839307
0.112615429330617,13.2632863543497
0.265388250583783,7.83938559421545
0.266001518350095,12.2242105531924
0.114095036871731,10.674551874847
0.0898577237967402,11.4922688634662
0.139957298059016,13.1321657341324
0.318409720435739,9.71479210507594
0.434833190171048,8.26766025399368
0.160094694467261,8.8336266873228
0.715746640227735,3.84638670904857
0.292906413087621,8.51616269782014
0.0707845583092421,8.99285200029643
0.972706865519285,4.36184723096301
0.888689760351554,9.97118489900138
0.636632380541414,12.7365892536273
0.751948934746906,11.9169341718442
0.891783987637609,3.56280460686146
0.352764410432428,12.2963891064096
0.40913769742474,8.45827400316941
0.276981693692505,9.41622845016437
0.251100882189348,7.56278702774248
0.102596034761518,11.4864445168269
0.139172719558701,16.2901434309157
0.25959451473318,14.6841413622573
0.78214176162146,5.38328559936929
0.0223604592029005,10.937649300381
0.990569621091709,2.46731561741749
0.284699350595474,12.6034572709816
0.882274577161297,7.54217434714544
0.481873492244631,9.38832269958479
0.62786889122799,10.9773673973431
0.829500180669129,8.13522237525543
0.282057039206848,9.8572534146258
0.380682470742613,9.85747603953594
0.130188761511818,15.319246800093
0.206435817293823,12.8465548874415
0.068051558220759,12.7273391696883
0.214335025520995,11.8608692302991
0.992080073105171,5.19302059020215
0.500051689567044,11.718030801956
0.349745678482577,11.0877877986307
0.0396400212775916,9.4125590990929
0.169903200818226,7.7843029851746
0.0920847661327571,11.2154029568853
0.468229286605492,12.8902960675277
0.281859747134149,14.6005172338688
0.908083257963881,4.46012537946994
0.046899652807042,8.62979299935512
0.648177099181339,6.18453811406986
0.506049390882254,9.65434646028666
0.495450545102358,9.64718896796461
0.973006709013134,2.09500937682949
0.0413287160918117,9.44439130514658
0.888606312917545,10.3446434641036
0.910549320746213,10.3919479676973
0.528562055202201,7.24767476637214
0.36824191105552,12.575111381354
0.827517125289887,6.02278721387661
0.433772826800123,13.6244555979913
0.783781396923587,10.8211473495734
0.36673169140704,11.1090622835261
0.201408783439547,7.48893075532883
0.785689449636266,12.0224810958643
0.502918637124822,5.99980133943797
0.617670682258904,13.4682453611269
0.863587512867525,6.83195743306272
0.285456121433526,12.4708427833463
0.131435261806473,11.1675039492593
0.976326334290206,5.58544116381796
0.495217095362023,10.7790527061142
0.84156182454899,8.01305408139622
0.482312445063144,10.0942115427288
0.642533533507958,8.72086995415709
0.670195506885648,6.24493747894807
0.147846654057503,16.8289198168891
0.382845618063584,9.76400563807292
0.289020890370011,8.50683301249102
0.52040345990099,5.58712955571793
0.327086932491511,10.0122075911348
0.921130697475746,7.25978234913602
0.29482761817053,9.48443933823221
0.192500983132049,13.6342372957234
0.189655670430511,13.202317556421
0.292705506552011,7.56544709102906
0.374179555103183,8.75119263682659
0.786360166501254,8.69401857426649
0.851794969523326,8.05167473164258
0.898559224093333,7.77587283055331
0.893444658489898,6.86576997979142
0.530343478312716,6.74597009123829
0.911186242941767,11.6361948326438
0.108276023995131,11.9984426598141
0.287641511997208,7.11845365206821
0.272480762330815,10.9608020028443
0.209617079468444,7.24596384005461
0.590855842689052,9.72168464176823
0.308636765228584,13.1862538951746
0.988161692628637,11.4023755685025
0.954038529656827,10.2559790500984
0.0498993096407503,13.4284977251419
0.407691824249923,12.7433328988565
0.103835176676512,9.66642355976018
0.0187849421054125,13.7556200551732
0.59182260883972,9.30694421597331
0.622510605026037,12.0791493784737
0.896032103570178,3.46678815543265
0.449580655433238,8.09691234392354
0.731283837929368,11.9570967050316
0.449370920658112,6.597059602184
0.36952281370759,9.89458635041734
0.697461663512513,4.77675172334636
0.981873544398695,3.96469418845545
0.994380475021899,6.24576250427925
0.362175395479426,10.4620003714295
0.220276024891064,13.4231777305092
0.641127579612657,10.7013599072738
0.360606876434758,11.2472337908097
0.959371077362448,6.85091451561454
0.677954117767513,6.22818403361184
0.800863197539002,7.62122845244134
0.703465325757861,13.4183627801346
0.389777736971155,8.56515935371901
0.118584580020979,17.0323547883933
0.60942210862413,6.0114179169612
0.804137038532645,10.0116639334044
0.625106872990727,5.77455275781375
0.110470484476537,10.046240422786
0.142101275967434,10.6303734651826
0.845132131827995,12.1470247227452
0.46642604842782,14.0802289951883
0.738741451408714,4.70625015349463
0.580659482395276,6.71334873055454
0.30706507852301,10.6995759017173
0.400128026260063,13.4314199179719
0.818111964035779,8.80831890012876
0.744277726858854,12.7749367960053
0.270571674918756,10.3243999908084
0.154520566109568,11.3494834004929
0.0417745290324092,15.9105022315581
0.0877044971566647,9.69969013973035
0.528836765093729,6.28951676767182
0.909865886205807,8.99659301967871
0.037814914714545,10.7441897608496
0.407323519699275,7.65030243016629
0.798684275476262,4.40905589462114
0.977551121497527,9.9467294007392
0.994309104513377,5.16488662008601
0.672246431931853,11.0835999019953
0.0238279104232788,15.058531539611
0.048097423510626,16.5041119675533
0.293749879579991,13.7451035731507
0.705045174341649,6.44714294040277
0.326331609860063,10.4945046719946
0.540417945943773,10.6312943699983
0.405104528181255,9.97961274104859
0.702626357786357,10.4567130925263
0.732040564995259,4.84488954209541
0.522752847755328,11.4352200051354
0.0123391111847013,8.39731572732241
0.308714415878057,11.4939525656053
0.702566369902343,7.00653646612337
0.179563763551414,10.4047226109207
0.456227083457634,8.457672813947
0.00757786212489009,8.46366557030897
0.890982845798135,10.5392759622513
0.194241938646883,14.7089836211449
0.830862822011113,11.9758823900052
0.469800577033311,14.6533129348386
0.218343023676425,12.1189857050543
0.572459836490452,10.854963905888
0.302426016889513,10.2764394523369
0.366167316678911,7.80784946184747
0.314953500637785,8.45217128713623
0.428696833085269,14.1197123102311
0.738474370678887,8.35451075320097
0.0709272734820843,14.0986022425083
0.786737343063578,8.82484116006117
0.195014441851526,10.7414110065647
0.335524791385978,12.6779204350171
0.121100881369784,14.8620916206729
0.303955019451678,12.2633124562764
0.103307622717693,8.2733808920597
0.16085773287341,10.5989532069262
0.21700390917249,16.1545851884439
0.929057482397184,6.72216838962351
0.386424163822085,9.02481374334704
0.878692282363772,9.52721817432282
0.302642734255642,6.69724719346031
0.944853011751547,4.48249670968603
0.0145281490404159,10.1447147474307
0.603683535708115,7.12304114308981
0.77201145561412,9.28631878119843
0.581887752283365,5.47189546377777
0.261212329845876,7.99593772808873
0.0735883782617748,8.12280958032222
0.257529948139563,9.29575675005939
0.686414392897859,12.5888079979867
0.577632535481825,11.8043765520388
0.0326233212836087,14.4316539047114
0.813944794703275,8.08409763496713
0.604650287656114,5.98018652374164
0.278093663975596,14.2854067251079
0.495426774490625,10.0516605319928
0.495022584917024,9.84219360747625
0.616485565202311,12.4295792339592
0.621697201626375,11.881345868592
0.456310531590134,7.60609402342067
0.675704474328086,8.62201496931175
0.479481637477875,5.89700778126089
0.0920351753011346,11.5702574346461
0.59456799691543,5.92808757974347
0.571989122778177,13.7500272589034
0.810975666856393,11.1784630445644
0.300832121632993,11.1961848663888
0.616395805962384,7.96522831629511
0.62876650528051,6.56767778250672
0.0421431679278612,15.5588352701771
0.861603850964457,11.5996646135361
0.991606882307678,8.93419092702528
0.132572578731924,11.4298021819231
0.133124091662467,15.3547303314373
0.10506873135455,12.7796212038928
0.388028496643528,11.8657798628548
0.873332665069029,4.09244369928978
0.327946849865839,13.7690438997039
0.623722527176142,6.5101551743795
0.514356836676598,6.74942601333118
0.751544449944049,11.3319529797515
0.2573175590951,13.4731547461908
0.592000528704375,7.22666590264496
0.827012299792841,6.16134691159583
0.423519151285291,6.58085385582391
0.22760782786645,10.9810532923533
0.372547624399886,10.66693270824
0.302556595299393,15.8177749939396
0.105057980399579,9.68632481947899
0.163369510322809,7.68284403207684
0.884550062008202,4.68412175535657
0.445025522029027,6.39436719830137
0.303561189444736,8.60513829745125
0.639017266221344,7.93155992102446
0.220871902536601,7.31641796606245
0.758682607905939,12.9591450822038
0.229059617500752,11.6595139160306
0.383639334701002,9.58317647892076
0.0562354961875826,14.6487840485432
0.122471905546263,15.4650821193901
0.732840648153797,7.49514587796426
0.83766510640271,5.12609297202635
0.186128736939281,16.6254429685536
0.527775446185842,10.2779458550728
0.57090902607888,9.25951277240114
0.510792317334563,9.46712372007085
0.800199520075694,8.78966221672834
0.675402160733938,7.42148372540538
0.196128949988633,12.2125582923249
0.0182194688823074,8.64732700193416
0.851745721418411,7.86996617972124
0.152409519767389,13.2819627323835
0.833620396908373,5.49035501706172
0.395820257253945,14.9465729485275
0.925317348679528,7.78540623209908
0.878987131640315,5.68959631815563
0.0271003600209951,19.7599632651898
0.481184700736776,7.01620545196734
0.418636464281008,14.8001792914298
0.266088169068098,15.1897419339649
0.381475008092821,10.4234330560927
0.0396153395995498,14.8338667652969
0.895247098524123,8.74289224769849
0.178149263840169,11.8980819151965
0.311417951015756,10.8056887170423
0.580191442742944,11.5663358264762
0.301255026366562,11.6321662909384
0.503243776038289,6.72698332889654
0.605703770183027,9.83964731411698
0.0875487104058266,16.8507986586429
0.621397995622829,13.1878957735562
0.774645680328831,8.47494844961716
0.852525877533481,7.74358261429291
0.305448547238484,14.1173339075253
0.516490601934493,13.5472879164132
0.464247315423563,5.71065921126486
0.914800764294341,5.52709602419305
0.482099185930565,10.0075912097522
0.990739180473611,9.08127566724207
0.149750102078542,10.5999248202972
0.63849535677582,9.66128891889188
0.360915991012007,13.1815869235006
0.297758610220626,14.2992685025992
0.734202151186764,6.68766223115559
0.499324774369597,12.7717712941839
0.545278114965186,12.9705040573396
0.638311543967575,9.90488508405727
0.703703743871301,10.0472669167116
0.712416488211602,5.18945440830183
0.558233543066308,9.69134344731259
0.285036438377574,8.98387563693485
0.16087534208782,16.2504214597568
0.908974200254306,9.62442338036042
0.880777793703601,5.55727866114615
0.851724920328707,11.7250978699745
0.82154353405349,7.95986799272467
0.00159922312013805,17.9881735393199
0.489079136168584,14.2415960837667
0.380163671448827,6.98757863036491
0.565573862986639,5.18628427295552
0.76293402002193,12.4929618395531
0.598789406940341,10.2734401507134
0.821729033486918,7.15800743301978
0.386904229875654,11.4869842903173
0.0101277669891715,9.64057859816615
0.340230218600482,9.37872799893045
0.977780623361468,1.49271620683703
0.830131378956139,5.49332233945202
0.233347364701331,13.0573416083007
0.663669519126415,12.697674548259
0.406958382111043,9.10296455164248
0.515322929015383,9.44338950913392
0.361252842936665,6.5055962662903
0.826246416429058,7.94020917216148
0.46167861064896,10.4391166508973
0.63480723137036,11.5991317516557
0.795926408609375,4.1426994017018
0.146475039888173,10.0277374779224
0.127689850516617,10.1703069623299
0.687721603317186,13.3085929270473
0.241867252159864,7.73529217777836
0.869401211384684,4.78125849501617
0.338000550167635,14.5879194340661
0.15897135110572,9.57817056322278
0.0883125478867441,7.98448082328073
0.968700818251818,2.26084005193817
0.422749207122251,14.5064784312919
0.826188403414562,4.61161927782753
0.0151806857902557,15.76429740794
0.772564219078049,12.3768753309737
0.289688612567261,11.0488250602727
0.140833930345252,10.7686494315646
0.891236962517723,6.98306929394398
0.920768120093271,11.458848121026
0.471466213464737,9.07989233844881
0.24671007366851,15.3012415095486
0.185328810242936,10.3830924264244
0.941582838073373,8.99384121926258
0.471221587853506,11.2537139800605
0.805583368986845,3.33653973548626
0.759819826809689,7.97666170981145
0.0302118475083262,12.1227861990251
0.0666234572418034,8.74401394412934
0.120504753198475,7.74334392119423
0.695051744114608,8.23717947216279
0.0201081763952971,13.0611572773992
0.218592480290681,10.5512671660571
0.194859037641436,13.7141401244113
0.00519104418344796,12.4464274489574
0.374787969281897,12.8504990580884
0.80927029880695,7.52901369475421
0.244324126746505,8.68113838169628
0.176171637605876,16.4299895642369
0.503796905744821,10.2833832219525
0.314439481124282,15.7040037694527
0.208666221005842,8.38727501019671
0.484011018183082,14.0321686318258
0.413392191752791,14.3261582558238
0.312369398307055,7.60794619214028
0.347030566539615,12.1650597189523
0.101520689902827,10.5869218564444
0.990397753426805,6.51510615201302
0.229733370710164,13.6536947992905
0.926954094087705,11.9161575784744
0.937685977900401,5.67071147321549
0.81431493954733,11.090232567137
0.751107798656449,6.22507484932568
0.30329935438931,8.2657878220555
0.914768730057403,8.83604068249046
0.643163464264944,5.94307674955076
0.944749462651089,7.57849148357737
0.816081391414627,5.3911283804671
0.593935922486708,10.3541409147805
0.689791407436132,6.0613200019998
0.663399748504162,5.09537884743912
0.716597310034558,3.93001443300549
0.647182350745425,11.4870250113563
0.380515863187611,9.57507006509274
0.171923329122365,13.5501330810585
0.285658589797094,12.3022612253452
0.395307054044679,9.00563538353785
0.992120115784928,10.4286011909555
0.964254318038002,8.40079865630823
0.638785908464342,8.6879900803249
0.705985956592485,11.174567754443
0.934076832374558,4.79372195550406
0.770698890089989,4.88730773506367
0.207225594902411,12.5473585277435
0.481454325374216,8.6247623065002
0.776627781568095,6.35463091109516
0.321149339433759,13.005034628729
0.327603944344446,15.582056001796
0.138480546651408,10.4384623704953
0.613978940062225,5.38293229509078
0.547693236963823,9.05600059008219
0.741419768193737,12.8846060632141
0.677698005456477,12.1053577864731
0.0501475685741752,12.0592569045844
0.802026730962098,3.59979639539239
0.556551466230303,9.76503053927715
0.733028875663877,11.2090230515669
0.83877204079181,8.14424999612981
0.352886988781393,10.9199151835558
0.20077243517153,10.3345310157404
0.863358971429989,11.756279396726
0.834813358727843,5.93679685229148
0.983711348846555,10.1707240710739
0.907817869912833,3.71298093114179
0.936405521584675,8.10899542495815
0.567127573303878,11.1766979638937
0.165673881303519,13.7298600466377
0.45562048535794,10.409757067723
0.142994151683524,11.9450032361566
0.887318059569225,7.12966292291503
0.770547678694129,6.36909837442341
0.247243275167421,15.2734468330415
0.0871217399835587,10.6289190472565
0.589534087805077,11.4375185378381
0.176328534027562,11.106543256617
0.627621859777719,13.5570092985285
0.674853947479278,11.4487909835143
0.512979840394109,10.0933066089661
0.245189195498824,12.2147832403899
0.414613135159016,7.60207290915491
0.5858388626948,13.6715578758457
0.137582200579345,11.8334209109201
0.922941256314516,4.07238491888233
0.705302504356951,12.0390063076543
0.123233976075426,11.9511440263126
0.488041646312922,12.2467591954129
0.160298174014315,13.0490559490918
0.104418012546375,15.5467425784785
0.805931782349944,12.0033880586569
0.949488064274192,4.40223907682259
0.35245639947243,14.171131443792
0.423903947463259,14.4406331620038
0.145689923781902,12.2273728081802
0.952403619186953,7.96552183219457
0.608633622061461,10.1694283956094
0.978331237798557,11.180397562335
0.159599442500621,16.1076976147357
0.912242410238832,7.06559325719335
0.476826135069132,11.8652394907605
0.397800964536145,11.9147621152197
0.73348281159997,6.10673968435828
0.425216980511323,12.0865419945662
0.154215673450381,14.0760846294013
0.213429247727618,13.4518213788527
0.675558752147481,12.9858468387558
0.600497753825039,5.77680332087716
0.712370560970157,10.9228579798126
0.943193677579984,10.7348878100513
0.512324953451753,11.6637104302789
0.185390790225938,12.361327861906
0.529439041856676,14.0068646978539
0.647074017673731,9.63300006699006
0.217634068569168,11.9040552651262
0.799464452778921,10.3267806286946
0.292173944646493,13.3064966004805
0.540124601218849,14.2310470287117
0.47576215933077,10.8483671903192
0.762917297659442,8.0844898170513
0.197967241285369,10.1585680422586
0.917937735561281,9.6572911845622
0.664759951876476,12.3575272613402
0.736125527881086,6.50767425444028
0.944656311767176,6.94477165528446
0.118554503424093,9.14492718307827
0.395488775800914,9.46133839260669
0.42917301109992,13.4673771852916
0.677819993812591,10.4963607867108
0.786549784010276,11.5524094798232
0.571953197475523,9.15806847835432
0.570225580362603,13.5956363069668
0.982357553439215,9.62325116022744
0.973813319113106,6.77006195515094
0.760128322755918,12.3003153595535
0.495971403550357,6.83309659467645
0.870875121559948,9.28944325777383
0.248616689117625,14.7336925983339
0.435316535644233,9.49651493581935
0.825864423532039,6.98614188081239
0.657124924007803,11.3088569474031
0.913056529825553,9.81224801427533
0.86802339926362,7.69835247483699
0.799541836138815,10.9870247371536
0.188380366191268,11.4382751994504
0.968713565031067,2.62469881759995
0.964485806645826,1.99739209475349
0.364905385999009,12.9122039717205
0.0838195942342281,15.0637434348054
0.161123041762039,13.2454215134318
0.303487722296268,9.60870729201827
0.955296979285777,11.0574403247374
0.246586088323966,13.4864622846254
0.197456606663764,9.57029157549428
0.305485589895397,14.4964208329535
0.973397942492738,8.34293036210895
0.741727249231189,8.4041200051389
0.15364033752121,12.0445917111846
0.448796279029921,8.59499069905266
0.881132467417046,11.5945931431346
0.20541738322936,14.303252124655
0.992802035761997,9.44187620876808
0.657689135055989,8.58905837490668
0.347837853478268,13.7174727842667
0.014937297673896,15.8929700286627
0.291860810248181,9.55156494810674
0.631852693855762,11.9245904482318
0.543795490637422,8.9258972776376
0.908026544610038,7.46533950572111
0.29185780021362,14.8212870316116
0.0763292792253196,14.3094150632446
0.124941631453112,12.3507638435877
0.357205590233207,6.71129672467942
0.313531218562275,9.19077274964332
0.570905775297433,5.82220214041734
0.0572117227129638,12.2352892862861
0.709134203149006,5.69328285602945
0.534886978100985,12.9040999383316
0.619037970202044,10.5640017112671
0.110109600005671,16.2995200553198
0.0518111265264452,8.22085328462599
0.872867891332135,8.31345851755473
0.376425377093256,7.93562174344616
0.203083518892527,11.775917637885
0.967771857045591,10.2236420806796
0.679006970953196,10.2601192371404
0.723819188307971,11.7501442043393
0.950133804464713,3.10219509208589
0.765037417644635,8.46273898897293
0.779970789561048,8.09707770214096
0.471177644096315,6.44603315553866
0.938880715286359,9.96509857018522
0.0737905439455062,14.7392547471245
0.883924703812227,4.01483301518757
0.783656389918178,9.70296936462206
0.268030105857179,9.58695742611753
0.847603647271171,5.63762294102504
0.293633627705276,9.9932262548776
0.521443867590278,6.33438860017716
0.618454583454877,9.80236948294048
0.40112317330204,14.7157638440109
0.0244365187827498,16.8830464590915
0.692720911931247,5.22364638455022
0.150641080923378,15.1856599065342
0.732588358456269,12.766908503647
0.619362639263272,11.3986765792647
0.904508532723412,2.0704699116893
0.423517897259444,12.7359185923565
0.125630885362625,12.1726539435016
0.321855975314975,11.6766838088796
0.343743807636201,9.59008451451589
0.949121772777289,9.30365544801866
0.816073937574401,10.7815504660518
0.562137600965798,12.0769933135747
0.397428144933656,11.9938568897903
0.254551872843876,10.2266986876725
0.101533555425704,11.507779643022
0.416073920670897,9.15634423155452
0.687314593465999,8.79428305070519
0.0882725580595434,11.6778383342509
0.466868596151471,5.85795078647185
0.066625764593482,11.0556436841501
0.99160741479136,6.86849421425849
0.217901381198317,9.6306509712361
0.388623563339934,13.510518031144
0.850066898623481,7.2909555629792
0.419765127357095,10.3518608417797
0.564293750328943,5.51502967729933
0.146235801978037,10.7944170309691
0.623539537889883,12.2459850797818
0.150923183187842,13.5963012176538
0.526944304117933,7.36323089057731
0.0240516962949187,12.3814070823969
0.00938804424367845,9.28611617846655
0.98287157760933,8.35446541125079
0.361678141867742,7.53646184593445
0.571865800069645,11.9345854200603
0.760939919622615,7.57673568173908
0.925997847225517,10.7903179997471
0.0673420927487314,16.3566582370735
0.451094680698588,5.69141859245401
0.156948365969583,9.01250570835987
0.780377056216821,5.67991668702085
0.131662027677521,15.9603552558362
0.903273142874241,10.8258487874822
0.748314942698926,8.88281961720426
0.326709095388651,10.3091006209918
0.129639310063794,8.4278133478886
0.347411625552922,7.78415414997074
0.164475341560319,11.2611395131075
0.149090463994071,13.5401587889371
0.663252834230661,9.30005722175046
0.30833981744945,15.1553240163846
0.570310696261004,11.3898097042099
0.739938124315813,5.89249896687533
0.55848064692691,8.24222176350837
0.008093775017187,16.2662310608647
0.934509376063943,7.0931786919152
0.201419378630817,13.7212619096902
0.399747649207711,9.60545455251023
0.943546734983101,5.63913890646465
0.672506298869848,4.89029042454957
0.828506727935746,7.22379018416319
0.715157827595249,3.96277424097141
0.743614280829206,11.4780860345661
0.93038216792047,10.8391261168776
0.38324761390686,7.74489948857065
0.251741823740304,14.8243733290392
0.171025912743062,11.1680516213367
0.341326317051426,9.20009939162019
0.581894523464143,6.17724168229328
0.0170069362502545,9.76238017554003
0.207091202959418,10.2136882679897
0.752515558619052,4.28770444110692
0.978085906477645,9.66546378360327
0.906033611157909,11.2390208974981
0.780454267282039,6.60468864074172
0.560334514360875,5.85372669726882
0.0045843489933759,12.6347266031776
0.12705658422783,12.2748575793875
0.358002329012379,12.2961828056305
0.301447006175295,10.5716122581531
0.776765652000904,7.78782392713931
0.0781272931490093,15.7653620682635
0.190811040112749,10.81719582497
0.736331217456609,4.30348229688947
0.129665413638577,10.0575055826311
0.45975214173086,7.71245722593799
0.884808174800128,6.24022871843014
0.13364128023386,15.7164286411034
0.9161229908932,8.76361091562519
0.333418501773849,14.4991583438856
0.375247535994276,14.3533529313713
0.949382562423125,10.599801121933
0.128752701915801,8.29343878677849
0.0806137879844755,13.1855007693594
0.191663680365309,10.603145562548
0.0448699677363038,16.7315467050696
0.524015147704631,13.2537160335656
0.499472508206964,12.3408623335558
0.952968714525923,4.55862701954672
0.80501349340193,7.66012075223147
0.631690713809803,8.10279673245736
0.408458319725469,6.34408970095128
0.741926879854873,8.74448915061149
0.943539006635547,5.05331264408454
0.236745075322688,7.10692932496597
0.55938110081479,7.19297873458729
0.487292814999819,10.5910648140857
0.814306867076084,7.37862446416039
0.932659346144646,8.89535909715037
0.488261827966198,11.3415296732833
0.824781191768125,11.6166715905091
0.834463603328913,10.3791188589666
0.877834934974089,9.99333793966823
0.559904447989538,10.454613572748
0.0263573960401118,14.1074482793154
0.823553905589506,8.31413430022852
0.46529713855125,9.37245583198403
0.616027976386249,6.73921804683407
0.838298895396292,9.87168939898627
0.0531461020000279,11.2611334880865
0.0820335680618882,11.8752991960945
0.736161073902622,11.5103776550268
0.414922035997733,8.31042918997921
0.512089063413441,8.32164172080403
0.0954154548235238,13.4317373590155
0.774943986209109,4.93442036556128
0.587184020783752,11.1155776684652
0.0509110616985708,15.2186650403531
0.364703881321475,12.7671502184483
0.197524691931903,14.9076436971718
0.98802024521865,10.3967884129269
0.622987851500511,9.3068591162756
0.638575905235484,12.9127101548572
0.891236021881923,11.6709809802771
0.496829194715247,11.5146941234808
0.712081678211689,9.89171317978016
0.375665303785354,8.17724806355929
0.285265696467832,11.4179099017584
0.389741788385436,14.600310960711
0.631387612782419,10.7032535878049
0.382209539879113,8.90532839051776
0.582976479548961,9.56400539458002
0.326456919312477,13.3069926920392
0.878466361667961,7.39466341695281
0.681898268405348,5.24222757478839
0.938783676130697,3.88547019646449
0.74716617888771,9.31691380449353
0.285692756762728,12.0346142782952
0.0837198479566723,10.3001313692465
0.191824617097154,12.7017627785633
0.953161622630432,7.23579880394865
0.197320258012041,9.95449827790124
0.991337075131014,5.48075679735287
0.199071068083867,8.25174152810688
0.027693051379174,12.6615895783587
0.711751987226307,12.8795464677526
0.525310275843367,11.2029501885005
0.373011267278343,15.0715667482879
0.510656551225111,12.2341070568032
0.416133380029351,7.51216399984645
0.552063206676394,7.82987356992632
0.344893417088315,13.6170018079302
0.819866055855528,9.14190610553475
0.112835200503469,14.3247367146299
0.937472144374624,11.0463710869287
0.197807690361515,14.2819177558585
0.145044643199071,11.1527946931011
0.112064681015909,11.2828254292709
0.804951400961727,4.42177917719253
0.234632393578067,11.1672888349935
0.230896158143878,11.0852919589761
0.112631608732045,14.8491179758486
0.65306070772931,11.7628305293684
0.691927250241861,12.1140047581188
0.482497178018093,6.58106273188122
0.697286916896701,7.26422745161192
0.912484530825168,5.22609202300211
0.922183938790113,10.2149490702756
0.389604905620217,9.40057719717232
0.477418818045408,8.17127943649482
0.36102139740251,15.1133188611086
0.889925096416846,10.6556802624635
0.422584880841896,9.98979550036594
0.393716972554103,8.0798276869668
0.684074165998027,6.86677265615061
0.369236022001132,10.2500763109569
0.489631196949631,12.7612847021992
0.207489746389911,9.3629000946714
0.119358782889321,11.2081469483359
0.942341724410653,8.2851884407285
0.301219962304458,12.4599491769251
0.58841250743717,10.8096716867666
0.86523478361778,10.3748808334111
0.845638762693852,11.6291322151216
0.262954214354977,14.3013483381977
0.969965342897922,8.01377019703853
0.464986866107211,10.4273688338223
0.651856957003474,6.56180337283787
0.144784403964877,10.6807825479603
0.228581475326791,9.80037543339635
0.188247839221731,10.6577642459723
0.504267586627975,8.83189789439208
0.639665306778625,7.75308630954095
0.0501913293264806,15.8823787331565
0.778961558826268,8.26462612531403
0.261664658086374,11.4139658930122
0.425693419063464,11.4636286439084
0.139810635009781,14.089500481096
0.0394337750039995,18.0504441404767
0.454576494405046,13.7235994451146
0.990502714645118,4.52257093029078
0.42838968615979,12.1164155953775
0.658000705530867,9.27457981693693
0.647997517604381,6.15035340134132
0.653381172800437,7.45852986867128
0.650861191330478,12.6564178655831
0.983159018214792,6.78359004574929
0.512885385891423,11.3456752933524
0.955203145975247,9.49918014501812
0.832010764861479,8.68364377212904
0.302244395250455,10.2078851206
0.206892601912841,9.97887891931429
0.636071475921199,7.04573099711979
0.163855989463627,10.732888754297
0.798071838915348,4.90712493477421
0.814384542638436,5.2783512606685
0.0879416058305651,10.382932970827
0.497309711994603,11.1044999807224
0.818041486665606,10.6928804020973
0.663853465812281,13.2361745291721
0.553534007864073,11.4366967877508
0.0783619410358369,8.19716032388026
0.605901794275269,9.69609648753091
0.909716845257208,6.78499958929089
0.525402244413272,6.71234853078104
0.899929013568908,7.98930108669912
0.491683864966035,10.3937657970946
0.789809659821913,10.2875965667728
0.291953979525715,13.9202517279885
0.0950339322444052,9.55287089669731
0.889199455734342,11.9616631824307
0.462410357082263,8.33966122454442
0.560220918152481,13.459737632683
0.619688546750695,10.5089104674412
0.309642544016242,12.6165887325474
0.780475080478936,9.92549716101236
0.377463106298819,15.1076950152526
0.963439153973013,1.09014370361889
0.541268965927884,9.75905243685881
0.918388124322519,5.08832635499249
0.0768648802768439,10.8790207957984
0.790577309206128,12.590193994342
0.558267069514841,8.30098879749168
0.210579494480044,8.64043028537222
0.000604536384344101,12.1856813720639
0.918872741283849,5.67825213430029
0.804334318032488,9.24443630585944
0.210932371439412,10.086820418471
0.0497050143312663,9.5818690322653
0.827028598170727,12.2191503444604
0.46416809479706,11.9827878997745
0.7183176970575,4.3567230253149
0.457718313904479,8.13171120761956
0.464861759915948,11.86287924036
0.689475038554519,8.00904105840016
0.293642071308568,8.38077830306298
0.340108674019575,8.72382570205044
0.175016913795844,14.5569264896874
0.744482618989423,11.6810496018236
0.844488169997931,8.8006836577798
0.980615854728967,10.1471602077105
0.105516888666898,10.4512733015455
0.222276800312102,12.6026548517133
0.108848884003237,8.42801908813969
0.111628630431369,10.1549952229409
0.369347868021578,11.3917296119997
0.123531611636281,8.25488793132521
0.945005208952352,7.65871486708565
0.0153341325931251,11.6567349850743
0.439557905541733,7.5326588751738
0.0833483668975532,11.2443001861402
0.28712824662216,9.28966212758013
0.65221146075055,5.74620616771254
0.712424180470407,9.12211563159283
0.187714186264202,9.39532817293697
0.26014362135902,9.09917774608599
0.377630763221532,6.81119833630617
0.401749031385407,8.94053499081103
0.801698002498597,12.5013915105328
0.997961435001343,4.69291725054605
0.352873867610469,10.2859988066059
0.61371447565034,9.62012191123555
0.316035168245435,13.5176643718067
0.666221664519981,12.7987074142662
0.276207399787381,15.2403204063935
0.612505391472951,11.6100282854586
0.577360302442685,6.10930376094493
0.0860326692927629,14.8915728312726
0.560746417380869,6.4984839512457
0.518171278759837,6.89390848637015
0.681363712530583,8.2896274685889
0.480624976567924,9.72513219278854
0.285857390845194,11.2171381853406
0.6130360821262,5.09323387972306
0.295025978703052,7.9362050868509
0.550999318249524,10.3663855731356
0.333091145381331,10.1517175059845
0.235754631925374,15.2034210724362
0.0933497685473412,8.34092321816237
0.448736515594646,12.8979927552481
0.728422747459263,7.72509997376018
0.313857233384624,11.2002922998806
0.432848411146551,9.64711019005927
0.452847782988101,14.7385108033997
0.866842055460438,10.1853233270233
0.768097046297044,8.97359387960554
0.473668310325593,13.7119495956231
0.72269576578401,11.3892152356295
0.208611856913194,14.2059175625389
0.0545524943154305,8.42516231670736
0.323208916932344,9.47741688576586
0.4207658842206,12.9180110330211
0.528167920187116,12.1827709922002
0.168132443446666,7.90233354687813
0.971882043406367,0.713079595040341
0.445074630202726,6.78094419156847
0.585157249355689,11.7011654207933
0.0853253570385277,9.92199929197487
0.966438808711246,1.04822716597194
0.0602334488648921,8.59149581590905
0.620956538477913,11.5472749072653
0.248924721730873,10.2158223945058
0.110203748103231,16.122636982923
0.827071178238839,6.86456636073004
0.167005688417703,8.81536236316968
0.104395971167833,9.75231499783865
0.697657320415601,7.51587857318333
0.354443493764848,12.3302138254589
0.437270870199427,13.2761493299443
0.892929309979081,3.75428340660557
0.285024223383516,9.9408025631638
0.940368780400604,3.80099017299758
0.440119309350848,13.7338274092198
0.675481308018789,10.957058923214
0.0252323653548956,10.5972022121314
0.203750368440524,10.2663728846556
0.864899473497644,8.2566245575465
0.206504226895049,7.95496128247945
0.846588417422026,10.0476712800044
0.520169066963717,8.55315146936846
0.721448482014239,10.0018117023872
0.488092882325873,14.2160107367589
0.525070309871808,6.93617394809698
0.0026906062848866,12.3671713003125
0.850266167195514,3.9933377046784
0.0660525511484593,9.5918857536519
0.685172551078722,12.1109333481263
0.771122610429302,8.69429889712056
0.076554317958653,10.2665336001737
0.971797251608223,9.46494221276048
0.563543777214363,14.1064998106773
0.546530234860256,10.9988181142564
0.871817232109606,7.48036168363332
0.19904430070892,11.6584119459208
0.900596333434805,2.63787936012118
0.220416128402576,13.015271108672
0.484089214354753,11.0264814998785
0.143146080430597,12.0801682986177
0.688624907052144,7.37146483296824
0.180132584413514,11.6942566138821
0.00848904787562788,18.3536061150394
0.643102207686752,5.85390860229666
0.803860688349232,4.35234214307247
0.355196300661191,7.60372249570623
0.29407052276656,11.8818929154461
0.504958152538165,11.0217280586601
0.98756709555164,8.53946359745532
0.482936732936651,11.2792176349364
0.871243002591655,11.4142263941983
0.945683957310393,6.92584992539495
0.879224407253787,6.01703014682699
0.853284560609609,5.50953210229781
0.42840844206512,13.6802402645644
0.68186998507008,9.07022725028702
0.398025702685118,9.51386082335454
0.284795361338183,14.7444514245901
0.897566804895177,10.9486564177566
0.849117741920054,5.95023858281426
0.9474200415425,5.23497836536328
0.165232721716166,10.5287364684729
0.824795011198148,8.47396603069362
0.412032602820545,13.1933786415929
0.0053404332138598,8.513990471366
0.674866011831909,6.47072440114602
0.885723964078352,10.7000452290913
0.661059923004359,9.18051382901413
0.873896339675412,12.2211233051261
0.485721075208858,5.63772500077592
0.688605011207983,11.2080587609561
0.895835771225393,10.596305300125
0.121636198833585,10.1807003107184
0.0817539833951741,9.23478445930871
0.100259211845696,12.0507899810988
0.690305790631101,10.9482673689764
0.513181949267164,7.60548363251986
0.971084283431992,1.50723279382607
0.175076636951417,14.3193837667763
0.977535816840827,6.40656112133586
0.230285675032064,9.87604636909038
0.924909834517166,11.3527329283385
0.0477390529122204,8.67373265013573
0.924034707248211,11.2337129210251
0.656515044160187,10.9650441085637
0.834754300769418,4.78291612240811
0.549383869627491,10.3576671421052
0.767542614135891,7.51062517847345
0.599284844473004,8.95776450329482
0.624983717687428,10.5372519280912
0.488127901917323,7.86200279037222
0.705448860535398,9.16492312383863
0.0893040078226477,11.2719181202085
0.5362225365825,6.58367350468288
0.0196431707590818,13.3398303303648
0.501332231331617,8.08942026653884
0.48579342267476,12.7651235029065
0.797617295291275,4.79675395189264
0.57126766606234,10.0956885518673
0.964854934252799,4.20786200539541
0.908860652241856,11.090432016112
0.70818281522952,12.2166979250008
0.209049065364525,12.0231374610955
0.296644098591059,13.184511478345
0.232505678432062,15.7257096801309
0.283218645723537,14.7523194648023
0.2479020699393,15.1326166402015
0.90351498965174,2.74459654311604
0.395413186168298,14.3717824658652
0.709508814616129,7.65290549568008
0.816768041346222,5.54855475657051
0.733049421338364,10.6095089394977
0.327582010999322,10.09423962123
0.113890821347013,14.0177487367208
0.431920509552583,10.3512012595594
0.747795213246718,7.92698306042637
0.629722963785753,5.65465867827741
0.194015585584566,11.9246934338472
0.0275324725080281,11.0540683408485
0.401807095156983,13.8230635383582
0.817271654959768,5.00708412894992
0.309747977182269,10.767764786917
0.830528317019343,2.89055247348039
0.331509138690308,11.4533614835093
0.848543201107532,4.57073133324357
0.540621303487569,11.5471626977382
0.375487648416311,13.3559972348333
0.935923798475415,11.0923387173533
0.508542406605557,11.8909273526636
0.342275721020997,8.02906067830381
0.137197863543406,12.9672690622808
0.31855616858229,13.6537897662117
0.215730845462531,10.4684417987715
0.86970642930828,5.96641907569364
0.61453781160526,5.40926699867684
0.0399491318967193,10.5403925238484
0.859855370596051,9.71243023860315
0.35072242631577,7.53546774914123
0.793242051731795,8.33832045408393
0.296116916229948,13.7718399270275
0.261634886497632,13.1431213515159
0.148594447877258,10.4879193842429
0.569792532827705,13.2387308508389
0.0431213602423668,15.8248095062264
0.785779623314738,8.45443428943659
0.987025814596564,10.519580056998
0.625444386154413,10.2679189211301
0.416758364997804,11.1801433183886
0.918060060590506,10.3467924239556
0.0332083257380873,15.8332663067845
0.814315638970584,5.20831461443709
0.928025437518954,7.19181654475384
0.25684232567437,9.86912197196784
0.361674116924405,10.7604130215402
0.749875123379752,8.30970132536548
0.00197603483684361,10.3864861290572
0.572053681127727,5.73733920180087
0.441338495351374,11.4805879587095
0.117058234056458,17.0969308232684
0.824228016892448,8.65024963559276
0.814533469034359,12.2423943082382
0.414076908491552,10.6923077590346
0.507595160510391,6.27856467201664
0.584488754626364,7.01767381318124
0.589834269834682,8.20377134714881
0.655113403685391,4.77211617927394
0.297800609609112,7.01540888722537
0.124860391952097,9.26884028931622
0.89046897017397,8.95039034180163
0.407369748922065,11.8264210894912
0.63215045700781,10.6982246908479
0.18300110171549,8.73777389041687
0.109424807596952,8.71422305753453
0.568089725216851,5.96618813494764
0.773962587118149,5.2429398500203
0.753985495073721,3.93029449099764
0.70772757823579,6.88785668103633
0.296209312975407,7.57137347818291
0.00181533279828727,8.76865298703424
0.657832234632224,6.3599401828557
0.926736945752054,2.82211641071801
0.44106117868796,6.69745670397673
0.661915212869644,10.2068186429067
0.285244596889243,10.9750808664274
0.418077920330688,13.046463640502
0.236228391993791,8.35288207283909
0.929292236221954,6.93407108181781
0.420747482450679,13.7000962589471
0.0664917817339301,14.4889833901919
0.760358127299696,8.51690956084496
0.525059072067961,9.16743595336814
0.348288597771898,15.3283522387148
0.935038714436814,0.851110574630205
0.369419632013887,13.1912457217792
0.0840815275441855,8.04885284584703
0.509927714476362,13.7986630748295
0.285695367958397,14.2392071568713
0.437541385181248,8.21628321067119
0.830655302386731,6.64869923821514
0.243476387811825,10.0119207735011
0.177446358138695,9.37584311495725
0.246818145969883,8.89683131132898
0.734672446269542,5.2284742991879
0.625014791730791,10.6726797692199
0.457540903706104,11.9109721856497
0.161105404375121,12.5211115330477
0.678108328720555,11.6460162077814
0.362407171633095,9.3740262577685
0.549766769167036,10.3639439212179
0.674839332932606,9.71765832556377
0.977421046234667,10.9782178716575
0.375871927943081,14.9688633020041
0.137869730126113,13.2651003421903
0.0904560307972133,12.6139930249829
0.919500320218503,9.47896392990381
0.81274078739807,11.8044589422859
0.561090986942872,7.79785827398311
0.365444977069274,13.8155795865774
0.206642476143315,11.0496483298119
0.203661297913641,9.0732746765507
0.0130001781508327,13.9228671330949
0.758170604705811,9.7010968199101
0.00989567465148866,10.044138010981
0.21254832833074,16.1124805899459
0.0575878182426095,10.0002943453377
0.392840983113274,9.67919954282907
0.135819683782756,10.3712972428179
0.751781612168998,11.7214262792873
0.364614420104772,7.65136827628244
0.676856577629223,13.1254004619692
0.804439725587144,5.22310258379509
0.416750408476219,6.94536517639279
0.331016096053645,15.361842450579
0.484366994118318,10.3541865452251
0.972055502701551,11.3911571858058
0.0566775384359062,10.9968751718411
0.229874938726425,9.39036013728733
0.508130039088428,8.1795829495263
0.0883700251579285,12.10649474342
0.808384131640196,10.1248997837541
0.697285263100639,6.82453439058635
0.382814303971827,12.6542965764528
0.402082167798653,11.852310194294
0.759490916505456,9.23963510924677
0.687669933540747,10.5414220380424
0.587337218225002,12.8226861276661
0.770627657184377,12.7962956596175
0.17943162843585,7.82907919953179
0.5534790342208,9.65499275671256
0.0477183596231043,13.09007655911
0.470045321621001,6.99780729876119
0.826748693594709,3.85010314029644
0.885498167015612,4.97607248890311
0.162349794059992,13.4287316757209
0.474081893218681,6.59561445803029
0.402198112336919,8.45472145271382
0.891551690874621,8.58285711453502
0.546482880366966,11.4038048461345
0.415061353705823,13.6353420925031
0.305653203744441,9.40174647407862
0.13401174522005,14.4959155851208
0.236754719633609,12.3369968999883
0.346888692583889,9.36656237484229
0.987569732125849,9.21684614549836
0.757099848473445,11.8792273880161
0.63423067284748,7.91641124241
0.52876143087633,7.49803566102037
0.965537911746651,5.08888971182659
0.0768332332372665,13.7324280573574
0.396018036874011,9.77426788252447
0.0968270020093769,13.0485707118975
0.307577694533393,14.6362944555235
0.65855846228078,13.5124696165596
0.625777804059908,7.98960788485931
0.236736622871831,14.2042561385311
0.00805954029783607,12.9960843561348
0.00283514568582177,14.7853987477457
0.111812900286168,9.60966318067122
0.392646230291575,14.7983786613037
0.47109905956313,5.89389217447527
0.914918951457366,8.95264545830919
0.825069063575938,3.30634128421903
0.488942246418446,8.90685143361447
0.507461556931958,9.95139470540092
0.35911064199172,13.8294746496081
0.939691594801843,8.80836258090268
0.213915449567139,14.2772761359439
0.264724369393662,13.4846821188721
0.191726991906762,8.48211750725634
0.0593413806054741,10.5041266126665
0.789155879523605,8.92099384186861
0.579877690412104,8.82101004651973
0.455278208944947,9.05245857167913
0.609852178720757,6.01341618543836
0.959017966175452,11.6990780122849
0.59296581055969,13.3750083452293
0.722719317767769,11.248990071668
0.0287698449101299,10.9312416784925
0.796392017044127,6.63807371660768
0.341728323372081,10.1150581229423
0.761335724033415,11.544009331029
0.962065696716309,1.46406751376122
0.805465348763391,6.14510591552021
0.251621877076104,7.16494798489829
0.362519260961562,9.35928847906351
0.0284251519478858,14.3706528989504
0.412122898735106,8.18920742050088
0.95680490648374,5.03509121829417
0.0868893193546683,13.1262794255606
0.66233006445691,12.3171558489569
0.621312727453187,11.7827745058944
0.112966287648305,10.1769876483132
0.339703371515498,9.7128476365233
0.339780275477096,12.5758033937719
0.75022284197621,11.0553998626312
0.29023297666572,7.15523656304155
0.632881765719503,8.81565503759141
0.511079261545092,5.91625764405963
0.738674805965275,8.77247740253616
0.108302951790392,13.6076377397723
0.359619891270995,8.4490393616648
0.658955208957195,9.95659063207447
0.850789468968287,9.66077765251315
0.375672147143632,11.4378958011961
0.227631916059181,9.52381362047556
0.597489280859008,9.88044434322635
0.0228623303119093,15.2686406453202
0.745900986483321,7.76329257196955
0.913822417147458,5.9614962165221
0.609955979511142,6.2313634905307
0.593200593953952,8.13579919192219
0.88767352886498,10.0597898246588
0.273981794947758,7.39532267075507
0.463655439671129,13.5748331348362
0.212283683242276,10.8296473041066
0.0216384690720588,8.60219900156762
0.894776052329689,10.0498417057713
0.150257839821279,13.600422293012
0.727354040369391,10.5939835796883
0.957740433746949,11.071659893507
0.330383164808154,12.7129367664226
0.300509383203462,7.78332835817125
0.447359323967248,12.9953219235419
0.437858514022082,14.3043738096589
0.666936045279726,7.28615091379094
0.610079377191141,7.79568654934178
0.0855004049371928,10.2406151068225
0.715852689463645,4.01625213807468
0.910868095001206,1.76361293489432
0.0271009898278862,14.986530969736
0.129164810525253,13.3496893192946
0.130217642523348,17.023685955628
0.0991441898513585,13.4770358531216
0.601995686534792,8.22385717069306
0.409549047937617,12.1246700898644
0.206676564179361,9.91889803171564
0.316438279347494,10.8132643589194
0.257587506435812,15.3213798996024
0.0503583375830203,15.0603704004961
0.425425454974174,14.8423952757165
0.746767970034853,7.122412617811
0.489082926185802,13.2923166873815
0.416513268137351,6.73399793254558
0.337546545080841,10.3703891725121
0.282479811226949,10.2902584836002
0.87701242393814,10.9724326595205
0.714633279712871,9.41598785196702
0.0624326630495489,11.9004507057339
0.673072072677314,11.7072298093604
0.998078100616112,6.27551723521911
0.54026840813458,12.6303969282105
0.704164356226102,10.2225185056409
0.236990165663883,14.6354279632837
0.602374962763861,10.520239304321
0.847248563542962,7.64606500243934
0.230593290412799,12.9043933533774
0.597836231347173,7.24088672845467
0.00585351954214275,9.55654697062748
0.424454545369372,7.9921893866146
0.646812186576426,6.65707331467238
0.732149300863966,6.50308650561354
0.239316312829033,12.3004412623845
0.750270198797807,12.5826894280437
0.660509543959051,7.08051624816312
0.273961174301803,10.4889358545844
0.224907094379887,7.45936769712952
0.993314065504819,3.01612508522035
0.533144423738122,13.2434228880777
0.395110673969612,8.10354601393135
0.621790142729878,6.94454190644864
0.239642446162179,7.65130614365521
0.680363782448694,7.45351097075794
0.330833893967792,13.3716477082537
0.370057315099984,10.1539965584935
0.736808299319819,12.4240357759336
0.625386358005926,11.3145684389069
0.518107048701495,10.1739704628983
0.398177277762443,9.31537993331501
0.956338400952518,11.6478360427124
0.636887526139617,9.8246554856781
0.185583312995732,15.0777714562069
0.291389737511054,13.9652978144588
0.42549493489787,9.50981849685936
0.930116655537859,9.06847354581402
0.951426652260125,10.3757860705275
0.425470971036702,10.3238637492266
0.7310547423549,9.96644099119536
0.963267726125196,2.85502979579963
0.788642563857138,5.51247326045963
0.471374197863042,7.94054065811204
0.305553124053404,7.72007925415927
0.810323471203446,11.3961535717468
0.39521450502798,9.98308884364877
0.368458688026294,10.8637507614566
0.410039355047047,15.0959030193395
0.106128091923892,10.0165538310698
0.715005668345839,10.548637844677
0.6502732175868,5.64598774157457
0.0193071938119829,15.1609331948178
0.444696010090411,7.28673889000802
0.216853090794757,12.7017347014104
0.347574738087133,12.5638807895389
0.563702719518915,8.81717100745438
0.828812934923917,11.0883235652966
0.831375199370086,5.44803600150571
0.176277673337609,16.6766986472965
0.897329793311656,5.76617950941418
0.696171708405018,12.2748369144965
0.248803640948609,15.5889894428103
0.905594042968005,8.07121673203924
0.796537788817659,8.72940613871345
0.266464435029775,12.8980914639429
0.194052069447935,8.57334302084335
0.33812766126357,7.56551911351643
0.510663443012163,7.06826474137596
0.00322501314803958,10.4099386927175
0.183200735365972,8.93911047466018
0.0405585914850235,12.7411023094519
0.24105546111241,12.6930605780269
0.722407372901216,10.7425376326551
0.819869007449597,6.52524271398077
0.7818301867228,3.83372901467066
0.829119608271867,3.11443625799408
0.20045733707957,12.2495707032604
0.298200490185991,8.94013457316744
0.462596960598603,10.4967735021567
0.932097606826574,6.28802531572172
0.153860743623227,10.4979653424618
0.730920847970992,8.42674920772091
0.663507285993546,10.662374646088
0.337728253565729,10.3193275570223
0.912819548742846,10.297428742172
0.0215354505926371,14.5547027084478
0.789571203989908,6.0996085071501
0.0968216685578227,16.7984543315347
0.144769192207605,8.38265912710668
0.622538337949663,6.01570458538714
0.0257712220773101,9.43449203839966
0.579301236197352,4.98709284739062
0.633191004395485,13.3936459002434
0.506825167220086,5.74071766058549
0.887501722900197,8.37714379494369
0.362522297771648,12.0415135921713
0.484686731128022,8.83259343285179
0.873627701541409,9.25922907327727
0.751196223078296,8.14569460569112
0.713419948704541,9.22183938136174
0.398936449084431,6.56107753294204
0.577727967640385,12.1394195245867
0.954052408458665,11.0591974928271
0.488327994709834,10.5208489876177
0.474480580305681,11.5287539138335
0.115713539300486,9.90212294607122
0.0655823147390038,8.48906269250643
0.335726507240906,10.4016923016594
0.306698380969465,6.65877977127071
0.495528771076351,5.24495922584429
0.335290187969804,13.1596514164493
0.281417281134054,7.72641332948091
0.386858807178214,8.77996241559435
0.830909131094813,10.2201544938545
0.822263916023076,4.4981634514465
0.120974249672145,11.2985563861376
0.0531736295670271,13.6369257624258
0.203151827910915,8.47351370170275
0.23027493711561,7.54823434745352
0.273121188627556,12.2482579434721
0.202679129550233,10.4562055056194
0.363649273756891,9.24105733799406
0.363429817836732,14.0769073924929
0.917410030262545,8.29773183453714
0.531206390121952,5.89254156409325
0.741018946282566,9.93788127567173
0.146061376668513,9.6603473302904
0.288737525697798,11.2279399005748
0.882922228425741,7.94946855651609
0.0735227311961353,9.55075551620684
0.58440525084734,11.5881518136921
0.956872046226636,3.16537017518363
0.88615615805611,3.28252062014804
0.836622596951202,12.1908869032909
0.723610370187089,9.23025894474322
0.192370908334851,16.1913214956684
0.115875103976578,12.4763226255387
0.615222832420841,11.1194644664228
0.266030278988183,8.48813322510308
0.535768901929259,11.5872708136482
0.911604254040867,8.36794318640238
0.799219269771129,11.9741281899601
0.0567227704450488,9.14680009004375
0.357586219906807,7.44747815799202
0.225787007017061,8.3117118892246
0.557179273106158,13.6259035605506
0.15409791469574,9.17040481034738
0.587293370859697,10.075708799539
0.00194958434440196,9.73027968810731
0.0255694217048585,13.6122987454715
0.265685005113482,15.4687043973963
0.906642245594412,7.68856454867315
0.274844346335158,7.91086678764404
0.257321697659791,7.80644555966592
0.705071856733412,10.8478863712932
0.477169699035585,5.44550270821826
0.378241946455091,13.8409398935057
0.693416482070461,10.7094096986562
0.744286451255903,7.81301837962624
0.892068162327632,6.48087295336043
0.0892223345581442,11.3471619024853
0.173610216472298,11.5207119676189
0.506976692937315,9.36842100957748
0.218790976796299,13.0172988618962
0.0421762012410909,15.285520871033
0.808713904814795,6.32060260338577
0.612569621298462,10.4679545704508
0.994858617894351,9.97940397721171
0.856207608478144,4.15859334640378
0.495061335619539,9.12110409090639
0.85222106333822,8.3074016136569
0.362597797298804,13.8406217243506
0.0739973101299256,12.3997486745131
0.502543029608205,12.5433792519259
0.835172462742776,4.95405675816093
0.2048454657197,11.9687103728316
0.310854286886752,9.79438573556178
0.235536877298728,9.0197228823067
0.122292769607157,12.758638798361
0.680238547502086,7.25927750451699
0.0741636988241225,17.8988059085637
0.477799128741026,9.15385919535386
0.837534316815436,10.7261116407962
0.774866805179045,5.57952758942958
0.674333444796503,7.16900851147297
0.534469154896215,10.6508135893135
0.00280643533915281,11.3585324463037
0.849746324121952,11.1286590559416
0.292163772508502,9.21767910238963
0.952210106188431,8.07058055222504
0.869409904582426,10.2205738889446
0.840235426090658,6.58142715921642
0.0180310243740678,9.8849411613963
0.710064782993868,12.2680087967875
0.868411050178111,4.30481282793608
0.166695348219946,9.17560783793633
0.428818592568859,10.3713188161067
0.333898946875706,9.77414187624717
0.104202903574333,12.6432794296912
0.603266343474388,12.153677634423
0.934678190154955,11.8323663543434
0.684946499066427,3.97974231416119
0.399535786826164,6.59831848702942
0.534959868527949,7.02353335925338
0.902420775732026,7.80229140786295
0.788452473701909,9.78639943730382
0.998532306170091,10.420781800301
0.348020555451512,12.9628730403621
0.0230478087905794,11.8391995667383
0.533331617712975,8.6824853881578
0.14933724491857,14.1932128684198
0.024599589407444,14.4266410911319
0.167645523091778,9.58204205556896
0.282798333559185,14.1467313229179
0.11227428400889,13.6507906355352
0.416534749325365,13.5508195125124
0.752876196522266,6.00959721950699
0.0853603254072368,8.07810543355114
0.600707961944863,8.92760980793446
0.41400516172871,5.83970009976106
0.73239294718951,9.09022803486143
0.587992367101833,10.5811739927442
0.904197954107076,10.5114560443892
0.976014215731993,9.35825382949491
0.938806309830397,11.2249041650344
0.721137286862358,8.38994590602984
0.00382220675237477,15.1694989647255
0.0978827818762511,12.1223209792448
0.472444918006659,11.3084641737487
0.794459579279646,9.86906057798781
0.846279103076085,9.55291252707811
0.773021270986646,7.37839481974355
0.976987551664934,7.638241875108
0.261150152422488,10.9364255153916
0.587030076421797,8.320727221167
0.223260106751695,10.8711514301195
0.295794478384778,10.2623771524186
0.540860363282263,9.03624859284216
0.883763124933466,3.43851514723513
0.173828031867743,10.4872864200707
0.28771379427053,10.7346443487116
0.975209769792855,7.26150864795531
0.986171704018489,11.7856371596532
Rho_s: -0.477199112299778
Rho_p: -0.5107114514357
IC Time: 0.00999999999999801
