Rho:0
N:1000
0.870058757020161,8.18151552014717
0.629236038774252,4.08854704502703
0.522475109202787,9.77340260689021
0.361125228693709,12.963846036461
0.808346413774416,10.3014507639923
0.342772476375103,9.06221644429642
0.049427404301241,9.14877145549647
0.909718584036455,5.27468951980302
0.553235318278894,14.5123198064195
0.407167285680771,8.69301181576711
0.862085159402341,9.48912607262304
0.159878581529483,8.77710336800791
0.918464549817145,11.3912179519964
0.842210105154663,9.26115725854409
0.963103855028749,8.96846624120992
0.859992903890088,9.78038464196362
0.784909951733425,7.57699851597661
0.972585759591311,7.25531138484052
0.39509121957235,8.73739449391109
0.913838810985908,11.276188960432
0.484889815794304,10.2529067714222
0.232703557005152,5.24325009494428
0.908872762229294,8.5532554242277
0.919749914901331,10.793653887111
0.822899407474324,9.97739943941649
0.470314682461321,10.6236042140594
0.631231174105778,8.46628735426836
0.701362747233361,11.829613981986
0.931054063374177,5.14523785744216
0.468647256726399,13.1562560438421
0.357666058465838,5.02008127039183
0.94825166859664,12.1804832024237
0.348263691877946,5.27677146504232
0.4541810892988,14.5557858294491
0.643628389108926,6.25544122808179
0.552951025543734,7.83710441605437
0.0881717619486153,9.04301088205899
0.645365476841107,11.3306497017092
0.447830435354263,6.4048773648097
0.321169954026118,5.79265303327102
0.457200912525877,6.32511723088904
0.799158337758854,10.7371367246428
0.325695706764236,7.47287435683476
0.508426308864728,4.66530469642095
0.999264434445649,14.2424450695318
0.40497242147103,12.0826882208979
0.226140581537038,12.9768316821488
0.649218534817919,11.8784309234823
0.536841130116954,11.0662485272625
0.919173637637869,9.47564339057807
0.159863292006776,18.2524700665866
0.649279522243887,9.78977112774472
0.640098593430594,12.8763670951929
0.340708347735927,3.50555205967929
0.810203543398529,9.96338684089218
0.14480263623409,13.5535725712431
0.0273333175573498,12.1725374363261
0.282099806005135,10.8513173963009
0.718944261549041,11.0586469716998
0.900408170418814,6.39603667851306
0.426270669791847,5.84288779510611
0.404158432269469,10.2879741365586
0.64190037176013,13.2492212562167
0.0506912274286151,13.1973957455055
0.837520650820807,10.1428181633264
0.343853751430288,11.1294807127462
0.207814677152783,6.54429539182862
0.0363794781733304,13.7692307313973
0.839979822281748,5.87339345175354
0.998488972429186,1.81222432688977
0.775176204973832,10.0672844631657
0.708639658754691,9.79542704351226
0.301955572795123,5.90774412107716
0.84159364993684,6.45238314972633
0.539465250214562,9.10006079739906
0.891812359215692,16.1497924486268
0.944988994859159,7.62756735067175
0.50446663168259,12.3507768254627
0.142391643486917,9.66921709675019
0.299955343827605,9.75162363193299
0.701939007500187,11.2775936910768
0.90424776612781,10.2104678882468
0.653838967205957,13.6341118621044
0.875016103731468,9.23628782893105
0.444691984448582,9.8724178430885
0.203241606242955,8.32951379326628
0.658355311024934,9.86348937267409
0.843348563183099,9.77793336967566
0.861955114873126,12.9922271709632
0.805739492177963,6.53406996056525
0.481943506980315,8.53148268249744
0.529619305161759,13.3302447217529
0.105478805489838,12.4833471795681
0.286466949852183,12.7216160049262
0.0619268608279526,17.7752564369539
0.140982469078153,7.22040586146489
0.323878523427993,9.40314903095327
0.698467767331749,14.7543969901899
0.687988844234496,5.92012908252002
0.335233355173841,8.85684786524844
0.678356847958639,8.1392938728609
0.505476568825543,11.8954443626543
0.77183428616263,8.97350415539963
0.579152253456414,7.02254856305252
0.666788552422076,7.13380035104547
0.57416322408244,8.70534126004258
0.589481188217178,8.42223576855624
0.523665542248636,11.2096910601295
0.495775962946936,7.71946288596708
0.828255771426484,8.17199082893456
0.262631429592147,13.0170153251304
0.856906632892787,5.93369509222074
0.825728522147983,11.7969929910445
0.0514060943387449,9.45235646021496
0.505002739140764,12.8195806380528
0.658626683987677,9.50808902763891
0.0745231648907065,10.647640044277
0.983094203518704,12.7385375911379
0.855939038097858,13.0566946135545
0.715674875071272,11.20527993868
0.724658822640777,7.02293584511326
0.458576174685732,3.70323709023741
0.649380363291129,9.08801400021683
0.740066869882867,11.131610734114
0.267765719210729,4.23391057749361
0.405019202269614,4.75805174003585
0.73311431822367,5.10841460053163
0.350951765896752,10.9208637173605
0.0338421319611371,9.65792748639213
0.220512429950759,12.2728333780641
0.289605360943824,4.91371394552583
0.600187058094889,7.46483033386562
0.178833781043068,12.9311774332203
0.109076020307839,10.8358327511164
0.204449958866462,7.13411539819558
0.631832020822912,13.8539198172907
0.665917393285781,8.15204132840357
0.469157549552619,12.0928017300307
0.330030856421217,6.59011578044965
0.32188424677588,15.4439826623076
0.86496602348052,13.369349953
0.863932409789413,10.1950535563655
0.537439699284732,8.15973761897086
0.705543773015961,3.99296618107045
0.62109012529254,8.70767472815343
0.993371318094432,11.7957503082806
0.120208450127393,11.8548064071493
0.284596302546561,12.9475002086085
0.991546018281952,12.3650597788337
0.175371155375615,4.40300268693226
0.87160699442029,13.6350973497407
0.941074751550332,8.62590184558402
0.509493922581896,8.61859908776297
0.409473050851375,6.17825742965392
0.706342297839001,9.12474943797097
0.550929051125422,15.0993335748188
0.408533456968144,5.19850738023928
0.293169318931177,9.47967251869429
0.436132434057072,12.4503309194215
0.880790543742478,7.04722590479354
0.96542009874247,16.2788149676355
0.95754859270528,11.4928497264767
0.186276751337573,13.8626413467632
0.42721506068483,4.87459459881804
0.166334407869726,12.3093075846654
0.856242097215727,12.3150526009567
0.918116491753608,9.78768907509709
0.615398222347721,5.81336642552556
0.399808309040964,7.50118581651976
0.852534953737631,13.8931551279788
0.154080532724038,14.9339270170835
0.0106948313768953,10.5616264698998
0.664596638875082,6.69889153669732
0.836027533514425,9.51182971589854
0.802388627780601,10.7055171174731
0.704203253844753,10.5215762519813
0.519250127486885,17.3181689825086
0.875178024405614,9.80088011540886
0.268195704789832,10.3055760830677
0.760526625672355,8.90822860639321
0.648632953641936,8.59503832549999
0.201395506970584,9.76426083442956
0.691756955347955,8.29226005835339
0.963803660357371,10.4097028522986
0.621423033764586,10.6579545526801
0.336783875944093,11.7246240344811
0.894749350612983,5.68067083033819
0.352115657413378,11.2242150590395
0.0982606580946594,12.3019840897585
0.548298501642421,10.2276462506308
0.973662195727229,9.96770775382353
0.522752745542675,12.315630748263
0.306830948684365,6.75895683800145
0.694142766995355,15.184130312708
0.829441237030551,10.1417051042523
0.0608061582315713,8.38866230993103
0.0581612568348646,10.3972085915813
0.612043387955055,6.51695088041662
0.333507447503507,12.6877179048393
0.228492110967636,10.3437782524902
0.891475507523865,8.02643522848625
0.702054246561602,9.71098039089932
0.246367179090157,7.26476775380137
0.397246750770137,8.89480097727422
0.615424294956028,2.9645448179283
0.00264704204164445,13.3103356402303
0.475249189883471,13.2833200762085
0.727806376060471,6.29991723164287
0.194296637782827,12.9833918613056
0.101518815383315,10.7263202536891
0.455282553331926,13.5076911769233
0.697171364212409,10.0363133330678
0.522920615738258,10.6433595235486
0.120857883244753,16.5544658253191
0.523535356856883,8.53533293580869
0.989168109605089,7.94879667130036
0.747703536879271,13.5973174122114
0.0585167782846838,12.4054107590966
0.257066027261317,8.22208701092964
0.280841103056446,6.79240464277467
0.00255683972500265,10.1304209403211
0.544875503284857,9.9821408982027
0.41453041927889,15.9704570296049
0.160194840747863,11.1869996706038
0.869443159317598,7.68114303595013
0.584486639592797,9.59369835596334
0.730402226559818,11.2986396490214
0.975079802330583,8.03013465917137
0.492655253969133,7.80813634695661
0.398725094506517,15.9472383411131
0.66421016654931,13.193157238897
0.358393047237769,10.9924251505675
0.152256382396445,8.62508124776535
0.283295369008556,10.9201859611033
0.194244501646608,11.7773464882094
0.57639422127977,7.67812444247253
0.084241927601397,8.67841739573996
0.505237696925178,7.74709533464431
0.211262938566506,8.02705992136241
0.30040078680031,11.7653279801957
0.0182184823788702,0.202785582103266
0.864316918654367,9.40405976889983
0.019129958935082,9.88373121717227
0.0340267305728048,15.4753567352872
0.455840347800404,10.9464660711602
0.474647847702727,9.78412834315025
0.337237377418205,11.3785892533672
0.773793719010428,8.97897791572836
0.316242786124349,11.6472952738231
0.601583532057703,13.9376398936275
0.500832583988085,8.11031777510727
0.355103876907378,11.7763235170308
0.712265823967755,8.78194484540638
0.078354410128668,14.2334343398636
0.18840896198526,13.7882113236344
0.0719022457487881,16.8827428186117
0.5110869477503,17.2376377629785
0.514896783279255,16.5003396733094
0.311748115345836,6.86121564128273
0.0745200265664607,11.534835358679
0.919483293779194,15.6567325644341
0.190929177915677,12.4331965151766
0.532508333446458,15.2650827515589
0.870255993213505,10.4075781252216
0.906682081986219,14.2680405867658
0.0459448043256998,16.6926584530173
0.82426766352728,14.4644879480169
0.751536468742415,10.6696206047468
0.293684315867722,10.389412360434
0.283072816906497,10.2200537638868
0.642003271030262,12.2356980657649
0.966087936190888,9.87572851334744
0.209706092020497,13.7463836980577
0.77083677216433,12.4322145915345
0.372366523835808,9.68009441307992
0.215150304837152,6.3721707270585
0.84461089107208,8.24384738069441
0.927169636590406,12.2041281848028
0.363811745774001,14.3781123657883
0.369961473159492,13.9787097099481
0.731115548405796,6.83168640258442
0.601568480255082,9.1799113129538
0.892252400051802,19.9555651600004
0.122522777179256,9.37236091445834
0.864771151682362,10.5319019840681
0.185699992347509,14.3791749472584
0.300070957513526,3.73633547731673
0.392509649507701,9.61136547682465
0.96367677487433,5.75011459955347
0.810499395942315,13.8446016587593
0.197583681438118,11.1261866122363
0.893095262581483,12.3443623888862
0.373713120585307,12.1617874909465
0.224154179682955,8.91932549355882
0.861235728953034,8.30533225363005
0.272593273315579,9.03866122596773
0.962095117894933,10.7486190508474
0.925835782662034,9.87681726353327
0.265826176386327,13.2963090708207
0.426315484568477,14.0295393571399
0.0257534969132394,10.7936843923154
0.809322202811018,4.73874071216136
0.710896943695843,7.75452116497811
0.0471024008002132,10.8475352662946
0.53078717389144,7.48614687857007
0.231797987595201,12.9224291227111
0.756158002186567,12.2586166370472
0.234308533836156,12.1449784536155
0.0516041910741478,5.42492995112714
0.939139479538426,9.9702624588672
0.864074747543782,17.5450494072662
0.0778602620121092,7.96179678922303
0.624083927134052,7.34961716699904
0.69111630669795,4.37519682812241
0.141740649705753,7.14998092383422
0.415177820250392,8.68079114745171
0.721432895166799,11.303790328354
0.801880443934351,9.50485831099684
0.388441783143207,12.7819471067999
0.0891215370502323,8.2783050016261
0.985471644671634,12.3869770417139
0.781901489943266,11.6411386998503
0.318799160653725,5.00994021708936
0.785290234489366,6.45166240513252
0.781026219250634,8.05392015966035
0.151291160378605,12.8807922357701
0.939333643997088,8.57778783675133
0.344063196331263,10.9251488919976
0.465593024156988,10.2636624654436
0.896721611963585,9.58688451569367
0.348668288672343,7.99772845180108
0.423748522996902,9.20157408293392
0.0664895463269204,6.24092609863392
0.418979909503832,8.29559134587737
0.940329226898029,9.43905520445409
0.971885949838907,9.53657124577474
0.126060995506123,6.49674048711631
0.155503485584632,8.22523899123605
0.171811558306217,8.76818193141789
0.552181484876201,12.5976342799382
0.577090387232602,10.858331066178
0.325971863698214,13.120347979789
0.484533889917657,9.5390559142192
0.186805494129658,9.01704925995298
0.726263827644289,2.33312958369138
0.581841201754287,14.7670126648486
0.069603904383257,13.1914746023181
0.877973349299282,6.51063798320705
0.342173850163817,15.2080296301013
0.143871735548601,12.2572889555652
0.999884977703914,13.1180684533393
0.582097391132265,9.79746497795498
0.892176926368847,11.6070078551414
0.374012081418186,4.78445450555406
0.683569967048243,7.69748016007184
0.442574948538095,9.19584461909017
0.619560420047492,14.6749656625872
0.888823035405949,10.4698105104606
0.436495228670537,5.60658336907208
0.649885011138394,8.45363585473414
0.355065735056996,7.77839655783408
0.16531410603784,4.82208034986555
0.781975645571947,7.26126201460264
0.864920271094888,10.6201984029489
0.773730261484161,12.2094387026374
0.816872397204861,11.6369672715195
0.099586998578161,9.49782069477281
0.0519355246797204,7.29285825233926
0.919290971476585,10.0752897624518
0.937260412145406,8.46875930720241
0.813673369819298,9.47278118738185
0.065946108661592,7.45453069425558
0.764574086293578,10.9263088037852
0.383169560926035,12.0386650813275
0.598246449837461,6.96479885783493
0.0734400027431548,10.295954046996
0.184528643731028,14.7915456099035
0.436166409635916,6.45251068694956
0.460251808632165,5.73399132871484
0.805124956881627,9.99917441660843
0.785580941941589,10.2600610207287
0.238004235550761,14.5874673786312
0.194147635484114,9.03032348893624
0.296877490356565,16.6458961336186
0.666657851310447,3.8544107117169
0.329551251605153,11.105681332349
0.829843565355986,10.4454052111026
0.823730940232053,7.82316518144006
0.33192189806141,10.8946963755674
0.795873560011387,8.42205638609625
0.999444915913045,10.4995765823352
0.155415202490985,12.2656623122006
0.178334183292463,12.5788919530717
0.3141983167734,12.7210444723685
0.838184612104669,7.96965056324886
0.0618963092565536,9.62071421850857
0.337471297942102,16.91278136688
0.839625024003908,6.06393906268165
0.506831856211647,7.34147111922036
0.209100092295557,10.7025128771009
0.233376492979005,10.7029634921924
0.390750228893012,11.8833430339521
0.376582263037562,9.8089330292067
0.856327674817294,7.97446887791887
0.119734885171056,11.3705077876784
0.981637104181573,8.01684158961273
0.427147863898426,8.84370851974855
0.471956692636013,7.71371165064251
0.816798178711906,11.6061201165827
0.718803698662668,13.1657400237254
0.495548683218658,9.1726814690293
0.874188216403127,8.48492116504956
0.320709652965888,4.31250612385433
0.934184138895944,3.38566729350922
0.838349959114566,5.93048618376289
0.362999354721978,4.20436382574762
0.382772125070915,11.8258981020857
0.747911791084334,10.3410159302012
0.154870424419641,12.4436517310397
0.73173676780425,7.66207430675937
0.355100483400747,13.3588207351237
0.991906886920333,10.6447335675553
0.454810042399913,9.19511076070713
0.10447479528375,8.97206306663019
0.75244333781302,9.99838079271431
0.262050914345309,4.85305872017032
0.738212950993329,8.83839994100236
0.850523226661608,10.4026410774865
0.493272562278435,8.33657985566712
0.866163874045014,8.28867001069371
0.169931757962331,16.9160852862955
0.17236983240582,5.69960987315928
0.17473610281013,10.9930509818834
0.560576820513234,10.7906984066827
0.798725934932008,12.8171864781211
0.135446354048327,10.8481802335615
0.349579512607306,7.42042004566088
0.0557248832192272,13.1844154759483
0.8114856001921,11.2646981972243
0.286567644914612,9.99453192213443
0.274513058131561,5.79613364363019
0.141735961660743,7.50607741765529
0.067249370040372,10.794829864223
0.942874335683882,8.2219497447808
0.398806717712432,4.24570166581957
0.164071123348549,10.3516727516989
0.869881988270208,4.65265716166082
0.0910765032749623,7.81520619641224
0.85609034425579,11.9702836790014
0.214331598486751,9.78109085816585
0.336585311917588,14.4226475765021
0.63538290373981,10.3611202425947
0.710482125869021,16.6058811911541
0.697736020199955,5.77548619226497
0.876995272934437,9.04071013095248
0.678788148565218,12.5965162589126
0.0538352052681148,10.2744933640092
0.613582196412608,4.96477427323691
0.645598022034392,6.9024899631205
0.973834195872769,12.648833542801
0.838140530977398,12.9580408641861
0.636928771156818,9.52501309447369
0.514279542956501,14.284045937172
0.739465876249596,7.66370054402235
0.553830650867894,10.8023895710914
0.409619774436578,6.19232344832068
0.378100207308307,10.8163004741892
0.500277165789157,13.3549743094681
0.477492476115003,9.81172527534185
0.683576624142006,4.70613430819585
0.733052550815046,9.04679174147578
0.69942472409457,10.2065245458509
0.952307652216405,9.18324866528751
0.0519476570188999,6.48688947491637
0.839107066160068,5.80627813341761
0.0977019891142845,13.1518266823353
0.548882691189647,10.5915891246679
0.652754213660955,10.1057493918998
0.713698702864349,9.63635790752335
0.801595458993688,13.3408844079746
0.576768833911046,12.3965525716147
0.829662190750241,10.4154406944471
0.453161482699215,13.1268465343234
0.901813975069672,6.10536065428607
0.548461607657373,10.0501495627118
0.203986865701154,12.3094186050595
0.259186518378556,10.6279011246518
0.72127967257984,11.5615656339558
0.834693639073521,3.21832104696543
0.329048385843635,9.44997054104344
0.847396499942988,11.0113213196478
0.392326846485958,7.06003839560534
0.318246031412855,9.75403995821833
0.639999416656792,14.1035841822618
0.391289905644953,9.0627515614071
0.972300148336217,5.27584600984628
0.709024376235902,10.4843602698798
0.53111936734058,8.08678572089424
0.86846904293634,10.334229956131
0.859144805232063,5.21157682436242
0.538858310785145,14.1408753314336
0.298938741674647,11.7537197685803
0.209836640628055,11.7951668771691
0.880926969926804,10.7061002636949
0.335792996687815,11.0423488309703
0.972527745412663,14.0917620410731
0.67342470260337,6.95524106853674
0.87929088389501,13.2164413127577
0.116404659580439,10.202124588562
0.88919659005478,18.9978235178075
0.263111080043018,12.2443511601932
0.658182839397341,4.0561917526092
0.943559187697247,9.34032346632922
0.21244952827692,4.95638470822127
0.0444309476297349,13.1651935870045
0.93469299399294,9.35506835373544
0.0882130330428481,6.17411390127119
0.0253274305723608,10.695513827466
0.281283447286114,12.1309381305191
0.498794292332605,9.78634865088729
0.454991374863312,8.88272812541105
0.862229387974367,7.44131007984117
0.193887425353751,5.82274641921915
0.462444853736088,9.31880859640773
0.784728846978396,8.40100502816111
0.132252140669152,9.63833937116827
0.940206424100325,6.38391313473661
0.0319680038373917,7.02563396682028
0.473266861168668,8.92418982281959
0.0781338871456683,6.00159467598584
0.981739375041798,13.4458560583366
0.0250805099494755,9.77161551391552
0.0684853470884264,3.28901046042746
0.681586174527183,14.5287743375426
0.527736300602555,11.8389780921847
0.321201539365575,9.60103796336992
0.249017562717199,5.9321593584342
0.36186963529326,14.136357330968
0.143539486918598,8.53408524001476
0.0785533546004444,9.65246245175231
0.949803820345551,9.21205375774149
0.38684514304623,5.9311123556476
0.0453580089379102,10.9183161366503
0.396399844903499,14.0960223902631
0.240082252305001,7.30443259391227
0.484323129057884,8.76844964360097
0.285076648928225,9.19277913077905
0.183306327322498,8.77455097137287
0.0716061268467456,7.11441381738883
0.894239350454882,9.92098887771334
0.882807482965291,10.6546785142269
0.336616838118061,13.8007547448635
0.0734492733608931,10.4767321317011
0.694305207347497,7.89435113015971
0.18303212733008,6.2573295956028
0.238193988334388,13.259710844589
0.198733759811148,11.0644836152352
0.216767946723849,3.78624387386947
0.975014052353799,8.50520500280635
0.916141286958009,9.56256708963003
0.234901364194229,7.16907521476438
0.948481722967699,7.9013658446224
0.302937812637538,9.71013024496431
0.678889662027359,7.39115280325315
0.734478507656604,8.11253011727656
0.600987240439281,10.7535379863684
0.0983713457826525,12.6235263679231
0.977113961009309,10.7800297266333
0.308070325525478,8.82226797976642
0.242947652004659,10.2576729511793
0.419516852125525,15.6290855241188
0.892729244660586,8.51485164588337
0.49662081990391,8.49107664091717
0.275322228902951,7.22308735195652
0.395181000232697,8.89756876697995
0.362222351832315,5.8338086620315
0.855668944772333,10.054643532948
0.307507506804541,11.4500627487257
0.596164104761556,16.2432884140973
0.124477033736184,8.89865218356135
0.983178920811042,9.2794340609451
0.952822625869885,6.79085250564337
0.878816710785031,14.2927140527641
0.579232191201299,11.8020269559456
0.658185345586389,10.0292037092156
0.694919577101246,9.47625754377497
0.162778230151162,4.68452907841678
0.425010165199637,10.2720396206873
0.474757169140503,16.9096696776102
0.984616396715865,12.8340819215488
0.190945494221523,13.9478643444158
0.311794417211786,11.2583577959935
0.344578844960779,7.80963131433438
0.203085048822686,6.60075503212416
0.783862933749333,4.55905745644609
0.518387783784419,11.3107211250416
0.542744555044919,11.5968459338018
0.778853012947366,8.65762041359422
0.0379145026672632,15.6782569404782
0.946795987896621,7.67254565725663
0.129863935057074,7.08073701539183
0.655038308352232,10.3681719141891
0.409139275318012,6.19048469490272
0.947939836187288,10.6482689447137
0.442174216033891,9.70935890845142
0.511791932396591,9.71031894233088
0.924961939454079,5.4939867988578
0.628016664180905,9.33049004899356
0.691129416460171,12.4687996258486
0.575147436000407,7.68485361025703
0.384579590056092,8.68573811511557
0.592224603984505,13.498646632859
0.0670905280858278,11.2015491787926
0.616667090216652,11.9264312936318
0.310727647971362,10.4952606393793
0.626169150462374,7.37149456839965
0.226624276489019,12.4745036483632
0.806024323217571,7.8632837908526
0.566570251248777,6.14598307587476
0.858646672684699,7.09509089265356
0.442203642334789,13.4698184584844
0.502042629057541,14.6505990906383
0.0152706382796168,5.83659733551001
0.0182236526161432,11.5656060764465
0.599463379010558,11.1820351294326
0.0860894292127341,11.4436237491685
0.901996511267498,12.5572575242788
0.819593961117789,10.2241014377927
0.836864751763642,14.6945319016315
0.834495247108862,13.133255434591
0.226828997489065,9.63012222633319
0.595704826293513,13.3091415734139
0.989071973366663,2.55147232449538
0.212207576492801,7.01484804709516
0.722693502670154,8.15697074205411
0.832998294150457,12.1232307048885
0.235404514707625,5.43134798612126
0.295939962845296,10.8361521680507
0.661108814878389,12.0231583569458
0.993002900388092,9.41571810598965
0.737446926068515,7.52951783494561
0.813754235161468,2.32079238626641
0.459969991352409,10.6549035981428
0.184622059343383,4.84256684622307
0.86499669845216,10.3018654966874
0.0917258190456778,10.0892759197813
0.903786872746423,10.3275888608403
0.938151411945,8.70160098828082
0.443047581007704,13.2554976835115
0.307908292394131,7.39694033278453
0.144231378566474,8.12584862967097
0.755342648597434,5.47264856314511
0.299288166221231,6.82177093036819
0.344583585625514,8.48653994388079
0.954286830266938,7.76413346025236
0.815190766938031,9.58422008987063
0.111771029885858,0.51414710840684
0.780222704866901,12.090644430299
0.135755288414657,6.79398446500795
0.151155924191698,3.05508926900473
0.209896761691198,10.8999470884398
0.611292057903484,10.5663274574164
0.368929482065141,11.7992729262097
0.734268891625106,12.3778278299874
0.547506297240034,11.5996040992464
0.621454635635018,11.7117026931533
0.151332643581554,10.9839440859689
0.354161781491712,12.2123769009577
0.021801054244861,6.57548610702066
0.912249585380778,11.2359203190475
0.871983496006578,8.73542827438586
0.136026525869966,4.65688759824272
0.8137486288324,8.79164091189878
0.069442197214812,10.5087083845864
0.824430232401937,12.660039895163
0.72283253329806,11.2649414080618
0.845477778231725,13.2736719215768
0.212963718920946,9.01720613099874
0.835241869091988,13.3908454365865
0.882248964859173,14.1252852195077
0.703679737634957,13.3928565854885
0.369826212292537,10.2462917612169
0.852494562510401,9.97181942029034
0.791043336503208,11.5155765813739
0.953643322223797,7.12259504482342
0.182847769698128,14.1564874996363
0.50906091183424,10.1221560650994
0.377154578920454,2.82901516633903
0.0412090211175382,3.39469019391303
0.823506734333932,11.9143616985868
0.122687056427822,6.25867294607562
0.183197163045406,11.7572309283807
0.597833230160177,7.19008470144995
0.151713460683823,11.8036995107507
0.117190092103556,14.9768329085741
0.73480824707076,3.82664128580698
0.380933248437941,10.2317453061777
0.359681044472381,12.270915147503
0.773302203044295,7.2312018407908
0.474027708172798,12.0212319389295
0.706137330271304,8.91369688829998
0.80182324280031,12.8118666375849
0.334777344018221,10.4517953483666
0.650183951249346,12.8478083589928
0.377515761880204,13.3746483282189
0.430253508966416,11.6765810337156
0.307542552473024,16.9598056189755
0.203493516426533,13.8543735335742
0.659424010431394,12.7961725711925
0.369001342216507,6.52497585747176
0.249946260359138,8.17733846620172
0.843712371774018,17.2702012592921
0.828949391376227,8.9626858917079
0.944953731261194,14.3034987114409
0.326255951775238,10.4523990784907
0.654769451590255,9.22474870291174
0.810946637997404,11.5094372236127
0.147012091940269,9.8009777292395
0.856444614706561,12.3480532264359
0.959776741918176,10.0302872137491
0.21131130005233,8.08870188093517
0.865233610384166,12.2635706636326
0.041881712153554,7.08962198991555
0.779846848687157,9.6980778172053
0.979970616521314,12.7394676443031
0.332333124941215,10.6517371621844
0.546383502194658,10.7607685810941
0.0267851264216006,7.91481196816471
0.592882226919755,12.3003198350017
0.998564042383805,9.59582804979327
0.276317774550989,6.21757467491727
0.948008929146454,16.3787779227754
0.0234359174501151,6.72719467699598
0.0279136209283024,10.0635102335747
0.539054876891896,12.9979437126891
0.676138665061444,11.6501184775783
0.445543654030189,6.73064653640433
0.00889235897921026,16.7169045312373
0.614601561799645,13.718922150571
0.644887916278094,12.8024979548962
0.128727143164724,8.34375021128811
0.402368739014491,13.2673107891155
0.115520604653284,12.712249394398
0.0605320825707167,5.88410748135385
0.249838876770809,13.6996797872385
0.883311161538586,5.14388172597968
0.101175053510815,6.20694109959495
0.4519147942774,6.50072802303373
0.565060961758718,7.34034441081407
0.535514551447704,11.8387876774485
0.588328105630353,6.83850833302235
0.465466413879767,9.46715343562129
0.969325683778152,13.6506795078825
0.68854918400757,15.6124093957345
0.0789853534661233,13.9609601505151
0.461724389577284,6.91109856742192
0.202145439106971,4.12616392583277
0.400422005914152,7.01420618393619
0.420326308580115,9.14314214249876
0.0430007677059621,7.93233672673631
0.424368592677638,11.1462881201453
0.621700172079727,7.82303821164311
0.187778521329165,10.6098502126487
0.47339366748929,13.2203345890697
0.0493983025662601,10.22972155746
0.580042797606438,9.71276264451163
0.329816549085081,12.0021386213866
0.344106426462531,10.1708330960637
0.075707197887823,6.67426994157087
0.346320828655735,7.02732837640062
0.548436259152368,12.7167143008851
0.390748068224639,2.19921290214553
0.889557461487129,11.3262209013859
0.274631836684421,8.08549334330885
0.167022017296404,8.32898355893106
0.115071800071746,4.5934559775829
0.94708558358252,13.4116858725431
0.985274007776752,4.42368882183299
0.458763256669044,10.4308788299444
0.332923945738003,10.6704391502537
0.111301511526108,5.48645432071001
0.740773299010471,7.73408407835246
0.621097593568265,8.94520007752465
0.643038408365101,12.6468105779399
0.272108074743301,17.8840490651348
0.159415623405948,5.95454530355511
0.428010913310573,11.3852228872342
0.0807618610560894,9.53899838818098
0.823864153586328,6.37543705251039
0.453820067923516,10.0403569895624
0.172276451950893,14.771913679157
0.312373534310609,6.46315926403957
0.769820735324174,9.38776779489181
0.486349382437766,8.02974629549868
0.144070143578574,9.69827739077246
0.324167284648865,5.60199469915182
0.649465449387208,9.81071084864179
0.776760932756588,11.3030919178241
0.439896856900305,11.3022594043385
0.0411161480005831,12.6403026721386
0.682592813158408,9.37691935393993
0.840785291511565,11.1514260935398
0.142134872730821,8.68271607125931
0.228830862091854,15.6727000104572
0.98640198004432,7.34849892366303
0.626969605218619,9.60653692501404
0.21387988794595,9.72233088184582
0.695204711752012,8.44283372221883
0.556207019370049,15.0540488869278
0.503419272601604,6.94392463447872
0.0387179132085294,7.39522028703087
0.86256127525121,8.25595373825056
0.818707465194166,12.7201007514762
0.250168724684045,9.91867793245034
0.3214113318827,8.74278340878645
0.169652431970462,8.30457433610438
0.820634250994772,11.0601606575156
0.664667431963608,13.038753154215
0.588318342110142,7.99335475387465
0.208745810668916,10.5830805561283
0.539541324833408,11.4242541899143
0.348511053016409,12.7466010705133
0.550087022827938,12.2864821689636
0.252155520254746,7.26321967515933
0.913458465598524,11.7323397532944
0.860062463441864,6.36988662135214
0.115195777500048,11.7581700100831
0.875524587696418,8.59791015181868
0.00685830553993583,10.2508492730678
0.035487474873662,4.17496405277707
0.774980005109683,10.5373474013901
0.0784011909272522,13.8474023640979
0.729052474256605,10.2053213647085
0.351257012924179,11.2818679402264
0.558680729009211,15.3636475954437
0.953571751713753,6.40065571032518
0.384399362839758,11.0591065147648
0.726378282532096,7.89065012449081
0.0675027980469167,7.75464472992345
0.74265432334505,13.7676943175532
0.708098445087671,8.62277801329186
0.987081276951358,10.6637012972238
0.649075677385554,8.83887850909792
0.836197613505647,4.14046603175928
0.0700219077989459,5.75026968575896
0.466869826661423,15.0397030262551
0.0786233018152416,15.8357802248179
0.488438041182235,7.11360712984266
0.402648880379274,9.6095147860188
0.65410600672476,8.7434685825069
0.893602816853672,12.6186168669728
0.662339831469581,13.7463422578075
0.877344627166167,13.2572425206754
0.0582980499602854,9.82301226130024
0.112951254937798,6.08252283477996
0.203057900303975,10.7289940800285
0.259220011532307,10.510784161451
0.337677881587297,10.9758072694208
0.0538853865582496,12.9821977114416
0.397638212190941,12.2946440924483
0.0324999128933996,11.2380749079453
0.718855129089206,8.66684843084526
0.115976751083508,7.80366267557511
0.664668492274359,18.3865488204399
0.690390514209867,5.15697957977117
0.490199093939736,13.114338859911
0.852264184737578,9.32055412957703
0.757180210668594,9.19287774583144
0.536804949631914,9.76272807884298
0.748340968275443,8.65332658004179
0.421611185185611,6.83249703162027
0.778160659596324,6.69296214279781
0.755597370211035,9.84629157590843
0.897961975075305,12.5300203750242
0.0718798688612878,7.42432719180673
0.21802050457336,7.33310696377364
0.988827496068552,12.0522576715257
0.528912303503603,16.0915462905683
0.189030589303002,13.0259124264989
0.0164699873421341,16.6505425110121
0.347086815163493,10.7053732247243
0.595236467430368,5.83191795392552
0.861568328691646,9.19844177692208
0.764523385558277,14.9640195987959
0.272368998033926,11.6272453397533
0.282739371992648,11.0364785553632
0.995511723449454,13.8034824044095
0.725444115232676,11.6311909915867
0.68387506576255,9.12216285991784
0.223444520728663,12.4913090251294
0.728868949692696,4.73780907818842
0.786795140709728,6.37573920631954
0.284200025256723,8.0756772353554
0.665628837421536,11.1526724778299
0.97051261831075,13.2233465723896
0.428989136591554,11.7249652094299
0.106655556475744,8.97780111121898
0.711929056560621,9.19135736898881
0.395195448072627,12.6566802974582
0.512735108379275,6.98574875125521
0.639749315567315,10.9717061966279
0.528838945087045,6.47460823922277
0.775319339474663,9.38821330075999
0.13382429513149,10.0590018759205
0.444121343782172,9.2262183204864
0.204286051215604,12.7785072798092
0.65681284177117,5.87485707203463
0.179227402899414,8.51182438761915
0.171534712892026,10.6980620820438
0.970116707263514,4.54632292997243
0.427157909376547,10.2140258531839
0.347339529776946,15.6593338908862
0.611167218768969,9.84394559609293
0.0987330512143672,10.4686699109303
0.89440322201699,9.70598061268439
0.386449624784291,9.8855924825039
0.248917483026162,14.3274293367826
0.185023624449968,9.65425410122548
0.719240752281621,10.1599469335045
0.662205061642453,11.1751057688453
0.667071241885424,12.1618763945203
0.465172256808728,13.7589774498877
0.239191308384761,14.398345598168
0.485140243079513,7.02656138593308
0.669339929008856,7.74335616608427
0.798759806435555,10.3088138652122
0.886348529951647,7.04712684971811
0.473503398708999,7.63578218279833
0.00956524489447474,7.26539186524077
0.443775085965171,8.749531908114
0.40296297124587,11.2012114560472
0.250814001308754,9.28302877184616
0.92455691518262,10.5647937254675
0.817405647132546,6.4129781862656
0.93936753179878,10.1527242084313
0.760034161387011,11.7671552523055
0.965056522982195,13.9609114560907
0.213894568150863,6.43833587041001
0.603809705469757,3.80602410177473
0.905938915209845,9.61547516607267
0.543982709292322,9.40961072897468
0.028634537011385,9.90316830451934
0.912973446073011,11.1998697190957
0.782175949309021,7.59240633334357
0.524718403350562,7.79045547905681
0.892709323437884,16.2304152788344
0.231077939970419,8.00660635583929
0.339369600871578,4.43800401688106
0.96711793448776,5.11093546797403
0.304040976800025,9.31188055751882
0.229178983252496,6.92065560322891
0.926811272744089,7.26312807940648
0.778280687285587,8.08028961214831
0.804542627884075,13.2000613341536
0.0280065482947975,10.7887021142697
0.644803615054116,9.66897925087207
0.35832087486051,11.4979078353176
0.970951968571171,7.25404381539814
0.761114809894934,13.1383635556361
0.577150684315711,10.3720873314174
0.289075739914551,11.8265817937657
0.964678106363863,12.4616861373497
0.289426043629646,12.0466970685659
0.389605868142098,11.4955820028309
0.458000188693404,11.820874917464
0.683345607016236,8.47386739944684
0.50908046332188,6.72601479952771
0.567431868985295,13.2022622515678
0.132666207384318,11.273371961515
0.474369928007945,9.7375006938255
0.889944263501093,13.1861440163589
0.466254225000739,5.21009732150254
0.465651090955362,1.68481475902767
0.848157833097503,13.3767800445083
0.48941916716285,13.7380149733072
0.444140405859798,14.2050749097254
0.880703888600692,6.77041753279279
0.910915940767154,9.13001071598252
0.138683919562027,9.12507785714457
0.0734256675932556,10.979059121777
0.542377319885418,14.829356848784
0.504778712755069,8.06599280068033
0.979810727993026,6.63284392745133
0.812272964278236,16.975539020666
0.735491186147556,7.82143627632872
0.298635621089488,7.41337541571754
0.543530379422009,7.68582296231543
0.286098521668464,10.1721218343843
0.379682892467827,11.910980133358
0.465561284450814,10.1274730665811
0.997201242716983,11.1580326217695
0.319417809369043,9.46472620890607
0.105115094222128,8.40932813555518
0.269604407018051,11.5295005131199
0.317821418866515,10.1420367555361
0.978288887999952,9.63131261482087
0.92989859264344,15.1430466214479
0.447010265430436,7.22567954618002
0.926917527336627,9.45380045866078
0.266356384847313,6.7153323518877
Rho_s: 0.00191875391875392
Rho_p: 0.00467124240983101
IC Time: 0
