Rho:-0.8
N:1000
0.854036244563758,6.65675618690313
0.938253722619265,6.42561361208725
0.337744283257052,12.047463508993
0.694508413318545,7.72635071305677
0.957428231369704,2.5900262565278
0.676701891236007,8.47205527815841
0.325532330898568,9.10635170853512
0.526079693809152,11.2396720095711
0.633863304974511,8.09894241686794
0.493517246795818,11.4594831542831
0.310371166095138,9.59024067362046
0.394107718486339,11.0969057518612
0.433803225168958,10.0679044581815
0.185612056637183,15.5239643150929
0.964451134670526,8.619939494586
0.255577082745731,10.6274464067657
0.918456275947392,6.5138788208063
0.122241325443611,14.0441019498477
0.96490715816617,5.429476332559
0.552729159360752,9.17259209141623
0.540711074834689,8.54308012768713
0.207289197249338,12.1073599361235
0.629375452175736,10.5935295555531
0.444180436199531,8.07808327009525
0.823628907557577,6.03334242611075
0.133614000165835,12.5344797884785
0.0134863106068224,11.5251819084959
0.942219843855128,4.94298041881835
0.997259708819911,8.68997337620066
0.377395746298134,11.7747134498335
0.253306529251859,12.1808148369467
0.709363447967917,5.11535643305584
0.482826665742323,10.8866902982605
0.364800597075373,9.53072759334461
0.299268240574747,12.7800538509473
0.867109776008874,6.92886791033057
0.811664326814935,7.82160637705606
0.737561415182427,7.65855896789541
0.951300463406369,2.8896561256925
0.905594918644056,6.99360575816975
0.497760923113674,10.1484330473681
0.113947788486257,16.5340682944758
0.595779865747318,11.9818291242809
0.38187037804164,8.5211998601483
0.397593517554924,10.0308789687439
0.793805934255943,9.11160946700882
0.891879679402336,5.37461264295095
0.00254447082988918,14.1065942591213
0.761507744668052,5.27552326636271
0.753473120043054,6.65294374319265
0.859527799068019,7.64674572007413
0.121495980303735,11.0005368151601
0.219150748103857,12.9193918122509
0.184259212343022,14.6042359659998
0.513516801176593,9.09483073587055
0.637685206951573,9.21448308526579
0.957870471524075,8.34693019827329
0.758460588986054,6.17054469270918
0.251802653772756,15.1838258575846
0.00215279962867498,16.8053376632552
0.633838719688356,7.00276739459627
0.340962338028476,13.857041294488
0.874776797601953,4.4126785807779
0.402374666417018,12.1396374775373
0.476540042087436,9.80473782486813
0.958374306559563,8.93220591141661
0.229192170780152,11.9329070240945
0.747042284114286,9.6253827907419
0.613075008615851,10.4092312597795
0.839208575896919,4.81548913887315
0.130081180250272,10.8293901216229
0.408207827014849,12.5564867134055
0.799064560327679,7.87633728863174
0.648133653216064,8.99079122645254
0.752145575592294,9.23551449135605
0.818578685168177,8.5878945620521
0.439394221873954,10.8632339456479
0.147886876948178,15.2480734775947
0.361997470725328,12.8969986816588
0.328062560642138,12.1896436978011
0.864305656170473,5.94367210173873
0.0491124833934009,11.0288623622095
0.877503305673599,9.52151100579553
0.987511849496514,7.75722009486293
0.239862283924595,15.4240153001525
0.214512380771339,15.2941527381248
0.185281925601885,11.3670882513902
0.0829246228095144,12.4046319821767
0.270926804048941,11.032677615949
0.908463166095316,5.34792724651154
0.832657570950687,7.39450833451007
0.992691027931869,6.94889510016087
0.361795851960778,8.8256827238385
0.750386661151424,8.38599651438693
0.43265151954256,9.66648468513821
0.433055054396391,9.50363275315476
0.37948608933948,12.8898931639231
0.474796870490536,10.418565751528
0.834560329793021,7.52186996424731
0.727506096940488,10.5789722762326
0.690394801087677,7.63494117208957
0.686812923289835,10.0353976384678
0.85314101842232,10.175333197425
0.0995022600982338,11.7837004912522
0.715580144897103,7.73602513119044
0.619361052056774,8.9839838586841
0.0235129166394472,11.7690690979741
0.58992716204375,11.4958496831539
0.915290331700817,7.99949263003827
0.540508903563023,10.7563209979006
0.699866150505841,7.51620732399654
0.54832330183126,8.62920618206435
0.665644651977345,11.215618857734
0.287465069908649,11.7764115259975
0.541002750396729,11.1365032126037
0.842459657927975,5.73251167980712
0.472930501913652,8.49086797052961
0.662316907895729,7.22541231767756
0.745895908912644,6.0333861941342
0.679019285133108,7.59776631419363
0.057980710407719,14.7180439965946
0.27008091728203,15.3384583758318
0.481034992961213,7.62560529054736
0.664776267716661,7.56989210332319
0.293579682707787,11.1940017661714
0.639976595062762,11.1664921238848
0.548379550222307,12.3215312363895
0.0469913242850453,16.288185732002
0.246143731754273,15.2098088059028
0.553613549098372,10.7653548728687
0.420498675201088,11.5368179940081
0.753477639518678,6.94242829309373
0.947648336179554,8.90478935376698
0.0804267874918878,16.3853548580554
0.020924697862938,10.8193745672411
0.241566373966634,10.2214696127305
0.895305088488385,6.57037156315631
0.0861405634786934,13.0341438359849
0.975152625702322,2.73416291914081
0.793606889666989,9.48558444716265
0.627302011009306,11.4332012420221
0.29722426389344,15.0769591553307
0.217367261648178,12.7277452052925
0.821643193485215,10.3297023026242
0.253760099876672,10.2755796137757
0.468015025136992,12.7745534934907
0.661227443255484,10.3165772989606
0.816824672743678,4.71088805129994
0.977735760388896,8.62931956118586
0.0811448730528355,16.7198455168189
0.309185275342315,11.8926633093819
0.145426715258509,15.6194318942996
0.482768494170159,10.6367578483983
0.771769426763058,8.66031404995259
0.368499734671786,9.62981146442845
0.197221068199724,14.2050804012253
0.0771924953442067,11.7358581868548
0.976432806346565,8.2960317069498
0.236592974513769,14.1659240905141
0.571782203158364,7.21853657230044
0.605508981039748,11.449256409652
0.772189932176843,10.0263576640633
0.334172692848369,11.8497355792754
0.0615185974165797,13.8074827677279
0.65350633719936,9.90504018759601
0.476918189553544,9.55483130652259
0.773602421628311,8.37302999338713
0.290439670905471,12.9361967496189
0.905651542590931,6.3099899215437
0.44625581568107,11.4990022179203
0.656374256592244,10.8042430339402
0.612879888154566,9.86546364314886
0.243074893485755,12.7069937129028
0.586725080618635,7.39867919045827
0.516562264179811,12.4760130485349
0.472333105513826,8.78879613263342
0.696007233811542,8.39692605884666
0.95748875127174,6.67112003461087
0.447397605050355,11.7105739805375
0.797455114778131,6.19197648449916
0.37622290244326,8.66183663420899
0.947905745124444,9.35986087190631
0.739495639456436,10.2231502083841
0.687759862281382,9.6353386022078
0.390467582503334,12.9509439909222
0.311694981064647,12.4602717740343
0.543801929568872,11.8279333610408
0.739028255920857,7.33174694508987
0.688611493445933,9.1847386953622
0.0238776670303196,16.0977381368967
0.646412528119981,6.37187129841806
0.792074186494574,5.96955950801081
0.966322573833168,8.88932226103498
0.0800340611021966,10.9000474773591
0.836350529221818,9.1481722508423
0.894296837039292,6.85202782693621
0.547312336275354,8.38056833790442
0.989005436655134,7.89476434456475
0.120888456702232,12.3970493072664
0.208373690024018,12.9019670428694
0.625804914860055,10.0177156798214
0.383415968157351,9.05416249372027
0.868694376666099,6.1707146301032
0.732053052634001,8.69098271609182
0.0222132387571037,16.7968831024834
0.97656099521555,4.11669363240902
0.322752066887915,8.90371928147256
0.69249312276952,11.2036077488664
0.596871007466689,10.3056243760407
0.748961665667593,8.72239521738592
0.132129708537832,10.9775432952651
0.214938478311524,14.2575712053171
0.0754626337438822,13.8375619982262
0.657192636746913,9.81143151976917
0.00403925310820341,11.9331024521133
0.556808851426467,9.71238009407659
0.0165791907347739,13.7103452976314
0.882778628496453,7.46381653326041
0.954323456855491,7.71091174330367
0.51722632907331,8.19151344003779
0.827959220623598,9.63924915255463
0.487209468148649,10.5440738838968
0.585275011602789,9.21374371061772
0.878529228968546,3.48394349514837
0.388542225118726,10.886681170275
0.365294976858422,12.0357885629966
0.00384868844412267,20.4919268232956
0.0803756024688482,16.6415115606207
0.223726836498827,10.3358535053084
0.156437126453966,14.3437424616367
0.915816680761054,9.46237689064422
0.349359243875369,10.5156630664548
0.0492490397300571,12.1404163780862
0.138281524879858,11.3783503432182
0.689479865599424,7.83539223681988
0.488464279798791,11.5373929661547
0.0806899240706116,12.8389795100295
0.621713053667918,9.53844450195363
0.0223229345865548,17.7056843649183
0.764163881773129,8.69095895739118
0.257323655532673,12.4358987021197
0.0250212699174881,10.6990328976163
0.980448925402015,8.31883703773591
0.75808635330759,5.96448236692459
0.812908085994422,5.79990946502283
0.586206745123491,8.15363215225518
0.528124309144914,10.1502788936294
0.411463974043727,10.0597372778348
0.6711445315741,8.11307426834977
0.558122514747083,10.8077078058477
0.811341351829469,10.1788182491595
0.399809207534418,11.8608886821563
0.898762401426211,3.81088597883668
0.356315231416374,9.3802292844499
0.834998970385641,8.93791535091656
0.448959165252745,8.1713655748543
0.972387264482677,4.1948488461775
0.130124612478539,10.2489061838032
0.488146571908146,12.1503028448211
0.978068486088887,8.22905712257682
0.844649908132851,6.59568563190225
0.568588037975132,12.0349239856309
0.119681640062481,16.6464525949613
0.70250130770728,9.47074773919477
0.595780425239354,7.66105481821817
0.673959897831082,5.75790041992826
0.71581121836789,10.0554657495459
0.830072506098077,7.91393247691379
0.555872844299302,9.27678295729725
0.119678813265637,14.684294157418
0.874600040493533,9.27385681350195
0.510795251233503,12.2820540592614
0.259712562896311,14.0144984214647
0.572376319207251,8.03581627569835
0.323281336808577,9.17649826123271
0.812620513606817,9.52038734953658
0.205622972222045,14.749632549027
0.947539359563962,4.31490420083942
0.491731280926615,8.75218786462355
0.877509225858375,7.75709146486015
0.562681880081072,12.1245551172982
0.618890795856714,7.53056030595749
0.177249756874517,15.9097904601091
0.150192980188876,13.3642377680878
0.471730555873364,8.58599041423005
0.278193367412314,12.4938762778382
0.54988365387544,10.6095019909834
0.770134676946327,9.79654207838651
0.396958127385005,11.695732250472
0.655192462261766,10.9041102107111
0.980574387591332,1.03290632919169
0.165126034524292,10.1450271347463
0.775207641301677,4.63421317059328
0.634654109133407,8.39398275252259
0.0147890399675816,14.6242471240582
0.895387428812683,3.09019631243257
0.619999008486047,8.77857965813229
0.634769029216841,10.3994998429885
0.674990533152595,7.49305984254126
0.477599899983034,12.6006758562051
0.0557457292452455,16.9966188560561
0.614984306972474,7.55129872111065
0.194500410463661,14.9247121071691
0.759683178272098,6.14640469836597
0.0609881489071995,10.4899480136122
0.104853059863672,13.7457619919683
0.583680284209549,9.40073007496425
0.452539661899209,11.4558904636809
0.859126275172457,5.56014236029164
0.610169744584709,8.51593927826046
0.341270342469215,12.481256989593
0.947694831993431,7.00483263288505
0.424097589915618,10.9791460365213
0.00653192331083119,11.2537257649423
0.580378825543448,9.33994625634414
0.527468015439808,7.24148002083372
0.726897233864293,6.64264778679731
0.364691878203303,9.83924233717217
0.487988481065258,12.744696140708
0.754868866642937,9.28478164269086
0.752896302146837,5.55622137915021
0.336278927978128,11.6497399913963
0.0389300216920674,17.742588769974
0.17879936681129,10.1826432146593
0.820176796289161,4.77729415058551
0.0663766581565142,14.2144198489789
0.753772130934522,7.88068600064222
0.674473258201033,10.3884707731124
0.188297364162281,11.4712832571831
0.570537515217438,7.9340161125703
0.734550170367584,8.49197681864891
0.840868640691042,4.47785123769128
0.048310378799215,13.1465172770203
0.1478298578877,10.0167733113198
0.939136655302718,4.94273167001194
0.798168527660891,6.7403844073644
0.416218221420422,9.23986502460895
0.0592093907762319,14.1621556809735
0.778606961714104,7.33137390741066
0.582583920098841,11.9162188119501
0.176549995550886,11.546988718555
0.575356713263318,10.2694946810663
0.690036653075367,7.95945139617847
0.791834310628474,9.23198446837742
0.860578612890095,3.65778050892781
0.216715273912996,10.2605090375178
0.681660074274987,5.93219019215839
0.298491157824174,8.97903645154849
0.62112546316348,8.17502840937046
0.559193194145337,9.72513736800143
0.866628540214151,6.3692046782319
0.510337425163016,8.89880244184326
0.702246279455721,9.53132423591932
0.674131691688672,5.42228780848351
0.508517515379936,10.3870495000076
0.550837295828387,8.64306448377483
0.521708115702495,11.7591843217546
0.0332944716792554,14.6502731040701
0.102048581233248,12.2391738833624
0.484288633102551,9.78552993257255
0.688568408600986,10.7273527851083
0.0203809160739183,17.6856139756125
0.888148560188711,9.9556462168645
0.534819647204131,10.9215406885097
0.131912073586136,11.1617332391679
0.334865965181962,12.9505228399576
0.709193555172533,5.76034250714238
0.91096407151781,5.80913554299612
0.941887608729303,2.95539399141753
0.3216498256661,10.988170481379
0.188437275122851,15.7139326538438
0.963627857388929,8.80618152637882
0.298176288371906,9.64180943849655
0.288406362291425,13.3336427570129
0.732103414135054,7.21074587125834
0.326123208506033,9.83770297630426
0.74344565696083,7.75591374050687
0.868427378358319,5.64302835290001
0.72604811238125,9.26682554424833
0.394037938909605,12.2522857629955
0.101953993085772,15.3681292593426
0.601680900435895,9.86288249707141
0.242663481738418,10.6304995712258
0.916635307017714,7.41922269901433
0.836363272508606,4.36223286555196
0.764008032390848,8.48295145454647
0.280564255779609,12.4995846117393
0.202275127405301,11.5240176015478
0.536745005520061,9.72426142746652
0.352460178080946,12.0125040724427
0.780044191284105,4.07813443589518
0.806283499812707,3.83705981304572
0.964564844034612,3.73294471202241
0.0176514347549528,14.7556556215767
0.735114429611713,8.37188598309096
0.364865135634318,11.8060988954762
0.952321519609541,4.288159683956
0.845830554608256,9.33591774754787
0.77662309538573,7.95416136800274
0.98810905800201,3.84503268231155
0.912626549601555,7.84648617573116
0.748177978442982,7.27853615776648
0.515295670833439,12.0526432741617
0.992218976374716,7.44666399394948
0.700435838196427,9.38946618207889
0.0714792939834297,15.0078683716582
0.170142878545448,11.3368827056848
0.429609241662547,8.58377138108636
0.55891668330878,9.92142534218146
0.160242221318185,13.4285485316155
0.839676874456927,3.87455839399987
0.33406841289252,11.800295174972
0.0653585537802428,11.4984732647767
0.913077035453171,8.20953675604601
0.50068336375989,9.30889118387448
0.719212710624561,6.71780990388024
0.87970606284216,4.63103300431178
0.786478948546574,9.09104408758825
0.263628419023007,13.1724407101252
0.107511587440968,10.6167453623426
0.420451226644218,10.4059312581312
0.657084084581584,11.5503285145366
0.664805927313864,10.471621066973
0.357179477112368,13.9155277048569
0.348422386450693,14.0289602297106
0.277491423534229,13.0520115687563
0.40720347315073,9.96984825655104
0.297442628769204,10.0762139858414
0.701246421784163,8.76921803080231
0.557566814357415,10.3685621108394
0.285309076309204,11.0355413060455
0.777308796066791,10.2184180522974
0.989986451342702,6.63335618009459
0.596527084941044,7.3845479700998
0.317242345772684,11.2290674317397
0.156702251406386,10.3866378832356
0.635477221570909,9.03999633110538
0.759146573487669,4.77632328840274
0.218266286188737,15.192773864753
0.356880437349901,11.7117434111356
0.271858587861061,9.44356469034584
0.683081452501938,8.95681559861172
0.541301379911602,7.78591020746048
0.0103918937966228,15.5203116507011
0.94895322364755,4.4645313604676
0.968899811385199,8.27961898231602
0.84865217609331,5.58854861483888
0.777395181590691,9.07230034459897
0.0837106881663203,10.8583607741456
0.671611733501777,11.2534233806196
0.203418158693239,13.581090447476
0.245143170468509,13.3373242284182
0.184785552555695,15.0948171466818
0.0165737364441156,15.9538992503308
0.254827863769606,14.3410088875445
0.0199967687949538,13.1099351369102
0.637493419926614,8.00229837964254
0.515534322708845,8.8842728181699
0.121298889862373,11.6493635218952
0.468813219573349,10.393045760915
0.019439703784883,15.2137662946136
0.265104252379388,9.90693976434605
0.499784900108352,10.1607676549593
0.914585334714502,6.23598417321825
0.43478480563499,8.79600416075776
0.302961209090427,9.34120714187308
0.597928911214694,7.80350750136416
0.893743053777143,8.69538203302196
0.974879620829597,5.54501435027753
0.698909915052354,9.49385748344332
0.986454245168716,6.66556086755062
0.0429035241249949,11.5994515018795
0.63235912215896,8.96223440478852
0.171900777844712,16.2752243269982
0.640467239310965,8.20581516072647
0.67582557327114,11.2238297437694
0.569408808834851,10.2680588760064
0.87703930796124,7.81008622546914
0.315932187018916,12.7135907053168
0.279487189603969,11.8511065849646
0.191503362264484,15.4450486961803
0.530068208230659,9.68235430394309
0.0894861787091941,15.8251161415893
0.224238361930475,9.64006981334887
0.0489086643792689,15.8197695087793
0.908432320691645,9.37967044846525
0.168374637141824,11.3401700286836
0.133527978090569,11.7655877890965
0.533113293349743,12.2793860785109
0.858000570908189,7.63815896517436
0.326738783158362,13.1667744847872
0.512181445024908,9.00227021401685
0.734984860289842,5.08448722282685
0.285099719651043,13.5028383587073
0.48063164902851,8.36656386997496
0.484772713156417,12.5850213439718
0.439913312206045,8.45210833283052
0.80078205303289,8.11561526042945
0.232329764403403,9.4187551038831
0.305278345709667,9.58527683395941
0.478030222468078,11.0910774929228
0.188770631095394,12.1229161427155
0.265528123592958,9.24100730913054
0.389287085272372,8.3067288618882
0.773433112772182,5.17698291035664
0.0146433336194605,13.3320483629087
0.942005265271291,5.6824538921171
0.714490983868018,6.15464568527498
0.384171002777293,11.1883519170609
0.112554573221132,12.9795728621078
0.57459972333163,11.0689208714857
0.654622097499669,11.075860082597
0.230650695273653,11.9593772940882
0.0302382907830179,12.0173852336077
0.475101516582072,12.8240430578525
0.792240280890837,4.80064210182124
0.959280819166452,9.24071427587415
0.555239506298676,8.35257783984551
0.38250852166675,12.2534462333124
0.444021784933284,10.720492126501
0.06291861878708,10.8850822170335
0.0816236003302038,16.6334942499123
0.971798221115023,4.75293141855265
0.702424209332094,7.09660548533508
0.293780407635495,11.9360051474094
0.308557609096169,10.6145816156533
0.328283198876306,12.7211051007099
0.347885323688388,8.69135781888278
0.725175763946027,6.51824252944714
0.956300591118634,4.99498292122391
0.0395250723231584,13.6696430749235
0.904526080004871,7.16908341421252
0.897619520779699,6.31076358386173
0.948386132717133,8.13388875750594
0.771676960866898,7.50552434181248
0.194013895466924,15.3569394164691
0.963989779353142,1.1619795961041
0.487747403793037,7.82176171959722
0.0982612781226635,12.2450287284153
0.232531644171104,10.4153171134401
0.490059026982635,9.43953607903225
0.123452114639804,12.8426822841963
0.306116858730093,14.8262723848013
0.44310725084506,12.850543501995
0.729955184273422,10.426956903748
0.533634637482464,12.6183372597127
0.898564746370539,8.77042197732709
0.954921988770366,7.0415071079068
0.433242155238986,13.070749349656
0.290704710409045,12.9639190838171
0.806386588374153,9.84184814251528
0.607788904104382,6.22206967556314
0.284401644254103,10.4089805086929
0.629432511050254,10.8179453964062
0.512829965911806,8.64974981540983
0.121053110342473,11.9882597969151
0.705512746004388,4.8378543315769
0.565630687167868,10.2962347244106
0.193647985346615,11.5533123475743
0.83388747414574,9.81918614430295
0.0424687324557453,10.9342999989063
0.665617260383442,6.98400500419692
0.464703966164961,9.56786564628435
0.0250238731969148,11.5470070793499
0.580218845279887,10.7349907289754
0.218605220783502,13.3865850782499
0.856221523368731,9.43993353690205
0.367252107476816,11.9984789487835
0.238918541697785,11.7169357892099
0.398212207714096,10.8357341880739
0.341987550491467,12.2871556122373
0.315530044492334,13.0744431263775
0.834917106898502,9.41054401071145
0.20130407018587,10.1417915309858
0.854353459086269,7.8341554376541
0.0673953890800476,13.4060296298347
0.91185141983442,7.89474499324228
0.539438746869564,8.9286633354704
0.612510992679745,8.5894283111761
0.327188387978822,11.7164909247291
0.278718248242512,12.6235007016055
0.839960808400065,7.14229422583933
0.820274953031912,6.8483436034146
0.668690422084183,5.59817493281187
0.107551702763885,10.3434621770432
0.57718053390272,9.90643969152456
0.635975798359141,9.069871269446
0.289538759039715,11.672017757968
0.229243516921997,10.1490731869769
0.252574823098257,10.30163870509
0.497888942249119,12.2112507751728
0.789187808986753,9.54936934243968
0.950583172729239,5.38152515744219
0.106559202540666,10.1911373541747
0.514250663341954,9.9895199074232
0.551654558861628,12.0242615479256
0.773553701350465,6.21545686317468
0.927467993693426,9.37205420716709
0.460010364884511,9.94519907973169
0.973824265645817,6.90816857404546
0.426573017379269,9.78119268634244
0.666187127819285,8.48324422822691
0.577591563109308,7.67669953548777
0.978707386180758,5.00981321402297
0.5536163081415,12.1797212278546
0.898924289736897,3.73688092305474
0.6273426967673,10.958018529196
0.223566123750061,10.924004067813
0.0823660821188241,12.1132875922259
0.786322346422821,9.07139922748701
0.406809389125556,10.5026346674971
0.762681566178799,5.1471308031901
0.762939287116751,9.21188462625566
0.860798314679414,5.41135901649359
0.00412048632279038,14.3367473182289
0.385389212053269,13.1548359242577
0.214834879618138,14.0451323209607
0.276091806823388,10.1476293803461
0.510500089032575,8.48968762338182
0.79289966612123,10.2452627105838
0.0899376990273595,15.3334108259566
0.200862337369472,15.4002367166509
0.524092800682411,8.59882334785619
0.935647524427623,5.03606006525687
0.138081222306937,14.7195236042285
0.801585003267974,9.21149683226609
0.0849195511545986,11.5310592368994
0.551718239206821,11.5293107045577
0.624930700520054,8.89037126498279
0.377813988598064,12.6189964125432
0.121197467204183,10.7466696233476
0.967822831589729,3.68525943323326
0.0900120374280959,15.4986007684876
0.718860243214294,4.82356389091485
0.66333803255111,6.73434603041939
0.993474520742893,0.397906913561497
0.860449879663065,4.97508894569595
0.947146055521443,4.23763358796937
0.0441348713357002,16.2645009716256
0.732254572212696,8.96797936785973
0.86395614896901,9.44472398425821
0.483289680443704,7.95573698069306
0.0391228143125772,14.4712391911023
0.354106693761423,11.2594371597956
0.680085128638893,8.87976200687894
0.645311201456934,9.37142835845823
0.110036250669509,11.3910208583108
0.646420099539682,5.86673420018109
0.791446582181379,8.74692098184275
0.403951168758795,10.1970977711779
0.549026164924726,9.59064122306993
0.820678535616025,7.25968378045233
0.70200525270775,9.59988962600004
0.599169284338132,8.87186451753118
0.847202441655099,6.77938671001864
0.763018511002883,6.66782002106625
0.415997535223141,8.13854269905977
0.14583469578065,12.6288686664397
0.0184283102862537,11.6255157135204
0.742411702172831,9.07044864373554
0.689033206552267,5.24989106691121
0.538308739196509,11.3545384597943
0.791764472378418,7.82541446035108
0.783336084801704,7.37442023099022
0.529772162437439,12.7125499939714
0.601312759565189,9.32435216193841
0.601681763539091,7.09776006686684
0.690816076705232,9.1097605633154
0.512276652501896,9.4389158749072
0.0562743153423071,11.5871544118721
0.945466466480866,9.20065184602067
0.815906322328374,4.4897011527233
0.341209712903947,13.46837865063
0.667545449687168,7.10496733885213
0.922425861470401,6.03303961069182
0.0475421210285276,13.8301219176109
0.657605488551781,7.68176162533508
0.909864401211962,2.89090159293282
0.635498474584892,8.52205463959754
0.182778315851465,9.91913750910352
0.997294107452035,6.36276448126247
0.304475389653817,11.0206410867544
0.231282396474853,10.0705454202877
0.703853697981685,6.25696094663365
0.690538345370442,8.58774985265118
0.163128198124468,12.8941566825548
0.875418743351474,4.68143313431805
0.743679437786341,9.84519043250958
0.424216783838347,12.0340061148303
0.205641790758818,13.0699587803243
0.71576446085237,5.16196126671284
0.257870193803683,12.3202469788075
0.835879783146083,5.49139227614753
0.0651920570526272,11.3601364850513
0.120916153304279,10.616605437383
0.26952632679604,12.9097062356824
0.151813537580892,14.1617601284273
0.303161696065217,11.2566477532582
0.866193392314017,5.58382760426688
0.750945077743381,7.70394011288249
0.377134271198884,12.1231579970878
0.27017676550895,12.9356221742502
0.594422657741234,6.91779505828101
0.664547567255795,10.135598467719
0.888782750116661,8.25914273341383
0.72098967502825,6.49619065948218
0.706552161835134,6.90816555613912
0.00980078754946589,10.8163267977769
0.26765479426831,12.0747710054605
0.245872641215101,10.2732300829183
0.563608282245696,8.37871243411734
3.37641686201096e-05,14.0485286984059
0.462529645301402,12.5539648387108
0.355426013935357,10.1814059591851
0.25402130628936,15.1572551510727
0.313896560575813,9.41075089372426
0.48614156874828,9.9051332357139
0.457474555121735,12.7108467064137
0.602344629354775,6.53770555333356
0.233949352987111,13.6521370781343
0.888869219226763,9.19266448556567
0.396515733795241,12.2596104658506
0.715559376403689,6.65465406904801
0.754289153032005,6.51109346787735
0.276411017403007,9.55870811721454
0.386462159221992,12.4332170762141
0.3741120910272,12.2999161410791
0.158029508311301,16.2993906522718
0.891280066687614,9.91002067078067
0.527038562810048,8.48490309054954
0.156553476117551,11.3617132193641
0.915209712227806,6.4411281637176
0.448733961675316,8.56736237578392
0.0837258067913353,11.8077417148059
0.59858461166732,10.1117227189366
0.559189092833549,11.3362927166875
0.158131315140054,11.7046649773787
0.327274745097384,10.9184596364673
0.0656109985429794,16.9211039018964
0.0408438988961279,12.7621292794306
0.831922893878073,6.81824646146222
0.574303928762674,8.01889267267946
0.259529104456306,9.38036719034825
0.131152265239507,12.0407370832129
0.759182550478727,6.72823230661449
0.489057375350967,10.7135292592055
0.806492854608223,7.10999555620782
0.419355980586261,12.7723460811178
0.554246350424364,10.8290914752945
0.2542874077335,9.64954949075217
0.891722501721233,9.67900890307139
0.323975996114314,11.054947707513
0.82754233921878,8.51042304265564
0.041091842809692,16.4908205157522
0.346765926107764,11.9666901713599
0.72339270892553,7.37568665763688
0.0110258916392922,13.5241000732559
0.630854548886418,6.69340779501531
0.710640165954828,8.68390362839017
0.85161949088797,7.43377138910054
0.247306436765939,14.2368363650055
0.484137995867059,8.54601373782305
0.0914765016641468,13.6188234959693
0.187392099760473,13.792063416457
0.174828683491796,13.0336076033887
0.0701777301728725,13.609762591033
0.496411344734952,10.0732903336875
0.407703517470509,10.0818122517167
0.528879989171401,9.01032548485844
0.188749466091394,9.95028820640506
0.738365846220404,9.49894881786065
0.915678017772734,6.7754904906689
0.712085915729403,9.42250266772411
0.661170434672385,6.91418208628265
0.415065401932225,13.1739869497925
0.572235301369801,8.72994402055235
0.193822536151856,12.8729839706131
0.427666255272925,8.3815640607762
0.0528066179249436,12.9381428245797
0.298408068483695,11.3543291175441
0.952108036493883,3.77740332059639
0.769859172636643,10.1533839900028
0.744142621289939,7.33404746715097
0.263671685243025,14.1088840826751
0.297969865845516,12.8078092592886
0.305798585060984,12.6995950598929
0.227846375666559,11.3734153899722
0.0818565520457923,12.7340493106064
0.512038165470585,8.73200697952468
0.15259962505661,11.5857016904609
0.588433897821233,8.49713934911431
0.115669970400631,14.134178441139
0.950707223732024,3.59403597285071
0.871314654126763,4.33077875551375
0.430717468261719,8.57833800907331
0.606158676324412,6.73459858719515
0.00775463902391493,18.7820572114674
0.69409992499277,7.9660021334704
0.497771428199485,12.8398805355783
0.613563439575955,7.84232604561016
0.999337758636102,8.26275384943416
0.206675909692422,13.0473564153542
0.803568967152387,9.61669891055379
0.627670167712495,11.1558982778195
0.65150074637495,8.65811299564976
0.448245173553005,11.6856266111296
0.24597745668143,9.56541680158483
0.0901803432498127,13.2579787096068
0.413249666336924,12.2856242676405
0.799636457581073,8.10852585667465
0.847492344910279,4.98653141203455
0.056462912587449,11.0423328294648
0.571807145141065,11.4589297897056
0.27567619853653,10.5070824937248
0.777937054634094,10.5910355280046
0.0769856956321746,11.1413393959575
0.321083687245846,9.0490599196732
0.0149721060879529,14.8947588413216
0.915320591069758,6.03872825812306
0.518248983891681,11.4681438527199
0.870974714402109,9.30626251264848
0.564387424848974,11.9798001417245
0.489129151217639,8.85490425668487
0.941364103229716,6.65781335164765
0.391900456743315,11.5117700271463
0.528233657125384,8.00803741826952
0.942953777266666,4.78372148575762
0.128336803521961,13.4427489137671
0.223328420892358,10.8966560185476
0.0908594904467463,12.6765582130413
0.671252645319328,6.11350047505354
0.62149351509288,11.3752531469818
0.873653618618846,9.58315798386979
0.917101165046915,7.21814513099845
0.735530717531219,9.77295251045151
0.965085110627115,2.22538186206351
0.136145075783134,11.6435626874034
0.0304203671403229,16.6108320429096
0.968259566929191,6.05953702543803
0.044007773976773,13.6687293135637
0.3992797404062,12.7109258092443
0.863221368985251,7.6968039828392
0.487617578357458,7.36132015455471
0.987763599958271,1.01280220982277
0.473031247965991,8.50712002443333
0.336538477102295,10.4548949335308
0.400097734993324,8.08713600908339
0.561770889209583,11.138929623157
0.77313215052709,8.015503927656
0.591109722154215,10.9561725761523
0.77893557283096,6.83001035710815
0.500535544706509,9.20345938961433
0.38766281446442,8.55660955949046
0.992584310937673,8.6243877195957
0.332669348688796,12.0067052456207
0.762675365433097,8.46792711606985
0.0152468306478113,12.149278964533
0.539127325406298,10.3906056657118
0.16727681690827,14.314116587101
0.961018165340647,1.82402396105038
0.0112163480371237,11.4747038846168
0.0619890596717596,16.1691960718602
0.56870246771723,12.1015607047302
0.931361319962889,5.7233915252346
0.682950016576797,11.1007923452554
0.858357121469453,8.9260153071973
0.324734600260854,10.5305471333592
0.156057454412803,16.0399387881382
0.890505900839344,8.38339578299138
0.777684659929946,8.94192367098411
0.754013479454443,9.52755078215436
0.432437339797616,13.1519727243134
0.208018739707768,9.61083316443186
0.667319623054937,7.76118587876858
0.508928437484428,8.46023112435553
0.791074454318732,8.03049831166232
0.235192104941234,11.2413113308995
0.788064476102591,4.8910817131998
0.185631246306002,10.2956150198459
0.632885747822002,10.9008823715965
0.0908944299444556,10.7982154286654
0.817514916183427,4.58142623863575
0.456578351091594,10.2787428821431
0.424526827409863,8.22904921025533
0.490192167460918,12.1921596797146
0.465611835476011,9.94560305069341
0.156418223166838,14.8782709152849
0.419048762181774,8.96896523142
0.890026036184281,9.74959608093357
0.835153199033812,9.1259909578363
0.37961575598456,13.2085095818899
0.486672127619386,10.3977347379631
0.109485344262794,15.3807848326411
0.982593242777511,7.99824505048443
0.930892263771966,2.2965686052399
0.595438521821052,11.4193660107468
0.43208443466574,8.57903437254125
0.257129767676815,10.6270663261901
0.332224718760699,9.36572714463676
0.256644599605352,10.2576471023089
0.0178169596474618,13.4685227258178
0.563005515374243,11.237539686618
0.316894016927108,11.509742362829
0.608204055577517,10.6140530932819
0.0826914093922824,14.5832720787964
0.676043902290985,7.17085536362881
0.109411283396184,14.5453030224986
0.929448971524835,2.63063840881274
0.600457134889439,6.29096504504825
0.325021179858595,10.9223231969947
0.294586634729058,12.3796129051819
0.658398048020899,5.56500684071058
0.408351725433022,13.0101085176744
0.12220990890637,12.6026984102375
0.503972549457103,9.79484851736285
0.386078314157203,10.698300962481
0.256162670673802,11.2808918324964
0.913284184178337,7.94311678030718
0.620599912246689,6.20946492703262
0.354755331762135,9.77765991102595
0.4486875673756,12.1208160621679
0.511265310458839,11.9414130874292
0.703907820163295,9.60699633671545
0.342906794510782,14.2002214054964
0.131417447235435,11.0093976746991
0.894240824971348,8.87484532941542
0.944071027915925,5.57401357706895
0.406410507392138,9.10823784320358
0.0414692731574178,12.9137834975525
0.643607623642311,8.56480887316048
0.381293467013165,8.80653621448044
0.652007013559341,10.7011830403761
0.437102248193696,11.4181938838055
0.637595162028447,10.8624822039623
0.218116692034528,12.7962365917756
0.256004464346915,11.8506534564204
0.599287481047213,11.5359229247652
0.647586204810068,9.12226327012638
0.655446559423581,6.6678664371653
0.812908554682508,4.67380326334018
0.353003320284188,11.9348981788355
0.368266049074009,12.6268693803864
0.211976812453941,11.1085817590608
0.473362545017153,12.3773529942266
0.960485177813098,6.1590995352779
0.742393773980439,10.6535758182605
0.215068912599236,10.4436341279599
0.698991842567921,10.4698582561211
0.0433710590004921,11.2364501850635
0.237003306625411,13.8603534095184
0.85507205943577,7.86494231176227
0.996013139840215,5.21843847262878
0.348419470945373,8.61391744862154
0.931596553884447,4.89093131087915
0.954580767080188,6.29638130772756
0.65211262437515,10.3418724726586
0.306152292294428,9.95272880911605
0.542380407685414,12.4492205052433
0.610053804004565,11.6997923130526
0.381911755073816,13.2136782090432
0.436466410057619,10.1383998764016
0.922052987385541,4.14342936003794
0.90097722876817,8.76497124376682
0.396015416597947,12.1666104299767
0.889973689801991,4.99231272557261
0.693307258421555,6.92436902121339
0.324924113228917,14.2019771008117
0.443276471458375,9.75145569811042
0.687904373509809,8.56912262145842
0.95061665144749,5.36536293473867
0.234276258619502,13.9823112242505
0.242946542566642,14.1055589578285
0.480641950620338,11.5321448493658
0.277490030042827,9.89245785137306
0.0601688395254314,11.7340861064481
0.990437827073038,5.01760865363871
0.519440050702542,8.82157065356011
0.21088978368789,10.2798460444662
0.189631022280082,15.6179324032438
0.548854241846129,11.0335139784499
0.763856600504369,9.85521337902602
0.716004845220596,6.9282493493511
0.242952064611018,9.57729326817529
0.372536277631298,13.0631555432487
0.138174646068364,12.5069841817724
0.535161144565791,12.6956142056047
0.290989904431626,9.23283283951175
0.530475971987471,8.07923822836847
0.986174493329599,3.65190501362396
0.810956862056628,3.94530304808372
0.106150228530169,10.5867952600042
0.181671919999644,13.1577358068116
0.633392319781706,10.1926631896351
0.399268283275887,8.67620017879888
0.160293780965731,10.0957121466392
0.238984209951013,12.4078876416593
0.917509685503319,2.74393572730727
0.559987186919898,10.1955036411624
0.925428802613169,8.43518640215
0.826418365119025,9.59565352938763
Rho_s: -0.802008214008214
Rho_p: -0.788347459291391
IC Time: 0
