Rho:-0.8
N:2000
0.66359161795117,10.4020966560456
0.855403285706416,9.60983947785567
0.555848822928965,11.0548899461263
0.315071978839114,9.10700110283939
0.85077567701228,9.53824387546507
0.550133506767452,11.9090588679058
0.209487238200381,10.0986315321274
0.00786750623956323,15.9686147201727
0.741781214484945,7.79006129380523
0.316454725107178,13.7054944191791
0.130624424666166,12.2335341796203
0.261470396770164,9.81844213947341
0.353056527208537,9.87971572426253
0.653110556071624,8.6030237216905
0.914324836106971,5.35769543099638
0.0381927478592843,12.0713757888581
0.790930421091616,5.65324254963317
0.405847635585815,9.68870498978765
0.946138626430184,7.57661078407751
0.36174462386407,8.36891040631899
0.626866780687124,11.403512814982
0.582007077289745,8.40353681159437
0.636334703303874,11.2003571908241
0.352794287027791,10.020562246249
0.872007234254852,6.73281736831696
0.168028967455029,9.79283161335678
0.930719135794789,7.43567316405701
0.160907696234062,15.3677719737186
0.32621385040693,8.66271964441255
0.219337081536651,11.3739738685755
0.608126663835719,10.4848627548967
0.55805879062973,7.85646030302121
0.781763191102073,9.85689283161798
0.783823151607066,5.71828771083694
0.41933576692827,11.728974021056
0.102474370738491,10.3606463973231
0.67734309611842,7.09117575736755
0.439778910484165,12.2299244571768
0.396051270188764,8.18032654609781
0.194481753744185,10.0813434836336
0.515797715401277,12.1363419090653
0.821438625222072,6.17248023056511
0.663631396368146,9.93951876301389
0.682418386684731,9.77566544863816
0.230500157922506,12.2141100870237
0.603994604898617,6.72598257477159
0.611967656994238,7.54607622763996
0.575843024998903,10.7688895621927
0.124855529516935,11.4315059920962
0.607609718339518,9.77302680182614
0.881014979211614,7.20146348977706
0.871780980145559,4.90493572673526
0.117052943445742,14.1481187705198
0.518869516206905,7.36829309042818
0.747904947493225,5.4814658361223
0.940828121965751,6.87310791307952
0.488116981927305,7.33087300009477
0.209202211583033,9.23306661843656
0.316464931005612,14.1015078727803
0.203083905624226,12.6062861704767
0.236738831503317,9.83207907999085
0.409275693120435,10.0337796760154
0.35472087841481,12.0793890176948
0.119377567665651,13.8343455605973
0.521171810338274,7.99723155829129
0.215671895071864,11.7693678260421
0.238663877826184,10.910110644377
0.302429349161685,12.5048716533341
0.0856080786325037,10.3348600091422
0.0278727035038173,15.2609694484389
0.894760793540627,6.87217761346078
0.698264649603516,9.87176051665674
0.273793128086254,10.4297831207491
0.372453645104542,12.396072606505
0.486748771276325,9.06541626674812
0.878103618277237,5.11256614697283
0.956824901746586,1.91534248754916
0.583015078911558,11.3221349094017
0.0626501610968262,12.5907271996632
0.0275721854995936,13.3527810088428
0.00536124082282186,14.0144072817107
0.406429291469976,11.6697540771666
0.297561530256644,13.3509179282288
0.572768626501784,7.19420573239468
0.151499749394134,13.9655604140982
0.849170392844826,9.63371578577342
0.786873959936202,8.53206753820641
0.579086398473009,7.03143662936746
0.0869980356656015,11.8418135539532
0.0253211639355868,15.5240427853042
0.947669885586947,6.19329983393771
0.180474582361057,15.4978255832733
0.0879398095421493,12.1713426000223
0.680638132384047,11.18545083709
0.872358636232093,4.4464825454505
0.582895261002705,9.45338528687342
0.179293858353049,12.9473515859968
0.0892384469043463,10.4126219388697
0.256861572852358,12.0370115612884
0.949456559261307,8.79650298835396
0.22829175577499,10.1752643445109
0.639668728457764,7.12208055187314
0.199044045293704,11.379398908862
0.313607786782086,12.571485538354
0.367589059052989,10.8227301120583
0.895521280122921,8.88381357107984
0.0491959098726511,12.2041031630056
0.70491778710857,5.46725543382394
0.460803872905672,7.61760727603282
0.597419117577374,9.23583587028251
0.100985991070047,14.2244345517153
0.707169729284942,10.8689711447307
0.729713324690238,6.69130289828129
0.445360901067033,9.10631530743874
0.641226599458605,7.75051016847144
0.599995184922591,7.02356214370986
0.0714489673264325,10.5346016958658
0.463185257045552,8.11693140226325
0.901053803740069,7.93421159706826
0.94315735809505,6.4120633696063
0.744834902929142,9.80263769109438
0.0995489449705929,13.2549587132264
0.575581151992083,8.7412594193399
0.423388373106718,9.0450487850064
0.840488817309961,8.02763985380694
0.853662544395775,8.22721310064294
0.290690964553505,9.06568608957108
0.530629468150437,7.6971316488614
0.208813544129953,10.8882827791511
0.547157906694338,8.91608915893319
0.433025497477502,11.5775025773471
0.345592497847974,10.367467488934
0.114311529556289,11.5167469956294
0.633045303635299,9.11472069323819
0.781904556322843,8.53033497502745
0.117144035175443,16.3322216075283
0.0168995084241033,16.2447233358353
0.532357424497604,8.00648720714174
0.928883807035163,6.3872246714943
0.814348245970905,7.51275917763044
0.527928330004215,7.81344497100574
0.332758678123355,10.3759358391238
0.962669054511935,8.95546427996519
0.490529391216114,12.6022345371001
0.84014544589445,8.82459613671527
0.951669842237607,5.29960302447529
0.752769227139652,7.55135527258878
0.828351469011977,8.07092295478093
0.718665974214673,9.38267440626429
0.410492321942002,11.6664274021941
0.433371860999614,13.1242881251435
0.7533902998548,10.489591015596
0.699313664808869,10.6942741882142
0.0234139123931527,11.7650871169043
0.939415130065754,6.28369681718213
0.441086947452277,8.40586100509234
0.666157595347613,10.2156901277579
0.637000457849354,8.40124198635397
0.38815140305087,9.10079267634984
0.0765011641196907,11.9045045256787
0.572515127016231,7.82220218779042
0.43583521200344,12.5657095026298
0.0959207583218813,11.4670649515218
0.392682353500277,10.1223149113886
0.766207971144468,7.85890610013029
0.74812207906507,6.47924828972313
0.267233018763363,11.94875117336
0.0739244648721069,11.5036607970456
0.848056854214519,9.2402298748881
0.823269133456051,9.31159662273312
0.122883862350136,9.95799363257627
0.705162234837189,5.64830014781824
0.577543466351926,6.85904584960111
0.846103723859414,5.91183363581173
0.984024566598237,1.33233697706209
0.184079676168039,11.8955189978507
0.820295511512086,10.0594920845295
0.238991440506652,13.365038799743
0.600759572349489,7.00623798623042
0.458078983006999,7.56229600852716
0.895679409615695,3.52356043166237
0.42920629424043,12.1627122879368
0.602660910459235,8.01911072191244
0.0966580091044307,17.4244069448974
0.0245465505868196,10.9817404156526
0.506244896212593,8.53447425136884
0.38359052548185,10.9160544058597
0.43152837944217,12.9684371276173
0.84921101317741,6.97381466921507
0.221335789421573,10.1925499193242
0.89565475913696,8.60632307504502
0.174532715696841,15.3944038210904
0.346590064931661,12.6447883341563
0.934124320978299,4.6502145162569
0.281217779498547,12.5950195081907
0.324305272428319,11.3774674363212
0.837831709999591,9.0704460337863
0.396162224467844,10.7275763596564
0.133429234381765,15.0758982389457
0.170470722950995,12.740826823414
0.930742467753589,8.78015187147487
0.642430053791031,11.0696145486236
0.493876901688054,12.0618267212717
0.946950543206185,6.69320153399604
0.355581370182335,8.98606586634291
0.308908534236252,8.54021172008884
0.681375663727522,7.83089332410396
0.664613408967853,10.9325684182099
0.760573103791103,10.7420062649927
0.215540021657944,9.70489470474336
0.428984435508028,12.6212943286349
0.251789928413928,10.7995295291952
0.0641267560422421,13.556024335854
0.568685311358422,9.04614053903131
0.703988312045112,6.12546598149882
0.110849068500102,11.1637168113608
0.981254033045843,5.69730052293973
0.193692554486915,10.8333414809957
0.265085946535692,11.1551854595078
0.77477611717768,6.09236842230188
0.23850089055486,9.98441289372872
0.962540703592822,-0.741833990436328
0.895168989198282,6.7357356649739
0.283800614299253,13.5181288717529
0.0567724213469774,15.0730389850137
0.398063317872584,9.57350971607055
0.0944537033792585,12.6237558737498
0.0180650216061622,11.7147387754426
0.907975349808112,3.26352838874547
0.907344511011615,8.93974111964059
0.119538323255256,10.8615287262455
0.44705516169779,10.7965148596238
0.852865798166022,9.75115358658883
0.33576065255329,12.7816933846781
0.51080169621855,7.81183057177091
0.527499533258379,12.0827574726299
0.890646893065423,8.27687341483879
0.334297213703394,12.6635169387727
0.917647391324863,7.18415064858916
0.688061437336728,10.7502152977374
0.103648844640702,12.0713339913646
0.206587358377874,10.9571673485283
0.848951822379604,8.22212735525267
0.100484249414876,16.3153280623819
0.399253435898572,12.6243771190732
0.315273945219815,8.52742613813194
0.856513509526849,7.19812300527725
0.748644770123065,10.123678557961
0.983962719095871,9.10716253312804
0.256282217334956,12.9500363158215
0.928077703807503,9.25701735540171
0.696769135072827,11.167333629229
0.28707464155741,11.6191108414469
0.795459963846952,10.0552944609205
0.0836984082125127,12.7116600950435
0.722197205759585,6.02229047914827
0.811916833510622,7.19001436607448
0.415373140247539,7.90804957049908
0.0596831198781729,15.836958550345
0.974316045641899,7.8607321577213
0.315418730024248,9.63594286092022
0.205596708226949,9.66324787747801
0.478944043628871,9.41293165309327
0.230882954318076,10.5578337478172
0.131348193157464,10.0231118408372
0.3129524406977,12.3710681263846
0.16761815850623,10.501271104327
0.0132245013955981,10.9455518272196
0.691181688336655,6.06742390227802
0.697865617694333,8.42051900011565
0.805655755335465,5.93057474737211
0.693601878127083,7.08165410841984
0.847746023209766,6.05750621496207
0.235020461026579,12.9723213968771
0.371093669207767,12.9412344264016
0.00195664376951754,21.010812470638
0.640831713797525,6.88781559832811
0.434325600741431,11.1715334008928
0.141160879982635,11.9128566048186
0.34374312334694,13.5459152439784
0.692909483797848,5.97608526777009
0.0132822415325791,14.3996169301248
0.418665098492056,8.00250487214418
0.256080528255552,12.746740151402
0.0527350050397217,14.1993480651522
0.905289881397039,6.15315919413102
0.113467909628525,14.8080688169375
0.548348001902923,8.01630292138528
0.955203501740471,3.35762847904113
0.0649371175095439,11.6372551719101
0.503654362400994,11.7639141911302
0.592675769235939,6.95961856991434
0.253953877603635,14.0594558075686
0.532111220760271,8.05770236778483
0.757582139456645,6.48282872007872
0.335043690400198,10.1165768559446
0.657575473422185,6.41812339049254
0.626159116858616,9.84666222180909
0.291363717522472,10.6918105540486
0.894962650490925,3.82383967033197
0.565204957732931,10.5013106278639
0.603067230200395,9.74018188510653
0.627827862743288,8.46099646336616
0.81773673533462,5.27849536153843
0.118717304430902,16.760092802231
0.5082822968252,7.52695734593895
0.374989157542586,12.4199840926524
0.156086890725419,10.6571731354782
0.309133964357898,9.44346092923118
0.517122288933024,11.2911330494095
0.789159727981314,6.5202179415078
0.743949468946084,6.51243235464077
0.416545248357579,9.03083146811976
0.966304177651182,7.23306774314691
0.742945356760174,6.75960820543311
0.867576954420656,9.0981962684269
0.86679191282019,7.90333746100342
0.826905901310965,7.22323552040738
0.612191761145368,10.7777101591711
0.318320297636092,12.4752532102657
0.89342839200981,5.67416615117145
0.446439313469455,7.6221288999939
0.636572811752558,8.52403079357748
0.790986761683598,5.36425503935011
0.697588625829667,10.5378846189444
0.991291634505615,5.71176415277934
0.562808103626594,8.79243231349481
0.934147965395823,4.91317068693299
0.620682633249089,10.0508144563501
0.351094539742917,12.3902862894472
0.240589612396434,10.0978399378748
0.772467350354418,7.66827797029585
0.210782609414309,12.8262031271416
0.224520419724286,14.8616966293949
0.086754193296656,10.3892697309636
0.187153591308743,13.7683896813772
0.926546850940213,6.59422041551281
0.0911487881094217,12.0424141047577
0.719804634107277,6.69780515220086
0.553263566223904,9.84209977924204
0.650088936556131,6.94075816700416
0.614002386573702,7.13293752370602
0.872382008936256,6.6023338156592
0.123404805082828,14.7556260020415
0.616392641793936,9.44877355476061
0.270966090261936,13.745375762721
0.821319894399494,6.49933979434276
0.851744753774256,5.68635177313812
0.944182436680421,6.49107332221807
0.527640765300021,11.8069501473142
0.322223586728796,9.99952562388367
0.73816469241865,10.8269094034441
0.28786509600468,8.84315509630234
0.410740793915465,11.543106221425
0.918914352776483,6.32709074450126
0.315240755910054,10.1633612349401
0.605296441121027,7.96377874341855
0.422544523142278,10.8021290677606
0.478770561981946,8.99010143837181
0.106205072486773,13.6068106386694
0.667308622039855,11.127139202231
0.222328772768378,13.1224764008755
0.176393131958321,12.663725554428
0.473398391390219,10.6878789639075
0.0535401694942266,16.9331567217133
0.800849608844146,9.21235366023707
0.802609218517318,5.89760487237359
0.290497612208128,10.1062957457442
0.443009003065526,7.87203022458227
0.101175567135215,15.7633732100028
0.424478746484965,8.49922126026241
0.290170648600906,13.5126010363373
0.14363634865731,10.2671854738965
0.425696670776233,8.15707008393741
0.941638513002545,8.63353407416636
0.262563551077619,10.2104000367816
0.049514883197844,15.9797955768901
0.0521893943659961,17.3638593497722
0.38043500832282,12.4845846083156
0.442669180221856,8.32881165367372
0.738088223617524,9.96146736855862
0.702202420914546,9.66414603007525
0.074288806412369,11.0098826921771
0.523884952999651,7.76861825944633
0.299704782897606,12.4593789346726
0.506108588539064,11.0680584493415
0.690656455932185,6.98500415306638
0.532275476492941,9.86108228463806
0.947473123203963,4.45139111159795
0.178274614270777,10.3106552702732
0.936679852893576,2.38780513407489
0.437389293452725,12.4385463881844
0.394990850239992,8.79653297019198
0.358052744530141,8.81011853545812
0.210787751013413,13.5108301058998
0.300864388700575,8.74238074875252
0.74787985952571,10.1789098159346
0.482031227555126,9.88765012802477
0.0959292144980282,10.5141686153241
0.242778707528487,11.0143430702057
0.057700342265889,15.1661316144143
0.633486311184242,9.12774939662174
0.209028043085709,14.02465351471
0.529485287377611,11.8691551588133
0.529426723718643,10.8729475598449
0.165321824140847,11.9620795354231
0.303062427556142,11.9358220931988
0.0393577362410724,12.7769469916473
0.401192167773843,13.2309579849608
0.244432845385745,14.2219314726139
0.554085479350761,8.22575257393947
0.959500563563779,0.779790600678776
0.680814438732341,9.98637164061091
0.381283930037171,10.9585970391202
0.218352872179821,9.29255050982506
0.177058751229197,9.6911546604547
0.555487735429779,7.64948370151851
0.0467446269467473,12.306029518731
0.476931190118194,9.68961358894214
0.749242395162582,10.1402331700347
0.765374748501927,6.99172924750377
0.279854801483452,10.0279922989776
0.0776231659110636,15.8248118737232
0.960552864475176,3.83620434884705
0.0392263755202293,16.1667927954257
0.549807943869382,8.97395017161083
0.596207484602928,10.9863046685252
0.737290064338595,8.11821210374142
0.781836467795074,7.99553987603511
0.975454224972054,7.73421428047701
0.789354810025543,7.86573270988305
0.865697428351268,7.21936120152307
0.180473701562732,10.695132670148
0.796756099443883,5.92535161542754
0.62738560535945,7.98341256955322
0.26563895563595,9.07800489212233
0.549337370321155,10.4468799831507
0.870447644498199,5.22382176061859
0.721275919582695,8.00348179037419
0.604079890530556,6.72653086633041
0.0918323285877705,13.6905127327175
0.210769027937204,14.984844999546
0.32863919227384,12.8914926157794
0.403698811307549,12.1201157970909
0.704274573596194,5.55013783876808
0.573262965772301,10.8564397495619
0.881542323855683,8.50621509888862
0.585954588605091,8.98281575328313
0.811846411088482,9.7963563512638
0.770160749088973,5.97530822071163
0.783074295148253,6.33323300139104
0.76884696399793,5.89461685134005
0.991570116952062,2.04564036895822
0.697029943810776,6.79628149941642
0.917453506728634,5.46442559685658
0.595311876386404,9.80679336392407
0.997375399572775,4.01424194702002
0.267693195492029,14.4202589659726
0.124107003910467,10.9300333921282
0.260876146145165,14.5953128559809
0.416034042136744,12.7935678858207
0.132444919319823,12.3815273008422
0.238206631038338,9.38132401093561
0.652491862652823,9.10171307790656
0.65096838818863,8.6853335626843
0.767317776801065,6.16092676312168
0.661243013106287,11.0793629942296
0.247107811039314,11.0184090130529
0.761820009211078,5.78834279769188
0.107669537654147,11.4163687298718
0.666204178938642,6.91886298073847
0.349145053420216,10.846248725533
0.897909791907296,9.63684981157889
0.026601483579725,15.1151503949175
0.833789166761562,9.52139711340973
0.408170534763485,9.79607545051775
0.394791962811723,10.0796104418239
0.372183070750907,8.82357418324159
0.237464631441981,14.1362743215113
0.556749198585749,8.48982584733205
0.235605102032423,11.8211562467009
0.204543667146936,12.6463886921702
0.506364486180246,11.5335636871494
0.149673509877175,11.7151092898158
0.530121114570647,9.11895010553408
0.78183840541169,8.38930715865274
0.668164846487343,11.1398819724908
0.914741782704368,7.26122453707432
0.88877041474916,4.34186494430814
0.38518791901879,13.0798967662093
0.685294055379927,9.22198779678123
0.938609756529331,5.32619302001791
0.26457767165266,9.08701714516194
0.829203720204532,9.88994319914089
0.575850520282984,7.68035872358733
0.356383687118068,12.9655492663653
0.892041457584128,4.90525603375564
0.536002947716042,11.7847212956621
0.163073900854215,14.8438975263607
0.819017405156046,7.15877866758166
0.733032576506957,8.15284264442699
0.285132572986186,8.82756982140859
0.65589740453288,10.8902815196838
0.122897492721677,13.5586356526631
0.710822018794715,8.00929089765932
0.961364458315074,2.26475009814911
0.529143248684704,7.14623060625987
0.00650449097156525,15.9108851620037
0.091936701675877,15.3397993612608
0.488967692246661,10.3929111637852
0.79118006513454,8.82744434575535
0.416097794659436,11.4692369891503
0.100291513605043,10.7143356259008
0.330027654068545,10.3979781360628
0.0325234474148601,11.3610362204053
0.936539102345705,4.3869721224274
0.198570471024141,11.2687677621946
0.166492950869724,10.7308383020558
0.42344934376888,12.5696866491826
0.153548459755257,11.7082015892847
0.36559258424677,11.864680476771
0.649957834975794,8.35592134302343
0.435985527234152,12.750085460484
0.801729115890339,7.32177191531547
0.69423167523928,9.35410745572474
0.801076833624393,9.84048055262987
0.938432624330744,8.8175499920372
0.674390492029488,8.06917591440151
0.801859230501577,6.85875755410277
0.401512749260291,13.5557716146352
0.259591246023774,13.8107860340379
0.711280912160873,9.52928143593223
0.0673362486995757,13.2410599667917
0.414940267102793,9.87950204617547
0.937835170188919,6.59180825127497
0.115477565908805,11.089550165088
0.662246574414894,7.40853127115288
0.138057993724942,15.6684446564539
0.820097179850563,6.19333451022988
0.0477468422614038,11.2919885166164
0.548460089601576,11.6095869979322
0.573297997470945,11.078252392803
0.895138420863077,8.8586755529516
0.354581450344995,9.9686492003947
0.690054695587605,11.0306906683589
0.314323996426538,13.6871168686477
0.359214114723727,9.01732324572751
0.0266513281967491,10.9491837355007
0.321841513272375,9.64662562608834
0.912695318460464,5.34312939471903
0.106386695755646,11.2825379015626
0.0410593282431364,12.5378828055571
0.198813393013552,9.389798534107
0.187957968330011,10.1642417706638
0.632039561169222,7.38725637479081
0.984909651102498,8.32120879290733
0.076985516352579,12.4252703056177
0.523958211764693,8.25932133187748
0.237943535204977,12.8700942630673
0.392347410321236,12.424012543922
0.235720334108919,14.7605837344534
0.639587044715881,6.82954894101013
0.62687643058598,9.68988721576149
0.65629795845598,9.35600496158435
0.999387773452327,8.18051964305285
0.800108786206692,6.32675795912893
0.0127099787350744,11.5161828284291
0.264154618605971,11.4943808834398
0.957835663342848,2.47707597775634
0.475272728828713,7.25867646552148
0.670569086913019,10.722571240512
0.22256945958361,12.8894624433443
0.353481746278703,10.5767804633423
0.812278847675771,6.68205753340025
0.678650822490454,10.6787222548035
0.446043620817363,8.7553573678916
0.579754004953429,7.65974861487423
0.290580301079899,12.8933458643757
0.951955332420766,8.78539594525568
0.151423738338053,14.8823666267262
0.802077191649005,9.38980692962144
0.788516129599884,5.13930925145622
0.329220885876566,11.2039134465888
0.336520786397159,10.5548424252256
0.130127805517986,16.4500145845015
0.365474290912971,9.18086102734155
0.241394148441032,14.5096410270311
0.805688600521535,9.24410535477045
0.154132967814803,10.7667266226085
0.13643778138794,14.5951705740103
0.121474262326956,9.9042535839457
0.293011539848521,11.7340111018753
0.0137428655289114,22.0717443513445
0.359805070562288,12.1525693933133
0.065996102290228,10.8471002861373
0.371752552920952,9.80344734182895
0.272889237618074,13.6132303029356
0.570096300216392,9.54663177511908
0.134829082991928,11.5880933052259
0.429300577845424,8.60340084101226
0.432722264667973,8.7803731457805
0.955244474345818,2.15839809484767
0.236761420965195,9.04939096323898
0.734942953567952,6.47516759866599
0.912656572647393,7.39293760938049
0.451330523472279,9.01600758281522
0.037698459578678,13.5845116014956
0.850456696003675,6.90357249868929
0.770305950660259,6.49789927907405
0.587650228524581,8.25846053979757
0.603046800242737,10.6420314222905
0.828182505676523,4.34758527802672
0.108954288763925,10.6678538566022
0.353734539123252,11.3860555660949
0.332136046374217,12.5633169140925
0.909291157033294,7.09871196435231
0.276445580879226,10.6115324204461
0.927680848166347,3.68783002682797
0.17777365911752,11.4544786390562
0.585284099914134,9.62663511840174
0.916221949271858,7.97426298344929
0.78520774259232,6.72554672183752
0.0623586564324796,14.9034137108667
0.799496743129566,8.67527875735148
0.898115270305425,8.0313236414407
0.716431050561368,8.40931367569802
0.471286222105846,11.1072448482459
0.513613785151392,9.29543327235056
0.0597009938210249,12.8073000170504
0.218111327616498,12.6385086829808
0.206855368567631,11.006761956165
0.532563037937507,8.14063920524647
0.175788604421541,11.5557169750172
0.228819336974993,9.49849187220308
0.9546069575008,9.16409043737592
0.644394471077248,6.73049680103379
0.338934717932716,8.90668530907106
0.997643918497488,5.23465175231488
0.437854667194188,8.91280267231519
0.537643168587238,10.1776731119577
0.598193194949999,11.1603622871736
0.392672618618235,9.93659419384041
0.494122677249834,11.4070476418938
0.494601200567558,12.0792818053752
0.664477015146986,6.2093821483926
0.587333962088451,11.6037575407075
0.106621390208602,15.2698265079141
0.498374856775627,9.53160812523081
0.111928638070822,14.2983749550297
0.802752909250557,5.91687230146824
0.749907485442236,6.67741220132984
0.664549576118588,10.4369868365467
0.724354043835774,9.81620895849718
0.496472097933292,9.65784868893166
0.68553034379147,9.63287562675046
0.580061520216987,9.75885963578849
0.565537473885342,7.19133214151618
0.0989107661880553,16.5858959021121
0.983219990506768,5.31586017567802
0.216027603019029,15.0244990872926
0.0968472852837294,14.1785212848045
0.903126255841926,6.50263500958991
0.445662879385054,7.99459976772069
0.754363879794255,9.92535635354483
0.554230301873758,7.0633198330095
0.376707793446258,11.185304719919
0.272492505144328,13.6178303231227
0.291248890338466,11.1665199144357
0.254610009025782,10.1753007752737
0.401313827373087,9.29186073489813
0.334506771061569,11.8433249153726
0.571095085935667,12.0648352552502
0.696777700679377,9.01591104341908
0.958252471173182,6.3301862293126
0.543019456788898,8.15853021423353
0.39259010180831,8.37585151885703
0.0394594112876803,13.2290367015141
0.108036064775661,13.0422762956294
0.560576922958717,7.40940771030185
0.230350947007537,10.8401803663307
0.25124931614846,14.0230371235644
0.20840735337697,10.6420078549098
0.938890997087583,8.0210334524754
0.0373530774377286,14.0308768808774
0.387779839802533,13.2147747212013
0.311812620609999,10.3824169344024
0.139861088944599,13.6301871940293
0.362314165569842,8.72379151771848
0.667781984899193,8.2589470031546
0.370763287646696,11.9684514609663
0.833208090625703,8.76288944425585
0.686690880218521,6.88724302425859
0.484877485083416,10.7477204494741
0.639698168262839,8.9570849623334
0.820025043562055,4.76036994026784
0.558264008024707,9.90669002519665
0.4426822764799,10.9482465782382
0.406072753947228,9.51439539839136
0.5785208188463,9.66873070813193
0.996706240344793,6.93636017827048
0.868428166257218,8.06549157894051
0.353521057171747,9.14069351500594
0.647813303628936,6.20260831111034
0.246180817019194,13.454919728835
0.979988570325077,7.67377607281419
0.0985959365498275,17.3720316992924
0.391322053037584,8.35045358381905
0.259698100620881,9.52081101068979
0.145128918346018,12.296109370522
0.275919126579538,13.5378776482369
0.556355104781687,12.0390864995657
0.195031793555245,12.4171591156294
0.150732084177434,14.3037585931341
0.404207400046289,8.98097401792886
0.562995952321216,6.9454491693444
0.946240339428186,8.4923901833746
0.512099934509024,9.01092026950289
0.167205292033032,10.9376645243794
0.56366299604997,10.8076387213594
0.858008034760132,9.50337716190979
0.981017349055037,6.77013929315296
0.361067826626822,11.1294272974781
0.44739894522354,12.9249371989038
0.915397388627753,8.24879789264511
0.0190566331148148,21.1353107134429
0.822197709465399,6.67753360195595
0.391780888661742,12.3272712809417
0.840152559336275,7.12585537657988
0.168030659435317,9.73671545752513
0.951057025231421,3.54269589338292
0.401036218972877,9.78885417985033
0.23662788560614,14.559111609442
0.809626858215779,7.8247303359967
0.362950810464099,8.52914882465293
0.929477190598845,6.03920083688446
0.347751294495538,12.4203506548322
0.123130573192611,15.1727860229232
0.460063372272998,9.47073039142207
0.592303398763761,8.74535727789875
0.840327078243718,6.40838890512733
0.659182223724201,11.2110916690906
0.156789184082299,10.9671199510662
0.720405578613281,5.81918201772272
0.585206284420565,8.35505072667001
0.739005558891222,10.0528943253321
0.141589941224083,12.857305366839
0.571790291694924,8.82707427709505
0.86210877308622,5.09576004553124
0.027562172152102,15.7288367525688
0.623602143023163,6.7539828587602
0.890539785148576,7.9216676889698
0.72777395718731,6.78268775743709
0.675314552383497,6.42227226439191
0.270537748234347,11.6133606150017
0.122513723094016,11.4979124336597
0.110708755208179,11.5025205203273
0.515708434162661,8.78271672791525
0.732398671796545,7.90788001910525
0.910440330160782,8.37917164294419
0.209065449424088,9.98163040215948
0.0166264572180808,16.380662239755
0.576673553790897,7.49027226915491
0.0913191647268832,12.8355899547499
0.240506626898423,14.5495295996842
0.910985360154882,8.11283025792171
0.703182319412008,8.3927648947832
0.0110669620335102,10.9736873867192
0.96121331024915,2.82578124815802
0.637356957420707,9.80901578660996
0.0775275204796344,17.6624859808895
0.756171869812533,7.59913128554522
0.108261239016429,10.5329254081375
0.645196858095005,10.5231861365222
0.0173526154831052,13.2846715791474
0.193682994926348,11.8927783351571
0.856675432994962,9.38679411701073
0.514116902602836,7.57363208823086
0.0771944625303149,15.793245928787
0.265070692868903,12.5094373772494
0.815379684092477,9.69023692538462
0.634600174613297,7.61716748851891
0.530549358343706,10.707638641417
0.511813372373581,9.9503176820845
0.670688139507547,9.48087659976465
0.238972967024893,12.5722536639851
0.699118773918599,7.56039770496372
0.786960202502087,4.56590922561541
0.424369148211554,9.49013271782423
0.652535410132259,7.28429091256135
0.56849434832111,7.09652242073675
0.0147020302247256,11.5995888348785
0.889687310438603,4.38716972703775
0.740999274887145,8.16744953629838
0.426094200462103,12.4898693636329
0.419565881602466,13.4595708952742
0.795169546501711,10.4424610683082
0.313817523419857,13.498806637383
0.974611345212907,0.58658006086957
0.942110867938027,5.00492490910205
0.902521283132955,9.27406941746806
0.107542459852993,11.9242961874624
0.961291723884642,6.55377906685772
0.0252407412044704,14.7827579751628
0.254792757332325,14.2967404895151
0.299440290313214,8.95910725996561
0.861455846810713,4.95570043223803
0.124803435057402,13.2131006856789
0.976911587174982,8.78328668131294
0.376677456777543,10.5722595367605
0.957217915449291,6.90744259657626
0.671874803956598,10.3170078227819
0.0738961554598063,13.910420025993
0.0648981709964573,16.8452526771701
0.882035242393613,9.66430163451087
0.422200750093907,7.77562640641305
0.557272093603387,8.42362694998095
0.765119614312425,10.4953777416123
0.114834259729832,14.4687531294167
0.740137941902503,6.96168789328694
0.971369954524562,7.19379924522688
0.172276933677495,13.2348105673692
0.837092336500064,5.43851819602667
0.452823340659961,8.46553347244606
0.491600904613733,10.9090414062275
0.316999501781538,11.7702306059443
0.136590004898608,13.7482313596561
0.792385081294924,9.3644261307768
0.159912463277578,13.2989626475739
7.05108977854252e-05,13.8122606768816
0.878153534606099,8.85833214113377
0.862133121816441,8.51655155653783
0.174680976197124,12.1236699147479
0.169534053653479,14.8839464465124
0.713940090499818,9.87811072081121
0.773878000443801,5.07013565785671
0.343470890074968,10.6318511893754
0.5153913134709,12.3500555532171
0.170501585584134,12.887025709151
0.299607053864747,12.8301515208936
0.195127930026501,9.89843347285963
0.625181630020961,9.87780867561913
0.786640527890995,7.67269051890645
0.108964342391118,16.0015955817956
0.463584391400218,10.2514490440466
0.591413577552885,9.59366856665499
0.226144291227683,9.25005961730426
0.260106404079124,9.33215070516824
0.947400214616209,6.57641893504686
0.84175900509581,9.12129082788923
0.749958097701892,8.56645335664058
0.164770386414602,9.67158324620249
0.116963081527501,10.3794926492587
0.0463233711197972,11.2862568472567
0.550832325359806,12.1927400907175
0.0650980807840824,17.6027389532346
0.258672964992002,12.1683932115862
0.903662620577961,9.02265855183362
0.18384800106287,14.8161226573703
0.766082860995084,6.06912202368327
0.266874048858881,9.33366348640893
0.185012204572558,10.1442067205689
0.353626281954348,12.9216749793813
0.060928629944101,14.5023253766025
0.881156383547932,8.35616716906922
0.0999411337543279,11.5578508333306
0.342014883644879,11.4190992579268
0.882843760540709,8.81270417631048
0.626106723211706,7.82460053527526
0.734291394241154,5.87910478155128
0.292524633929133,13.3487200595493
0.999703781446442,4.05245869997802
0.928239938337356,6.2796266112489
0.942296168534085,5.13816955513117
0.0565137360244989,16.0497698253296
0.989469917025417,4.12627004715849
0.00573423714376986,13.0714051306538
0.873059887671843,6.92239033015497
0.833163484698161,5.86571263695084
0.903842436382547,8.00076669648169
0.178005504887551,12.5280561687728
0.0470612265635282,14.067080004395
0.282547982642427,11.6535779871058
0.701516634784639,8.83956355196921
0.4221744639799,12.9591753483517
0.18937046197243,9.51150045725583
0.631351405754685,9.30158084668067
0.849476260598749,7.11290218346387
0.403728247154504,8.96038836059901
0.321055479114875,11.2280157288365
0.890828637639061,7.40161639982795
0.297585102031007,9.06217136700394
0.58525923313573,9.2496535065191
0.439749863930047,9.65225164339054
0.336135833058506,10.8069303716999
0.370293730869889,9.880113191844
0.455411985982209,8.87360114690563
0.914940052898601,6.98077220486994
0.0747622230555862,14.7598758233994
0.72804584284313,8.11108280487695
0.535333405248821,7.24216752597845
0.43087295582518,10.023432104679
0.660012559965253,9.47824399875479
0.939704230753705,3.86622156686824
0.00781656452454627,12.3707877316806
0.686510236933827,7.04642099834198
0.211504591163248,14.0875571306197
0.518317360430956,9.32833241202927
0.499749636743218,9.08019282571946
0.601510379230604,7.09983395918562
0.424547717673704,11.283378955105
0.933422407833859,5.1650540399336
0.0834907463286072,13.0325607767119
0.0328228790313005,14.83239854432
0.883384575834498,9.46475507622159
0.308691364014521,14.4770461634121
0.135270530590788,12.2756263074949
0.585072829853743,10.6146493478461
0.603945318143815,9.1032769169579
0.422778864158317,8.54563224029493
0.615460920147598,9.86216715634831
0.906992617296055,7.743775111001
0.951023608213291,4.6943886393181
0.735403778264299,8.78271543707039
0.81717644399032,6.54251841872468
0.503941291943192,11.3015365304915
0.427460797596723,10.3900577824095
0.712704894365743,9.96406396534465
0.345252812607214,13.4541456236602
0.918647451791912,7.2781913208159
0.690733301220462,7.24077303868067
0.990692547289655,4.78674766723833
0.0761875633616,18.0031200270665
0.386199641041458,9.4187224852555
0.178740008734167,10.4980819543244
0.96701676514931,6.15303913066633
0.740359679795802,7.56012075372516
0.683140830602497,10.6454365021123
0.207289218902588,11.1500107313373
0.604697553208098,10.188906265213
0.869880279991776,5.78029174818715
0.78114677942358,7.89901189339137
0.605711734620854,7.28846094408491
0.315528449369594,11.1707815142827
0.441147555131465,12.5665276875271
0.104693241650239,13.4656498420659
0.88962376024574,9.33192401239989
0.294403981417418,12.2976985497465
0.828265378251672,6.39611470678476
0.4956881175749,10.0945726771824
0.604595698416233,8.74563116418852
0.237839156296104,9.32731354581683
0.960327453678474,8.16096514046345
0.175509929424152,10.8128236369404
0.742835178971291,10.7024800033274
0.17406026343815,14.3892695773598
0.955550885759294,3.29336894016268
0.797807011753321,6.30454448904593
0.640085858525708,10.4126455143989
0.0674971162807196,17.794381792286
0.500777499517426,7.89695573617611
0.138518041931093,9.80528282438561
0.588390360819176,7.01377054883179
0.227066518040374,9.82819476112537
0.979235216742381,5.01084821659501
0.120747024426237,12.4370566596806
0.165851407451555,14.0325892051474
0.371721882605925,13.0034214949722
0.00242078956216574,11.0960786340241
0.13432345748879,14.6664264532789
0.444105095230043,12.1162304806571
0.556163566885516,9.40941410718146
0.053582021035254,14.0231490232661
0.684610393131152,6.344543089693
0.134222514927387,15.1283328435952
0.884879109915346,8.69927557433157
0.940775362309068,7.34594802506586
0.0846897955052555,11.8898812273957
0.289439529180527,10.407047324648
0.861900399671867,6.10834417732007
0.522557026473805,10.8266071671197
0.353811357636005,12.8635275434661
0.106662419857457,13.9535606828293
0.691195310093462,7.40469054617164
0.798143071588129,4.58506600268628
0.546315070008859,8.98563336525952
0.398188449209556,9.395814994059
0.426428672159091,11.0312086082018
0.642906864872202,7.06611242724389
0.336998995393515,14.3078013792177
0.567996407393366,10.6549631461893
0.227868095738813,9.1712105755314
0.999811227200553,8.60537864277004
0.403450737474486,10.0057276678345
0.426134257111698,8.22028387029746
0.375385123305023,12.899202171474
0.0910374296363443,12.7305097232361
0.320672997739166,11.9146357635819
0.655151217943057,9.27173471532361
0.361570130335167,12.170751153607
0.488589861663058,11.8451345279056
0.483968422980979,11.8559969693442
0.607056514592841,11.5332811043221
0.399724937509745,8.41902536644291
0.761851172661409,9.23763715957965
0.978921687696129,8.01474916723162
0.977013541618362,3.17698249989097
0.120150747476146,16.6410259992439
0.0130711700767279,16.079534238373
0.18759717931971,12.6513412667457
0.0309643088839948,10.8296124670539
0.426492703147233,11.2438667133578
0.735944914165884,7.92408850605198
0.135983782820404,12.756768071456
0.293464033398777,12.1323604362306
0.16557714366354,11.6475229105349
0.376693268539384,8.90960508290887
0.457938417093828,12.3789412560201
0.107507786713541,13.7044716425458
0.164875706657767,15.1157238711075
0.735620039282367,10.8453378323145
0.505257654003799,10.5845696026071
0.588359747780487,7.65542357129977
0.70384457660839,5.66023760695433
0.794386772206053,7.05532468747456
0.663562568370253,6.85892868482769
0.255847525550053,9.47894350413432
0.389275036053732,8.94440402061532
0.719295906834304,7.45997005294227
0.111756501253694,12.5618719579674
0.671365313464776,10.6003968944925
0.151821226812899,13.6984030288101
0.725727883167565,9.81688441377885
0.665461995871738,8.95197319682857
0.0871775599662215,17.6964918742917
0.198872769018635,13.8080017543706
0.0905222680885345,13.331950293482
0.762802032288164,7.96302776541595
0.183594395173714,14.5674074202304
0.170385465258732,11.5426167127536
0.25222937646322,10.3973277867685
0.385599401313812,12.82225229733
0.977846306050196,7.57090060225939
0.0801126495935023,14.0880533865291
0.533743341919035,12.3458303290103
0.0496029157657176,15.5070176202499
0.934023779351264,7.31471249732185
0.744579153833911,7.67910941120626
0.620198999065906,11.5410042184816
0.454466357594356,10.476390262649
0.287213895702735,9.72149922065302
0.859977091895416,6.12353830158133
0.795877000549808,8.56300488711794
0.0544623392634094,14.4093741811641
0.992829756578431,7.06962696345739
0.154560432769358,14.2572643854171
0.936753477202728,8.87224800849024
0.910383109003305,5.12132131946838
0.658533031120896,11.0383650831885
0.452604708028957,9.47175854529304
0.625246876152232,8.13384975524089
0.99170487280935,6.18268952090416
0.929921536706388,5.89807170789644
0.776806290959939,5.55267929342745
0.229216019390151,11.7447877417176
0.882944955024868,9.41233820414841
0.124611290171742,13.2637750029567
0.996502081630751,3.53501872922518
0.530534673947841,7.79009908367163
0.282529045827687,13.6820632174501
0.00483752437867224,12.3107814778647
0.589778793044388,10.6736793930252
0.537219246849418,8.80438136760427
0.810257853707299,8.35682309952614
0.672465442912653,9.23839964839736
0.57839062740095,7.18949933930566
0.106003779685125,11.2444004601511
0.324117140378803,9.51789986320397
0.579511285061017,10.7648469948676
0.142458093352616,10.4424736259266
0.85399580327794,5.9751799510844
0.903581060934812,4.65469707884814
0.82704755011946,5.90089394628937
0.855916507309303,6.36214990305283
0.0781545790378004,13.5019224660032
0.881864719791338,8.23995837165182
0.322100751800463,8.98821420902048
0.210683892248198,11.7413496561838
0.235810506390408,13.0376309626542
0.628395698033273,10.5057881420921
0.886785663897172,9.44377856682044
0.424949231324717,10.9718771660485
0.221480889245868,13.4449548487038
0.592650348786265,10.1997088792527
0.913018447579816,7.4794645083607
0.166626830818132,10.4609802164258
0.688359401188791,6.31287779455129
0.349882222479209,8.8505759472667
0.281916135922074,12.3430985363814
0.987284624716267,7.25355880722221
0.936182206729427,9.31659601809918
0.589338496560231,10.0942733234719
0.102220787201077,13.1953030692811
0.54935244563967,10.7130157894485
0.272363457130268,10.9689860071884
0.216899032238871,9.44258343419398
0.586584972217679,7.75569035471451
0.519519729539752,8.66386993211729
0.442176587181166,11.1470824476255
0.140912171918899,12.0695797940334
0.132362221134827,11.3565592205778
0.302181930979714,11.5149332822707
0.68005182268098,8.32592385971861
0.436572275822982,9.77494095316259
0.0259138990659267,14.3305527255546
0.613814191194251,10.9554077561031
0.681199812097475,7.35697298825422
0.985303163994104,7.1190558977446
0.44916020729579,10.338626123227
0.236744130728766,13.8214788828762
0.916250847978517,8.38105751542059
0.0893521448597312,12.893445861917
0.960966625018045,2.63681763929915
0.906161329010502,7.56812228915825
0.61320349923335,6.96316723304125
0.356437087990344,9.95579870844112
0.648527608951554,9.91722259999163
0.356042201863602,12.5596627502544
0.308073400286958,10.8314653504906
0.924386665225029,9.05451102017561
0.393052307190374,10.6904126171898
0.199419224401936,12.4220947901268
0.185069441096857,13.150058301035
0.0865776282735169,11.4645471630205
0.556745732435957,9.34346783802698
0.0805985971819609,11.1596976444268
0.61332402843982,8.83554850221349
0.146220530150458,11.0703197938284
0.276346070924774,13.9835512822073
0.123862408800051,12.7408835172263
0.149957419373095,13.933449970173
0.7825950558763,6.11106513333751
0.845246233046055,8.42813356846069
0.941181347239763,6.33575590293367
0.444090989883989,8.09761010159066
0.783345472067595,8.85726451098277
0.981425405945629,7.75371046210217
0.78875229973346,7.98200258672025
0.380920586409047,10.1823471762223
0.98729309043847,8.1979399622204
0.417818635934964,9.50732484409538
0.138510259101167,10.5382902115824
0.681476584635675,6.70477448102369
0.763983503682539,8.29754964836347
0.128227184992284,15.995787527107
0.311921100830659,9.66978343405576
0.666672757128254,9.85188259745922
0.398908110335469,11.3245133768003
0.539984160102904,10.8945484173147
0.409099504817277,13.3937123306235
0.836028121877462,6.11099310892534
0.770794607466087,7.25663900187797
0.869949407642707,5.99248093843478
0.963145289104432,7.91914370036786
0.642403579549864,6.68179906522184
0.786102157318965,10.5359996676954
0.711077360901982,8.90494457672867
0.33547908719629,8.53314106505712
0.852838208433241,4.92809823776842
0.180446287849918,14.6746716993994
0.808444421039894,9.12275277888386
0.96198164881207,7.60123969130563
0.186249836813658,14.5458309739487
0.391733377240598,12.8874677786522
0.47401170944795,8.05110499414517
0.210052525391802,11.0432496143941
0.10434933193028,13.2975513964421
0.0852719305548817,15.0359708379895
0.0734167997725308,16.3927679273967
0.0954089341685176,11.6237827356096
0.732142014428973,10.6692988645785
0.441786769079044,8.02579708289663
0.16939184255898,11.176937825012
0.260036420309916,9.08557008790187
0.195819968124852,10.0316397674415
0.513056228170171,7.32033302116785
0.816660271026194,4.50926900500682
0.0254587912932038,14.4638843596527
0.216329345013946,10.8090111320221
0.0882710532750934,16.9560115051539
0.313532440690324,11.4798953196419
0.43624173104763,10.3548638655809
0.950868473853916,9.14951026459521
0.596603568876162,7.0049341448082
0.698299654293805,6.98028681941403
0.895626754965633,3.79048795890192
0.680628716712818,9.47417396775213
0.237241073977202,12.7242497358521
0.415960776153952,9.41904921380775
0.247824849095196,11.1160632689574
0.561824294971302,9.65511438545919
0.929931851802394,6.11457768921315
0.638384620891884,6.79146855871604
0.562747775809839,12.2033863895375
0.322067262139171,13.9854477435389
0.875565486727282,6.51788451313171
0.0656372166704386,10.8396175705535
0.657446386991069,8.67751576069804
0.848379504168406,4.74787893868932
0.0340749023016542,11.3497793682324
0.0896756106521934,10.1952593970773
0.96528327325359,5.81255060526925
0.642008940922096,9.57177451226966
0.786510003264993,8.10722478463219
0.512923880014569,9.49581574007358
0.705925557063892,5.54350602041372
0.893657111329958,8.96081804406309
0.531172019662336,11.9572560097483
0.252013194607571,13.2783990001791
0.979314144467935,3.85318122439057
0.287516829324886,11.4636086240083
0.517154303146526,7.96553911145085
0.775725388200954,8.39377146377523
0.75967490230687,8.10388888212567
0.771662528160959,8.11320319933446
0.807602842571214,5.5953370676202
0.453693381743506,10.360400368014
0.0875225909985602,14.0122193946139
0.580224458128214,10.8126348794611
0.908838889095932,8.78354100776806
0.445290986448526,12.0494223707467
0.606784229632467,11.1125358564044
0.0232980730943382,11.9326176632545
0.193986206082627,14.1827157988051
0.974005855154246,8.63420160802937
0.542010015342385,11.0189040447966
0.854034774471074,9.53127820068513
0.800394050311297,6.93636461384061
0.271671707974747,13.9480004521074
0.0224659088999033,16.790122183736
0.795247457455844,4.90592369080455
0.587779877241701,9.90467621075171
0.78752130549401,9.96680603719124
0.432166337501258,12.9239090415233
0.918195867678151,9.20695773258574
0.165535419946536,12.3018953738994
0.135371645912528,13.6018778361874
0.589316039113328,10.8010164906214
0.62396302446723,11.5270384307528
0.104708946542814,14.7100324589155
0.572312362026423,9.91249289676287
0.0833783831913024,13.1125894905475
0.301317505538464,9.16332406400638
0.88023830531165,6.43221343364378
0.801075115334243,8.05847650713298
0.772499960148707,7.55761893680606
0.659240393200889,10.8914345710934
0.920409922022372,4.4443727343233
0.502873949473724,10.744546274673
0.0504782774951309,14.156429018759
0.133361406391487,12.5650759798587
0.994228264549747,3.19492675229597
0.468402029480785,10.9432381138199
0.989187083439901,5.47643354956292
0.21418291493319,13.5528542369353
0.637023278744891,7.86835006243519
0.230810067849234,13.5560517085569
0.616130857961252,10.3231055864723
0.93094056751579,5.68696708931411
0.534325048793107,8.45860106601493
0.42728417692706,13.1251769383666
0.0282845823094249,13.8668066626832
0.584973300807178,10.1100104104113
0.271457115421072,9.23731439865173
0.379032283788547,11.3567138540179
0.795716159045696,5.22802752699959
0.645361775998026,7.60493960566025
0.673638544743881,7.43465354998148
0.123835354344919,10.2109014294848
0.0594302567187697,10.5922434332239
0.936726636486128,7.26850701987946
0.460353731410578,12.6321519124966
0.349402628373355,13.5518740438181
0.612307708477601,7.37778254634472
0.839751682477072,6.31872567156609
0.705999457743019,5.79111039356764
0.698660778580233,6.50737205945499
0.886195783736184,6.83695173102208
0.0940784611739218,12.8648326431538
0.665320257889107,7.30563710370363
0.671095154248178,6.80725390209305
0.839598500635475,7.21365005914707
0.179701794404536,12.5919810893358
0.514809963759035,8.55728561069226
0.52567014680244,9.29694962168718
0.442610844271258,12.9115742018934
0.862904504407197,4.63172111774665
0.895075309323147,7.90305154616079
0.503633472369984,12.7394643811957
0.427074658917263,12.1913030257621
0.47859808569774,11.5206734345525
0.150569070363417,11.8661533824161
0.261981534538791,12.8642877233346
0.386907776584849,11.4132905183666
0.521397345466539,11.0012044632996
0.349300634348765,10.8144621271139
0.18655097996816,15.1747577059867
0.126289358129725,10.422185862352
0.652832407038659,9.13666634326369
0.790997594129294,10.0556872150083
0.0911272699013352,12.6983204521206
0.934669943992049,6.18309761531495
0.49724154593423,9.80880568581333
0.463075913721696,12.8781160081668
0.136972424341366,13.7100150982812
0.800728025147691,9.45780444070359
0.837773046921939,10.0255799039212
0.0736097570043057,14.2999385811122
0.0585683933459222,15.4845691591896
0.465087154414505,7.63366278896121
0.991092105628923,7.08219124884014
0.125851679360494,10.2353982370623
0.773202158045024,8.58217925730038
0.465724036330357,7.82335709058863
0.430190668907017,11.6865815221325
0.728731634328142,8.58053048277583
0.826078398386016,4.41049969242378
0.591127237537876,7.74559038994405
0.603544830344617,10.3910137615095
0.955331033561379,8.31324884973283
0.757596133975312,7.87077132252052
0.226056740153581,12.7305590445587
0.606809819117188,11.3583178835381
0.169383357279003,11.2591399149917
0.234638520749286,10.8470986373983
0.14772983524017,16.0654312895035
0.0346609384287149,12.7407463724401
0.420245293295011,8.95059196988789
0.593866366194561,8.69912153349823
0.202931325184181,11.210459042936
0.491437147604302,8.43583773003355
0.359680864494294,13.1865353760631
0.776282684877515,8.51572009812387
0.281528210965917,12.4743707238773
0.958165943622589,4.00601100728666
0.184802131028846,11.6059788109222
0.0350663356948644,14.0636238828043
0.0269076898694038,12.7228838007096
0.168159260647371,12.1876935763813
0.973888634005561,6.31480568335848
0.857580559561029,8.62184663166109
0.0748088436666876,11.2725072123763
0.269369796616957,12.5809875811102
0.893885198514909,6.73833379347804
0.388819243991747,13.5315639133056
0.155914276372641,11.6703079052166
0.0488267838954926,16.2456804070626
0.0652252119034529,12.1878125081212
0.190807918319479,12.8082710077725
0.583323961589485,11.5415988727796
0.72175704059191,10.3915909696973
0.322995741385967,11.4498995246621
0.637022244744003,7.96796555621527
0.416757673257962,12.2880922672655
0.291938232257962,9.60644786666629
0.995769999921322,5.29839733401551
0.39225447550416,11.0414755585703
0.123351729474962,12.9130970139068
0.068078298587352,10.8138556094025
0.511558652156964,9.81620390408181
0.752250241814181,8.32132422917955
0.150980973150581,13.973295370364
0.798230718355626,8.36298983875079
0.356311892159283,14.0933096286555
0.0681367698125541,11.3136414278619
0.197108250111341,12.8339662453398
0.0342832587193698,18.6365120644144
0.419794266810641,9.13880832586369
0.394300720188767,9.4833215140463
0.891268152976409,8.71686728924999
0.943011183291674,6.05478169563157
0.0524227165151387,10.8951643731547
0.262477768352255,10.5441065881728
0.7984439432621,10.0492101323975
0.411654027644545,9.81298031541616
0.33052413794212,13.0104304886757
0.161420135060325,13.2034478628868
0.739406755659729,8.67648074364106
0.866412625415251,4.71417031406694
0.440200910670683,12.8376299336723
0.0132869351655245,16.9988577074919
0.0343556315638125,15.185311046672
0.468495088629425,12.4203473496113
0.123123725876212,11.1797829597908
0.946423538262025,5.65122507206034
0.45182529441081,11.2950723748828
0.0109032869804651,14.0671347489996
0.361011238535866,10.6652306576145
0.719092532526702,7.40266922442323
0.104822705732659,12.7558722242501
0.451920440420508,8.74852852360988
0.996158610796556,7.78554151689852
0.866911412216723,9.8871746255951
0.168356923153624,13.7930156325349
0.469988324912265,9.45745571680626
0.415309205651283,12.4637297528661
0.534670875873417,7.6914565948776
0.543575493618846,12.4111051728482
0.705220760544762,8.3616396200352
0.458007758483291,11.3717513940638
0.565014493651688,10.8928336785507
0.122443514410406,12.5169899791136
0.927719803526998,9.43006625931093
0.740189647767693,8.39976076501833
0.575043836608529,9.40840638709371
0.0287666185759008,17.9943052955021
0.222465684870258,9.18417674433259
0.753886017482728,7.18759069743236
0.461986236507073,12.0241800454263
0.570640593068674,10.9700658067626
0.75977863650769,7.76666219681524
0.362663081148639,12.13635854035
0.109227688284591,11.4162070238297
0.937530789524317,8.13091749726284
0.566121224546805,8.35825049745245
0.249596557579935,13.6446651347527
0.721318502211943,8.82554989964401
0.238679126137868,9.98853731863032
0.366465423256159,13.7602608292338
0.0810659057460725,14.7984211646561
0.811599949141964,6.37073512027372
0.990576276089996,7.18819788415783
0.981423811754212,6.94635473816451
0.954830160131678,5.93180725420749
0.207299483940005,12.9007139043412
0.774958094349131,10.5873075392079
0.62602666253224,10.7667627070739
0.44094662507996,12.0437393467743
0.413112092996016,8.15579861058119
0.310523052932695,13.033702879114
0.329872728092596,13.9433463293006
0.267838878091425,10.4156146281158
0.563403147738427,6.73612528824168
0.0762758501805365,14.7881270944872
0.205904038157314,11.9576461104735
0.682795786997303,11.2466884284183
0.636055334471166,9.02151333274611
0.848253648495302,6.6012199136231
0.364412341732532,12.9688033525787
0.829592988826334,8.60578398676788
0.0750995993148535,14.8948157465615
0.263171132653952,11.8518050914208
0.669503262033686,10.919503828556
0.367460549809039,8.75890486691899
0.538685148581862,11.6020259396007
0.204913960071281,13.1076308878265
0.361579939723015,8.81646556151946
0.209106093272567,12.6339079910291
0.864717749878764,9.40925632028686
0.112790545448661,10.67456637418
0.909558572340757,6.2949871858809
0.677675760583952,5.73605057478132
0.745302522322163,10.034752596895
0.162682066205889,11.6543739946765
0.180849889758974,12.050598505746
0.395412544254214,8.01797356905146
0.294187847524881,10.2945240032433
0.53958432818763,7.83037198543647
0.451373235555366,8.41042787457627
0.529969020513818,6.94388102866609
0.611751869786531,10.5858193797895
0.868174575269222,6.56867096783974
0.944978080922738,6.04909106580197
0.0753677270840853,13.6824009002964
0.52803688775748,8.8014162073817
0.366030511446297,11.2833925101288
0.861302202800289,8.50549840560221
0.0290234235581011,14.988075547368
0.376808999571949,12.1956747232105
0.145676159998402,14.4158328412764
0.946121849352494,5.03388844376225
0.612092875875533,11.3480783090274
0.720283555332571,10.01211247776
0.89648390491493,6.91698732653069
0.772665275260806,6.20488871281612
0.261249501956627,12.4970089710654
0.06601124512963,13.4564511949115
0.81270261737518,5.25061079742865
0.559953444171697,7.15989430567755
0.00355888833291829,11.8108992898224
0.604847139911726,8.90854052171057
0.704047837061808,9.38167100148237
0.158863058080897,13.5320231552411
0.383925818605348,13.5638680669494
0.467957881977782,9.26059023283467
0.800731635186821,9.44381281587219
0.179012167733163,11.390359288104
0.401712840655819,13.3375090792077
0.529360832646489,7.55913944794568
0.693050408037379,7.57900372652891
0.723509217146784,10.865662160622
0.236627244856209,10.2153752678953
0.816604453837499,7.64674281804092
0.319166160887107,11.2170087044705
0.797619186341763,5.36354226916414
0.990786594804376,6.34268332363318
0.751734237186611,10.8353104255305
0.546768713044003,9.42894834280482
0.404377728234977,10.1330760838897
0.394615309778601,12.1914185597655
0.867619984783232,8.34546822913217
0.756863920250908,7.2605046800128
0.890142602846026,6.21736731178676
0.962914697825909,2.40020312987235
0.328506135614589,12.1874651333222
0.561414449242875,11.110148985258
0.496371186338365,8.89692165784014
0.723684104625136,7.22057161999151
0.621002049883828,8.73081727000399
0.0162526767235249,12.0458462767284
0.440129152033478,8.8547602854889
0.413891501491889,8.17568081724166
0.138022905448452,11.6933233776054
0.640964657068253,6.90095089399898
0.338468953734264,13.0626361609718
0.596526036038995,7.64202986131779
0.156192634487525,12.4991031000801
0.498798855347559,7.1540973571143
0.84984513442032,7.26767404347548
0.892315807519481,4.00052463805009
0.618181748781353,7.10487719790598
0.346318583469838,12.2153681579804
0.189605456078425,14.4156909891311
0.31924278778024,9.69623955861124
0.24198788497597,14.6993847889047
0.421714081661776,10.7649931145855
0.193339705234393,11.0221267002555
0.609676843974739,9.69199817759253
0.122461122693494,14.7956063639157
0.378929145634174,10.5640282259859
0.229228872340173,10.6434488963442
0.632372234482318,11.1442904333908
0.898128206608817,6.64508709099546
0.554622583091259,9.3211935110006
0.728145684348419,6.20229225332024
0.916709740413353,5.0418528780091
0.80716085457243,5.98105027770592
0.991446268977597,8.21044342565934
0.789378617657349,5.58601622308571
0.69638274749741,10.9320658077817
0.336878462927416,10.620113367684
0.0870420839637518,14.9548866456822
0.931823028484359,6.45650515350047
0.717887858161703,10.1662325322658
0.578680774895474,9.14100031306397
0.91168413660489,6.47526935483324
0.0139524431433529,11.3435785894236
0.490324782440439,11.4272804894987
0.6929811402224,6.15322762165015
0.844961402006447,8.1776004315949
0.0639256448484957,11.1207973866155
0.0883853535633534,11.3134687211476
0.318700471892953,12.5297117979511
0.683238594559953,8.22428571500688
0.387876903638244,12.5767746360258
0.447780519956723,12.5421974440216
0.710658818949014,5.36731938452412
0.58421228826046,9.88063193747682
0.0139651556964964,12.0175375540314
0.756519303889945,10.5992620892031
0.0131606149952859,11.1296120251058
0.351791218854487,9.5527140342242
0.724560237023979,9.36334501245887
0.459602484479547,11.2706925933336
0.800574928987771,9.63860534546223
0.739832437131554,6.19676078232954
0.566576228477061,11.6071985538476
0.423783648991957,12.2546841290451
0.491627297829837,10.2891288207653
0.485932050738484,10.0871675466953
0.994849778478965,4.52978878857434
0.0765409835148603,14.5783941334074
0.395385679090396,9.93399457293923
0.67616739613004,9.17306823192093
0.041258520912379,18.1764469424015
0.842190026072785,7.71674861933518
0.364944939035922,9.11737558737484
0.523797063855454,8.2196848137249
0.959459600737318,5.09327266828744
0.870905831921846,9.47222349084
0.522790259681642,9.7575421402492
0.728895207168534,10.6807596792047
0.893965809838846,9.31884450758771
0.377059374703094,11.0466256857463
0.194914469495416,11.1508954533235
0.367255265824497,11.0408293607246
0.698585724690929,10.6332286177611
0.204584906343371,14.1600807511686
0.815300390124321,7.74427446374206
0.938815952511504,8.97186272153407
0.319592292886227,14.320031139968
0.617497955448925,8.10281518382958
0.340063865296543,14.2452288618784
0.163935652468354,13.728906517613
0.487965638516471,9.09939328783535
0.614062827080488,9.71967007408288
0.950328490696847,8.79392310497982
0.758377766935155,7.10545900526415
0.369621352525428,9.88577557780037
0.946646756492555,3.6732342375901
0.949339554877952,8.20475198803923
0.493238507304341,12.6266192217137
0.252189945196733,9.36323034993629
0.544756688410416,10.1631801906139
0.838439435232431,5.55442188401385
0.161567085655406,13.5762237329144
0.58030672208406,12.0047566845273
0.118075594305992,13.5096177575089
0.873160372488201,4.5302159108877
0.0382553569506854,14.6895766845897
0.919050632277504,9.21640258207186
0.870128662092611,5.62035429413267
0.814598741242662,6.18913223897319
0.335684134857729,10.9560043327504
0.371387544553727,12.9852760617946
0.991416113218293,4.53388938876139
0.413081538397819,9.68856922565726
0.734467194182798,6.90850354971851
0.0387593235354871,10.8208728119953
0.39895098679699,11.5762490618841
0.0820882406551391,11.0804937794732
0.968929528491572,5.03636017269631
0.582219015108421,10.3655604505041
0.184019086416811,13.5069633791004
0.594969264464453,10.9155096312114
0.564153795829043,6.81356268939212
0.115346314618364,10.0206474601085
0.139761744998395,14.3626400347176
0.587772520026192,9.65638006970861
0.129494454711676,15.0533925950597
0.244282698025927,9.05138295951605
0.386622444959357,12.3490505643935
0.474408501526341,11.2389938530098
0.342380010290071,10.5728809185854
0.793194934492931,7.89718815880092
0.153251375304535,13.0370243979617
0.597666266141459,9.15288970220129
0.0614544216077775,10.7822685228953
0.476718312362209,9.26687205216972
0.307655363809317,11.0950190937994
0.700419819215313,10.9394418008633
0.537102764239535,11.8281040691436
0.541259567718953,11.5859585265382
0.797695201821625,7.08874926463359
0.337968123611063,9.70691931183597
0.0858551748096943,10.5099706809857
0.291211885632947,9.70219563244888
0.917493761517107,7.37080031149633
0.104944905731827,10.4189306596235
0.652124435408041,11.3981603662101
0.51220396719873,10.6017743178638
0.243441099300981,9.21960120832798
0.835571940755472,5.33380471202716
0.407999947667122,13.0508244031961
0.91763833956793,7.79467079490555
0.753549309680238,7.93391363776776
0.339528187410906,12.481863771482
0.679539404110983,10.9325050820586
0.419252632884309,9.15174297466
0.703973531257361,8.55484251708504
0.673070588847622,7.32904833412716
0.41029691346921,12.7006256759829
0.259886274114251,14.6677120984757
0.182033499469981,10.8004974212446
0.908776461379603,9.32526673304699
0.64957276196219,10.1648595840388
0.436992653179914,9.38232674435785
0.265998815186322,9.84100680966717
0.738684309646487,7.42908755290448
0.68707212433219,7.95963251152372
0.773152372566983,6.54899257097333
0.561104755382985,8.2012097983507
0.00648192688822746,15.2667045522595
0.963637409731746,5.10978965431644
0.958474396727979,4.71930341738586
0.215715443482623,12.9485415433503
0.88711656909436,6.31011378158682
0.832702314248309,7.67492867162007
0.202937911031768,13.8533046982555
0.548997226636857,10.788965000542
0.127007340313867,11.3456896346387
0.83166152681224,5.85659158684982
0.865604393649846,6.62083087283002
0.492334646871313,9.10947384213864
0.355750952614471,12.9253322912444
0.434768967330456,11.5674359173488
0.616004234878346,6.84456565163728
0.578608935931697,11.0683828534047
0.15744537836872,15.2382096553282
0.666298463009298,7.47499920083421
0.504329073010013,11.4325269778115
0.845591797260568,6.87237924394023
0.467933386098593,8.5577068273653
0.555116883479059,10.7823948788466
0.771513864165172,9.91078217284654
0.571619957219809,10.193998121162
0.288750656647608,13.974260285818
0.939488747389987,7.19705126229438
0.722854525316507,6.70973983833465
0.607491628266871,9.17071059436603
0.730931143509224,10.0245462280314
0.431696016108617,8.03422644535866
0.525244206888601,12.0681116165147
0.0151667788159102,12.7208571290923
0.927457175916061,8.77258226709246
0.879189220024273,8.23264525972639
0.749413948971778,7.20079330744736
0.626267960295081,8.47465977354739
0.226643000263721,13.1891904999385
0.0994690209627151,13.8898931684202
0.679021997610107,7.68523512888483
0.623510083882138,7.1713757632986
0.476620316738263,8.70442361356194
0.241679921047762,14.456695322743
0.212721692863852,10.099999941071
0.182410438545048,11.6803769756275
0.350000656908378,10.2527478942235
0.594705898314714,8.29375875473715
0.674480478512123,8.43634090211823
0.106757145607844,11.2541431276049
0.94983251276426,7.67480863077125
0.862214111490175,6.01651975529812
0.876623525749892,3.74154168983095
0.109117878368124,15.9074330371246
0.448407093295828,9.31391349473584
0.14377175597474,12.0278942379613
0.843859709100798,9.59511538300613
0.638270731316879,8.40341836750967
0.624809664441273,6.9935880283583
0.662634036503732,9.57944934500367
0.467722380766645,10.9351148688237
0.397344616008922,11.9114952195444
0.0447757947258651,15.1249507165274
0.739781568059698,7.40283215981004
0.0232976456172764,13.574437054179
0.183815412689,12.3901166975831
0.571156158810481,7.03877430146388
0.0891559766605496,12.0028573049008
0.0101843702141196,14.180441077223
0.323170157149434,14.3496046377388
0.80721379769966,9.58563099786603
0.294645227957517,10.889234442895
0.847411545459181,6.70728841384733
0.390173462685198,13.6294558948141
0.867257989011705,9.06450951327182
0.662533550756052,7.2894395752978
0.938693348085508,3.92333908467029
0.43392287241295,9.66558379704717
0.938096988946199,6.75768987526308
0.482538284733891,7.85800286115229
0.108042100677267,14.2559717917375
0.878376635955647,3.93584337025292
0.456443665549159,10.4402976796137
0.0150465127080679,14.8475885522568
0.902876479551196,4.02741784964425
0.262717166449875,11.014064572604
0.94338916009292,4.49642738137777
0.8744862889871,6.05226753422952
0.117122478084639,11.2761985653068
0.989765145815909,2.30612271953944
0.497236870694906,10.5419698631923
0.35380274662748,10.1305111162084
0.357341767754406,11.2325081047192
0.749199244193733,5.41908848554771
0.0702995867468417,12.5879164513874
0.758637427119538,8.16278011077746
0.0777442746330053,10.4947624845639
0.566889833891764,11.931732266083
0.0690391669049859,14.86577560406
0.742191426921636,9.59905716629856
0.574755688896403,8.25833598165885
0.202843313338235,10.4611101386512
0.946282939519733,4.41205232207645
0.280285358894616,11.4545152647062
0.804545249789953,10.1525510865177
0.233863262459636,9.26648579907229
0.484169976552948,12.532623782743
0.810412097722292,9.24071960816151
0.349394179880619,10.750524385613
0.543720644898713,11.4222354176937
0.987160777440295,6.87772790352653
0.873169841477647,5.03052836812801
0.319278473965824,10.4697451834942
0.873126378515735,4.16970865081592
0.852159343427047,6.43179243922801
0.854907413711771,7.78500730064289
0.398015164071694,11.2895921626775
0.821897163055837,8.37190345803907
0.0800974883604795,14.609392422232
0.779889322351664,7.78045936721867
0.411797429900616,11.6696695709
0.842229815199971,4.65753459029427
0.366137448465452,12.5614302136002
0.81954622361809,7.34225150863351
0.760062727844343,8.56057375192879
0.748618954559788,5.30869995154488
0.0965321094263345,11.1879852011044
0.367028131615371,8.24133808404864
0.494729350320995,12.4117486741569
0.504764227895066,7.56097009683146
0.795983838150278,8.17461063166221
0.415316005703062,13.1700698187063
0.132810812909156,15.29430384659
0.731098338728771,5.591997568347
0.551493058213964,9.84102974729305
0.703922350658104,8.42469652382616
0.278489024145529,13.9778591242462
0.241786871105433,14.1201535674813
0.388579357182607,11.3631407959245
0.61279975133948,10.8954316779415
0.598957132315263,9.45287430851397
0.0947799016721547,13.930566242923
0.669144755695015,7.87382935893617
0.416187521535903,9.16791725480355
0.0353488756809384,14.9658088851923
0.878231058595702,6.49870139422283
0.112911245785654,13.8877732931536
0.988606039900333,8.90066836931232
0.28623428218998,11.2829871469069
0.0543383294716477,11.3788456426327
0.0149434260092676,10.9036714651787
0.783703402616084,10.5455408942034
0.91119194123894,5.67852005220078
0.124618763802573,13.0497515352188
0.355738505953923,12.3461281505223
0.658031337428838,9.66433216779308
0.546282905852422,10.8779692051163
0.279743663500994,10.7269142326791
0.754285824485123,6.00623829875616
0.0314104647841305,10.9492344121938
0.778815165394917,10.1379550984059
0.925514872651547,9.12009476534978
0.479668730869889,9.83621894170269
0.549910105997697,9.30443242634178
0.255038300761953,11.5050830803171
0.684847455471754,7.2125371763382
0.389644134324044,8.4352753006845
0.72292117215693,8.352063974617
0.157857884652913,10.5339780379163
0.52810572180897,6.96610446876527
0.193836678052321,14.4753560840755
0.114067323273048,14.6837200408676
0.756678186589852,10.8265815744462
0.570867652539164,8.94746092255386
0.253219134639949,14.5325426210912
0.4757251504343,12.2055612085956
0.241746446350589,13.7803155509719
0.301184240262955,9.90305378369389
0.896713107824326,9.13116367691125
0.623489717952907,9.40616528867637
0.811090971110389,5.01950469197151
0.142568103736266,12.9261808901062
0.160273792222142,11.7790373977777
0.438384293345734,9.9398113657654
0.964249465381727,6.79167233306914
0.190681476378813,11.8051306604902
0.246940558310598,12.1928429748491
0.552935005165637,9.84487676008898
0.861366325989366,6.83892232604075
0.125863389112055,13.8456047168294
0.115053562447429,12.1021599279017
0.527836319524795,9.80440748873734
0.0391038649249822,14.9406009528445
0.457579707028344,11.2037325588838
0.440653470810503,11.4783230051587
0.608339840779081,9.74817108235465
0.221269315574318,13.1414047615163
0.38323062309064,10.9218982880037
0.531564648495987,9.61720169087307
0.317475451156497,12.1438350190344
0.946887081954628,8.31270440035701
0.33979918435216,12.8022620068141
0.459928521653637,10.3062176871067
0.715948033845052,10.0129698393147
0.57485441933386,6.64699421067759
0.224633945617825,9.18841472739855
0.727537583559752,6.52114483494721
0.174625449348241,15.6399324992685
0.237766545731574,12.6996351712656
0.212172211147845,12.4246307090783
0.628240550169721,9.36201193043881
0.581494857091457,8.26340233692661
0.0100139041896909,14.6403310983821
0.846667137695476,5.0811425512328
0.0316585467662662,12.4140486381561
0.920096621382982,8.27273684182667
0.193204214097932,13.9947397895275
0.0498878273647279,16.0381141411523
0.639655799837783,6.97650751344552
0.843473844463006,9.96838248255064
0.0694204065948725,10.8765011564129
0.150114390533417,14.3741058884834
0.975825184723362,5.35879878519247
0.70221987972036,6.22534905312486
0.559132134076208,11.8822137266272
0.280959355877712,11.8979870535044
0.49391718627885,11.8092014415132
0.782691944157705,8.02428867385881
0.308481789426878,10.8682701702207
0.590827313251793,9.26106528855875
0.259982356335968,13.2401679873865
0.418418763903901,11.4015543554543
0.514103077817708,9.65753759244247
0.154896614141762,12.3981342651456
0.147632569307461,11.2663367616661
0.213132552104071,11.3392561733127
0.29420341248624,9.26244615215953
0.276738409884274,12.7024495948057
0.902772177709267,6.00802827987935
0.541786170564592,7.63924257823157
0.146555490558967,12.0678342141959
0.0353668346069753,12.6434817991456
0.697245517978445,9.66339696127921
0.476813409710303,7.57073371101118
0.760318893473595,6.51376064065902
0.271819691639394,10.6831926870183
0.942318386398256,7.03608684160624
0.863671948434785,7.94906056715982
0.496662860969082,9.17209444825169
0.60308619751595,6.56450328725499
0.427220369921997,10.2451116509952
0.169473842717707,12.4377456099924
0.47041946859099,7.89888445442461
0.41699874214828,10.0686023359116
0.90736271138303,8.45092875886544
0.776350477477536,9.33324374902717
0.961410547140986,9.12929721339892
0.962839955231175,4.26812247805822
0.433824657928199,10.2550188666179
0.261589797679335,14.4338282770868
0.0921750783454627,13.1142220249344
0.283611235674471,10.1877204521458
0.805638241115957,9.20714564659431
0.888121176278219,7.32225406524717
0.478682670509443,8.07417763582577
0.104204612085596,12.7968315041596
0.533468156587332,7.45136691853682
0.811357171740383,8.01257295609373
0.924663129495457,4.63119224276354
0.532282809494063,11.2298859368478
0.515022021485493,11.1435166303634
0.482858260860667,10.9070509690956
0.882977466098964,7.65240904346842
0.233029863331467,11.3089202333182
0.921311138663441,7.1994038323223
0.418022844940424,8.61436357095558
0.436469180043787,12.3990643031647
0.727091202745214,7.17710926238652
0.606016356963664,8.12210316476781
0.202691689366475,12.4681844284414
0.974116470199078,5.52611969564701
0.696780004771426,9.13671095746319
0.202082245377824,10.0656425472375
0.418448445387185,12.1486159061434
0.642859450541437,11.2207703523984
0.432986602885649,10.6711421358287
0.288389088120311,13.5226995385559
0.216221254318953,12.4413216240597
0.0252545480616391,11.4578722385258
0.0324519146233797,14.6119855852037
0.99271038081497,7.40415590888943
0.431672858307138,12.0610423986296
0.436487277969718,10.3050018705342
0.968787202378735,7.44363645527234
0.300103656947613,13.5969005511656
0.889509772183374,6.0894323492732
0.447962481528521,12.5984703580914
0.145224948646501,12.992233147537
0.502200491493568,11.0130356487938
0.527573704021052,10.4051101168543
0.236506540095434,11.872645672296
0.0532584309112281,10.9000398043752
0.151687949895859,11.3075746473805
0.189639243297279,13.8182366143866
0.340880401898175,11.5997417865491
0.419972059316933,12.3140876938551
0.152046353556216,12.8835002111223
0.316900830948725,12.7764869369293
0.173407960217446,14.4571472048762
0.365288489032537,9.37055521413831
0.000768756261095405,13.7849221400518
0.983093671267852,8.0216968953224
0.0552750604692847,13.5280686080448
0.381542161805555,10.4479939944764
0.507104557240382,8.76415451400691
0.210598827572539,11.7667181788435
0.839496605796739,8.36579824445167
0.612001453060657,10.6805274322115
0.224997583311051,11.6704401487425
0.340821685269475,8.77293149622441
0.0750403178390115,10.4506560851515
Rho_s: -0.800259411564853
Rho_p: -0.789208654920211
IC Time: 0
