Rho:-0.5
N:1000
0.540354023920372,7.60327919295966
0.358872844371945,10.804568311871
0.835625356761739,10.9955583202689
0.439179552486166,11.1686265381489
0.710088644642383,10.029468997871
0.545949976891279,5.81442939295058
0.252107829321176,9.27775493304052
0.287561981007457,9.92936179089001
0.783714337041602,7.28228453978339
0.67167422757484,7.93729791692082
0.646542590344325,9.29037247994919
0.756838619476184,11.5403439785121
0.256350157316774,10.3379034235845
0.803946141153574,4.30707866793845
0.935591642279178,9.39680097926825
0.474856137996539,8.62885812293013
0.387397045269608,8.40231999763755
0.341930514667183,14.2131643999487
0.185102188726887,12.6639431487139
0.210421444382519,9.94803296555492
0.936199007090181,8.08798900503827
0.164970835437998,13.4205381081955
0.214615721954033,11.5766711632931
0.401687787147239,6.99808369007912
0.535851476946846,9.91454115579736
0.00994437979534268,9.03084346099078
0.852697200607508,11.306411016785
0.0975322783924639,12.9162319384083
0.387005669530481,6.09785096704476
0.469595592236146,7.26302391167019
0.327993209008127,11.6093912462018
0.617077259114012,9.71942430886575
0.628053046064451,11.2196296333797
0.359557592542842,12.3310094263438
0.705943883163854,7.62232811426325
0.788928507594392,9.19604101565178
0.664916202891618,9.68041521501106
0.42949908412993,7.2466373735323
0.227482155896723,14.8891375481486
0.71125969546847,6.38327833992016
0.40707804216072,14.3664903368451
0.255587616935372,12.9554424023288
0.247493165545166,13.2025591651533
0.873198698041961,11.7601542285776
0.734878262970597,5.46496062071346
0.280396134825423,6.76228183690319
0.920927024912089,11.5262276560499
0.833903619321063,7.3905383804513
0.84252779581584,8.94968061951041
0.829090429004282,4.25474680692934
0.476679995190352,13.1017218766365
0.728381428169087,7.7707842694611
0.0655969402287155,17.1522738786935
0.552579257637262,11.3458838580552
0.746962006669492,3.95281656646805
0.0531995065975934,9.67116779879967
0.198409183416516,13.2201686537299
0.32433681585826,11.4262276969398
0.173354798229411,10.3483912513702
0.781801329459995,10.3255988288537
0.577939927810803,10.1519070235797
0.446076301392168,9.53761024197527
0.178909011883661,10.336993194434
0.176350393332541,15.4254135251684
0.949967803433537,3.04397327128273
0.912729205796495,6.94862941496544
0.840828959597275,9.12883148126869
0.730045320000499,8.29140092133359
0.493993187323213,7.03570405117324
0.587257598293945,8.57475869146856
0.444769537076354,9.37222563186224
0.124977107858285,9.23092792314624
0.167263941839337,7.8978481741675
0.468501578550786,8.9892222394677
0.881011795485392,8.69689818374066
0.50617896951735,11.1134314076268
0.958550926065072,7.15577247817549
0.769424031255767,10.1958943356862
0.000712912064045668,12.4352861107531
0.636970256455243,4.94530503248923
0.215311585227028,15.8872585904268
0.0549281779676676,9.01943972335915
0.292551829712465,11.317233380788
0.589985914761201,7.28847127297704
0.548750791931525,7.37233901857375
0.486713942606002,9.92303166977242
0.621433088555932,8.96555663150048
0.696900937473401,8.15763370826217
0.203820032998919,11.0196873093251
0.585094581823796,13.1740706401409
0.163622976513579,15.7426007232664
0.905045722378418,6.08469942766818
0.152374778408557,12.3302864399467
0.0236154161393642,12.2236458486199
0.80779742798768,4.89035282053651
0.0711612976156175,12.715649500263
0.150639730505645,8.00213477117615
0.895013847388327,9.09145318244287
0.906975504709408,8.37461479597177
0.140443219337612,13.9226327438094
0.633578561246395,6.47504587501318
0.436034333892167,9.12433092323262
0.175065315328538,12.1413492658383
0.644618576159701,8.72730385789088
0.221539095276967,11.9740976891078
0.28307434078306,7.29105462569882
0.578599367523566,5.44965821324387
0.0273064593784511,11.6415734902428
0.629860553424805,5.89762936286166
0.0343375850934535,9.94199786254832
0.0122027201578021,14.0313771535547
0.33052419568412,8.70167232350801
0.132428591838107,15.6364346163631
0.594915811205283,8.94189535953131
0.790403120685369,10.5669241208808
0.481549727031961,11.6899521981703
0.24053922877647,11.3844558343438
0.886984899407253,9.36995581709659
0.597636159742251,10.5654690949849
0.361396500375122,12.4939005953727
0.392504526535049,13.6222882629714
0.935525779612362,5.30428152594491
0.198725695954636,12.3417940309906
0.751908622682095,6.90780450563208
0.468617741949856,10.3332389222749
0.875899198232219,7.82239065249285
0.150801429990679,13.9297726775772
0.189737562322989,13.7942219495038
0.727908895118162,10.8446729259196
0.402870467863977,7.00396227789433
0.857143177418038,4.46870795801318
0.299626253545284,11.6810307891319
0.560501035535708,6.4833696977167
0.55439115758054,13.3554530744983
0.306690908502787,9.58440316142156
0.0402462582569569,11.3297422677977
0.165441957535222,10.1358067769429
0.551385624334216,10.7012800470259
0.274482853710651,7.98559447285174
0.468666973058134,7.24176423674311
0.859030993422493,4.84844796011768
0.196198615711182,12.1653392746028
0.215658768545836,8.68714491277883
0.368091304320842,10.4279375228622
0.684495941270143,9.32487103748674
0.274326198734343,12.2013002580379
0.246221737237647,8.74260469462942
0.304113279096782,11.2599465425435
0.898131828987971,4.95922257964908
0.639544340549037,5.43933550997541
0.167566718300804,11.0107803844184
0.757935075554997,11.4466738510323
0.96235851966776,10.187366312623
0.984324405901134,8.58760999874489
0.974021824309602,10.2111250271429
0.768071189057082,8.33979206225258
0.270052663516253,9.66517810183212
0.460401202784851,12.0834850885304
0.343705412233248,6.38120129837321
0.466434004716575,13.1638563697638
0.02783557260409,17.1879741844167
0.311090556904674,12.1916310282315
0.940800372511148,11.0549923846691
0.627952177776024,4.65262516525232
0.405708288308233,9.11753268574006
0.0339604660402983,8.43200450199864
0.240187024464831,7.15558590857124
0.107279990799725,16.9471541306462
0.433806627988815,13.8502771495618
0.55714457272552,9.49009669603348
0.721968362573534,8.19292723380465
0.708589958958328,6.27889089216323
0.832242036005482,4.45443149690061
0.209855708293617,13.8204356522668
0.579633314860985,12.7045507365724
0.222600120352581,7.61165022223371
0.85316653107293,6.61662090861897
0.266867527505383,15.6990654500963
0.610234267311171,7.87412167922059
0.689283872023225,5.75114145517341
0.604735058033839,6.12648688459184
0.0921349553391337,12.7916597673867
0.778444340918213,10.9617448981107
0.91739831562154,5.09286462843803
0.41272298572585,13.8195229959724
0.0888379255775362,14.2890853113534
0.748139563947916,6.91256918309695
0.534882599720731,9.69779766471442
0.823526237625629,11.0587957308178
0.939857374643907,8.53163233380602
0.110978809883818,13.8211302930983
0.286994396708906,15.0866979753962
0.0217008925974369,14.6832925307906
0.141552264336497,17.0108141086957
0.867460674606264,5.67452931091057
0.258594690356404,8.77935536845805
0.252917017787695,9.93762312259873
0.603825481375679,9.13201871108193
0.399629745166749,9.14448748811181
0.420093525201082,7.1416125753656
0.0367763927206397,13.2060013124469
0.472296464024112,8.56312137229358
0.909262659493834,5.88968098983946
0.544915557606146,7.14375879908048
0.155919552315027,12.6784558485233
0.772954796906561,9.69233517907101
0.138671528082341,10.0611291626677
0.124927146825939,9.40397270766345
0.666344801429659,8.18152688009571
0.0344338428694755,15.8043057669543
0.971804110100493,10.1384199274043
0.131615846650675,11.1851720046819
0.684379176935181,10.1302008459293
0.713233510963619,11.9125641465121
0.796746912179515,11.4485821910413
0.308791443938389,14.2143886932438
0.245543168624863,7.59964977785649
0.335719096940011,12.3814744290062
0.192301089642569,9.00876658369334
0.28921450371854,8.69768244111788
0.0489949786569923,10.3594069976863
0.879442108096555,10.4704470625264
0.0992728772107512,8.50836009783508
0.469580382108688,8.36795227451394
0.975236761150882,2.30114669439975
0.118889923905954,9.20939509779533
0.572077899007127,12.9298072369764
0.62199894618243,11.6994078936549
0.536139944102615,12.1880377563155
0.882503736997023,7.52417930071591
0.922895535128191,5.40513160868659
0.507164407754317,11.6160626749622
0.950691541889682,11.0308579873849
0.341416399460286,13.5163859657725
0.25257621682249,13.8407989930674
0.62729931389913,13.4578058624112
0.949380159843713,7.07159233514911
0.264616297325119,9.96343240333182
0.931361901108176,3.98896530874632
0.696945881703869,4.62876091772597
0.548703349428251,8.52894327770819
0.51743465103209,9.57880599535136
0.785434141755104,9.18709055486802
0.547285293927416,12.5681033754776
0.0166172494646162,9.33373196513195
0.423238181509078,13.5936333951327
0.357929743593559,12.4638941155767
0.551421367097646,9.96715962910651
0.618846787139773,9.29355685782419
0.540485936682671,13.386807552541
0.42734646378085,9.44852827953246
0.505426779622212,8.58509412642734
0.461577036883682,8.10107989844413
0.692828397732228,5.58585011479449
0.630552592687309,10.8693763647495
0.225651654647663,8.95468920933458
0.89104331145063,9.57103887358454
0.581215164391324,4.9933269092061
0.525408794172108,13.6249998482285
0.410422571701929,9.51928791644908
0.614617803366855,8.26061324706163
0.877350200898945,3.46205136246014
0.124907945515588,9.25759715168972
0.542047958122566,13.5686488064634
0.399848380824551,6.42970555009109
0.654177858727053,9.39245678190935
0.868310508783907,11.763650036265
0.631165160564706,7.27074217451849
0.0405755683314055,8.77480237524199
0.0280690474901348,8.50265517715091
0.394485738361254,12.3654449066521
0.85483829327859,7.26248689363025
0.782774325925857,6.38435693958045
0.40849293814972,7.47089679866201
0.114866233896464,10.5799198309961
0.229630477027968,9.41517368735602
0.741112067596987,10.7705818852113
0.0164834151510149,12.1278418986062
0.100772864650935,13.775763826372
0.0827392265200615,13.6949732978195
0.0107823116704822,17.8216329288508
0.416833855910227,11.674897766697
0.440866615390405,10.8900118802105
0.347644579829648,10.8428349697962
0.127360522281379,13.9428414599644
0.178090780740604,13.8870305949197
0.875780797796324,8.33633273902087
0.141337849898264,8.52099245954485
0.0356552589219064,17.3800471326927
0.0441850123461336,15.7738014784873
0.100019375327975,8.76719227929562
0.669852789258584,6.62703576827872
0.685769458068535,10.6818446749055
0.596773230936378,9.0328570404438
0.302927467040718,11.4958531759401
0.992334271548316,6.91220459009224
0.898907995317131,9.91521084075546
0.0564687373116612,8.21602079367308
0.864767176099122,9.64235377481558
0.604286939138547,11.8187173199003
0.627978617558256,6.23380553612926
0.860656287986785,9.11662051433875
0.200549598550424,10.188950899261
0.938503195531666,3.14511432104024
0.0419723892118782,9.15691055504146
0.188489723950624,12.2050896990557
0.278356739319861,10.6091304325043
0.890639712568372,7.94785554690722
0.317927713505924,9.67340490581288
0.0679117755498737,13.1919298480385
0.3492755391635,12.6400790458528
0.856074616545811,8.31546975169433
0.454181626439095,5.98772292519253
0.073573509696871,8.89328810767309
0.760637598810717,6.1540123975906
0.256102614104748,13.1275519224483
0.503013348206878,10.6340954817853
0.589676063973457,11.1132050601061
0.303957177558914,13.4947826997476
0.566680453950539,13.6321582384484
0.609141466906294,9.31373153364717
0.0603103192988783,15.7391509028641
0.874236614676192,10.3237141336117
0.95805716374889,5.33456218449436
0.435393338557333,9.35945013941953
0.376516874413937,12.3552190555901
0.364770039450377,11.5550677350911
0.640171026112512,12.9615821536395
0.659347116481513,9.01025062693032
0.771266413154081,11.0481975220413
0.988532810471952,9.48062692178197
0.232906677294523,9.43045711697094
0.151968127582222,16.9946594560556
0.247123264707625,8.48776428041877
0.385376551188529,14.6702577395199
0.11290373140946,8.77691508131728
0.468592243036255,9.56365772296394
0.702018935466185,4.04931716628173
0.816295854281634,11.3452080800271
0.56481894874014,12.5790000507334
0.237055589444935,14.0486082123108
0.104211824014783,9.66190539399273
0.895832401700318,8.89401856346311
0.115592885995284,8.97786869079656
0.162197182886302,14.5833377090763
0.857134347315878,11.1081699312221
0.0996332201175392,7.71501640799945
0.416111145634204,10.5826753039758
0.0840648023877293,8.85135556589568
0.862660811515525,12.1187113033158
0.997893620049581,10.2925448809018
0.745785290142521,5.87331176199746
0.765984121244401,8.20885299652594
0.0619700257666409,9.38314232296326
0.464507978176698,9.71151852506801
0.0429894486442208,15.549375242463
0.811302978079766,6.3146883968347
0.442613429855555,6.33571106418772
0.928525789408013,6.62774018969586
0.624026298057288,11.1595549241928
0.352896842174232,5.96884050098771
0.186074923491105,7.45382171498777
0.704111105296761,6.2143471650256
0.898735422641039,7.16447141225267
0.727801638888195,5.72858754226195
0.416269239038229,6.21344024412693
0.758440014673397,8.95895005056072
0.111851811408997,10.9132762737526
0.636224051006138,8.63951783726158
0.0790268953423947,17.1395301269279
0.550647508120164,11.7949644727577
0.0270430678501725,9.52092838343865
0.691857255529612,10.3728201570815
0.902550810482353,7.07103255192052
0.135132625931874,7.57328516979097
0.029411512427032,16.6708396122716
0.861868017585948,5.00703158292762
0.722110504982993,10.6858759484988
0.743854502681643,5.71390527262936
0.488639496034011,8.6611061606812
0.201001415960491,8.49458622165203
0.0211665281094611,10.0688174179711
0.357259069569409,11.3979021847418
0.12154573877342,8.18749091835933
0.428352701477706,10.0263278885748
0.985896196216345,6.69232934425472
0.496018176432699,13.8423657647049
0.743812489090487,10.4148694045763
0.417233604472131,11.9178548114484
0.237411609385163,13.4445434668875
0.164178407518193,8.55067403103525
0.474650850985199,7.93911766479304
0.440275863045827,10.7249173378623
0.198835424846038,9.45325172581935
0.766988817835227,7.25360900354406
0.327402714407071,8.51365116541703
0.262005216209218,10.6930601269346
0.936592766782269,8.97622103919428
0.216770110651851,9.35098947738878
0.28827848774381,7.20323770069898
0.419054605532438,11.8515470511832
0.230982447275892,10.2805613291613
0.0782567791175097,11.3706268020022
0.185425016563386,12.6240652097127
0.23194589279592,8.92887357281673
0.266651345184073,12.4751893240191
0.467760920990258,8.77112569163157
0.421981445513666,11.5939290234485
0.769090461311862,10.1519421786852
0.250669438159093,11.2479541966577
0.822152818320319,8.66213300367986
0.0263799536041915,12.0559356260713
0.679070899495855,10.3432235801628
0.858098258962855,11.0510681387372
0.253777200356126,11.1248347617592
0.180145494174212,13.3870755065834
0.75288096559234,11.1806680959254
0.0172322853468359,9.3623558151955
0.319373984821141,11.7951383861074
0.775466135470197,5.9427602636558
0.593529689125717,9.12251626545441
0.603460529819131,5.68839829137397
0.690860890084878,4.59371721521569
0.729802368907258,9.08490144927433
0.31032797228545,12.4909129282949
0.636659361887723,7.58315223398871
0.121514992788434,9.04517073013225
0.0386437287088484,15.8565661731205
0.312215835321695,6.65960972735481
0.471768350107595,8.10478897599828
0.198884150246158,9.5253488559818
0.307161659467965,11.7917026306989
0.477581030456349,13.755532966507
0.083238814258948,10.815744014636
0.178149759070948,8.27181573505662
0.881366029614583,8.52788645291529
0.0869791423901916,11.8703186008662
0.815047887153924,11.3046191713011
0.126230021705851,11.1785020448536
0.193289072951302,8.61325316334655
0.59861362259835,11.9732124379944
0.280284465057775,10.1295701986448
0.669670379487798,9.6529441630281
0.537170509807765,10.3917788900486
0.819416705751792,7.56450934567153
0.666532278293744,8.34759128000767
0.116865496151149,9.9231121885914
0.322927017230541,9.27570839537161
0.36775776441209,9.26526548233753
0.687334088142961,10.362714232454
0.110982645535842,17.1326759142098
0.887952068820596,9.47083344900804
0.722482422133908,7.60703851855391
0.478643495589495,8.33126663757227
0.53944230475463,13.6049001510558
0.070989660685882,13.7740585772449
0.393954697763547,11.5957898680704
0.247704895446077,11.9898392868242
0.551630179397762,6.69509561956927
0.221975410822779,8.86031560388362
0.326712294947356,13.3981882870697
0.571885311510414,8.81897471536087
0.0272019868716598,13.773512987733
0.777000240050256,4.89986087438628
0.148324688896537,7.96191571388109
0.896734117530286,8.09960854213021
0.60539935878478,8.10822073219959
0.0970408082939684,10.0982685647957
0.592116656946018,6.86431440470059
0.135595405474305,14.7912833162278
0.0763643051031977,16.3331045724218
0.199967481894419,7.59537656191507
0.567338423337787,6.49896087620397
0.0897881395649165,14.8451277925792
0.439550723414868,11.9150959733699
0.836331713944674,7.72700638068306
0.69044406642206,5.35355787913928
0.343854926060885,14.2649603400073
0.595631024101749,5.05137565435141
0.53535189316608,10.6975232520691
0.412666270509362,6.70907164905085
0.797338810749352,8.12507608098935
0.878987233154476,3.91544272495313
0.711619439302012,12.0120208265788
0.337254780344665,12.1601197288272
0.184699504170567,14.4584785873576
0.641002625925466,5.05983291378516
0.658984553301707,10.5330390503828
0.796446344349533,3.24521048776272
0.220190563704818,14.0911927878791
0.58694371744059,8.45551833213801
0.254298662533984,13.763825165575
0.570515531115234,10.4846891174001
0.751798858866096,5.06742762481517
0.818996964022517,9.08760501261816
0.443633091403171,7.26082792788017
0.866280268877745,10.9118866648133
0.806066165678203,4.1041747558514
0.470921201165766,13.340853603842
0.119885386433452,11.677332232119
0.264036091743037,7.53044866459625
0.0485769265796989,8.9516476709129
0.56880931626074,10.8332896852908
0.0882191469427198,15.2939379658096
0.200827802531421,10.9412926153315
0.601710405666381,11.686342756189
0.260696897050366,12.7768552568503
0.877845984417945,10.4731784024066
0.32333624176681,8.24781498668654
0.665190807310864,4.38442052768979
0.319438887527213,11.6509518536415
0.641866758000106,11.3725301610218
0.519096117466688,8.23685359711421
0.382609021384269,13.0256864547751
0.461682455148548,9.09929550294097
0.0731644905172288,9.86046703914936
0.273634477285668,8.37768729074404
0.696833743713796,6.34871493110692
0.515040025580674,8.19635302505225
0.608474483015016,8.57034957244155
0.372013257350773,13.1874575608373
0.0738405969459563,16.648588562682
0.262388392817229,6.74436429324504
0.905980117619038,5.85584427074361
0.514611251885071,7.46916698345694
0.992294666590169,0.387052892756053
0.249162260908633,12.1653491679504
0.302448256872594,11.4711259332724
0.224174902774394,14.4721570905905
0.572485680924729,5.07221826392876
0.463213538518175,13.0591092142028
0.837387908017263,6.10777349131508
0.941030017333105,7.7105790435376
0.827870489563793,10.6653779879775
0.914428649703041,11.2547690412863
0.980665816459805,9.65058105129697
0.851995143806562,9.00483332398994
0.955553638515994,5.61775462222277
0.576236627763137,9.45790544149384
0.478007138939574,7.07317648716469
0.843747819541022,10.3773196783104
0.762190057197586,3.92025715843767
0.979819701751694,8.6609923698111
0.245724514359608,9.30532810686733
0.62442325707525,10.6066440314912
0.860290633281693,11.4255220423403
0.0614874672610313,8.75961025826051
0.0115401917137206,8.4249889132865
0.221022062003613,7.6067012776695
0.347863689763471,14.0926250342999
0.901008069515228,3.09240359583453
0.943392879562452,10.8676121339292
0.506283614085987,7.79509841740861
0.901083436794579,2.35994192988025
0.26456481567584,10.6371482078772
0.0714024675544351,9.14269917059325
0.369425195734948,7.07129016398417
0.0975200033280998,10.7688839721443
0.618651949800551,9.38191432226628
0.0427000508643687,12.4365221720049
0.523686631815508,12.5177936762186
0.562395399669185,12.721335153851
0.73659172304906,6.6145988890018
0.497761036735028,11.2780062429215
0.154233869630843,16.2392965554735
0.718762690434232,9.67271617469145
0.23385998304002,11.728792784912
0.983236115192994,9.80382628877955
0.7658815914765,12.5391285605523
0.924080769531429,6.72693499179041
0.295125811127946,11.9181285845543
0.861340758623555,3.33262819683552
0.530039429897442,11.3259687057756
0.549434701213613,7.30770722769835
0.859364126110449,9.16189540699624
0.989585706498474,10.8267588403631
0.31791735929437,14.9824727932889
0.090580660616979,12.4118747984478
0.900361515814438,11.4955731104645
0.427734462311491,13.8178386283518
0.636932666180655,6.73357116873605
0.846593347145244,6.07214375213553
0.0173649904318154,11.8094270946817
0.456905606435612,13.8684366531039
0.830764680868015,5.30911033795801
0.656070028897375,10.9112511787494
0.383642245549709,13.9577116040025
0.346156487939879,12.3768673238849
0.436777756083757,13.5286987474388
0.949197245528921,4.52235680123162
0.824820382520556,10.2694107125171
0.372573907254264,5.81334559011382
0.887325746705756,9.68678060727251
0.962244585156441,3.75052655621668
0.885871580569074,9.44264491989036
0.209822375094518,13.6972711560955
0.753989460412413,9.62493143888583
0.0559371588751674,9.75486638348287
0.922484040958807,9.85524332324605
0.199670972535387,8.79266017853544
0.491611569887027,9.61799692656608
0.226071175653487,15.1373944617506
0.12663488718681,10.0594384060419
0.139592984458432,16.3947429253074
0.757178377127275,11.1543507880047
0.119224059861153,13.206455294416
0.934232230996713,4.49225495107759
0.137514903210104,12.8750497218618
0.214548755669966,10.7821847979957
0.278549733338878,7.09982351014018
0.833191847428679,6.24145390492144
0.150025864131749,11.9187493708594
0.751657333225012,5.16126588111975
0.26549835735932,8.33408309820867
0.680768019054085,11.6918458031881
0.00319326738826931,16.5844662278928
0.859243055107072,5.03217670532126
0.486748117953539,6.83485898812712
0.80733919213526,9.67673479031645
0.0336841642856598,15.0907868560185
0.767716160742566,3.33861428290031
0.535737477708608,11.2937405609317
0.257125561125576,11.3501770034135
0.258493961766362,15.6461387567221
0.836387738119811,5.46545675530814
0.690157723845914,6.69679423140261
0.642466250341386,7.37573502293013
0.0294715987984091,17.3395468170509
0.784300981322303,8.95248772129241
0.1891183485277,15.2567217933213
0.878075133310631,3.98886768284308
0.77534756436944,10.5203072288006
0.541116847889498,10.6985890244946
0.478383098030463,12.1840026361178
0.29122924641706,13.787470128068
0.0947925255168229,10.7444459590085
0.463284722296521,7.95610817095306
0.569855227367952,7.10569215922501
0.763255672995001,11.738133098472
0.39068556134589,7.68830406571811
0.14055916457437,9.75317463688379
0.226747781038284,8.08608836398276
0.763387052807957,9.89261047146775
0.589063497027382,10.1983396381304
0.325882427860051,6.95799928111407
0.872136148391291,12.0970032571247
0.312011791858822,11.6825468094291
0.410904535325244,11.4937730938351
0.856293999357149,6.40046693369667
0.616421262267977,8.67798100410677
0.47373543959111,9.1582039846658
0.750193747226149,5.84348374753859
0.178108208579943,15.4722586275589
0.0417601242661476,9.6364524820035
0.172616458963603,15.4927708573684
0.444858079310507,13.5862617452301
0.971541592152789,10.7690895618259
0.0824079350568354,10.4909816709992
0.561049849027768,8.21771378873399
0.940219834446907,10.0028891753075
0.206028308253735,9.02341613680379
0.380501489387825,9.8869250158293
0.940958594437689,11.4942516028186
0.439717870205641,5.63671777182466
0.536776898195967,9.72024073290873
0.686474958434701,10.4757736999703
0.0847110501490533,10.0561050988403
0.372481419704854,11.9687902540586
0.905825866386294,8.11872831415273
0.763334327377379,10.1182282593936
0.22176080965437,13.5118885269269
0.808210955001414,7.56026122197977
0.885338728548959,6.89398292993508
0.889428402297199,7.40324319439028
0.355939103057608,13.7790586432639
0.858095872215927,11.5071696024852
0.00697640096768737,20.9125842265664
0.0482276687398553,11.7668302853913
0.376738763647154,9.51733771318752
0.0513234338723123,17.4310895969578
0.653111666208133,12.6788467969323
0.584504308179021,11.3316492601303
0.798325502313673,3.38878553680503
0.873851383570582,6.10853511062117
0.902637489838526,5.7624052131224
0.384553915821016,12.6479047335867
0.0174649334512651,13.1660997371153
0.121225205715746,12.8180528484278
0.720045496243984,10.9297113017831
0.82631058502011,5.78298846605888
0.261419728863984,8.42852777328416
0.88471716712229,6.07635140074997
0.0381756506394595,11.0862406548586
0.308405947638676,14.6739732025882
0.350563215091825,6.52869117827767
0.499898010864854,9.64910104615366
0.524827640503645,9.0162811154167
0.131650201510638,9.72490056914553
0.81997684086673,8.60179238398187
0.633968532085419,12.8023087418137
0.293714073253796,9.95456974451855
0.564664674689993,5.63202953936919
0.482628054218367,5.60786981235972
0.772017686162144,9.02720610673066
0.240096553694457,8.48577851895297
0.677942316746339,8.79622954990934
0.753790055634454,9.25654947515375
0.61441642511636,12.4790309012644
0.151860499754548,9.7658513652232
0.803627311252058,11.089642641719
0.316619338700548,6.393448812499
0.246288419468328,8.05378459075436
0.74241070728749,6.58945167181476
0.0971968495287001,14.653761115158
0.85639203642495,7.0488365592466
0.713602252304554,7.3985435077409
0.633332448313013,11.5038137413092
0.0512205043341964,11.4721859961506
0.612522981828079,11.8185221957658
0.0368574783205986,12.3614257523686
0.713497106917202,9.36777645414574
0.920863615348935,8.82689015667638
0.664197472389787,12.1487187928558
0.564188907854259,11.6504763424715
0.155701945768669,8.28596721083048
0.18865073332563,9.67958858992648
0.770860929973423,5.01809617059665
0.896328778238967,3.17371063095751
0.908109380630776,7.08860491306769
0.105231708381325,11.8942891282035
0.241715595591813,16.0868105676054
0.689423712203279,10.6894118471424
0.26245249202475,12.7836682818551
0.122397028142586,10.7482605826754
0.596728791948408,9.82275842561455
0.671114060329273,8.42438057355379
0.4985419458244,13.9730733882874
0.166473258985206,15.9679701562257
0.72760428278707,7.74197544779055
0.491087100235745,14.0419616498765
0.275689042638987,13.6368162176174
0.808767118956894,8.46637873388087
0.393369806697592,9.84093651309892
0.917609233641997,5.09884670563478
0.599661806598306,12.2246161414319
0.33126523415558,13.8273911193206
0.553330492693931,9.36230667985506
0.482268802821636,7.43077883956869
0.0342511027120054,9.53810755952331
0.521363594802096,13.2493039328764
0.945681335171685,2.86140397309883
0.502146513899788,12.0516088883198
0.32285977108404,8.79275716495662
0.394320004852489,10.7809658037335
0.329046610277146,12.8268017839389
0.85032045096159,3.19506509981617
0.604609910864383,10.8408087872026
0.224919229978696,8.98354667265913
0.825773946242407,10.6178747985502
0.328980496851727,11.8742576073185
0.724325051298365,12.4551369202006
0.580782981123775,5.58148960764601
0.0329076405614614,9.68317633319752
0.737882572924718,7.24663787293397
0.838378608692437,12.1975578495836
0.139729141956195,14.137335398608
0.00763037824071944,9.7137674605457
0.464250081218779,11.935972958184
0.618502592435107,4.89197718335701
0.830896352650598,3.68142432796022
0.190868191886693,14.1304717648742
0.952970471698791,7.76080441452091
0.607150951400399,9.28009823575148
0.0352751754689962,13.2251079369867
0.702243833336979,6.5540937006419
0.726518485927954,8.34391247394014
0.457646975759417,13.0287643909661
0.99179179710336,9.05314110221611
0.412344043375924,10.7039170089994
0.730315900640562,10.1738217659716
0.510262262774631,6.48800061298465
0.26786536234431,8.74575287362523
0.537325800862163,11.7454905701883
0.751841792138293,10.2202176862273
0.598344467114657,12.9084173571141
0.449056928046048,5.56931918952054
0.198345035547391,15.0894770633927
0.691258755512536,9.3070797184379
0.719894432229921,8.99513315483544
0.311323796398938,15.2033755890372
0.751682358328253,9.19238151603204
0.760118687525392,5.21434560665843
0.627241669921204,11.9103238676419
0.229824868729338,11.0559422936327
0.514175541698933,12.9283111387196
0.842398619977757,11.2458543812031
0.947810119017959,10.6910917076243
0.975737230386585,9.8627933950856
0.299450234975666,7.979034980571
0.757375869434327,8.34246973059763
0.981916146120057,1.81559424978443
0.567273207008839,6.75750503578517
0.907381481258199,3.79515865623193
0.605451364768669,11.1630244364199
0.0695620209444314,12.2265094003941
0.540246091783047,12.1119265874773
0.38409711420536,9.32566750216595
0.519060757476836,10.9763174610028
0.724727610591799,9.83682205067841
0.466808542376384,9.82603701803799
0.701123715844005,6.91206006538189
0.00852720718830824,13.0070917883489
0.697981226490811,11.1141971078886
0.533420101506636,9.17358477749895
0.89162467722781,7.2570210812926
0.613095414591953,9.53051862416391
0.212590033188462,14.1635984278862
0.530096149304882,7.510934167351
0.627648093504831,7.34946032135205
0.627551985904574,10.5556004626517
0.624425588874146,12.4594573351614
0.831662824144587,8.41033256021749
0.682603095658123,7.57914346739227
0.236131028272212,7.31451426725381
0.470921250525862,12.8818034805796
0.404732970753685,14.4694358446132
0.204090934013948,7.21328799059466
0.0918435503263026,8.84271205559431
0.968187677906826,5.31410130340056
0.870470703812316,9.704903720635
0.475628203246742,9.71370921374766
0.874626838602126,10.5383138504454
0.723708282923326,11.5247910342219
0.8154516662471,9.61108907335564
0.339150998042896,12.9030206050993
0.134842294733971,11.3526077656813
0.328545708907768,11.9742750528884
0.933463887311518,3.46871207181974
0.494602048769593,13.5476277910316
0.225298760458827,11.4032446809743
0.862528805620968,8.98647130965129
0.0850748198572546,9.71792477638891
0.171046435134485,15.8082308982963
0.0550101005937904,13.5936292546628
0.464858979219571,9.74206583059308
0.936813099309802,6.31286107721026
0.618131201248616,5.48207710335664
0.517421868629754,11.5523438366173
0.145069066435099,12.9687546009377
0.994961930206046,10.9502655461736
0.997579837683588,8.47468286766328
0.909436789806932,5.58164381110234
0.244167069671676,12.8208845870407
0.760785502847284,9.15033887259221
0.298593270825222,12.885736412068
0.118985881330445,11.205375830143
0.398634284734726,6.28161553967983
0.892588538350537,8.40303113055225
0.0811840230599046,11.2639623540289
0.64284979365766,6.91690073743339
0.256251126062125,7.19708468562369
0.642809871817008,12.9217718642233
0.983056610217318,5.13949007713598
0.559119549812749,7.59293087463967
0.958344499114901,8.87620803129174
0.138252394273877,13.7152689458148
0.885173656744882,3.20089268176482
0.439545957138762,6.79403067370911
0.638534122845158,8.46241159811821
0.460737833287567,10.8031455712444
0.763186035677791,8.81872639249221
0.726947407703847,11.0776963756021
0.419259794754907,12.632767766432
0.24054457154125,12.7080100810325
0.477369884029031,8.41114176725431
0.480770974420011,7.90486702209523
0.407305148430169,9.41094076691328
0.51581130665727,13.7414412914202
0.0186099277343601,13.2224522369532
0.406379821011797,8.89823361494637
0.942960538202897,2.89135327257065
0.271443871548399,11.3787665579761
0.336574500193819,6.71717273376343
0.193376842886209,11.9546930070625
0.0651214530225843,9.63654665407702
0.278137464309111,11.001907880261
0.525001837639138,11.2080398311037
0.177829308435321,14.6330821221188
0.74106843280606,8.62001191608931
0.433181801112369,10.1980632284715
0.883155449759215,11.3480173349824
0.877837808337063,7.51375796288454
0.605430104071274,8.43368335121481
0.103916375897825,14.8251637642359
0.892983603756875,11.5895448438531
0.977014553500339,4.60148719951596
0.382227181224152,9.26809226390009
0.424403770361096,9.40368678976981
0.0699668265879154,12.518619868671
0.972891335841268,6.60450849562846
0.425056583015248,13.3078970761876
0.109281150624156,13.4874324243593
0.100755915045738,8.2216302129962
0.668780082603917,9.04896055560511
0.849167841719463,5.54435648485861
0.809472285909578,12.2337717503218
0.728854193817824,9.50535576767588
0.382462241919711,9.35092566828111
0.342614114284515,7.08410663833429
0.284834131831303,10.2871606802973
0.821194491581991,11.5259907252569
0.850698206340894,5.90351461884628
0.286324979038909,9.57479859069862
0.250836879713461,12.0403187663081
0.055436871945858,13.0458681528366
0.324431351386011,14.9992045373559
0.125844817375764,10.245283494302
0.446825554128736,10.2011830185522
0.157965254969895,14.1300972596247
0.154018031200394,10.1903387911581
0.143611679552123,10.2586806673327
0.414781352970749,9.22517509614605
0.71904166135937,4.87132215915713
0.853829841827974,6.31014499656766
0.62660679849796,5.76824805316688
0.951291625620797,4.47474017136607
0.322174991946667,10.8658807482464
0.432797771180049,7.08215019004262
0.838464073138312,7.51975920660432
0.806666024960577,4.26186741480682
0.847380057442933,8.95623123155412
0.239536906825379,14.4535080494369
0.156063116854057,7.63393529145002
0.327318124705926,8.96014675472222
0.95486058993265,10.0743308303414
0.0462490499485284,12.5674771745987
0.596274224109948,12.7328936697767
0.806396686471999,4.43019172054566
0.578416363568977,6.04123436827805
0.544407370500267,10.6867525751172
0.686679543694481,7.07681182402496
0.432823551585898,13.070724440278
0.918051904067397,10.904260399564
0.596225182525814,8.02264238565733
0.838192260358483,8.76289974309687
0.34899550722912,10.0906783448797
0.204084001714364,8.45809757218196
0.188586922595277,8.63681422271327
0.802264899946749,11.9203073140168
0.558123335009441,9.24341086976501
0.718854412436485,9.0730854500881
0.430425595492125,6.99788603941252
0.803767087869346,5.91491602730644
0.79204238508828,11.2040816715998
0.258200689218938,11.8259789877131
0.773196058347821,8.77661511578211
0.234324068529531,11.6461951544918
0.429509148001671,7.63041188278474
0.592800445621833,6.87022415902814
0.213241432327777,13.8137299872664
0.480740230064839,12.5420854673544
0.0262310344260186,13.2071489141349
0.277444686042145,12.5738410543603
0.0907425843179226,11.1282176929872
0.447313332231715,10.4857150127905
0.347119845682755,7.52903732342839
0.351001417730004,10.3739764859898
0.669710218906403,13.0009662890123
0.185897508403286,11.0865802777334
0.37930595362559,7.95867368937915
0.802329624770209,8.93234570649244
0.513149560196325,13.8069997879502
0.543002570047975,13.6308695959764
0.0796445780433714,16.426978781295
0.00643060961738229,12.5938371459073
0.629722155397758,6.88145514959785
0.162534737726673,9.87947081471547
0.645655459025875,7.5089828987548
0.649160917149857,5.21108817042215
0.422546888934448,9.83214355928599
0.151440057437867,9.78434648910259
0.625865795649588,12.1124792503945
0.757898005889729,9.57723198841493
0.224243742646649,15.4445955258131
0.689639412797987,3.94651205828459
0.223264174535871,15.4510516979444
0.338603650219738,11.6338160347987
0.0483957063406706,14.9636014071968
0.420949546387419,6.41971309355997
0.0601544766686857,12.6128081829545
0.777902791975066,11.9684237451835
0.254792711231858,10.9856236204716
0.641660123132169,4.8422328879839
0.465969452401623,14.1649000321403
0.425172912655398,9.10486727477509
0.839187181321904,9.09589607182191
0.668098280206323,7.58184436227824
0.601467942818999,11.4155103029401
0.40123285073787,7.0263459688063
0.244364616926759,9.90614800633725
Rho_s: -0.478853794853795
Rho_p: -0.511458991269588
IC Time: 0
